176.824251343,106.69857931
176.392210871,105.751563146
176.764329376,105.236594759
177.20513535,104.677650426
177.61343203,104.254618919
177.975467117,103.773628425
178.191186156,103.14025739
178.112006373,102.870222927
177.820563856,102.670522348
177.567974312,102.182340373
177.416525202,101.993593421
177.376613884,101.96200337
177.474632975,101.773592997
177.503235965,101.445245995
177.379163578,101.054808608
177.128680182,100.500699552
176.645371434,99.296238999
176.324301176,98.5302020078
176.105955114,97.8299109547
176.034570193,97.206696977
176.232477697,96.779106738
176.625203843,96.6243299201
176.688465254,96.8784376112
176.731401782,97.5355202793
176.496478379,98.1489742491
176.25483817,98.2695045809
175.931902153,98.1808414232
175.416636935,97.8661488834
175.053375015,97.5035980709
174.67952262,96.919517516
174.496676616,96.6529206174
174.246108966,96.4844008759
174.163694848,96.4476077092
174.073941486,96.3425453398
173.976016844,96.3038185467
173.91300007,96.3520970312
173.811932933,96.3992673873
173.829535101,96.4043110896
173.865810361,96.4137972753
173.999117635,96.4981282637
174.099260506,96.5656629433
174.284924599,96.5607902089
174.576189908,96.4626964331
175.10996834,96.3626263963
176.380684169,96.3392523392
177.477492765,96.3961342519
179.629409835,96.7410897134
181.215773771,97.0973040991
182.757990774,97.6223957238
185.003731698,98.5615416794
186.334075008,98.8810225225
188.035890875,98.9300579811
188.998655062,98.9185186036
189.867614898,98.8243554181
191.170044435,98.518039043
192.051830113,98.213626327
192.839261948,97.8732779315
193.856094275,97.5830510877
194.304858381,97.7562411543
194.600463866,98.4387892541
194.528206798,99.0501469596
194.301754133,99.6127350205
193.769541419,100.207665631
193.363322038,100.282348763
192.734401361,99.9675874282
192.295468251,99.6405502763
191.939540379,99.2703859516
191.620764706,98.6883012079
191.876937327,98.3028684015
192.875169449,98.2014761967
193.817520395,98.485078203
194.829327928,98.9182331972
196.342707585,99.6290867758
197.22266349,99.9739628145
198.182967821,100.165246527
198.678899753,100.058714938
199.003323476,99.8954319548
199.189370202,99.6331458173
199.413801115,99.3280402015
199.808754479,98.9529848635
200.124131827,98.8108734487
200.450344519,98.6932994735
200.899503048,98.8379821912
201.210089242,99.1231916502
201.5001872,99.6270920222
201.538614544,99.6445301641
201.559134323,99.6096986359
201.763961801,99.374098301
202.102900306,98.9996945346
202.735294285,98.7079299705
204.786129622,98.193014989
207.830219736,98.2879832749
213.011560532,98.8925578241
216.226708047,99.3226547227
219.069855412,99.7167514413
222.82451637,100.428239336
224.893131512,101.127690022
226.763307122,102.061603436
226.98031077,101.943222227
226.637012397,101.1907244
225.987306195,99.786814749
225.772812383,99.0540843316
225.832537936,98.4822645021
226.009628757,98.4506965716
226.139574854,98.5188081624
226.211392624,98.7132789715
226.095412141,98.7772028586
225.371882007,98.8615082152
224.781754481,98.8782887149
224.264018612,98.8874791906
223.258087045,98.7956164806
222.47197088,98.6983128922
220.234332917,98.7019848078
217.494576075,98.6994788063
213.512964463,98.6915278561
205.784250224,97.9934993499
200.065939045,97.2820823781
194.382676584,97.6013080596
184.776084001,97.7136717015
178.706260649,97.5959283038
171.375397492,97.4235574307
168.363379289,97.1621913122
166.562848068,97.1120412828
165.202273554,96.9595748939
164.883953521,96.6950228792
164.364580035,95.9439631551
164.170962147,95.5595585703
164.0086685,95.2930240271
164.027458925,95.294481425
163.981761313,95.280003357
163.786146148,95.223548043
163.488979207,95.0661619648
162.802859004,94.6914668018
161.954222397,93.5695531235
161.456272414,92.5471342163
160.848998267,91.2427162184
160.57719264,90.7749323892
160.428687793,90.4756234058
160.266808083,90.2146897209
160.085924361,90.0465849987
159.634408478,89.5358407324
159.36573686,89.2722019825
159.102211742,88.9922092058
158.779478007,88.676577347
158.729482725,88.5124441395
158.852924927,88.2874431116
159.170890821,88.1309725135
159.363325566,88.0387530775
159.455585143,87.6678832371
159.472528267,87.3000617526
159.450551244,86.9223126517
159.388180154,86.708461228
159.346798695,86.5877080311
159.266671175,86.430027795
159.227433617,86.3829986849
159.136773076,86.3116412455
158.701883056,85.7396982763
158.156802028,84.8317376565
156.992877693,82.9996326343
156.103693674,82.1243489314
155.291888128,81.5488192683
153.837190974,80.8242324007
152.665455624,80.6082396727
150.482950054,80.3498512087
148.795744606,80.0603691664
147.126236553,79.7511362249
144.982667019,79.3412771196
144.021515128,79.0576088959
143.299001055,78.7407765898
143.205567238,78.5316044048
143.306371259,78.4614059663
143.466415502,78.2289263499
143.500078598,78.0105289162
143.476138162,77.8699351718
143.515289858,77.779352951
143.774790376,77.7417469085
145.500676486,77.8193304208
148.018729473,78.3047479413
154.036825176,79.1046125028
158.944682881,79.7254346648
164.022058398,79.6048877056
170.862362639,78.6958512727
174.424229145,77.9002789562
177.906892639,76.7537077176
179.032380259,76.2060721718
179.578568528,75.9580845816
179.79866398,75.9377615097
179.632683221,76.0683125772
179.621465713,76.1880833611
179.531343592,76.304033488
179.523669624,76.4368952678
179.609388607,76.5248741616
179.73706497,76.6291728017
179.915189926,76.7699048416
180.346112034,77.4034839811
180.615054966,78.0629616929
180.999724389,79.0927468403
180.951628688,79.606553025
180.907817663,80.2167213307
180.595272614,80.9602471523
180.143320024,81.4022699066
178.933945429,81.8874163573
177.764928066,82.4490255053
175.877641182,83.5088369607
171.610471448,85.1833365384
168.871514399,86.4561365277
166.141255106,87.204308894
165.419786077,87.7688563401
165.214465407,88.1629285944
165.666347432,88.5157700146
166.116959884,88.6548828514
166.453231929,88.7889197593
166.414208914,88.8547090674
166.340106854,88.8505979578
165.88225282,88.8687559721
165.488600287,88.8526983484
165.288585349,88.8535314852
165.185844187,88.8710479281
165.190995747,88.9783599963
165.387045612,89.2775648006
165.478589222,89.448900511
165.52038986,89.5942384409
165.519697844,89.9155571295
165.421649567,90.1050836813
165.295107341,90.4269820343
165.245168318,90.5964586713
165.241754449,90.6184060929
165.294980651,90.593163826
165.362004107,90.5779176474
165.432912994,90.5630624931
165.441202086,90.5605383322
165.405763694,90.5280059982
165.278413503,90.488688825
165.183793852,90.4754235903
164.970695546,90.4826867362
164.719040956,90.5909696083
164.437685979,90.8406508108
164.128569052,91.2676982927
163.865270211,91.4648310808
163.573708269,91.5175712965
163.450251293,91.4210916478
163.352106237,91.2788896969
163.367818166,91.0411477332
163.538191727,90.8983623118
163.933425095,90.6302415906
164.308840225,90.3959191177
164.614806058,90.2328812194
165.125755149,90.0973614978
165.459575688,90.0847492051
166.080931903,90.2541957658
166.458184566,90.4020985925
166.720148017,90.5969851656
166.790180801,90.7226048426
166.684921873,90.7120373846
166.500601472,90.459317799
166.740598659,89.9709623034
167.536772141,89.7365520576
169.696740393,89.4898838905
171.843370892,89.3511429376
175.646458811,89.2528614109
178.111964962,89.1589934997
180.509620415,89.0474407008
183.85546929,89.2403428985
185.622000861,89.4769722856
187.030618691,89.6501468896
188.422049315,89.6892509073
189.049380912,89.6373383957
189.625213502,89.6503930357
189.714264977,89.5998902658
189.903195069,89.5406205556
190.491845989,89.4264761407
191.473082518,89.289343551
194.256351326,89.7635671127
197.167213275,90.2470892798
200.546974103,90.7556572764
205.407459156,91.5333836124
207.938266515,91.8467977965
210.154525767,91.9988536373
210.652268779,91.791189778
210.731543714,91.4644326567
210.273470534,91.1633929996
209.71892508,91.1484074442
208.503579026,91.1208846926
207.722848609,91.1271788148
207.140069902,91.2012670038
209.012923523,90.9780997153
214.577976495,90.4631169428
224.890339211,90.556748631
230.89424963,91.0321407617
236.111348147,91.5756331625
242.608404648,92.3511719191
245.933395617,92.9393242815
248.447283804,93.7223339323
251.334254173,95.0191348929
252.759575399,95.8028409833
253.590205134,97.276944072
253.636352973,97.8312990267
253.304850009,98.0468446621
252.466519046,97.8051655938
251.733695066,97.5107708722
250.790942936,96.4897593773
250.595620849,95.9271187558
250.946074389,95.5182234506
252.017742651,95.3375096887
253.032884784,95.3162911431
255.790433385,95.1478161925
258.546182097,95.2871791163
261.665956737,95.5038162101
265.402620572,95.6366304366
266.511192988,95.7684527019
266.604073669,95.7538020909
266.267094212,95.75498851
265.951656608,95.7796084817
264.935363665,95.9047604915
263.535345735,95.9098442123
258.607262913,95.8292411479
252.744305969,95.5730836688
245.989336605,94.9579053975
236.475389166,93.5414546545
231.699965532,92.6934372068
226.903357513,92.0175656634
224.916056594,91.8188254239
223.615582544,91.7233827789
222.46528137,91.4086896178
221.966946797,91.2599677294
221.625893036,91.2680392379
220.870432299,91.274951471
220.257116683,91.295851196
218.836538802,91.3229837185
217.454322542,91.4021782761
215.369482186,91.6981540676
209.242690641,92.5265359596
203.58251773,92.8112722002
192.982501094,92.6937860372
185.379213617,92.2206233984
177.925182867,91.494050651
167.358812455,90.2498035584
160.785164228,89.2424521132
152.365920249,88.043855617
147.872627989,87.5240007802
144.854581047,87.2895458764
142.983661634,87.5769203036
143.151402972,88.157262936
144.507030125,88.9785503204
145.369334559,89.133450386
145.885138291,89.1444216961
146.494751645,89.1596762331
147.031652221,89.2395988429
148.738485616,89.5247097767
150.244275043,89.8929793709
151.60076991,90.0104035546
152.981840167,89.9702942821
153.262468835,89.9051551463
152.646489696,89.7783640982
151.318490721,89.6195023326
149.057688337,89.6987361598
143.238316166,89.2930914048
138.221783916,88.9729055527
129.315889933,88.5672386034
122.403138512,88.4924709456
114.802297735,88.2322919163
102.403010961,87.6690145323
94.0697053913,87.0755447866
82.2821952671,86.688931018
75.7781370053,86.7822490145
70.7288957587,87.2520801278
64.4294808567,88.8606872629
61.3482505972,89.9127244726
59.0216489395,90.8528514998
55.5051465454,91.8547953079
52.8301413098,92.0201644484
48.9542243524,92.0721680364
46.7693053948,92.0466568229
44.8129551605,92.0882278152
42.2386628688,91.6338337451
40.5535426545,91.5795634124
38.133279397,91.4735327609
36.4583349304,91.4953747532
34.8182007656,91.5917803721
32.401099956,91.6255444645
30.7121545111,91.6924303981
28.5535475739,91.8338306268
27.8049753486,91.9242469675
27.4592952317,92.1139060053
27.6639892546,92.106650166
28.8942549277,92.4564261541
34.1459703961,93.4627363164
40.9059142007,94.9316418258
49.8624051436,96.540689696
65.6746891556,98.6278274173
77.1030455418,99.4030468178
94.2423794943,100.182117656
105.019112764,99.9849107396
115.058023027,99.5822765833
127.737560704,98.6255856469
134.163775041,98.033660394
141.452037507,97.0318843255
145.008446747,96.6566866301
147.394514793,96.197255067
149.36443563,95.7318292647
149.751579889,95.8495738738
150.093265217,96.3513003325
150.500360872,96.748502229
151.227496875,96.9286623267
152.874314543,97.1683566736
154.104739903,97.141078714
155.385564972,97.1841792238
156.867181357,97.0547551689
157.709609145,96.8156549345
158.891189215,96.3332832934
159.642807086,96.1181610069
160.266901241,96.1800067496
160.88983428,96.3742096857
161.217170896,96.4269858552
161.779954457,96.4317195583
162.298574882,96.2372277453
162.965185335,96.031692512
164.157119153,95.6990179586
164.998560257,95.5538520802
166.066247997,95.4390486628
166.582260121,95.4059957361
166.932913493,95.3667274919
167.211864233,95.2842381422
167.485520224,95.2021497758
167.782157334,95.1827641986
167.950740535,95.1051871307
168.083195292,94.9473069491
168.205179893,94.8835363479
168.562191387,94.7691684404
169.379645238,94.7551619091
170.029325273,94.7445068813
170.680410613,94.7370580048
171.432099433,95.0789346808
171.535365481,95.4048021356
171.359630505,95.7378524796
171.165451784,95.9214643512
170.987964116,96.0244893165
170.852144683,96.0526854886
170.808069907,96.0650330762
170.835401255,95.9918115792
170.929442576,95.8782333876
171.016879768,95.7387216212
171.258503049,95.4353990085
171.418295321,95.3078858672
171.638970306,95.1870368745
171.960581328,95.0897952216
172.119757908,95.0287704895
172.312090187,94.8361095838
172.389357334,94.6580301798
172.447576986,94.4897268259
172.465322377,94.2931968959
172.470296577,94.2095952923
172.466079189,94.1398152235
172.427132499,94.1155816827
172.36803877,94.0838348247
172.222013683,94.0343895835
172.064757336,94.0411675163
171.901599395,94.0592613031
171.824942081,94.0449941034
171.832551974,93.9980496157
172.139256743,93.8099914243
172.525150288,93.6689820835
173.177440436,93.5608967196
173.467928833,93.5458936757
173.673632115,93.5647154505
173.846343624,93.5749858498
173.920505065,93.5947013765
173.948725486,93.5908907175
173.911299808,93.5700736933
173.8257325,93.515138038
173.636104727,93.3931521089
173.458648513,93.2992915334
173.278141844,93.2303646161
172.98732087,93.1464944428
172.811721253,93.0874789703
172.60563753,93.0175216328
172.518944676,92.9940720976
172.432992461,92.99993185
172.35568477,93.0434515318
172.318844115,93.0864483264
172.277367572,93.1339643719
172.24710332,93.1394040858
172.19714947,93.1403483689
172.055888299,93.1329763286
171.936936225,93.0970165292
171.740668455,92.9580285745
171.636504432,92.8526255692
171.552181061,92.7304217319
171.439059475,92.5455769728
171.376229862,92.4305136441
171.239889397,92.3076471267
171.11661153,92.2400346279
170.923858858,92.180169664
170.479214825,92.1423955694
170.005287576,92.1206666337
169.305657477,92.0075773947
168.77643041,91.8720320942
168.213725901,91.7786671351
167.320245339,91.5854535933
166.602259551,91.3842207871
165.248027282,90.6813401811
164.088507971,90.1099699867
162.917818566,89.6065843137
161.388681407,88.9162615493
160.664325993,88.6756825188
159.86005128,88.5592671243
159.470409371,88.5916163287
159.228217853,88.6411335028
158.852737677,88.671031268
158.575444553,88.6530259895
158.116484576,88.5712552764
157.571950528,88.5283445499
157.310481488,88.4797447847
157.063178904,88.3687205378
156.995467857,88.2634816808
156.94600792,88.1994633308
156.931211191,88.090742773
156.92878095,88.0275365473
156.946555591,87.9428820197
156.921961041,87.8882299662
156.856907006,87.8242483756
156.641345548,87.7784143831
156.484124031,87.8163374327
156.286726502,87.9049073025
156.181400794,87.9785638253
156.118514313,88.0445965089
156.078456816,88.0969712318
156.087962054,88.1192298782
156.233852378,88.1440223195
156.440150781,88.1833873879
156.735214125,88.2281208115
157.348980875,88.3282354759
157.956336196,88.4375393012
159.040042855,88.7720025666
159.719477303,88.9301859911
160.384172597,89.0132182582
161.211672491,89.0851669517
161.556916937,89.1093092894
161.699234284,89.0057332636
161.827201535,88.9376720227
161.907807331,88.9058422697
162.115221547,88.9189087082
162.310597029,88.9591377399
162.619875636,89.1296787744
162.769081849,89.2711941731
162.799798447,89.3727624536
162.692753033,89.5553740888
162.372030252,89.7431713755
161.928982584,89.9663317542
161.176872889,90.2868617489
160.604602067,90.4889557585
159.609762682,90.7413213534
158.815960313,90.9082496809
157.920356666,91.1112343665
156.386327668,91.365736956
155.260740228,91.525598637
153.458819627,91.6668126503
152.258998916,91.7401727678
150.893828263,91.7757623968
148.916187788,91.7716565988
147.61402215,91.7507242592
145.718305418,91.7528915247
144.532015166,91.8014411655
143.434421931,91.906048635
141.948299811,92.0083970099
141.119528979,92.0933448598
140.129150082,92.1693374557
139.717177859,92.1745077034
139.411394365,92.0845636277
139.229352672,91.8710742897
139.058312319,91.6778192761
138.667125641,91.3017206821
138.244578463,90.9913591176
137.710754139,90.6668183502
136.750955766,90.3891632422
136.101356193,90.2345018272
135.097746602,90.1202463053
134.362430103,90.153881125
133.594578739,90.2345198698
132.368052254,90.3559792002
131.513337102,90.4114822041
130.688070092,90.3713010752
129.446317315,89.8268510909
128.615970648,89.2358080982
127.606251351,88.5016352088
127.021786409,88.1499359274
126.417111755,87.8884676283
125.335709422,87.6214898267
124.482424773,87.513609621
123.04131035,87.5007201177
122.130678275,87.5865918725
121.216570425,87.720788561
119.885911542,87.9402857229
119.08852494,88.0315609329
118.016203009,88.1376750908
117.433335913,88.1729244356
116.934873129,88.2151812629
116.441599048,88.281464734
116.40911972,88.2935025005
116.370656243,88.3259728686
116.528719393,88.382656226
117.271931629,88.5558049562
119.050078072,88.9007373388
120.837732929,89.1388528599
124.233437563,89.1740384127
126.614547973,89.3692674935
128.879456422,89.6237587019
131.914662851,89.9791707125
133.667081825,90.2505755505
135.814091405,90.6752446415
136.914910275,90.8583526398
137.814275674,91.0322211802
138.814816592,91.2293976992
139.37624812,91.281485015
139.89991075,91.3134078107
140.810272553,91.3926153095
141.443165425,91.4350506685
142.554260195,91.4401601073
143.308009965,91.4775783089
144.051772488,91.5400911893
145.113902234,91.6175211189
145.775403072,91.6512479003
146.704079258,91.7220557566
147.401312805,91.79021695
148.103105108,91.7977545445
149.384625238,91.7679845562
150.393427824,91.7108437412
151.957566814,91.6242406388
153.107245146,91.5349379943
154.303355906,91.4652559407
156.054439737,91.5091775118
157.187248581,91.6046812912
158.783381378,91.7197024961
159.866019573,91.7006951065
160.933797904,91.7663603204
162.427615181,91.8596913715
163.467141078,91.9405824137
165.012896906,91.965710673
166.065515005,91.9569976859
167.099806421,91.9624914598
168.522160471,91.8854000489
169.474993586,91.8063120547
170.401962091,91.7744440595
171.850820771,91.7424746267
172.792437209,91.6993792491
174.131992619,91.5873644353
174.965506729,91.5216662159
175.724988369,91.4309101177
176.785483926,91.4058086648
177.37730338,91.4205339279
178.202918349,91.4896153013
178.607954683,91.5316965369
179.020809175,91.5772919275
179.488249413,91.7978049918
179.736246115,91.9146358751
180.165476982,91.9825077853
180.460858913,92.0488357803
180.736572865,92.0765774694
181.184718506,92.1099986483
181.450570196,92.0993317437
181.922984482,92.0323370593
182.166479158,91.9738641281
182.443884396,91.9215919785
182.854003711,91.9193252199
183.058938693,91.896057534
183.328787798,91.8909897719
183.437022202,91.865379181
183.475473624,91.8375759238
183.426217697,91.7514446319
183.305510979,91.6607116413
183.091734619,91.481437177
182.98980187,91.355629333
182.898670277,91.2657321469
182.803275955,91.2190276567
182.748837512,91.2021643684
182.654620413,91.1834586455
182.589109385,91.1554074133
182.468400124,91.0961609581
182.193107579,90.8597781188
182.011119803,90.469916255
181.916334916,90.0559751927
181.92235736,89.9443694547
181.946641224,89.897450739
181.995387938,89.9090242377
182.043590262,89.9820553379
182.091862825,90.0510501745
182.13575225,90.1464865239
182.138596804,90.1913579561
182.139609815,90.3043500817
182.15417327,90.4311957499
182.182351991,90.552883474
182.239168159,90.729061763
182.295784731,90.8938452742
182.432437309,91.1323135
182.529948074,91.256930254
182.678999653,91.3284280293
182.955524626,91.2835437727
183.223711035,91.1643292631
183.634815264,90.9987856237
183.784539482,90.9487574302
183.988473412,90.9306445582
184.198981939,90.9517528284
184.322109362,90.9803961479
184.442025836,91.0178398324
184.49214726,91.0588410055
184.499797441,91.0888443966
184.468633207,91.145161419
184.410495613,91.1888928419
184.264000848,91.2363865503
184.190702094,91.2495981233
184.057245631,91.266017696
183.945233315,91.3480178666
183.90231809,91.3860794327
183.826909927,91.4111703865
183.792738798,91.405991447
183.758559527,91.4060985295
183.707069307,91.4098708861
183.683991785,91.4124934151
183.664002425,91.4303405388
183.659535407,91.4734293815
183.675851258,91.4882319821
183.714389728,91.4993203848
183.751507011,91.5038629674
183.778426577,91.5167147753
183.803581509,91.5423619404
183.802718604,91.5605266391
183.78276646,91.5771906273
183.755935404,91.5745220849
183.750766238,91.5542264301
183.754227599,91.5593450118
183.764053847,91.5966977275
183.817006033,91.6458854279
183.842018499,91.6723042417
183.849708884,91.6875738951
183.815378347,91.7007410384
183.754115302,91.7001529413
183.631334065,91.6969075588
183.557695437,91.7150640459
183.500843073,91.7341738501
183.410191746,91.7546735925
183.350085915,91.7546523269
183.247675593,91.7482794581
183.166650358,91.7500531677
183.090245324,91.757060482
182.967770559,91.7893904528
182.893732865,91.8046415764
182.788032785,91.8166573153
182.726381798,91.7939330125
182.678612301,91.7751041289
182.589876554,91.7691476179
182.544372577,91.7706709353
182.49460266,91.7884010809
182.470352967,91.7938291852
182.447042487,91.7880420271
182.393492291,91.7606650331
182.367073779,91.7455381694
182.336083389,91.7423447185
182.317288994,91.7426199091
182.305309799,91.7328542325
182.285119478,91.707979639
182.270445495,91.6972991996
182.252390045,91.701549371
182.21126532,91.7152933285
182.182151091,91.731067017
182.142440754,91.7727563376
182.122582232,91.7944167873
182.096286935,91.8034540099
182.046278607,91.7796561146
182.016512255,91.77788404
181.989398539,91.7598925263
181.986742538,91.7473451733
181.990048653,91.7340753865
181.992098455,91.7166041698
181.962893404,91.6909751464
181.937018352,91.6704195751
181.931216939,91.6792947414
181.936584703,91.7000639097
181.923717788,91.7028679276
181.895170063,91.6859908003
181.865776821,91.6725790001
181.84248214,91.6613788539
181.818562057,91.6629713057
181.775199638,91.6618446334
181.732698339,91.6673648555
181.680999515,91.6908823201
181.641403027,91.7074234445
181.572365051,91.6949476225
181.467842921,91.6932634014
181.417799469,91.7092004968
181.382530407,91.7327057591
181.326361712,91.7649937709
181.2774143,91.7747566819
181.184149343,91.7876619418
181.11887249,91.7949698808
181.04449403,91.8034384329
180.940985019,91.8321821392
180.890217513,91.8421073134
180.809453072,91.8569209932
180.763013599,91.8496294785
180.718045634,91.8275659198
180.675540152,91.7958387522
180.667608131,91.7820326014
180.664274836,91.7777291867
180.650794306,91.7892395364
180.639728956,91.8025596944
180.618327676,91.8228657314
180.605626085,91.8117083734
180.584668671,91.8000809669
180.576695789,91.827637695
180.548907158,91.8478450141
180.515136289,91.8680666736
180.477378143,91.877479821
180.43621209,91.8896208641
180.404006281,91.8766467742
180.37498038,91.8586520311
180.359374332,91.8575403897
180.350328854,91.8600778009
180.332035945,91.8576144747
180.282945457,91.8588799004
180.245016011,91.8792605548
180.189983421,91.958707298
180.144577343,92.0609398344
180.056780663,92.1858457142
179.960459808,92.2671925002
179.870803813,92.3323134186
179.725688863,92.3776183821
179.633557522,92.3854234318
179.517144462,92.3642565268
179.378387528,92.3520996285
179.275157292,92.3338714408
179.184990689,92.3017584169
179.156218345,92.2929486379
179.129400166,92.2868074962
179.046213472,92.2998609492
178.963905113,92.3109920334
178.82858703,92.3321343286
178.76700735,92.3426067911
178.718805528,92.3455607803
178.635451948,92.3131530796
178.567796325,92.2805276146
178.43579052,92.2421186792
178.329367654,92.2278740335
178.196204567,92.2201067115
177.923594073,92.2142072057
177.743939832,92.2319208606
177.550862232,92.2379949548
177.259008579,92.2699119467
177.067715217,92.2460647502
176.7733396,92.2577935519
176.569613507,92.2731381202
176.315990513,92.2842239186
176.16758845,92.28443926
175.988447617,92.2732450361
175.678400517,92.2469834504
175.465170788,92.236002116
175.165422068,92.2210646697
175.011271894,92.2190851415
174.839250729,92.2138624783
174.577031047,92.1891476443
174.395378233,92.1684051344
174.216717574,92.1503126559
174.002052949,92.1285214878
173.839721707,92.1276002701
173.602172284,92.1079972551
173.478524096,92.1020088876
173.367567605,92.1030511388
173.19097789,92.0933456622
173.100503144,92.0709318897
172.969819644,92.0321102241
172.919364763,92.037759087
172.871720587,92.0370476339
172.829411778,92.0163833842
172.818902786,92.0037808644
172.824315866,91.9899952022
172.819932916,91.975117315
172.820978466,91.9506822032
172.862735635,91.9380332611
172.91630305,91.9474083821
172.986284599,91.951429383
173.020185878,91.9418046818
173.042389716,91.9352406689
173.075173634,91.9508618186
173.095642752,91.9730540915
173.110127137,91.9973720973
173.104907999,92.0355283994
173.082440211,92.0875052173
173.042212529,92.1759888979
172.97579756,92.2296150808
172.783661147,92.2847746251
172.588344109,92.367851538
172.346616302,92.4437610461
171.888188982,92.5379912144
171.456221814,92.607187231
170.760075604,92.6659689321
170.270866413,92.6696427385
169.77681656,92.6334079442
169.092471221,92.5831849782
168.649653945,92.5635522602
168.251704987,92.5597851781
167.664196574,92.5474948462
167.282748586,92.52874902
166.675583463,92.5532603173
166.218244834,92.5753914708
165.816050155,92.5936420763
165.179080173,92.682549164
164.781913699,92.7149386745
164.32153886,92.7415259037
164.013322198,92.7450894948
163.752992098,92.6822050065
163.400891639,92.6569556584
163.232327501,92.6143009424
162.997848705,92.5353395222
162.856875868,92.4676505404
162.716615626,92.3690690057
162.434921217,92.23675767
162.214757993,92.1639292452
161.950634568,92.1039998956
161.792048437,92.0920627943
161.61504692,92.1124140468
161.382452212,92.1554541342
161.196678031,92.1834705952
160.991824662,92.23868197
160.848282838,92.2666266866
160.717529652,92.292360931
160.55835384,92.3092796824
160.44915978,92.3240336529
160.324803241,92.35146753
160.254158466,92.3548283425
160.181982761,92.3395451003
160.067228187,92.2949452983
159.985404697,92.2955054575
159.88240399,92.2839024636
159.782477116,92.2739770383
159.703529754,92.2716981943
159.544477448,92.2493846378
159.408742962,92.2395094395
159.314996124,92.2289529154
159.164649646,92.2233919926
159.075747655,92.2267888911
158.912660974,92.2033972985
158.794567728,92.169173158
158.684505421,92.1231503034
158.595899402,92.0643463229
158.5671058,92.0481789735
158.532050697,92.0287222012
158.477803387,92.0408197498
158.40191141,92.066294522
158.256767492,92.1195830688
158.188105957,92.1484267004
158.124198379,92.1751447998
158.123249612,92.2024440953
158.176694168,92.2440524633
158.309745361,92.252792569
158.383086483,92.2278905541
158.448567129,92.1558859389
158.502271728,92.1164147693
158.560232641,92.075510854
158.667873795,92.0300213155
158.738336928,92.0214126225
158.820273659,92.0123384405
158.852694161,92.00828812
158.867722035,92.0039681115
158.873922611,91.996339122
158.885885323,91.9871824237
158.914017147,91.9791376942
158.993968678,91.9644280379
159.072231194,91.9500437556
159.200138176,91.968294006
159.269136896,91.9770672416
159.324718723,91.9920404409
159.401952237,91.987582816
159.44796805,91.9706688487
159.509157776,91.9854677236
159.574547254,91.9932250944
159.64949885,91.9835509549
159.772270874,91.965180414
159.850073504,91.9368261261
159.958165858,91.8983598342
160.004970411,91.8814041078
160.038018041,91.8735036821
160.100586513,91.8808453356
160.132219597,91.884635483
160.279843028,91.9341616012
160.445369292,91.9741741752
160.597548712,91.9881118231
160.856793563,91.9726135187
161.032223431,91.97080863
161.246154709,91.9890124627
161.419360955,92.035795681
161.651311714,92.0827045038
161.973776878,92.1369675308
162.205722859,92.1119528576
162.606979073,92.0619047651
162.850959212,92.0682139744
163.126680057,92.1039672425
163.565852099,92.1801672267
163.83026891,92.210424083
164.147978943,92.2050108208
164.622883097,92.1963312627
164.928884702,92.1533705718
165.437002401,92.0681369175
165.804344752,92.0483616254
166.227533503,92.0269833943
166.754344159,91.9982516299
167.003218507,91.996845116
167.515239736,91.949942484
167.794009947,91.9489607806
168.082520807,91.9230814485
168.553601812,91.9150724988
168.793350702,91.9263645475
169.120102145,91.9552640315
169.388338193,91.9660662123
169.626029298,91.9858707352
169.976836128,92.0237233669
170.162974092,92.0450170675
170.36617658,92.146686013
170.52879408,92.1964929214
170.626748552,92.2318803071
170.805686658,92.252918948
170.925173965,92.2698007058
171.06397375,92.2967527035
171.147744608,92.3181276188
171.207134428,92.3463633527
171.274324098,92.3998559389
171.294798814,92.4193085161
171.304073618,92.4158302882
171.341627193,92.3890708938
171.395198721,92.3724447956
171.466165703,92.3488118031
171.512545011,92.3242586965
171.581709817,92.298528552
171.645189906,92.3146081021
171.703071725,92.3334342616
171.828298342,92.3430348188
171.90061076,92.355448335
171.964564321,92.3577516214
172.035739306,92.3906042027
172.070580981,92.4313233343
172.168087105,92.475619286
172.248524625,92.4745760498
172.375679239,92.4522009619
172.576927914,92.410810181
172.676677468,92.383673935
172.821868187,92.3758157219
172.928004838,92.3981063943
173.035335037,92.4049721719
173.246273446,92.3899649704
173.481727334,92.3369899772
173.99914807,92.3077132934
174.288275558,92.2920328538
174.473846251,92.2660403253
174.611810424,92.2492088899
174.662073441,92.2559982094
174.722768122,92.2922964054
174.757389666,92.3307669545
174.807076811,92.3644136993
174.881919986,92.3686002511
174.950843082,92.3368790015
174.9800615,92.3432696791
174.938312286,92.3671378443
174.877247887,92.3845973001
174.796168002,92.3908823536
174.775463237,92.4033120801
174.713428595,92.4209964223
174.672949217,92.4390671991
174.63118048,92.4770871138
174.580019352,92.544087993
174.547699747,92.5646749409
174.497014922,92.5712562254
174.404704751,92.5476044651
174.365920696,92.5394940457
174.33025458,92.5295533725
174.328410313,92.5104684939
174.328578606,92.4705572692
174.33057014,92.4214608672
174.330444599,92.404831295
174.344027154,92.3862483025
174.336641877,92.3708473423
174.325355037,92.3425419468
174.286815236,92.320788698
174.218854834,92.3269899188
174.047605794,92.3567150576
173.915221721,92.3771750283
173.766442743,92.3924926892
173.252386334,92.3902722645
172.585681615,92.2905649517
171.358152836,92.0396836791
170.392541585,91.8576947542
169.495415431,91.6815367936
168.145235535,91.4080329198
167.212808314,91.1911466399
165.742378752,90.7874767885
164.638251321,90.5463591471
163.301995849,90.2709706117
161.033160536,89.9398975322
159.201239461,89.7462801195
157.126437629,89.5504073998
153.759587423,89.3102443241
151.404944335,89.1869018278
147.903852173,89.0748951618
145.833289499,89.0376627407
143.10644164,89.1296683236
141.638396939,89.26120355
140.407153411,89.3220164487
138.804939445,89.49078593
137.824630378,89.5982013817
136.695149649,89.6624149533
135.029459221,89.8243387407
133.851337837,89.9308198776
132.020468439,90.1540149066
130.710673536,90.2417251571
129.47993019,90.2904183024
127.606257262,90.3370907577
126.426615366,90.3796002079
124.916784324,90.5395147799
124.026332659,90.642766986
123.278534782,90.7808742548
122.30325112,91.002317809
121.676165555,91.172033944
120.418770256,91.3529944485
119.233138958,91.4838337691
117.799179142,91.5826345514
115.24741611,91.7832542234
113.200363481,91.9413512474
110.7320297,91.9613972356
106.045605959,92.0946157243
102.630390834,92.1469536064
97.8854802426,92.3474262391
94.9402148544,92.5934136447
90.7699770229,92.6715221103
87.8398562597,92.5767602385
84.6287066318,92.3426487412
79.7653055358,91.9306510748
76.7604606786,91.7954599753
74.1697940272,91.8892294297
71.4565691783,92.5621509265
70.0382746885,93.400264541
68.3282663553,93.8669616011
67.2198450389,93.6984944571
65.75366067,93.4296569944
65.0220622099,93.2551232555
64.3643221717,93.2076726078
63.2136360362,93.2335863645
62.4437079958,93.2063267192
61.5872357896,93.1762269294
60.1844971131,93.1789698459
59.2863554162,93.2411306952
58.127771077,93.3886034159
57.434012043,93.4576080057
56.8031071918,93.5022767848
55.8647569337,93.4630007071
55.2990508087,93.4114595167
54.4268905305,93.3637655067
53.9475096601,93.378070801
53.5775306522,93.4638885753
53.4520946414,93.3992404353
53.403152641,93.3179388129
53.2802860834,93.2196508338
53.2578651242,93.2374215192
53.3074396247,93.3109807619
54.0040423549,93.595995175
54.8298037368,93.906889214
57.0847986952,94.7034872609
59.7256837224,95.1882696206
63.2780608196,95.8063192252
70.8529118146,97.2821274392
77.4084151994,98.4099074339
89.3274763022,100.264819285
98.5340573456,101.408078393
108.196844463,102.237101262
122.81627358,102.891822234
132.051771884,102.702545602
144.199983647,101.25816577
150.484709616,100.052607348
155.539517316,98.9423753689
161.103974243,97.6297835992
163.864779951,97.1638861865
166.12004775,97.0318472016
168.330226195,96.9729264381
168.998707477,96.8765216624
169.298479082,96.7497619172
169.450569625,96.6439146629
169.884863521,96.5203049574
170.925170768,96.2975072673
171.813402765,96.080266689
173.15699542,95.8511566256
173.844257343,95.5778343023
174.232192642,95.2664775948
174.549412184,94.7163564075
174.817510226,94.3706994944
175.014779277,93.9994706364
174.847685195,93.5963046372
174.270182615,93.327511741
171.996228005,92.9889536037
169.149480606,92.9154348056
161.937984933,92.5349351511
155.70222441,92.3206055237
148.080835546,91.8077398798
135.439378223,90.0872471659
127.173889159,89.1505580096
115.85872858,88.0125861352
109.572462469,87.5483469041
104.810022781,87.3357438215
101.25530705,87.9253061752
100.502049511,88.6808924711
100.575192287,89.4690524681
101.333024607,90.2006070929
101.55191932,90.3617311091
101.313058595,90.3475876007
100.781783301,90.3665483663
100.208603675,90.4028873898
99.4967224313,90.4205999505
99.2230007152,90.4034466242
98.8679202636,90.387763873
98.5039705549,90.3417046696
98.0622482007,90.2995770304
97.0446195028,90.3855305781
96.2227602517,90.4830325725
94.6643822042,90.5945641952
93.2131856646,90.6669242263
91.1994862105,90.6272281634
87.2563347454,90.4299779799
84.3013771229,90.4414658408
79.5471130398,90.6220713055
76.2616133935,90.8686382685
72.8961582324,90.9744614992
68.9938626104,90.8324365888
66.8421002797,90.9169752138
64.8445395547,91.2311555528
64.1585664842,91.5335657153
63.5765791648,91.7095064373
62.7611336015,91.7469920567
62.2865308593,91.6842454797
61.5768095517,91.6860831462
60.9509721472,91.8778230615
60.6656502279,91.6321138753
61.442442697,90.930766414
61.7454203915,90.9541458219
61.5900881786,90.8679282052
60.2576173801,90.9910529129
59.4032755278,91.1044470212
58.8772101296,91.5176269044
59.5877550125,91.8087524498
61.7626338061,92.5707625049
68.6768797658,94.5612423551
75.4152526691,96.2709281677
88.2702678282,98.817806186
98.2919385061,99.9583038728
108.957121643,100.571946544
124.577502905,101.062117724
133.915689784,100.653185107
144.982044329,98.9031426221
150.592335186,97.6830971692
154.927898404,96.6028003803
158.637350432,95.1930576568
159.597928078,94.3925399396
159.973121443,93.4264065263
159.688033578,92.9433598048
159.188095336,92.6986901626
157.813213979,92.4876141182
156.75482827,92.4860137471
155.125070781,92.6694556848
154.225523416,92.8086366512
153.56233041,92.9022063468
152.842922325,93.1712840444
152.353355936,93.3653509667
151.633395035,93.3959938514
151.2187904,93.3680316958
150.830663952,93.3118594928
149.658528548,93.3344534025
148.313200685,93.1783912584
145.587672147,92.8910362879
143.433381877,92.8645397593
140.868880277,92.9731547265
136.444952508,92.9960117834
133.676312631,93.009178467
130.080788249,93.2878720819
128.343497518,93.4766231379
127.133982537,93.67458917
125.828840417,93.8959769484
125.226850151,93.9993397228
124.723245499,94.1296481899
124.088611943,94.2443421074
123.734134302,94.2988993845
123.38685724,94.2865989254
123.216954063,94.259526004
123.021005765,94.3216535618
122.97384998,94.8257124998
124.265327117,95.8556500478
129.068534021,98.2397245191
133.6614993,99.2253645865
139.166893451,100.062909498
147.670090084,100.561236654
153.020043616,100.401903984
159.747397459,99.9862466214
162.834980322,99.4854897822
164.727767314,98.9779330056
165.735370287,98.4309878054
165.579328437,98.5570890289
165.097002755,98.8343009154
164.658470955,98.8238791268
164.501972587,98.3797567005
164.635950313,98.0510051773
164.689502451,97.9426234452
164.7269478,97.6654013081
164.665126288,97.6572891211
164.607044641,97.6882256284
164.748806665,97.687918177
166.483646005,97.1973405883
170.478715726,96.8163543039
173.283110386,96.4787718228
175.815100289,96.0336247484
178.390516718,95.3765441904
179.49792661,95.0661014424
180.438408119,94.7279953199
180.799356391,94.591932472
181.082765968,94.5493149537
181.177857261,94.6038210431
181.30451961,94.6475426458
181.469227549,94.7192472929
182.131261645,94.7814602993
183.253080753,94.3881487644
186.054718719,93.8274159334
188.597799503,93.4966392972
191.303630282,93.2075830777
195.48798173,92.8294583139
198.232388693,92.7332680474
202.366894847,92.7596705499
204.880832371,93.0230014434
206.966017735,93.285617993
209.124898561,93.3646357651
210.06454109,93.4475582711
211.000526662,93.5592615656
211.67450024,93.5889782436
212.362086874,93.5792455112
213.30971412,93.4956029835
213.706969873,93.4796177357
213.805993957,93.4191291527
213.82221248,93.3751018026
213.824173675,93.3749089199
213.888542959,93.5144083488
213.879496845,93.7474872325
213.320957678,94.1511253204
212.280329651,93.9874910212
210.492310684,92.9760549822
206.335077591,90.8841652439
202.810074461,89.7259561585
196.945072044,88.2487859609
192.929462289,87.8108097889
188.717575293,87.7313256461
182.493934744,88.0607810556
178.642989205,88.4474016106
175.106893059,88.9042957706
171.042736518,88.9619230914
169.054633025,88.80778343
167.446455699,87.8288039467
166.93831613,86.9368715982
166.709670502,86.0418384133
166.606722795,84.6821847883
166.482283491,83.9202189272
165.864309744,82.9248889297
165.307256878,82.4934700267
164.507180859,82.3709289825
162.833135683,82.4246540352
161.111886761,82.7683077191
156.577719737,83.9671124106
152.184148857,84.4784247432
148.153923056,84.7778339762
142.559111424,85.2052937411
139.226478966,85.2711737545
135.375265134,85.0651736707
133.620360929,85.1798379695
132.492621751,85.2995161205
131.678169971,85.5217959804
131.477963707,85.5613882733
131.692969032,85.7358189517
132.007838784,86.0314402193
132.356960281,86.5571414182
132.83133917,87.6106757337
133.168904816,88.4478726526
133.720242854,89.4811911972
133.95836247,89.8251712053
134.122004171,89.9195122731
134.285776092,90.0134906466
134.443286664,90.1122888425
134.696802092,90.2712638754
134.884417503,90.3833357876
135.101759356,90.5199545374
135.539485834,90.7137376917
135.75307226,90.7587478533
135.993703128,90.855170905
136.355622594,90.969221891
136.683480247,91.0493776625
137.396331894,91.1470417205
138.008167064,91.2324214358
138.761425206,91.372401716
140.284349385,91.5694177717
141.44018928,91.6306775365
143.289815838,91.650302602
144.48299727,91.5849059202
145.550069642,91.5149132156
147.00273149,91.3698868227
147.934614694,91.3437540592
149.782281919,91.3042561075
152.074102824,91.3715939554
154.909859306,91.8390845156
159.226636411,92.0817674623
161.84807445,91.9707216127
165.019040404,91.4745811943
166.734973057,91.1549429784
168.161978051,90.895129312
169.830949378,90.6882213039
170.583761319,90.5705871983
171.156955765,90.3073874279
170.922428022,90.23591147
170.57546031,90.0431973564
169.550476233,89.8066093618
168.72469011,89.7436718556
167.148527454,89.6473649601
166.040670413,89.5675269331
165.034134623,89.4362062893
163.640025479,89.356905055
163.013558814,89.3083095847
162.729893146,89.2683600233
162.730531612,89.2518648583
162.647961289,89.2256497901
162.499791182,89.1862605851
162.344413901,89.183305898
162.17083683,89.2281194748
161.889655557,89.3526214159
161.79229383,89.4072044354
161.711993566,89.4770857336
161.65451621,89.4914319089
161.555033062,89.4821468669
161.146979562,89.3928076167
160.702638429,89.2723016108
160.574582065,89.0958929046
160.684445363,89.1090677603
161.374068634,89.1970766745
163.492453799,89.1724666602
165.76174611,89.3873322495
169.616344607,89.672327768
172.2236572,89.8223967112
174.322792273,89.669063136
176.427537725,89.1979462578
177.234950882,88.8425963352
177.88350541,88.4664236606
178.121361558,88.4054382369
178.393515917,88.4740763509
178.901651835,88.6201079136
179.313457998,88.7277338417
179.704088253,88.815074938
179.876174149,88.8343760954
180.019184197,88.8388407388
180.230432459,88.8899744365
180.613302233,88.8819765165
182.328677089,88.8508409805
184.35884796,88.8998263572
187.168179877,89.2598210593
191.856917148,89.5323323733
194.890509122,89.6830938304
197.503169289,89.7123067066
199.885282838,89.5737450468
200.743161408,89.3473127526
201.347928806,88.9303744227
201.466337165,88.7574513734
201.626789533,88.6741496374
202.216596897,88.7258463932
202.625953318,88.8285960016
203.241980394,88.9869710815
203.548094083,89.0690455133
203.716397607,89.1084898922
203.883881228,89.0059396553
203.996589418,88.9340491925
204.100857791,88.8581993086
204.149206424,88.8313583362
204.19200879,88.8072990921
204.153778916,88.8985927892
204.075596634,88.9996518484
203.986119324,89.1593749384
204.014690257,89.2605751415
204.253130011,89.646776731
204.971050988,90.3276075529
205.298288151,90.571282093
205.304457028,90.5858793347
205.129393532,90.603423022
204.799499768,90.6195311131
204.117360468,90.3835111346
203.607599418,90.3637377108
203.247534819,90.3758969688
203.192934219,90.2452966853
203.14320038,90.2120033733
202.979570131,90.2470696511
202.62877286,90.3636166111
201.967812596,90.3821717866
200.945328766,90.1888984431
200.213790878,90.0516342312
199.086757539,89.8870087434
198.267944528,89.8035454134
197.41127476,89.7368938235
