180.228042091,81.3930412254
179.436178878,81.7023202728
179.185771291,80.4544168354
178.751002379,78.9915855908
178.649053519,79.033857091
178.650844675,78.7865060251
178.621551333,78.5732575902
178.706533156,78.6439050694
178.710884515,78.4819958505
178.657305872,78.4973224397
178.439688413,78.6855592026
178.189609025,78.7987109416
177.883021769,78.7183762937
177.768765116,78.7194548384
177.674657335,78.6926754442
177.389063911,78.9231074506
177.225491792,79.1286953165
176.844505106,79.7180754263
176.878296195,80.4986219415
177.162705144,81.0148910719
177.657326428,82.549263426
178.148228205,82.7707811025
178.772779371,84.2414213789
179.1385937,84.518745837
179.211961878,84.8181364608
179.146433848,84.8196069259
179.056512776,85.2492355253
178.961043054,86.296238504
178.839602594,86.5863597894
178.764710251,86.7000762999
178.896057634,87.0707319227
179.19752054,87.2573658003
180.24922005,87.9008106819
181.054143404,88.2377094171
182.028357674,88.1463871135
185.588907194,87.9312139602
189.949544219,87.7085808011
197.430039723,88.3372073852
201.712248231,89.1240326785
206.017981014,89.4737134627
211.965177724,90.2985574622
215.386702469,90.4649551524
219.973346832,90.255832856
222.578539261,90.2452716173
224.113536905,90.2050483309
225.399568367,89.7107697943
225.86671918,89.5395101758
226.402505205,89.3877005429
227.465329171,89.2449328474
228.272395847,89.1931212896
230.177265143,89.2714093625
232.466480067,89.4012792725
235.648953573,89.7583432961
242.213759793,90.2350474274
247.145621861,90.5686621591
252.949720852,91.1589871567
255.752926703,91.0714547573
257.755795009,90.8544657034
258.66903744,90.7553840556
258.39983782,90.6453828251
258.126753424,90.6263328965
258.482635548,90.996529696
258.788393551,91.7981318366
259.591203327,93.0453926332
260.924194793,94.1699470794
264.989149005,96.8405586122
269.013429325,98.5947029984
273.89156953,100.001513415
281.869112458,101.377853383
287.326877122,101.500038633
295.6507737,100.907881183
301.334427834,100.038353352
306.996978637,99.0375590014
314.074920665,97.5031334863
317.171791523,96.441664807
320.421850332,95.187555508
322.375489467,94.703924984
324.136108947,94.024614681
326.218829168,93.0562367253
327.564780974,92.5509856715
329.350817313,92.1783730134
330.168152985,92.0223421205
330.747412486,91.9712061014
330.96141536,92.114160261
331.011200988,92.1367436225
331.120074819,92.2808406211
331.096644958,92.5647231107
331.000130321,93.0679214577
330.237567899,93.6965436599
329.482648447,94.3359221883
327.932359973,95.3194539995
323.163630974,98.3757695255
319.299718779,100.888321919
312.924093165,105.289316997
307.731418986,107.434336727
301.814019754,109.115208453
291.434706014,110.496713993
283.588204121,110.768478546
271.235606077,110.16244061
264.115050365,109.002341331
258.075535136,107.827472084
251.979162406,106.647844561
249.491087534,106.314571716
247.010199261,105.890827911
245.512705394,105.539258219
244.326982589,105.663154791
242.322117703,105.928227713
241.099121753,105.97782267
239.766901099,106.001507717
237.773777814,105.769190113
236.065852956,105.575770571
232.217556845,104.776372434
227.94004923,104.075279101
219.302027204,102.497490332
212.873791047,101.011551735
206.768013825,99.2574804593
199.721030635,96.6641209119
196.772853811,95.3750803681
194.429593464,94.1737203741
191.899718707,93.550094159
190.510463305,93.1609885454
188.535798541,92.9919665628
187.171648765,92.8465771587
185.833547404,92.8759336373
183.9225251,92.71813378
182.774389896,92.5255747705
181.199427737,92.4250566053
180.21292503,92.3590916808
179.288907728,92.4530989796
177.738051481,92.4395138095
176.474178037,92.3360183942
174.346327741,91.7341075577
172.953505332,90.7971103363
171.848495333,89.3174970431
170.813971067,85.2516005389
170.398881224,80.5601773225
169.752594697,71.7787991534
169.276876471,66.7783158225
169.187410228,63.2496032412
169.173259881,60.8717289468
169.348926273,59.4192385147
169.349032123,59.6573283689
169.405758246,59.5217547468
169.692930203,58.5851038248
169.933402908,58.763486886
170.291549631,58.7660966804
170.741432524,58.8711538549
171.24115825,58.9106011559
171.702915465,58.5275946478
172.349458932,57.4405638366
172.802377075,56.6414801544
174.521057568,55.7150724258
177.380880466,54.8645478686
182.470392735,53.2889415342
192.68262289,50.9193967237
198.454467007,50.7587063804
203.303806535,50.9671501157
210.014244811,49.7076411688
214.306333202,48.3158252828
219.531523349,46.3047698584
221.536118053,45.8344514696
222.676651797,45.5307020684
223.703415112,44.2678484847
223.952599935,43.0297967281
223.158870273,41.3273259041
221.966744114,40.3122186735
220.501512038,39.4015667768
217.589687643,38.0652624602
215.585013802,36.800862494
210.907021856,35.1565444015
206.165395243,33.9584445703
200.655889673,32.7894411425
190.917970594,31.4844429758
183.807370184,31.0697017955
172.192894131,30.9259263814
164.952569259,31.1669839037
159.652492878,31.3570724412
154.165665667,31.3385079732
150.923472118,31.5249345272
146.462228618,31.6296708323
143.988741957,31.6135486874
142.154088815,31.7088098479
139.909904869,31.9914596319
138.437774399,32.5078951365
136.057212906,32.9395906006
134.276854745,33.0721715157
132.575610433,33.0223636631
130.318782726,33.197843151
128.969256404,33.4247301094
127.649041478,33.6333218528
126.294866435,33.6496523254
125.49175515,33.7055978245
124.187411274,33.8613033767
123.102323975,34.0458637835
122.10545328,34.2880256699
120.695854059,34.8114911117
119.858538946,35.1763102472
118.52406218,35.6353107069
117.699538726,35.8969439208
116.832727368,36.1045861713
115.568877823,36.4085868247
114.67773949,36.6688182464
113.753308043,36.9793830158
113.489330804,37.382677254
113.33245299,37.7543650861
112.80663659,38.3756307013
112.218964177,38.6847532792
110.635816674,39.0956016175
108.594313576,39.7402655244
105.194131868,40.9283328884
94.5337712219,45.8584495751
83.994429331,52.0330365289
71.0432968423,60.2341985654
64.7035474269,65.5956993899
60.1520319269,70.8510819913
55.8780575983,77.3846890391
54.1784735304,80.5153477518
53.0696177321,83.507709345
52.968693859,84.2699826342
52.9154306997,84.2423107685
52.6327942822,84.0883345073
52.8263799444,83.9368454704
53.0897000541,84.1002776113
53.9627716274,84.6744451421
54.0392599283,85.1974711279
54.1821118531,85.9018175804
54.066668692,86.8273132525
53.9859941133,87.2447468774
53.8374534906,88.0037596555
53.7161899646,88.2607591041
53.4168016943,88.3765195081
53.0676762938,88.360699575
52.464827809,88.1510018749
50.7730904841,87.9771611904
49.6388193695,87.7783716904
48.007411612,87.3850161214
47.165469203,87.0727463008
46.7520601283,86.8834568954
48.1513452152,87.094124708
50.844339581,87.9234005278
58.4230570332,89.6442214675
66.0305517227,90.8797053783
75.0961490454,92.280231856
88.876454388,94.0877969832
98.1303015625,94.9841742713
111.2042797,96.2862200705
119.257452272,96.804677825
125.973327765,97.0753538893
133.275600918,96.7601464953
136.272706573,96.3867553117
139.738792838,95.4795177314
141.808653808,94.8997948742
143.529896429,94.6836770305
145.889809086,94.2550476336
147.369382563,93.9244216508
148.84987394,93.8273686261
151.297991273,93.7595141604
152.791110522,93.8885984116
155.137137015,94.1775859089
156.518145226,94.3923594262
157.872157949,94.4258528405
159.671223277,94.576020868
160.727428914,94.6804498918
162.1628474,94.8689279427
162.971926324,94.9782469845
163.396825252,95.0649200009
163.859737384,95.1145452202
164.441386954,95.2417446526
167.105435674,95.4800337866
170.905215268,95.6589213747
175.59206307,95.6980929346
183.754701969,95.8363224395
189.480272047,95.8654359756
198.290665369,96.1084095061
203.692951526,96.1357578574
208.088078149,96.2211396199
212.316488074,95.9386709972
214.84091472,95.7876197156
217.694235054,95.9925203947
219.509029301,95.8407164711
221.130165262,95.7318846929
224.064625184,95.2103936031
226.81402263,94.7650096491
233.900324262,93.8648874377
238.359564223,93.4612083138
242.715609316,93.0390618153
248.71845498,92.3072149242
252.553847886,92.187543038
258.865009233,92.0935523051
262.105732936,92.0468117656
263.436779888,92.0175269377
263.651891342,92.0789246903
263.087226315,92.2944841083
262.389110349,92.7642491934
261.273330235,93.0850838503
260.726539171,93.2255196011
259.776102611,93.3149932507
259.387132257,93.3353935315
258.969785583,93.3928007811
258.060496056,93.6533344554
257.291477745,93.8645623968
256.277321022,94.149930717
255.669992967,94.3051635861
255.417844742,94.3734806496
256.226414778,94.4179406971
258.469917346,94.3711828749
264.85589604,94.1895707996
268.967191096,93.9893882584
272.015650444,93.8213413468
274.041993672,93.5092021502
274.232656091,93.3365021009
273.074699915,92.9596582411
271.8223244,92.764118546
269.920276034,92.557456969
265.19729393,92.5229512708
260.024550879,92.6005463994
249.898517889,92.807384009
239.59889173,92.9540442599
227.965024518,93.0266725461
208.87155285,93.7833231791
197.056701351,93.9956516416
181.382504952,93.8658319369
172.703019863,94.130214458
165.452254041,93.8061470002
157.508734611,94.0516588962
153.826552825,94.1299897816
150.176547124,94.142960466
148.632994552,93.7566486149
147.770355973,93.8029112785
147.145472023,93.8798578777
146.925009439,93.8847952802
146.916638579,93.9358045559
146.829767703,94.0082993026
146.746857333,94.0515056515
147.126991738,93.9507584492
148.250910062,93.7728990533
149.594447822,93.6895083354
152.38188698,93.7376079267
154.571557458,93.8652213504
158.02394031,93.715059109
159.939700303,93.8198526676
161.241139557,93.7994795616
161.866094297,93.684026447
161.5320151,93.6179704131
161.301198562,93.3747592438
161.368268541,93.1963070919
161.66067102,93.0612164871
162.486450989,92.7758265727
163.131305685,92.6380706177
164.052122121,92.4561572081
164.718960226,92.3400500656
165.395953598,92.2409473092
166.577444257,92.2087909807
167.853903619,92.1938097171
171.593517681,92.3965046561
177.279729015,92.6772688434
184.943541944,92.805403445
199.000425528,92.9532912223
208.846819809,93.0571380552
224.394458296,92.8780223396
234.020332509,92.6312777467
242.224782327,92.4398122039
252.417040425,91.7481655663
257.737238833,91.4065533531
261.494630448,90.9051356447
264.45058839,90.1127693066
265.697149718,89.6429163601
267.688336506,89.3941385515
269.343411443,89.172005151
271.239631723,89.1238596942
273.873123357,89.1444883991
275.700923582,89.4305457765
277.645120209,90.5275399813
278.47206203,91.2816023295
278.921114934,92.1049470779
279.162617781,93.7676849633
278.413938434,96.2832839105
276.549431649,100.539634676
275.522959987,103.173491001
274.530622571,105.212693135
273.950092539,105.965585685
273.772814763,106.3381615
273.601381974,107.691474633
273.326728888,108.841478441
273.192026839,109.74497
272.810098323,110.596567627
272.89292854,110.378815748
272.915148905,110.238721667
272.965680375,110.359670856
273.026192367,110.49825117
273.112719957,111.54612809
273.232390341,112.261695339
273.513393623,112.76090578
273.669079538,112.536508271
273.848760188,112.260193624
274.246889128,111.315057861
274.684080312,110.812692671
275.619489075,110.331786456
278.582432652,109.363387995
281.532795113,108.411585791
285.205329972,106.874317603
287.007639746,105.974875981
288.228827089,105.212543109
288.985169639,104.281156199
288.880800842,103.786615093
288.003147915,102.94541525
287.050477407,102.334771011
286.131100807,101.522886468
284.884552656,98.9355201839
284.526483897,96.8646991518
284.579494462,94.4377327233
284.411818093,93.5445672878
283.989359762,92.8589483351
282.786256614,92.6429193757
281.643436835,92.6030902836
279.784626383,92.4742490722
278.128062404,92.5470607968
276.339001246,92.6481979905
273.040860255,92.7606383742
270.033938275,92.9247675339
263.276822916,92.4621343458
256.566659989,91.8372068399
247.702170342,91.5764955657
234.448237762,91.2514956048
226.00774317,91.3848805199
216.123963604,91.7702642004
211.051714743,92.0166147359
207.256427669,92.0458648328
202.510835843,92.0733198015
199.971887505,91.9217052777
196.349520368,91.6669131792
194.270898437,91.6205707519
192.435345483,91.6612966497
190.241140063,91.5484156655
188.903748211,91.4994226995
187.5526252,91.53150071
185.785245724,91.5597152682
184.653014472,91.6218867848
182.864837349,91.7456007249
181.731526037,91.7870686092
180.684856204,91.7972757131
179.340740449,91.790267069
178.554152668,91.7366775702
177.555984345,91.6997384229
176.909488382,91.7464902813
176.333622136,91.7431961
175.44739609,91.6907524368
174.474470744,91.6679722819
171.796802401,91.7200008457
168.43491641,91.8476558908
162.943454965,92.243813797
149.681100306,92.2047474491
138.688627174,91.8523937936
119.593719317,90.9814722729
106.852246994,89.9056872529
95.1430773622,89.3665295371
80.5388627082,88.7933584891
73.9820171417,88.4177972359
67.7732646111,88.2382212471
65.3030114127,88.0763528312
63.5187470406,87.7529090811
60.7970497175,87.592851445
58.8208192223,87.3685529479
55.2327286492,87.5676804391
52.897989445,87.4482153987
50.765816201,87.5948621033
48.4622928787,87.4914127539
47.2720668079,87.4912768048
46.4005034972,87.477978212
45.1500991454,87.5845863686
44.6131439996,87.7139635451
44.9393440661,88.1200950886
46.1203588498,88.5391532507
49.1446308947,89.6789009108
56.878383401,91.324967164
64.649497345,92.574837511
78.2521514711,94.3276877368
87.8551156802,95.7242307139
96.1231471095,97.0789660123
105.165487389,99.2641389375
109.073702031,100.155379565
111.990129894,100.411053321
112.823070979,100.48626724
113.530026245,100.819595739
114.935905114,101.792199866
116.266410325,102.702548726
118.5277933,104.233853939
119.959691634,105.289912708
121.601252613,106.448798143
124.047221571,108.476355879
125.700672324,109.645077798
128.126498191,110.9272643
129.474903314,111.254072517
130.73086926,111.401747548
132.690620427,111.253592355
134.295674171,110.899983446
137.842075321,109.824081897
141.53034564,108.091328144
146.564040719,105.250290019
154.154038553,100.878832053
158.348332873,99.0192420391
161.562010905,97.8103199774
165.392570688,96.1615590416
167.236386194,95.8895640677
169.135650717,95.3516468529
169.988248728,94.9537477092
170.902697421,94.7288914655
172.140912133,94.4848298218
173.064952749,94.3967296383
174.391315073,94.2297582743
175.300600677,94.0651847228
176.366116907,93.8975879767
178.714705671,93.6194267392
181.58565085,93.4184170206
189.755050445,93.5318792258
196.548972668,93.5573892668
204.308790747,93.6809979916
214.287036305,93.9209414973
220.977463693,93.7620047785
231.978276022,93.2858732241
240.401775089,92.9296351475
248.621911653,92.2679777417
257.997345338,91.8926817189
262.092527168,91.3215471319
264.462875806,90.758542454
265.796964057,90.4812193192
266.061247292,90.0905046778
266.479843604,89.9569691616
266.329535181,89.8489818119
265.335419799,90.0559728839
263.681866215,90.4038233644
260.559019241,90.9767469074
251.441303656,92.0493424698
243.18292796,92.9675722518
228.724350058,93.6823959132
218.545922606,93.8648662305
208.761415635,94.159003257
197.046269634,93.9665840239
190.361530889,93.7120660965
184.969364302,93.6210277967
178.712832031,92.9922499723
175.720856012,92.8652790649
172.638968759,92.4058804202
170.936211295,92.4931796766
169.265301492,92.5344868056
166.10478788,92.5802460838
162.978611853,92.7151256044
156.981413104,92.6735856655
152.787591531,92.7282218081
148.999218076,92.5890795658
144.474557796,92.5273686565
142.240122636,92.3844643573
140.034479139,92.1376475903
139.16952647,92.1059745131
138.722404902,91.9117115429
138.724003769,91.9317719368
138.692970866,91.9846747852
138.660738836,92.0400844904
138.646115959,92.1507819722
138.591642557,92.2217120898
138.15118684,92.2657009061
137.659136537,92.1774969137
136.617640617,91.9818364134
135.97682658,91.8401309562
135.339812746,91.5975010594
134.340010625,91.417948358
133.761039221,91.3009335078
132.796781142,91.2625184209
132.009547086,91.2499765183
131.286644066,91.1707833718
129.941290809,91.1333368175
129.099665844,91.0304516847
128.229473841,91.0608699772
127.471423716,91.1708995564
127.454641251,91.1897024127
127.867931335,91.4042697572
129.1358967,91.7490749473
132.189745751,92.173410848
138.36547246,92.6835220976
144.477028003,93.3325668879
154.031529559,94.3057632853
161.175028932,94.6940757099
168.293858943,94.8915253176
180.245484153,95.0426818266
188.650997102,95.1659251814
199.097271194,95.5364679565
203.745488317,95.5095565197
206.544937102,95.4585055376
208.753823898,94.986071252
209.196556474,94.7471962586
209.331062933,94.436045488
209.12105984,94.3874679881
208.365247858,94.2736982318
205.823947605,94.1803625785
203.065729691,94.1322191004
197.38955729,94.1074458314
192.207199201,94.0170604948
186.987010199,93.7337294078
178.330735536,93.2947529114
173.185897981,93.010003192
166.998643859,92.5189784373
163.789698868,92.1827884981
161.136103842,91.5799728249
158.207649553,91.5441913291
156.64432732,91.3529883115
154.527859198,91.0988883214
153.496550839,91.1128640692
152.467321965,91.1189831092
151.37239209,91.2141950097
150.874555637,91.276786499
150.835544671,91.397521875
152.669479607,91.591492728
156.793581272,91.8679250962
167.11464583,92.1524912114
175.789356086,92.3121448416
186.314067731,92.1954884849
201.480416935,91.8488358393
210.472278121,91.1024224853
219.105393125,90.726884499
229.172587898,90.0505340301
234.241860008,89.59267854
239.38077571,88.4038557861
241.693408029,87.8212989684
244.35741549,87.077565229
245.551726101,86.9844534441
247.551768046,86.7379186687
248.669707409,86.6830138878
249.683454774,86.607333818
250.699405846,86.9591163856
251.053874764,87.3416850953
251.019047345,87.8646210349
251.03069396,88.5413357381
250.885762553,89.0276732731
251.660179535,89.509744607
251.818182295,89.8487340238
251.388834068,90.4396362285
248.307221094,91.7909100408
243.797611064,92.6832473633
233.796990709,93.8778695414
225.507869021,94.5778954918
217.12096985,94.9892338569
205.7100479,95.6454111677
199.364872638,96.0409635806
194.470495406,96.4454469367
188.953021119,96.669572421
186.365040058,96.6809696754
183.570711709,96.5120183799
182.23948774,96.4566267936
180.986587812,96.2625619835
179.497750371,96.1451149488
178.571099487,96.0249513321
177.358622259,95.9404256135
176.700971848,95.9575425996
176.099345668,96.1870092706
175.32227772,96.3522022281
174.685545593,96.5406655911
173.418614456,96.4832392509
172.463928414,96.499184805
171.543637291,96.4625126833
170.247269268,96.2594784592
169.589773299,96.1797787578
168.93371625,96.2620097506
168.458718621,96.414053785
168.143531528,96.5128970249
167.941569649,96.6692290488
167.762942754,96.7442810792
167.466931071,96.7364240357
167.232423763,96.6404533674
166.637045373,96.623064707
165.173208085,96.3391374231
163.163691921,96.2237892535
158.36801368,95.7830122405
153.194728711,95.3888240088
146.633628525,94.7434239182
132.840875835,93.5074112481
122.707130744,92.3616471402
105.72216226,90.9248300909
94.7417057057,90.0965337824
85.0608355033,89.7610825033
73.6331339042,89.8077503657
68.5549653535,89.7297656592
65.0565320791,89.8284014704
61.6624301088,89.7356755907
60.2020760323,89.2493964594
58.5824957475,89.0150348598
58.1479198455,89.008552768
57.7347727936,89.3932857612
56.8497677155,89.8268188063
56.2308582789,90.0109016355
55.2960532104,89.8642311869
54.7507322752,89.7708494751
54.461520334,89.6411140951
54.0098253056,89.5383815144
54.0842735611,89.4728289068
54.0913377113,89.4025061772
54.4891771953,89.3392066652
55.3036903832,89.447845028
57.5360197466,89.7275854222
59.8138723365,90.0167923825
64.1559800725,90.450405723
67.8790643981,90.8367379378
72.6921949541,91.0006110701
81.2648260968,91.042904835
87.2018256241,90.819276742
93.9770166257,90.6379107555
104.734751892,90.5090319481
112.687315212,90.3177161817
124.692044082,90.715849908
132.450463247,91.0900649034
143.024694671,92.2143035063
149.455492378,93.1083558491
155.026560995,94.1723803366
161.600464892,94.902335844
164.244704322,95.2688814972
166.617807735,95.4194661952
168.822243222,95.4133352419
169.879537219,95.3990772342
171.228275867,95.4181832154
172.101441981,95.5068013247
173.177629314,95.5201125463
174.565441806,95.5009971308
175.366330069,95.4774795806
176.463970625,95.5390897204
177.164684483,95.4988928974
177.87259494,95.5490431867
178.63002422,95.4970535537
179.581790482,95.3579708522
180.586473768,95.2157446493
181.039927436,95.0957338004
181.620813651,95.0708683764
182.265852457,94.9228595486
182.657155808,94.8989156089
183.127806117,94.6347756834
183.315590578,94.5472786816
183.503042299,94.2181536979
183.772700418,93.9158761958
184.137291598,93.4874056958
184.461221468,93.2017542173
184.667857369,92.9410314332
184.662525574,92.8303247325
184.460849407,92.5254020303
183.973994031,92.2654851449
182.982397876,92.0054639816
182.138931339,91.8988910235
181.230029697,91.7844814513
179.729562195,91.6060710632
178.403549788,91.5422880882
176.53248555,91.4702936351
172.81141362,91.4421755216
169.424981183,91.5268742522
162.81058677,91.4912910179
157.934039431,91.4186434301
153.631728685,91.5065156228
148.274658553,91.3488830302
143.401325315,91.0150883462
141.494484301,90.890317285
140.050801818,90.7109418003
139.188672845,90.4731557345
138.93521733,89.9603520872
139.217165558,89.935515829
140.008972411,89.3892713584
140.608520802,89.2600466302
141.227499843,89.1535585194
142.155734814,89.1491036958
143.285573054,89.2727730314
146.867892285,89.8482014749
150.264961353,90.3348375241
154.671766973,90.9183776827
162.129914925,91.8264104785
167.429391022,92.4247952682
174.781552419,92.865455002
178.736606848,93.2326215894
181.62279211,93.3406688969
184.118445587,93.1894327415
184.852644144,93.1182574268
185.240205614,93.0112801286
185.17430287,92.860207857
185.137266041,92.6852804586
184.852273875,92.2194709254
184.171980068,91.9430942841
181.603558384,91.5987623434
178.110909084,91.3511514306
172.892067466,91.1774173659
161.119248299,90.9059158024
152.234139629,90.9853989804
143.087455095,90.9955888731
131.192390096,91.3079199281
124.66758167,91.4881519289
117.984677245,92.135273809
115.593582649,92.6192074868
113.966527393,92.8641380254
112.14870049,92.6388502909
110.500852672,92.297664888
107.647967189,92.1095810628
105.175025091,91.9449984444
102.510002967,91.9338429771
97.0778929273,92.2206228429
92.7065878665,92.2823285608
85.5867565328,92.1589575645
80.953329263,91.8829764033
77.0114110094,91.2315992367
73.0840588435,90.6420676017
71.8870131264,90.3577672845
71.3560473152,90.0710589217
71.3417330299,89.9669604386
71.365511027,89.9117712054
71.6228421286,89.7355410973
72.4106949881,89.6598020734
74.1316966436,89.6406493737
76.6824854852,89.6820439343
80.3313052427,89.8316969981
88.6679525196,90.2949749118
95.0688477503,90.5215278632
106.308633477,90.9361598808
114.090256452,91.4189345257
121.8554678,92.0952306085
131.864602606,92.8698214617
137.118206643,93.1411290662
141.751973341,93.7478248284
143.575017279,93.5238587547
145.068750089,93.2120799482
148.647115412,93.116967275
152.563712706,93.2896354687
158.439569762,93.4537892621
171.055204209,93.8235117719
181.91146291,93.8298541436
199.537893205,93.5401231748
211.355435759,92.6166511597
222.123384399,92.0387108436
235.62790845,91.0300114052
242.142036798,90.1721546582
247.91552878,89.282979918
250.425421719,88.4502155938
253.145237805,87.9050561377
258.009619521,86.9480432429
261.086934586,86.8136711242
265.61267296,86.2661381874
268.350090108,85.9475023455
271.173105706,85.7878548763
275.305284639,85.2955411276
277.282820781,85.0881856011
279.240926791,84.8732981956
280.091046431,84.7841251726
280.718208647,84.8044986526
280.521791877,84.9725744789
279.607295589,85.235461273
275.352580097,85.7092391668
269.901553129,86.2402210893
262.631632711,86.9177942222
249.473462419,88.0225223565
239.659987712,88.878918644
224.46319432,89.9546152059
215.183633858,90.9946171174
206.356981991,91.7501641367
195.834034262,92.1464774528
190.426277577,92.7268452525
185.941248134,92.8999193986
180.925230327,92.8420273917
178.421217857,92.7609556089
175.598312711,92.5313547603
173.585577907,92.6297696953
171.782518928,92.6869887017
169.640162175,92.5258624284
168.277801723,92.4431266875
166.316043768,92.1785986021
164.699821794,92.1125136739
162.806782774,92.0725129431
159.60928018,92.014963171
157.480744283,91.9842898361
154.500073559,91.7317987386
152.991829128,91.728405857
151.957493848,91.5869129833
150.617884217,91.3520893676
149.983996225,91.3742045562
149.182084799,91.4051657428
148.638635311,91.5109046832
148.101538019,91.5962559281
147.375352304,91.6068158713
146.90721928,91.6131270566
146.307395449,91.5152150602
146.006908662,91.4617888104
145.88290254,91.4268019352
145.694023901,91.3438657043
145.530803857,91.3347424527
145.300266995,91.3956392777
144.973754176,91.5150272386
144.545452015,91.593353185
144.099992234,91.6114212864
143.809990264,91.6372250188
143.512160683,91.6384997221
143.104007081,91.8068379749
142.935210873,92.0121424965
142.691338914,92.1258254991
142.542273355,92.1296620639
142.291361753,92.137565379
141.919988909,91.9695350353
141.592952787,91.632069813
141.35891971,91.2772263017
141.311725513,91.1305081012
141.208056483,91.020971844
141.205419545,90.9846937015
141.181661977,90.9723486462
141.21428938,90.9337469947
141.237554869,90.9131643396
141.24835705,90.8731581844
141.344506383,90.771801293
141.406968643,90.7139356239
141.411296944,90.6737743448
141.370491124,90.6567875129
141.312085763,90.5994313497
141.147531433,90.4254280147
140.971903734,90.340551889
140.570963419,90.1486747254
140.226466111,90.016610214
139.743507208,89.8977631788
138.997847249,89.8384953515
138.281087047,89.7981875248
136.240773698,89.84217985
134.003668338,89.9077274735
131.239209388,90.034508935
126.003481154,90.1084287854
122.432700273,90.0426288511
118.738584337,89.9920102617
113.349504158,89.9183043004
110.292339689,89.8483255392
106.537802779,89.8547088582
104.607246233,89.9965876215
102.97615409,90.0738469796
100.747392185,90.0032598319
99.4609081935,89.8508264754
97.6600941296,89.7102517276
96.5089599699,89.6543274828
95.51394937,89.5684421693
93.6530256794,89.6807109629
92.4949966251,89.619194636
90.6656203517,89.384912232
89.8310713946,89.2197324756
89.7734309729,88.9091044782
92.1172122648,88.5391225038
95.8105069859,88.3217370881
104.730057824,88.1612856797
111.858516743,88.4783538918
118.857975301,88.8016097171
128.00366145,89.6244924922
132.840022225,90.5452937926
138.313785844,91.2096802245
141.117309207,91.5711778394
143.374025737,91.6550289193
146.441089311,91.3985947863
148.620058713,91.4279249078
150.72101368,91.4006981846
154.022810947,91.4703711605
156.706979895,91.512556502
161.035213471,91.6802441732
165.19158007,91.7886572865
171.868719477,92.2710310198
176.056874184,92.2181558416
180.115253851,92.2357283544
185.27322728,92.2706567406
188.16400176,92.1586427002
190.712027186,92.2425146364
194.095597449,92.3165603868
195.958723692,92.5505840172
198.644039122,92.7251616492
200.10229696,92.9451183145
201.506612946,93.0252380592
203.267581828,93.092297589
204.202352505,93.2399035877
205.522967583,93.3786131325
206.264487642,93.5048851581
206.871783168,93.6672642212
207.379552045,93.8481427144
207.587099361,94.0726261201
207.447757579,94.3395172597
207.399077623,94.4303266563
207.190060626,94.5920097946
206.858702782,94.688448876
206.47116768,94.8621581315
205.581452722,94.9055076169
204.831563271,94.9786726352
204.117683853,94.9226664828
202.86389,94.8952799885
201.974153378,94.8563136776
200.643829026,94.7628877367
199.672025121,94.7470076218
198.576040969,94.840413553
196.679893796,95.1156974767
195.10929511,95.4050685123
192.619792073,95.724740361
191.027138685,95.8905978477
189.654111171,96.0731835676
187.920530561,96.3404691013
186.837315903,96.3604885325
185.741198064,96.3393212918
184.07841345,96.3829850421
182.995886765,96.3698359813
181.409930449,96.3240063598
180.496301693,96.3788374375
179.565172432,96.4131307816
178.291773957,96.5780467844
177.491332929,96.582817695
176.29822916,96.5327677982
175.562487436,96.5410968787
174.869438435,96.5360228432
174.042792201,96.5731692612
173.596949232,96.5982210761
173.0749159,96.6027108437
172.789158415,96.5919027301
172.561982257,96.5364461588
172.288780178,96.4401329564
172.243390082,96.3982338741
172.213164745,96.2684791665
172.277860499,96.1949630094
172.470403447,96.1111205987
172.714630142,96.0400723395
173.001076619,96.0049429544
173.256982526,95.9182215835
173.368872609,95.8648326458
173.471962007,95.8393332645
173.553394661,95.7826987057
173.563748819,95.7638232149
173.609038759,95.71773938
173.7438889,95.697539917
173.926330396,95.6278704093
174.245889005,95.5369867452
174.806374485,95.526771101
175.881227336,95.5529530034
176.776171268,95.592757699
177.922904523,95.6127475189
180.253665701,95.608186489
182.674368197,95.6182965802
185.576589921,95.7002431312
189.368411625,95.6657754142
191.243223204,95.6214018412
192.801873026,95.5360604703
193.023242398,95.5007908315
192.717223968,95.4830464877
192.075434208,95.5381208905
191.173070271,95.4775742731
189.724893242,95.2589258096
188.63359354,95.0522577174
187.427606688,94.8511015742
185.814970748,94.5257969952
184.789234437,94.4534056471
183.519827412,94.3340106632
182.88979951,94.2544421693
182.548415724,94.2702684537
182.777197581,94.2766931406
184.229024689,94.3945850804
190.123011634,94.7710007753
195.27704127,94.8220988123
202.670019006,95.119528557
213.736863923,95.0427528224
221.313539486,94.7121348489
231.409595926,93.939545261
237.203174141,93.2637226456
241.895385975,92.4451267282
246.82289681,91.4794704965
248.905267366,90.8078766744
250.958889421,90.0489640718
251.746159846,89.631419596
252.088375422,89.4008637034
251.711402047,89.0072151214
250.799270935,88.8972583879
248.562508324,89.120597618
246.074055129,89.3875768628
242.376226065,89.7578647264
233.456741967,89.9390877424
226.085240563,89.5548626265
218.032569929,89.558865503
204.577817263,90.4093783649
196.30487152,90.6665306406
184.426695252,90.8887858169
177.040205876,90.960739322
170.056732781,90.8254984107
159.87556109,90.8073831875
153.461092508,90.2596356189
143.799106701,90.2463717336
137.632877968,90.2490655237
131.534372821,90.2868497139
122.574509666,90.6053344712
117.166959699,90.5523305013
109.547726018,90.2640892097
105.789299052,89.8327167462
102.654366667,89.5944658741
99.3158059959,89.1711813197
97.5671421747,89.0661050734
95.5503272236,89.0191111082
94.8410335275,89.0117156107
94.5811873945,89.0372780172
94.8728109265,89.0742781152
95.7243258062,89.3152896772
97.1954236974,89.6711276516
98.620639821,89.9274450974
100.608180966,90.256497887
105.441969944,90.7889402211
109.497278901,91.1793798801
117.117397443,91.8285787197
121.856387597,92.1447579925
126.110799392,92.1331624365
131.483646427,92.0497617707
134.313155669,91.8792305978
136.583458556,91.7828637561
139.297170018,91.39687159
140.789511545,91.2952394908
142.204664987,91.1821090301
144.446459618,91.0193523047
146.653568214,91.2007281504
150.500343595,91.6961186984
153.596453125,92.2339613025
157.629583029,93.0735950005
159.973226205,93.5084260242
161.785636149,93.7498544315
163.256736324,93.8284100072
163.674653995,93.9386547703
164.005536659,94.0936299411
164.197995908,93.9665030797
164.64416073,93.8922492134
165.44512198,93.9164809386
166.035227419,93.9390961171
166.80020233,93.9931560972
167.247564488,94.0169328976
167.62082452,94.0347045501
168.306036446,94.0566889157
168.818795994,94.0452939656
169.595788535,94.0381389566
170.178895532,94.0613394661
170.682843619,94.017977809
171.461486529,94.0029899553
171.937610197,93.9750334509
172.570011728,93.8624699005
172.91097987,93.8527304909
173.259861197,93.8537901027
173.948525106,93.8643793432
174.417788953,93.8966191441
174.869998237,93.9536371325
175.481752911,93.8692974881
175.750940252,93.7861017491
175.938179365,93.6611436193
176.014267271,93.6087740876
176.0595914,93.5911450579
176.191475458,93.5797221877
176.275789199,93.5620496433
176.405751286,93.5440300204
176.507846552,93.5375813678
176.580985335,93.5473586793
176.729846163,93.4988055902
176.852754685,93.5436416567
176.937262844,93.5665468706
176.929900678,93.5806766716
176.875786852,93.5713125335
176.768086146,93.556605243
176.693995968,93.5579082665
176.655825902,93.5801628231
176.694534877,93.5880799246
176.764603225,93.5962075562
176.855651143,93.5916490618
176.861058273,93.5765642022
176.82792305,93.5995936058
176.821476968,93.5770875383
176.84005756,93.5366776445
176.847663473,93.4998135188
176.838864724,93.4887552542
176.800945119,93.5039815976
176.781101241,93.5036045428
176.753279085,93.5031976216
176.667824849,93.4805745725
176.600932271,93.4497947545
176.496739587,93.373869583
176.425257092,93.3423565596
176.341276915,93.3134385497
176.265068538,93.2978051823
176.225122938,93.2755187542
176.186428425,93.2518759533
176.132488877,93.1976326533
176.075499839,93.1881734685
175.911723147,93.1816348754
175.21995018,93.1407909559
173.483011158,93.2825744883
168.808047945,93.257290503
164.241803404,93.1776477691
155.427620251,92.5899949331
148.569030094,92.1628711168
140.594566997,91.5822433574
127.765915315,91.0650473613
119.322914261,90.6703579555
108.289710961,90.0684974232
102.06472488,89.7560130144
97.1489279087,89.5236249572
92.0046154962,89.581014359
89.9301602736,89.476133604
87.881391555,89.2135329603
86.7497773196,89.0852691458
86.1695584327,88.6618618556
85.949624676,88.2798454886
86.0283205455,88.0834631926
87.5163366628,87.7129952524
90.1085162666,87.544017278
94.3555295368,87.9283103982
103.185982087,88.4682661774
110.086414884,89.0534761623
121.191823093,90.0557492835
128.37965017,90.9508610616
135.229838135,91.5166257818
143.971421307,92.7124752164
148.649055586,93.1928017981
152.757816458,93.4505201291
157.333234032,93.6401424664
159.741523831,93.5189446037
162.786124701,93.4569478627
164.488855531,93.4337839176
166.374073378,93.4835461614
169.030331031,93.6196936984
170.279311926,93.7196968938
171.598824756,93.7357425884
172.190648367,93.727558917
172.916344034,93.8312595603
173.749296861,93.8715847885
174.279965062,93.9460777092
175.103277582,93.9222889832
175.539335821,93.8772926588
175.906293227,93.8737339572
176.19911361,93.9228055522
176.479578704,94.0001890008
176.768329308,94.1575563816
176.923725466,94.2489103812
177.170021101,94.4090863668
177.63834562,94.5966629174
178.064174431,94.6900551335
178.554831135,94.653556199
178.634015284,94.6147648442
178.640816725,94.5998173344
178.591599476,94.5384711229
178.501355347,94.5299101251
178.410516244,94.5557971608
178.348382489,94.5610671023
178.284708029,94.5397542448
178.243433778,94.5117798624
178.247405386,94.4694378203
178.262910293,94.3739345646
178.25859117,94.3121176805
178.226379311,94.2351732031
178.066863459,94.1135761261
177.878609708,94.0505045487
177.740269311,93.9845355171
177.48470937,93.8993280773
177.295320461,93.8957868825
177.021348628,93.8805346118
176.751265609,93.8589208425
176.437347113,93.8168781415
175.93574398,93.7763306636
175.568055253,93.7651051563
174.89359337,93.5769728125
174.489347714,93.4962186365
173.997656831,93.3579869637
173.853054155,93.2987437578
173.825475055,93.2815923198
174.049125885,93.3046392905
174.340031829,93.3798495266
174.545860607,93.3996337892
174.742604122,93.3615305002
174.780692697,93.3505607426
174.75801608,93.3387722994
174.643615673,93.3408236239
174.565621725,93.3070334332
174.452433843,93.2128360302
174.434956848,93.1525952755
174.505881721,93.0808213999
174.603273283,93.0620377281
174.724833625,93.0696375185
174.845124744,93.1005079274
174.888385343,93.1359086858
174.855014702,93.1924956516
174.757628824,93.2292069518
174.655557736,93.2222130936
174.520501473,93.1011651512
174.446606042,93.0625076736
174.371553389,93.0458326308
174.294336234,93.0699581577
174.241401311,93.0954333347
174.150865479,93.1231775677
174.102770988,93.1405910304
174.008311904,93.1413741812
173.852880002,93.1120446106
173.73293584,93.1257883589
173.382104594,93.1114128743
172.870294653,93.1190469152
172.143484184,93.1136930524
170.707346905,93.0453614644
169.620423199,93.0251759902
168.190646266,92.9380743357
167.497766388,92.8862817591
167.000232541,92.81695454
166.831511997,92.7557061811
166.90588741,92.7986643074
167.163451864,92.8146276981
167.352097561,92.8080259056
167.54252009,92.8151717764
167.723563392,92.7979709385
167.82394844,92.7758324593
167.889982706,92.754551503
167.920630913,92.7355755442
167.95364854,92.7082442481
168.026957621,92.6656904496
168.09394617,92.6377303258
168.172207117,92.5878817292
168.223784797,92.544274052
168.322841524,92.4544557009
168.499713456,92.3600497279
168.632205302,92.28156414
168.791711292,92.2328979647
168.963349838,92.1538733938
169.082144044,92.1068000654
169.193745585,92.0269506142
169.21922916,91.9846859871
169.23518873,91.9632766085
169.164794798,91.9347312986
169.075330898,91.9196087025
168.76718194,91.8550468715
168.389629096,91.8124670537
167.874868445,91.7513955246
167.184340549,91.6595288214
166.731759733,91.5817265484
166.205535506,91.5092862442
165.944829986,91.4373853983
165.73994303,91.4166652309
165.517317501,91.4374231371
165.359485097,91.4525608562
165.109481885,91.4628027568
164.951965994,91.4837588836
164.721286894,91.4748750482
164.445552281,91.4632498807
164.286301091,91.4272379171
164.023251133,91.308657767
163.855625098,91.221561196
163.611453649,91.1301361322
163.166386817,90.9556696841
162.912388087,90.8491534297
162.569062984,90.7406260946
162.375789535,90.6399363456
162.273255503,90.5582842295
162.145365338,90.4835855079
162.077999448,90.4600315326
161.985343512,90.4555734096
161.901186941,90.4651079654
161.785940898,90.4895007151
161.632680305,90.4793471356
161.465452326,90.5135732114
161.325852999,90.5330946039
161.13806652,90.5599030807
161.031554827,90.5902084392
160.842273608,90.6463462255
160.766524754,90.7126187915
160.680029988,90.7652987085
160.589199268,90.7987178008
160.5051455,90.8396410361
160.385049714,90.8589655959
160.341318678,90.8317234722
160.303766165,90.7977916542
160.272690047,90.7435673726
160.268536174,90.7142866932
160.256558175,90.6904314565
160.253155455,90.6826993241
160.26876496,90.6735289266
160.303322618,90.6750964334
160.313183519,90.6649428479
160.355171215,90.6702434375
160.39543144,90.6846608598
160.423205659,90.6919296943
160.443183684,90.6929587707
160.431307139,90.6978176915
160.320311632,90.7051711154
160.26301534,90.7081897279
160.229080739,90.7292817486
160.234306882,90.7110278422
160.265576043,90.6916449169
160.344715955,90.6653169607
160.372601523,90.64459228
160.366967762,90.6140749083
160.336450969,90.5863560713
160.332593792,90.56916898
160.333157194,90.5764370481
160.337980411,90.6174227966
160.344171452,90.6412333785
160.371244215,90.6857851487
160.395394609,90.7200342379
160.409568576,90.7406181275
160.440202688,90.7555792312
160.478022755,90.7702790424
160.525055397,90.7689601625
160.5616525,90.7438355681
160.657149674,90.714142535
160.85878735,90.7262334749
161.003663667,90.7312687695
161.205017078,90.7179933367
161.297993967,90.72554396
161.41223012,90.7250804516
161.510142809,90.7240054372
161.618851429,90.7405170046
161.879602295,90.7911263065
162.106322547,90.832690688
162.466700455,90.9022273686
163.101846265,91.0266521732
163.522758123,91.0879267051
164.091672485,91.1417555797
164.446542721,91.1999847936
164.707578623,91.226134016
165.11438588,91.1701372695
165.266991142,91.1595745531
165.505638102,91.1395731761
165.556982451,91.1356549137
165.628054294,91.1365468681
165.648408337,91.1356963387
165.619917413,91.1407806166
165.53377148,91.1464126508
165.448047443,91.1224616674
165.304664089,91.0922164922
164.893736044,90.9713631098
164.584428183,90.937667697
164.141678786,90.8845400362
163.55356904,90.7894813417
162.986044817,90.7443524506
159.451164263,90.824765133
155.845365437,90.6740336525
151.570388504,90.5633503025
144.204062107,90.5113929058
139.481524356,90.3277306237
134.353029458,90.546310804
132.254904542,90.63262767
130.919806091,90.598281585
130.343099914,90.4774449907
130.788408984,90.4929720554
132.5745786,90.4289288312
134.856766534,90.5497799682
138.350657783,90.6114401132
147.050260071,90.8506073521
154.358415476,91.2542941503
166.709571864,91.9063240191
175.020195915,92.5999639267
183.256583697,93.164803581
195.333450843,94.2319673143
202.952310604,94.4346382329
213.435129818,93.9757220444
219.92653485,93.4199312837
226.033077455,92.6280395958
234.454443285,91.1587851191
239.579315686,89.8171451109
246.5308902,87.4929876417
250.574459518,86.2098887968
253.38024139,85.6971987931
255.446563199,84.7918094697
255.835324693,84.8655239506
255.415535337,84.9578517948
253.283202194,85.1583098867
249.988342722,85.5583712532
242.391692853,86.6091159611
236.027046134,87.3443013956
229.917271618,87.8768572511
219.209441682,88.7115075303
212.242967683,89.0537918088
203.126606094,89.6921240476
198.612051565,90.0572261806
195.283430488,90.0550626561
191.468142721,89.8344077232
189.770511929,89.8268084943
187.357096633,89.5571493779
185.883451115,89.5798556037
184.591938189,89.4390671069
183.012698636,89.4000095464
182.027390502,89.4503924551
181.119734307,89.5667559561
179.81573969,90.0114312751
179.123631094,90.3283752245
178.276523235,91.0290334235
177.803230133,91.5127940938
177.152118723,92.2706117783
176.768858812,92.6923302421
176.411890305,93.0672294664
175.85725011,93.6152203249
175.605363746,93.8652752619
175.617512566,94.2690685592
175.725125533,94.325405513
175.759385078,94.3610194673
175.833694066,94.3229574453
175.900466167,94.2900818858
175.990812348,94.2209853084
176.197863475,94.0588085879
176.302527261,93.9998892145
176.435366752,93.8782562337
176.482902692,93.7878558949
176.556126268,93.7006326569
176.707404172,93.4164804461
176.831699182,93.171149347
177.084406646,92.7397589512
177.231006496,92.4959957465
177.335761172,92.2362321532
177.386243787,91.7803561446
177.342228513,91.5018842972
177.287576265,91.142747203
177.286409229,90.9945701146
177.302004671,90.9480334072
