177.944411138,94.6470301342
177.622292515,94.9305466533
177.553062288,95.209971554
177.454118149,95.783415164
177.456322785,96.758114553
177.468310584,96.7822796083
177.371975838,96.6672200674
177.289139231,96.6453651336
177.211351506,96.7652483805
177.111654247,97.4489749079
177.064189001,98.027398988
176.986137042,98.654940014
176.914019531,98.8078202426
176.804849787,99.2201966821
176.612151002,99.8118677224
176.497699283,100.010234456
176.296282411,100.314190985
176.236671441,100.272051655
176.138590347,100.103657693
176.059552374,100.01429884
175.990017314,99.9871115962
175.839763016,99.7655730861
175.750054548,99.7345374949
175.643995215,99.7532771177
175.424271423,99.8247822836
175.288867063,99.9713137069
175.093106513,100.085842609
174.994651823,100.121745448
174.911969422,100.196672676
174.818443874,100.353421735
174.744540759,100.53267807
174.545323852,101.362680052
174.420144235,102.269055006
174.339487076,103.503763577
174.244012782,106.025804511
174.160272535,107.543194564
174.078372094,109.277067917
174.021697237,110.079413822
173.985594961,110.312930848
174.118252002,110.758661749
174.541367287,110.618411058
175.284548515,110.611576488
177.098276197,110.179025332
178.804055577,109.68151267
181.596407303,109.009686668
183.5080529,108.501610696
185.461089943,108.006456832
188.344422721,107.280796987
190.126709357,106.732620563
192.920190502,105.402480084
194.705093097,104.751064824
196.459214755,103.982802204
198.793545817,102.964695883
200.169918376,102.227712246
202.13263424,101.462313502
203.376677316,101.043704998
204.629276581,100.651580284
206.518352907,100.047096232
207.77328523,99.7037588595
209.543652905,99.1432197835
210.653927926,98.7905151556
211.674706977,98.4159034683
212.876400181,98.0078112683
213.66202197,97.6888757107
214.874292515,97.3773805856
215.69949316,97.1902605575
216.721882668,96.9787886546
218.554803745,96.727420879
220.025471656,96.4717067914
222.377264634,96.054491196
224.11868043,95.5423433234
226.20909898,94.5743648728
229.895321223,92.5709531746
233.111918713,90.2440578668
237.02720483,87.8199611735
241.697552446,84.6243483098
243.098453932,83.0285707122
243.157492871,82.0092108873
242.776013943,81.3217862171
242.75055025,80.7559400884
243.155555886,79.9360438205
243.294465396,79.5705465856
243.216702883,79.5001239116
243.181479547,79.4136097598
243.19146348,79.2916405269
243.276986064,79.1283226455
243.267751647,79.0222926465
243.116796727,78.9560940732
242.990466131,78.979016689
242.840190735,79.1284176721
242.655688595,79.3186889934
242.442433897,79.6496419698
241.964756844,80.3731820989
241.620032537,81.0286483942
241.25950245,81.6812344434
240.776675959,82.6247388303
240.316999524,83.280445517
239.229360476,84.634655127
237.877283075,85.7391473767
235.867992628,86.9091371837
231.844552609,88.7780652677
228.717302846,89.0725756239
223.291074088,90.3893840756
219.196851748,91.073878742
214.525119615,91.9167340278
207.108923798,93.1535624635
202.47591514,93.9490457867
198.377145851,94.4540340267
193.288885833,95.0798360622
190.447677082,95.8625734485
186.752642362,96.8676847091
184.419086879,97.5303842918
182.48553048,97.940043906
179.980849372,98.4679097325
178.446376899,98.4294251266
176.281020016,98.6172079115
174.759644818,98.6377866842
173.247230998,98.7679092786
171.125991853,99.1106985835
169.847504769,99.3459964358
167.935815128,99.7684797455
166.606318957,99.930716043
165.201408362,100.021089639
163.064014161,100.235581291
161.70645824,100.353878624
159.794181943,100.473227055
158.815123145,100.570246787
158.020237663,100.655828783
157.253861631,100.725780055
156.824283454,100.779738484
155.865895925,100.59753068
155.109462509,100.491094955
154.276419768,100.338078292
153.031783282,100.281383046
152.158046382,100.374198818
150.597280286,100.520958236
149.257849877,100.656063314
147.932900303,100.812446914
145.939115016,100.897898523
144.777218099,101.021283533
143.455171004,101.316968177
142.527624521,101.558998986
141.548341729,101.474283843
140.004197481,101.094520833
138.991268081,100.909029774
138.089775195,100.776592069
136.369160557,100.712124127
135.162371472,100.898958094
133.328334751,101.108063394
132.251126534,101.298469379
131.149092697,101.636827465
129.14187153,101.750242531
127.630679132,101.57769446
125.395304802,101.343105061
123.786293954,101.302758615
122.0346684,101.233149064
119.219555384,101.038409842
117.332480319,100.956355534
114.461158036,100.635667401
112.533042491,100.442020491
110.803457332,100.15192689
108.783365188,99.8746536602
107.663372503,99.6677509724
106.083376304,99.4788439017
105.166193085,99.2854633136
104.259537623,99.2841753055
103.05420835,99.3287995962
102.242799553,99.411365732
101.059710954,99.5330349297
100.258142437,99.4665784654
99.3093433241,99.2919283769
97.9246391566,99.2154636222
97.0029389741,99.176152439
95.743119184,99.1456219154
95.016910091,99.1113703782
94.4477892384,99.0660321612
93.6929557544,98.8905506678
93.2356708266,98.7225964039
92.7249421672,98.4666038214
92.4112088752,98.1510984663
92.233208007,97.1339408396
92.6201757154,94.6060017722
93.0621925705,92.6838573729
93.45924979,91.2219816863
94.290520981,89.5902973505
94.6982456915,89.186088148
95.0489131426,89.24585247
95.0083408179,89.2579294036
94.9858042748,89.0414781897
94.848556865,88.5153789338
94.7212425106,88.3288124584
94.5769247501,88.2508207239
94.41080979,88.3082634469
94.1653198617,88.5466652333
93.790981434,88.9317044908
93.6876611717,89.1133182028
93.6172185576,89.0823302251
93.578025084,88.9371305922
93.5372973211,88.563572066
93.5544026506,87.8328541373
93.6251464549,87.4429170788
94.0874824022,86.8233343095
94.5773796786,86.5044501644
95.1396156108,86.2245683482
95.9772008505,86.0064819587
96.8179075208,86.2079834814
99.755441,85.6540447065
103.022888319,84.5816449966
106.851447299,82.6341809382
112.98703481,79.0667741227
117.233266704,76.195348386
123.49379669,71.4502703264
127.2804069,68.237345651
130.559286876,64.9659243418
134.239263718,60.3262585048
136.103207496,57.9955542401
138.053063176,56.1456049631
140.215635847,53.9639822656
141.524937406,52.7321708545
143.846710078,50.8561269539
145.301733448,49.4456602382
146.530797338,47.9254394522
148.200572115,45.7781863419
149.214494625,44.4159635948
150.832908354,42.3825777333
151.68138405,40.9881010261
152.312238789,39.7310288332
152.651764568,37.9008166132
152.38890769,36.8254120378
152.29604477,35.5330725213
152.179082191,34.9311872435
152.356909259,34.4792749835
152.441993468,34.3067368817
152.5730623,34.3726845206
152.542691148,34.5303469802
152.61511622,34.3694666956
153.118242617,34.1487361649
153.68813248,33.3771500004
154.029218343,32.9407786212
153.909276356,32.4118405607
153.613588928,32.3106582784
153.456117153,32.6503134004
155.13254447,33.7844847002
156.31990705,34.4058463346
157.659242228,34.6225549307
158.327537048,34.5200750992
158.606144948,34.2550412644
158.772362437,33.5494168043
158.797811952,33.0892933588
158.762626448,33.0237311972
158.540555982,33.2707484549
159.201927621,34.3204859186
160.665333457,36.1724525529
161.651100519,37.9957610466
162.930636859,40.3599299018
165.372365324,44.5231528377
166.785138293,47.6554172995
168.851310219,53.8525720256
169.657425449,57.9420561936
170.223863772,62.1000471958
170.982899645,68.9895100041
171.161421927,73.316214251
171.331074225,79.5060949213
171.329452028,83.3093847685
171.296402092,86.9982951807
171.401177588,91.636925063
171.456310636,94.1088835478
171.573357423,96.7907924558
171.668833238,98.2519013555
171.738834133,99.4354641557
171.981907286,100.463288978
172.138187658,100.891557034
172.498699716,101.680054025
172.75234308,102.01335881
172.977283734,102.323463398
173.137559889,102.663963173
173.180406995,102.750699558
173.20358036,102.818828016
173.174743123,102.804203857
173.0930233,102.527179108
172.961717884,102.117668188
172.913439318,101.726039638
173.079973018,101.06367538
173.567435135,100.6226862
174.170991643,100.280885977
175.24817066,99.6387956102
176.131029044,99.1810880009
177.189065104,98.6378451191
179.014261678,98.0542003485
180.449938231,97.741517956
182.870021684,97.3883881093
184.738344073,97.0095418746
186.806775662,96.5508457434
190.146196468,95.6066499195
192.442177485,95.0645793837
195.915871998,94.2124286741
198.093935049,93.7936789505
200.127858945,93.5653892039
203.024711685,93.2648295924
205.205266311,93.0697156284
209.13017109,92.2108676085
212.020480355,91.5944138735
214.631275139,91.3713265489
218.137376339,91.3259909426
220.146404052,91.6027401323
222.981557926,92.2327925298
224.684791898,92.7428633918
226.224940037,93.1199513517
228.030149613,94.0492013603
229.039681496,94.615400199
230.340279443,95.5133915461
231.102299139,96.0145341333
231.880841393,96.3031277538
232.932552891,96.2845370095
233.547100953,96.1507883351
234.097613288,96.1074061901
234.395630729,95.8142732132
234.569801817,95.7176479671
234.731370116,95.6839622467
234.828779827,95.7647492071
234.863103604,96.0115068111
234.880731259,96.867998454
234.987924799,97.6829704468
235.177609167,98.9640024585
235.286544679,100.252388767
235.066590928,102.596793508
234.179430001,107.600248736
233.460490586,110.35224112
232.569752532,113.502684048
232.075320711,115.228448222
231.556561112,117.1001094
230.902655736,118.995104572
230.57762054,120.26046063
230.188118336,121.169950735
229.917247522,121.47009894
229.705014213,121.522392334
229.167209618,122.309668004
228.953869319,122.508862477
228.597606266,122.945043679
228.552344033,123.173249233
228.430727723,123.414817887
227.83130539,123.953969877
227.369951268,124.155039951
226.73790245,124.333233777
226.371615442,124.255046118
225.79504116,124.069130507
224.711984314,123.453286542
223.861716684,123.213857003
222.811615053,122.453987424
222.122768353,121.977434544
221.348672096,121.544277106
219.992110572,120.555196476
218.892734337,120.001092206
217.117087822,119.102027454
215.817410745,118.562025067
214.424008701,117.974968889
212.200212633,117.309307726
210.841845814,116.608229224
209.560911327,115.663417525
208.08597683,114.41598973
207.292716109,113.592795646
206.084579509,112.661996397
205.029451908,112.347849423
203.620915777,111.906439267
201.170717875,111.242358124
199.492770833,110.537168728
197.082186294,109.454385375
195.482572567,108.895839697
193.744855964,108.272764662
191.022781574,107.694338902
189.286166737,107.077319235
186.754817858,106.111917239
185.15556455,105.558372154
183.520666239,105.141728989
181.03508283,104.511423582
179.110256216,104.16174444
176.0884311,103.552824895
174.069003358,102.986355259
172.122086011,102.386507457
169.167259596,101.652654459
167.231771583,101.124786894
163.921458547,100.441380353
161.782234172,99.9499364295
159.76362449,99.5800016864
157.203798171,99.1395924919
155.995948896,98.7748402366
155.150576834,98.4061528504
154.945278153,98.3739826068
154.976206248,98.4883124964
155.195771544,98.5186791008
155.222056572,98.4408647947
155.102627257,98.3754052765
154.412533911,98.1191767505
153.661334697,98.0918332462
152.270817375,98.2278607734
151.260090298,98.3584086826
150.247345284,98.5176171162
148.556429464,98.8899138323
147.280883355,99.1112030408
144.992541435,99.4901249122
143.134317963,99.7455358529
140.371535087,99.8876715015
135.345222242,100.493910547
131.863269263,100.953873965
126.85038648,101.965490566
123.623886666,102.745849045
120.364618176,103.40460793
115.342007042,103.545553357
112.300236472,103.544165885
107.873991956,103.4999639
105.178265712,103.526239763
102.605691275,103.315682436
98.4504125675,102.596448815
95.8841455357,101.643100061
92.1263475142,98.7510982991
89.6658131949,97.6127978362
87.3232070045,96.6968824575
84.1707125192,95.9865066408
82.0213168658,95.8056112149
78.8304510228,95.9919618205
76.6225843996,96.0986690976
74.379097377,96.4692194768
70.9120281113,96.9665988856
68.7413742421,97.4203569903
66.6346654009,97.5008530741
63.3686428687,97.5751200573
61.5533369588,97.5805050648
59.4161283411,97.553796729
58.4484906595,97.6420516491
57.6661407221,97.7027853414
56.6753607573,97.9289222661
55.9845993587,97.9896136526
55.0532089926,98.2441439504
54.6775984588,98.1853061116
54.3026216891,98.2158495599
53.14073564,98.5398547849
52.1393406144,99.0244722753
50.702660848,99.6423107034
49.7215050535,100.218753092
48.6171904339,100.776593836
47.4109885355,101.252811869
46.8188203324,101.48739687
45.2315861759,102.072427691
43.9428747942,102.389329117
42.6302263879,102.667128071
40.7999236795,103.011438105
39.5358086396,103.114910522
37.6749336842,103.174207475
36.7087538622,103.077849748
35.704207135,102.955992239
33.9947233608,102.866109727
32.8345093881,102.826183513
31.4259042168,102.535570899
30.4736016074,102.372789482
29.6692811478,102.222149456
28.216028438,102.205966934
27.1786198528,102.11383268
26.1182284333,102.524422669
26.1397019496,102.732251937
26.1179515589,103.517462436
25.6917757459,105.037198689
25.1042694259,105.710478521
24.8991099108,106.014234506
24.7458510482,106.083359757
24.2505964142,106.389261287
24.0505236935,106.301066119
23.9941065699,106.71642209
23.9172151904,106.960816479
23.9393799561,107.177285777
23.7773916896,107.611957667
23.7713698533,107.671034102
23.8089565086,107.818163213
23.941533497,107.76354627
24.0933710587,107.404527926
24.1322463385,106.945524175
24.2936661599,106.449737634
24.4075456269,106.003330143
24.5554854977,105.641081529
24.7547582685,105.217310884
25.0326186627,104.829114013
25.5797133263,104.41877684
25.8762360073,104.081079683
26.2122777142,103.741398773
26.5816408526,103.358957881
26.706940013,103.232892465
27.281738046,102.927266145
27.8563536218,102.826992266
28.4362110635,102.538602198
29.7592897682,101.972406901
30.7856372897,101.565898676
32.555847014,101.241246553
34.0966761727,101.180168401
35.7217209382,101.43529612
37.8576138814,101.247467576
38.9718988307,101.158683992
39.8928722328,101.231621718
41.5027278762,100.903319007
42.9416204274,100.986591548
45.8261547932,100.906894442
47.9638699531,100.822997028
50.2215309569,100.930907583
53.416961864,100.83693776
55.6612681389,101.079715713
59.1595608175,101.921678827
61.7711318577,103.121733995
64.866942585,105.195643156
69.9605850606,109.12392013
72.7474330273,111.689827862
75.5817939671,115.003703498
76.9685152446,117.63129255
77.9720722932,120.090162191
79.161700953,123.145552283
80.1464360969,125.787938313
81.3598415948,128.56965019
82.4222146512,130.384153644
83.5667875178,131.366046871
85.1580153287,132.915847584
86.219028699,133.249872887
88.0865407821,134.438298158
89.7613991858,135.206526415
91.7437754069,135.83773103
94.7587390144,136.762550461
97.0759147057,137.378629539
101.11668506,138.581847728
104.28688246,139.53389984
107.762237349,140.376217285
113.050530997,141.118200486
116.435935413,141.299814898
121.535999514,141.573492011
124.760443869,141.702644006
127.822409729,141.494624925
132.182385683,141.184217114
135.186848349,141.103304735
138.529442366,140.761304714
143.550868484,140.539631279
146.470683269,140.028325064
150.164758723,139.47189313
152.024413709,139.328125979
153.767335386,139.235671765
156.179003114,139.200692915
157.735252132,139.181626821
159.792951267,139.601303933
161.118918671,139.894338797
162.420423814,140.202563081
164.351919933,140.965724979
165.634524898,141.216787288
167.916388963,140.975417375
169.611488722,140.15302292
171.424559978,139.284390427
174.095369132,138.692376238
175.893073808,138.517324592
178.68080561,138.431808905
180.405181967,138.300855077
182.103310044,136.39744129
185.385928674,133.014876877
187.10930835,130.871406262
189.191230472,127.964587775
190.409681993,126.749734976
191.502107869,125.868980252
193.078906647,124.448636504
193.945923477,123.248693094
194.542440193,119.593245166
194.863474382,117.122399751
195.149994395,115.502747059
195.404886344,113.539230988
195.523449248,112.444194226
195.640573103,111.342301585
195.966156794,110.133232756
196.177519118,109.36586655
196.692915434,108.038451684
197.128641491,107.436126562
197.607328565,106.793195301
198.495277029,105.939365529
199.281598478,105.239969856
200.919109329,104.245350222
202.16384278,103.5142314
203.445518924,102.570883672
205.586332504,100.160061974
207.271396498,97.3202236717
209.389777446,93.6183730694
210.524876363,91.532162742
211.523960998,89.7225348522
212.65643431,88.1954977756
213.513946249,87.6022856944
214.132486901,86.7458265652
214.31765568,86.532741715
214.714863941,86.4477089969
216.325246134,86.138664049
217.586222231,86.0959895981
218.804243049,84.9851971762
219.135201819,83.9276874465
219.208233872,83.2858904073
219.019179174,82.3053524401
218.786336026,81.7988666404
218.431818279,81.3028000013
218.201230954,80.9422613875
217.840609741,80.6293666341
217.139825002,80.5056458086
216.673323976,80.5360678102
216.361232014,80.5845140767
216.29309922,80.4766314286
216.233735236,80.3136152713
216.105475891,80.1456170702
215.80224963,80.0992234011
215.342206243,80.2167682192
214.685370011,80.4755431618
214.215037505,80.4665652448
213.417367071,79.9810569979
212.760192006,80.1706738356
211.941559616,80.3473282268
210.107788124,80.7329707365
208.292801466,81.2286701187
204.257781826,82.6583873797
200.710372221,83.9036245602
196.431248827,85.220656081
188.734911183,87.8008770047
183.674368909,88.8649916952
177.545425349,90.1156361933
174.50213872,90.6167228984
172.139617654,91.3238415707
169.645270107,92.2329077601
168.210486303,92.8467344727
165.749848596,93.5439699931
163.941099215,93.8092075639
161.559788533,94.0878165571
157.352479899,95.3299458831
154.688086125,95.8909687274
151.38099414,96.6086991954
149.802163769,97.0629757328
148.54109085,97.6380424245
147.095450299,98.1786125037
145.914312151,98.3758779083
143.904319119,98.0356178928
142.146245761,97.8432227685
140.409693001,97.963922635
138.030450457,98.0547738745
136.609442427,98.0759112702
135.504429284,98.1439605572
134.361211359,98.5016714164
134.081294032,98.7520493144
134.189750237,98.9868717701
134.271486496,99.1393146241
134.463829323,99.4118678706
134.682524978,99.6150992336
134.700632019,99.7676065265
134.794808196,100.197346881
134.821650084,100.335601305
134.823229532,100.609918132
134.898927034,101.465829528
135.033336085,102.307277224
135.431929008,104.580883911
135.765287073,106.784262644
136.116315026,109.10034321
136.544604242,112.829848705
136.877034394,114.724306237
137.648800595,116.912095455
138.06501214,118.38869669
138.318682925,119.822792493
138.700370281,121.710011039
138.762913905,122.713643774
138.849640139,123.746030408
138.834985247,124.624446174
138.831620553,125.495037091
138.991989645,126.569096367
139.269234673,127.356561675
139.936324599,128.372242388
140.418582294,129.240008191
141.029335822,129.867706534
142.237493354,130.800631018
143.261078044,130.918861584
144.230225701,130.989761012
145.677543106,131.005946343
146.601049561,130.896179932
148.039455504,130.875911915
149.038326833,130.838456937
150.031261457,130.629546065
151.521523691,130.257747453
152.425672388,130.06989774
153.708936339,129.773481503
154.494925982,129.601095647
155.26744646,129.365992001
156.358015155,129.016811165
157.093005828,128.553500906
158.145793763,127.873425514
158.762332644,127.250591883
159.431315051,126.522179824
160.440614628,125.023935658
161.214865875,124.086681289
162.426071949,122.634967621
163.274090356,121.746922459
164.293026482,120.795772064
166.143981331,119.364350376
167.398581979,118.457839315
169.385828548,116.826225377
170.781009205,115.613220779
172.160808311,114.524901493
174.452562288,112.684814547
176.198424509,111.555771946
178.853847887,109.722632304
180.370125331,108.529921062
181.769691536,106.943451408
183.577894794,104.407635892
184.689939158,102.411579448
186.081242676,100.63776704
186.942249082,99.8822183063
187.828227262,99.4768691934
189.27879995,98.5821894387
190.532477699,98.0746585078
191.94413814,97.8187990651
194.12999399,97.5728244825
195.510178407,97.8629752388
197.645467179,98.3378350731
198.988056526,98.5451508882
200.161134656,98.6699846146
201.57348828,98.6480975843
202.24402747,98.6556997292
203.024891265,98.6656171828
203.538558694,98.6152242818
204.051320899,98.6824355483
204.902640853,98.7358991505
205.522519632,98.7864097327
206.419197423,98.9961299634
206.891801358,99.02409333
207.275860236,99.1266800331
207.794046673,99.1375308918
208.301569095,99.0451557843
209.195681529,98.9362555185
209.94771675,98.6138783445
210.851183453,98.2521163448
212.526443396,97.5511156252
213.782766813,97.0146114959
216.268920149,95.6887200884
218.545918395,94.0198701008
221.614688901,91.467533935
226.811300441,87.7204524909
229.478241417,85.8327473745
230.847108309,84.7006917328
230.277240477,84.5789437456
229.2673379,84.6546217688
228.177438922,84.3226372565
227.944291083,83.933531974
227.994162334,83.5697772772
227.825905928,83.2307507343
227.518154279,83.0046382489
227.018752469,82.8508450639
226.709675511,82.6813481769
226.502452051,82.4305357208
226.049524903,82.1957989243
225.692165506,82.1463805599
225.437919268,82.0971210724
225.332727015,82.0786716897
225.265410293,82.0543017669
225.069559598,82.0840647896
224.816918329,82.1891375776
223.915934146,82.5101071568
223.319441683,82.6708933478
222.833143013,82.8478061169
222.165695796,83.0811459169
221.683992688,83.2467954985
220.737309921,83.6510634795
219.749356122,84.1464189254
218.478071918,84.948879894
215.720856218,86.9993265013
213.446280528,88.6635977737
209.627455481,91.2548811614
207.010745679,92.9591276651
204.377562654,95.0402523052
200.57265091,97.5119742253
198.231815093,99.2136271262
195.398562968,100.584099346
193.747724325,101.671677763
192.200468312,102.400356521
189.632980226,104.079685849
187.996057322,104.971114805
185.604522591,106.083149756
184.128421615,106.157060195
182.599545353,106.32644018
180.062308688,106.588845156
178.34342477,106.766070014
176.4867347,106.903974445
173.561636418,106.833012916
171.722714473,106.82528146
169.030289031,106.802770646
167.35449353,106.790364637
165.496368735,106.191063428
162.508353675,105.741437031
160.586006388,105.452446793
157.85048463,105.36715213
156.202437355,105.288490738
154.533384204,105.329411718
152.064659277,105.304272986
150.502961743,105.182803685
148.134890879,105.086630735
146.715985895,104.963981738
145.372447551,104.951541163
143.486475978,104.941473594
142.385000428,104.92317354
140.833183255,105.041725767
139.752558107,105.188404387
138.719819759,105.325653325
137.240395101,105.520956473
136.209277625,105.62370454
134.685153025,105.894414927
133.62262028,106.025162212
132.527800813,106.163670688
130.855053987,106.277678829
129.721008989,106.310150053
127.904687209,106.370864274
126.553006189,106.317547904
125.186189031,106.344295489
123.089016203,106.577715621
121.660243365,106.505725328
120.044170141,106.490807116
117.359580362,106.370207029
115.485364679,106.118227105
112.72798534,105.924156411
110.803597844,105.643455715
108.626251764,105.162313228
105.500450005,104.736669985
103.50367321,104.430306181
100.635366878,103.976927985
98.7990948871,103.703880031
97.1188750067,103.537089417
95.0397553289,103.316910443
93.7620245366,103.540333967
91.8123471757,103.618647751
90.5569996689,103.555366182
89.2613107653,103.549314207
87.4317693814,103.464906337
86.2932977018,103.375164419
84.961064686,103.39383851
84.3448415884,103.241915693
83.7870099833,103.047020964
83.0256360761,102.797053567
82.4376350603,102.681410464
81.4833034068,102.566944057
80.8155543378,102.592796354
80.205673451,102.586471205
79.5759203682,102.623358983
79.4167172845,102.685612859
79.4404499893,102.7337015
79.4323508608,102.772401405
79.4869224953,102.792810581
79.5806857871,102.903502249
79.6486086875,103.043815483
79.641368488,103.243587447
79.3729073965,103.628917849
78.7949453003,103.81536391
77.5702353085,104.025895619
76.421315873,104.025755271
74.9962992813,104.104034618
72.3457984198,104.025511695
70.3200706994,104.021347384
67.191204726,103.945851124
65.1529063419,104.042844778
63.1297616648,104.189730033
59.8976375738,104.582341818
57.4970175612,105.328065405
54.1440244137,106.499045026
52.4169291126,106.744331239
50.9907134171,107.112552257
49.3184438464,107.181759898
48.7673993837,107.17713036
48.2655455386,107.14958923
48.012026763,107.134997767
47.2546585853,106.801830129
46.1593767382,106.066141184
45.7557964509,105.674942511
45.1220464408,105.010183663
44.892180596,104.716637991
44.8816265765,104.656913186
44.9149282844,104.785248515
44.931037929,104.850591285
45.9039430861,105.070126641
47.4898278432,105.173433008
48.6964312263,104.911142333
50.3808361268,104.455733676
51.6096414032,104.14606626
54.0641555495,103.924160559
55.3719608146,103.716605633
56.7531112962,103.607628006
59.2062863072,103.162322045
60.8880906858,102.91891593
62.5464163184,102.6769347
65.1001296707,102.823010587
67.4089334597,102.909914767
72.6765124718,103.407288971
77.0238540765,103.678212191
81.5832129481,104.111407024
88.455733909,104.928311
92.564965445,105.410863954
98.5023495581,106.762790275
102.157078417,107.559170022
106.030489166,108.557986562
111.608687703,109.522616459
115.259386582,109.713709028
120.252741169,109.283269888
123.42054226,109.50068057
126.43431244,109.527157486
130.827725733,109.812235343
133.57792989,109.954667034
137.32979736,109.887896162
139.613917185,109.793224513
141.734526481,109.591596845
144.691158482,109.40857062
146.681071844,109.155195942
149.691801924,108.696536268
151.623751116,108.399833581
153.523242988,108.112035381
156.326424623,107.618998579
158.169448059,107.323259522
160.847676258,107.007463166
162.65103438,106.712821212
164.470886435,106.539434064
167.242475708,106.13084112
169.313332518,105.731347897
171.532971174,105.418983904
175.117745461,104.869627234
177.55009515,104.641517632
181.437368916,103.916314168
184.415431852,103.566310498
187.142824805,103.299782772
190.806088935,102.67034617
192.864716894,102.432462542
195.672814722,101.770883642
197.376824263,101.430883572
199.150946375,101.001506265
201.979550084,100.537478146
203.910958332,100.146197888
206.647735739,99.627609547
208.439947305,99.3021352888
210.048573821,98.9622912906
212.362884338,98.5516161602
213.936806511,98.3202535581
216.720786989,97.8450295146
218.414528885,97.7374747475
219.909606709,97.4742659549
221.751377134,97.3958404133
222.766878518,97.3228946555
224.115156021,97.4997658896
225.061932644,97.4985530437
226.052666917,97.4934442205
227.653034204,97.3480208571
228.941227197,97.2468276639
231.181510616,96.9578464395
233.199530459,96.6830613567
236.006601323,96.0466761067
241.304803918,95.0877590952
244.381445679,94.9914813529
248.431472538,95.1425010587
250.656915341,95.338636671
252.402808854,95.4849897324
254.102778825,95.4608054556
254.572833584,95.466286833
254.7556087,95.4578279381
254.823611983,95.5297217298
254.981619008,95.5578075717
255.56175617,95.5169632813
256.098669411,95.4433172428
256.417301063,95.4243999697
256.565136439,95.3371167768
256.589470601,95.3537691013
256.538978645,95.312431844
256.521201709,95.3076607431
256.530507394,95.3545895423
256.701152183,95.4595127245
256.976829939,95.5899992329
257.182140861,95.6941694136
257.620340465,96.3693432653
257.870231689,96.9798718028
258.190949166,98.2807022503
258.412133211,99.3815225228
258.737806966,101.166624562
258.922378573,102.699994501
258.996828477,104.43357013
258.925518847,107.307466115
258.701231208,109.294890361
258.304349062,112.164667189
258.151651634,113.753222168
257.824687514,115.348475615
257.42104648,117.456420656
257.048706808,118.752486296
256.471564549,120.733133571
256.082879984,121.702805204
255.786823382,122.465343074
255.602434109,123.535107219
255.608586522,124.227990289
255.803553872,125.045229905
256.22645213,126.058401572
256.457200871,126.531441528
256.817021433,127.19106233
256.992480918,127.702760596
256.993382861,128.024652952
256.966119058,128.450338542
257.005857437,128.763978586
256.954853854,129.124726856
256.906590161,129.260093258
256.83134966,129.283951427
256.660511269,129.383747148
256.649188412,129.397682163
256.727903265,129.358513766
256.813093761,129.284679826
256.869222534,129.266158185
256.892428046,129.282693713
256.827319803,129.405336762
256.662642948,129.719256529
256.559247848,129.882066372
256.485697441,129.952781333
256.420363908,129.792803052
256.522238835,129.579277453
256.696823484,129.333689818
256.808720334,129.15531828
256.807438449,129.078061502
256.531308946,129.202142289
255.720250259,129.81565829
254.166741671,131.065286562
252.62151703,132.403826637
250.868049844,133.893795636
247.240732936,136.447753345
244.610808951,138.052143501
241.14601611,139.723076033
238.332964484,140.778646301
235.478345,141.726449201
230.101289241,143.109905639
227.750146864,143.765829085
225.069170571,144.694319293
221.879634746,145.479391296
219.556595012,145.848130265
216.321965043,146.186360867
213.897236347,146.399710939
210.776039536,146.664731911
203.993375528,146.805932419
199.781053034,146.270477099
195.955747911,145.781124963
194.135666492,145.745845038
192.973440305,145.663638824
191.632481898,145.304103189
190.552413383,145.128435509
187.936788266,145.403468335
185.553157385,146.10099609
183.626664423,146.499819533
181.924369415,146.356595646
180.936132876,146.570059177
178.900557463,147.200100111
177.289302511,147.861743433
175.882090156,148.454719966
174.589038586,148.888624951
173.760094944,149.280378991
172.349464584,150.159485886
171.220971725,150.34451594
169.587800509,150.542963154
166.965097986,150.993370177
165.152948585,151.264135255
163.139954203,152.085695652
161.904619644,152.735907086
160.604731661,153.556382797
157.208429724,155.133939091
155.322406882,156.264679295
153.665085858,157.001322601
151.063115658,158.124420203
149.703991867,158.655626387
148.47753003,159.548607759
147.737427507,160.09677981
147.196545375,160.360697791
146.130702583,160.561795561
145.337503082,160.704194386
144.465003459,160.845121498
143.894888728,160.833768755
143.56504475,160.874412895
143.069730748,160.980360761
142.657088354,161.043470625
142.229470326,161.194225677
141.807109076,161.328238849
141.313386048,161.474004978
140.747660525,161.701715852
140.531482643,161.79143997
140.312124667,161.991045878
139.941542868,162.055500253
139.597778913,162.082972836
139.216136562,162.124726783
138.921866469,162.14757395
138.364745754,162.157105318
137.910301942,162.174350862
137.601880288,162.193501764
137.142727824,162.263169536
136.810179619,162.335882212
136.360445282,162.417519787
135.906826088,162.461217906
135.583613487,162.528583854
135.219791266,162.610886213
134.869694433,162.644263798
134.560875043,162.665968207
133.943882401,162.684198293
133.47024805,162.731149759
132.729152942,162.767459552
132.307615905,162.840867472
131.787084576,162.845168853
130.839715427,162.931033792
130.167881481,162.981150699
129.437361314,163.105959192
128.892361046,163.190260824
128.201087557,163.236306404
126.982640353,163.346562408
125.280682601,163.554572363
122.29987627,163.755203816
120.799913537,163.746900555
119.166038963,163.788352618
117.134384751,163.826741294
115.917400818,163.847473137
113.933553099,163.781359249
112.497475921,163.672409567
111.068907268,163.569206735
109.594858589,163.535742531
108.667984688,163.585077085
107.441077046,163.778535173
106.832342051,163.885695024
106.444591998,163.952859507
105.893753432,164.032384702
105.562117322,164.070288084
105.084350825,164.105422284
104.788725398,164.122024746
104.572627855,164.100089707
104.480824123,164.140682316
104.459601547,164.099256535
104.680704684,164.016195899
104.984482198,163.915529184
105.467983933,163.816690104
106.10649923,163.790002378
106.304278803,163.768278484
106.497971243,163.825257035
106.392186644,163.819948603
106.240172329,163.852574883
105.870296459,163.869746384
105.421870231,163.875374678
104.969586484,163.892336113
104.114185436,163.94111575
103.640052989,163.952217686
102.813569899,163.984121491
102.341653014,163.98679865
101.602867744,163.940757711
100.643939243,163.936733615
99.9661053693,163.944086233
99.0406072204,163.89793716
98.3942669618,163.880535601
97.5663296781,163.879123013
96.5759505001,163.874111831
95.9435668574,163.894091915
94.8608157657,163.910874753
94.2642241239,163.910311381
93.5099494078,163.861009164
92.6001752502,163.790106826
92.0311090205,163.720133627
91.6190810767,163.659029535
91.2072612678,163.558458559
90.7194098277,163.488233585
90.2260068042,163.333729874
90.133867921,163.286935775
89.6071586661,163.179651293
88.9054230952,163.116171936
87.8088212238,162.953858499
86.0449038961,162.76618897
85.1485906336,162.644443155
84.4199849591,162.50304361
83.423037814,161.902023516
83.2297860034,161.296562635
83.5537694039,160.357379591
84.6213708206,159.667095988
85.326723918,158.956731436
85.9995982806,157.881534533
86.6673977361,157.190587614
87.7436428112,156.189020996
89.0147831462,155.44876098
90.3992051767,154.675102876
92.8662802854,153.541151727
94.8064863595,152.75526201
97.8756839455,151.388400701
100.077923762,150.438941559
102.528435722,149.260825344
106.135481312,147.423927439
108.787558943,146.098403494
112.362471211,143.95009115
114.369809886,142.562505443
115.628999117,141.021069733
116.954933407,138.25575677
117.918406168,136.455529187
119.711565983,134.637218252
120.937761692,133.613152042
122.384605909,132.271549804
124.689865335,129.923053797
126.027426788,128.607294142
127.677055155,126.673477958
128.431444741,125.294523802
128.776278251,123.890112745
129.443330375,122.01627877
130.084781871,120.783625518
131.407812979,118.903067437
132.411440656,117.499229647
133.576131754,115.963650934
135.439290264,113.766814698
136.805681959,112.621473621
138.201139961,111.411324554
140.444394324,109.789383931
141.973053888,109.00240078
144.204031782,107.749077356
145.520906724,107.199243081
146.705785203,106.215578079
148.231731687,105.050758932
149.07310919,104.522452313
150.178224084,104.339476811
150.835749036,104.00521652
151.589467464,103.749613315
153.050294354,102.7460652
154.132533352,102.366230326
155.704789456,102.015898873
156.756986916,102.020342282
157.787399963,101.836189455
159.368859092,101.785206521
160.410951135,101.689288288
162.064196665,101.451245254
163.213172725,101.306863717
164.552277981,101.152946705
166.790161999,100.719572739
168.420503481,100.500123146
170.917942093,100.223293358
172.650895616,100.154096303
174.577196195,100.193511373
177.593697385,99.6587835575
179.680580656,99.3381234514
182.796859319,99.3118935894
184.609187207,99.4653949562
186.133877068,99.8481698499
187.788007245,100.32705444
188.442483186,100.86871493
188.834566437,101.774538052
189.12681723,104.030978792
189.1135563,106.273324212
188.869457702,109.095540118
188.741881807,111.153660453
188.735238323,111.85249835
188.790081988,112.568591174
188.849053054,113.483260669
189.017888578,114.878139436
189.119687247,115.249396539
189.18270553,115.702921009
189.261578389,117.016145489
189.263957855,118.079398307
189.154142585,119.613796171
188.913768919,120.77068138
188.606491143,121.830995089
188.044084241,123.359292857
187.660297041,124.013710787
186.968935016,125.060859462
186.433776939,125.997206306
185.946199288,126.731653914
185.096195643,127.691875292
184.47337717,128.03943591
183.44837426,128.484355497
182.720873035,128.461342176
181.840662046,128.696977247
180.287798065,128.97623495
178.925023885,129.175899998
176.273831203,129.150665333
174.317506122,129.465936631
172.255811342,129.972944974
169.225900417,130.44856219
167.256823679,130.652690711
164.535745893,130.80913898
162.958755301,131.074566476
161.559436518,131.312766463
159.710553402,131.770692955
158.792951128,131.629623513
157.845119892,131.625396277
156.425405652,131.701176735
155.371322718,131.92770759
154.025675019,132.212445635
153.351536944,132.439391181
152.949894928,132.581442112
152.940170044,132.275921114
152.732927374,132.362681126
152.18498138,132.542558037
151.618979537,132.660758233
151.009347418,132.764622168
150.339140176,132.969431523
149.912443225,133.125340391
149.26664021,133.351417877
148.81125721,133.473358163
148.341440476,133.733904992
147.63586938,134.43280565
147.124335033,135.217665725
146.005537873,137.157099534
145.163576395,138.360668709
144.484851845,138.735016861
143.375552225,139.81914668
142.645301779,140.503687666
141.889119119,141.276750426
141.616561717,141.2175929
141.351933454,141.136660156
140.722534056,141.257064942
140.213326462,141.50956775
139.314973435,142.193017797
138.855368627,142.428555105
138.570815758,142.526112089
138.152480724,142.722984174
137.960363252,142.868863434
137.749624852,143.1464538
137.548673291,143.673836017
137.661087599,143.939129471
138.025377745,143.898260457
138.498148126,143.750555415
139.240809568,143.48188041
140.088470072,143.617982411
140.562255471,144.097781115
141.474049365,144.729810605
142.254121317,144.725220211
142.868371065,144.819970573
143.264954335,145.077538731
143.367024413,145.188663739
143.37954884,145.427071217
143.278579893,145.716089367
143.196914205,146.069583054
143.244659286,146.127676724
143.232925708,146.273094706
143.176316651,146.293931369
143.045947117,146.286733988
143.047826743,146.2193244
143.209523605,146.092540329
143.347237653,146.168016572
143.214614255,146.882580686
142.790971482,147.379839438
142.491437447,147.562337867
142.128144193,147.73691833
142.046838309,148.118612774
141.854588302,148.783345356
141.703391756,149.395358436
141.038237984,150.157492343
140.462846329,151.418940431
140.087987759,152.258269059
139.208354547,153.326528755
137.588687,154.519080205
136.866749559,154.894219304
135.694353259,155.655502057
135.208107913,155.912538345
135.186487764,155.835208366
134.451719609,155.63271575
133.773585927,155.172754061
132.931550576,154.118288101
131.620164157,153.318817175
130.035207143,152.601944542
127.209667075,151.476565672
125.376619016,150.641693919
124.830050853,149.34566786
124.60401995,148.547635416
125.353582063,147.523095225
126.074677224,146.325086256
126.422676233,145.299365972
127.060281952,142.510910411
127.23827578,139.727282178
127.19039752,136.706814409
127.4023493,132.112785024
127.623782895,129.492444779
127.915458542,126.806409648
128.424267994,124.680014966
129.02750186,122.957175274
129.465905279,120.630735004
129.806056349,119.473955556
130.115245506,118.031382372
130.25878023,117.197565458
130.460185031,116.616287043
130.897324771,115.909248502
131.447423496,115.530811708
132.350257706,115.487893191
132.929729085,115.441300983
133.33311937,115.277246198
133.75320647,115.062054198
133.925983957,114.734910026
134.040126571,114.458947764
134.418169162,113.952619434
134.738020604,113.817575516
135.213647248,113.549364325
135.368527277,113.586337203
135.460346548,113.504803288
135.535274221,113.366277376
135.568540039,113.368771182
135.711591908,113.524410281
135.851409105,113.717602505
136.001686398,113.826948142
136.202012698,113.951067431
136.30523179,113.909218234
136.49555994,113.878307279
136.641209953,113.841613976
136.805738369,113.851957301
137.396277928,113.604388662
137.997067956,113.266691947
139.178405835,112.989474668
140.235746188,112.702044988
141.480869001,112.353734433
143.710233827,111.934470548
146.122845426,111.347710378
153.496264194,110.19518801
160.173371722,110.054346687
166.538019053,109.626067411
174.843227713,107.850669436
179.283316242,106.226352927
184.579942172,103.946816758
187.698881247,102.367356828
190.881282932,100.80265632
196.006540491,98.2028974426
199.519694214,96.1720758825
202.981937999,93.4564270832
207.14393789,91.1019930877
208.893826997,89.9193240596
209.909602191,89.5159803133
209.546719074,90.0057854012
209.551103429,90.3220878216
209.718643059,90.8263931095
209.677558121,90.7580241064
209.74101279,90.7530069755
209.929653971,90.83239871
210.426350737,90.8030537594
211.436570976,90.643436707
212.3436264,90.1942762601
213.547295898,89.5570928428
214.126949133,89.1653050291
214.765136347,88.9568953472
215.990334287,88.630082304
216.973641076,88.4986824328
218.583584816,89.1351728445
219.605199841,89.8555207283
220.585173709,91.1247945114
221.860290478,93.8082504841
222.517831969,96.1901440076
223.119900277,99.8332157071
223.674992187,101.516867339
224.287471169,102.943794854
225.23375545,104.21717051
225.854824311,105.041029454
226.64530997,106.568559281
226.955881035,107.393475797
227.358316611,107.728749388
227.954398848,108.07445451
228.404499591,108.097445638
228.86598792,108.335515325
229.524201234,108.849960602
229.972547601,109.333807942
230.624271489,110.114565024
231.061406295,110.601461077
231.580292543,111.011640743
232.662996964,111.680987577
233.40161585,112.346507506
234.481444296,113.240427493
234.983882496,113.809962588
235.33880717,114.352477497
235.647331439,115.031217354
235.843850349,115.319609835
236.168174464,115.469132893
236.366098469,115.556537722
236.54857589,115.581441148
236.767870863,115.558177765
236.888606295,115.53266221
237.100809409,115.371972384
237.210203637,115.283795274
237.341425876,115.249215021
237.57191906,115.095904181
237.844291562,115.008244821
238.388795087,114.811337459
238.638742086,114.654948283
238.827249703,114.504013291
239.222930122,113.964454198
239.552127192,113.589004529
240.144769102,112.828440484
240.67920881,112.034194937
241.268661092,111.163395285
241.553549137,107.888134255
241.44900185,104.391843928
241.551669959,103.040158564
241.170396328,103.399552588
240.724644895,103.961125589
240.619665506,104.73988776
240.987912826,104.999099931
241.444517552,105.176392438
242.017161198,105.533770978
242.205738202,105.852691067
242.255138671,106.41810968
242.30869211,106.597506972
242.414764317,106.94530914
242.540721078,107.15539166
242.593654036,107.221270838
242.600293446,107.338067629
242.567066816,107.434595301
242.535612267,107.575419044
242.46140241,107.86242808
242.467148121,108.077256395
242.568546668,108.44153948
242.70239073,108.634787216
242.881849189,108.843680408
243.173010467,109.042619876
243.338953939,109.165088137
243.615560629,109.339784273
243.835886038,109.495488255
244.034661629,109.669322029
