169.528068307,79.1429080235
167.129955612,79.5238734291
165.595610432,79.8850565178
164.326367778,80.220434255
162.851471635,81.0625258493
161.993998065,81.4338999607
160.890090319,82.1575276919
160.260462777,82.5256295863
159.505711113,82.8510097864
159.060559981,83.0443017598
158.703792187,83.2280483268
158.477007151,83.594670705
158.38553907,83.9704212338
158.398410935,84.376889166
158.701441898,84.7028916733
159.253146686,84.8229886991
160.151125902,85.0871488302
160.78773361,85.370789517
161.679675555,85.7727782347
162.376683918,86.1941963205
163.038924281,85.7114860928
163.499251225,85.4526402523
163.725733068,85.3831291927
163.973529812,85.2157493499
164.154716183,85.4717943283
164.109375605,85.6647665171
163.985764564,85.6468965669
163.669964418,85.756822324
163.457844369,85.8768672409
163.440861575,85.8946557345
163.4202291,85.8360579234
163.36137054,85.7277882461
163.228110689,85.7650215821
163.062183447,85.8012378231
162.708965769,85.9479134276
162.465279537,86.0324569682
162.225712445,86.2645083201
162.130380357,86.4088772264
161.983015182,86.5958831303
161.963024834,86.7748743848
161.989144371,86.8872430965
162.050154219,87.115908296
162.040455119,87.2980735806
161.857215379,87.4461485803
161.184594673,87.6583175642
160.725322105,87.7497103206
160.038676766,87.9294179827
159.653599543,88.0035866125
159.355261776,88.0932325741
159.045842196,88.2455419887
158.941266484,88.2901592718
158.696102002,88.380336796
158.618376736,88.3366786049
158.55430929,88.2835766675
158.667003938,88.0507336172
159.125238266,87.7805510261
160.166803274,87.3359138552
160.968037486,87.0346894288
161.601476849,86.7541420669
162.360582739,86.378263079
162.576086084,86.2448288889
162.567605035,86.1764691345
162.550065132,86.0309696698
162.501453222,85.9190134136
162.50191163,85.7516911449
162.672815299,85.6322933448
162.940415733,85.5281941823
163.332321165,85.3879555888
163.396779898,85.3597210949
163.299278365,85.4744447041
162.750604796,85.8651915489
161.951587833,86.5312458281
160.947223183,87.6344377902
160.36054199,88.4018576982
159.736280711,88.9319670412
159.388116677,89.0025416738
159.197741106,89.1138480491
158.914251214,88.9334370968
158.816455293,88.8078961967
158.792431056,88.8242384491
158.817329591,88.7526244786
158.866798862,88.6449692788
159.017768718,88.5112641733
159.044621258,88.5138119244
159.018613873,88.5665000199
159.013118013,88.5209114332
158.987468398,88.4396316731
158.802096025,88.4102833245
158.559457653,88.4704798265
157.780120614,88.513227603
156.949406056,88.4276017723
155.965327087,88.2631150001
154.387415931,88.0173863684
153.334371495,87.9218533511
152.308724612,87.7252338643
151.137228539,87.2433740125
150.638178477,87.1920489575
150.223949036,87.1778724189
150.202216208,87.2092934419
150.015049558,87.3311466018
149.335779967,87.0701012703
149.17992481,86.856107262
149.692604751,86.6310153634
150.479129194,86.8284085571
151.490930018,86.9058127464
153.335315965,87.0673798396
154.510750739,87.214579956
155.989520098,87.7021936862
156.812144553,88.2021128422
157.379790188,88.710690688
157.945698183,89.6668839494
157.972417911,90.5642768316
157.726434779,91.9570156517
157.423953174,92.5677310778
157.165998959,93.0224339768
156.871365343,93.6574868596
156.661578315,93.9814201768
156.349609744,94.355894496
156.287811395,94.6385960825
156.230056325,94.9639880493
156.007325153,95.3955465428
155.775106819,95.7044279594
155.13265186,96.1682759798
154.755586618,96.573655705
154.439463165,96.8565274279
153.898952147,97.1131321019
153.414538522,97.3385229953
152.912104288,97.5869045529
151.913835664,98.243272889
150.469193334,98.8909243603
148.297053558,100.273648967
146.79239887,101.00091403
145.005291859,101.655986346
142.517445631,102.619953903
141.025764439,103.08701498
139.324229795,103.474265223
138.423957052,103.746994458
137.569046526,103.947596591
136.967120248,103.836100743
136.854222858,103.837978089
136.94200471,103.839782859
137.095898994,103.850796089
137.248825057,103.833792646
137.569884359,103.734528359
137.600989777,103.731321131
137.668636597,103.70348666
137.503311803,103.573661171
137.431066953,103.564325087
137.429348918,103.572229142
137.521224008,103.528196665
137.729669566,103.308212332
137.856526291,103.068157019
137.932181719,102.75483499
138.081690465,102.239063688
137.946197047,102.01968009
137.50237633,101.966248695
137.215732464,101.816383571
137.148003612,101.38798539
137.515705131,100.368595308
137.944653199,99.4967414826
138.465123714,98.5990508042
139.325143079,97.0444267054
140.037969956,95.9765826935
141.304763558,94.2926012049
142.127576484,93.2304498518
142.889683478,92.2373636061
144.047783725,90.5935792324
144.96357012,89.4449752338
146.919227357,88.0132335394
148.345853678,87.2804196318
149.433759303,86.5930661896
150.524822994,85.9175356884
151.231910377,85.4524792715
152.184573015,84.9327642187
152.737849488,84.8124969848
152.977844779,84.787559449
153.171598837,84.6150053215
153.153614417,84.4136440241
152.930359793,84.2894131624
152.879318182,84.289832614
152.879391094,84.2652278335
152.994712066,84.0726115642
153.367944413,83.6621426332
154.042519072,83.4959710954
154.496161837,83.6138273018
154.983326084,83.6583919921
155.472581354,83.5530328878
155.615009735,83.5489983395
155.838389235,83.6252591325
155.904019443,83.6844877092
155.955879056,83.7312203709
156.04919244,83.8346834748
156.129263079,83.861442491
156.337535433,83.8220561894
156.491049005,83.7139567359
156.683378242,83.6567991247
156.957947033,83.6115412615
157.115820131,83.5631532953
157.245149818,83.5665070697
157.476659853,83.5427729462
157.759808027,83.4927393841
158.470335528,83.3288330244
158.973147838,83.2947946964
159.542563355,83.3226710463
160.439809648,83.3918746483
160.995666242,83.4081177402
161.940240364,83.5411297237
162.66775964,83.8039520897
163.424277962,84.1028550106
164.863525328,84.3841681894
166.140671369,84.4031930526
168.61447695,84.3835408719
170.406033473,84.6501094859
172.300716773,84.8615581722
175.134929758,85.2706019854
176.787775377,85.6264471905
178.640902883,85.9448391498
179.417897408,86.0096901434
179.907067856,85.9969158287
180.598795595,86.0956469681
181.088188791,86.2057776058
181.853609368,86.2400758918
182.410716854,86.2630949106
183.047869523,86.3854156197
184.224815466,86.649121683
185.109288105,86.719528007
186.28324277,86.7618318698
186.842892572,86.5955335409
187.318355776,86.3756737865
188.163050477,85.9885210697
188.816856658,85.846966644
189.537290864,85.9354766766
190.335314688,86.0468180598
190.595728172,86.0634005382
191.240212752,85.8561141502
191.634708152,85.6550786337
192.05403239,85.3519646082
192.850473681,84.9383711768
193.748587818,84.5809645466
195.642812447,84.1474543318
197.075682491,83.9414852947
198.415531195,83.7676395578
200.268495335,83.6241343938
201.112226479,83.749697194
201.751622607,83.8209894364
202.137532739,83.6987417759
202.390579256,83.5120111918
202.797680826,83.5381407019
203.292861398,83.6990383543
203.995017001,83.8814271347
204.397114758,83.9330747657
204.758808711,83.9921319148
205.33419133,84.1919587501
205.654955941,84.3059957405
205.872825324,84.4082048244
206.360530984,84.4941585954
206.744998515,84.3925808004
207.213132657,84.2077402611
207.414250557,84.171711729
207.565869689,83.9537178442
207.657144473,83.8000731422
207.579567454,83.7600218234
207.54166689,83.7282516741
207.592167913,83.6219838636
207.653585261,83.4869198159
207.593845416,83.4404814526
207.457073487,83.3282374401
207.189212853,83.1421226934
207.076674848,82.996375286
206.977535516,82.8252273506
206.924574002,82.6636605708
206.830857434,82.5801879837
206.389470724,82.4059204451
205.66943115,82.3941612383
204.848975748,82.3902983882
203.495072246,82.3722083456
203.369806611,82.1114480846
203.495523816,82.047028083
203.099870397,82.2542105728
202.51384703,82.4141737786
201.615638584,82.2781483065
201.671087538,82.0342612566
201.796915831,82.0671002012
201.960643518,82.1534787218
201.985196155,82.1488122789
202.15235103,81.6586260966
202.205100514,81.4367113054
202.285146184,81.3036742058
202.710072822,81.1334606765
202.91054096,81.1340913384
202.884811832,81.3141228944
202.844602485,81.4426902639
202.590038076,81.4769675922
202.390647769,81.4282138958
202.251621939,81.3830516207
202.043855418,81.4920168443
202.08423737,81.5906697776
202.208039041,81.7495795317
202.264733527,81.8424902317
202.316337439,81.8914748682
202.331431702,81.898681482
202.23253457,81.8853456829
202.079923611,81.8506509452
202.105494435,81.7521211012
202.158929254,81.7458138625
202.260920972,81.7572703061
202.289283425,81.7595984656
202.280558125,81.7400754017
202.287536899,81.7840045389
202.295690575,81.8029654846
202.336200564,81.695137674
202.347776151,81.5438320833
202.532521176,81.3337491003
202.826132749,81.2583282104
202.939334654,81.4019269661
202.799508579,81.5812426412
202.726516598,81.5456548673
202.647379197,81.456916007
202.700579345,81.2956292067
202.675694283,81.301119203
202.467453618,81.3871641066
202.361456119,81.3463558025
202.338842537,81.2922492887
202.508647905,81.2279068558
202.58623642,81.2614617324
202.600704377,81.3369826739
202.63351952,81.3480836736
202.782807242,81.3103202245
203.036619888,81.276166011
203.202558109,81.2577144555
203.518328157,81.2407848649
203.922516237,81.1875519404
204.340334807,81.0875620222
204.406270478,81.1528919933
204.484581791,81.1433002833
204.52375392,81.1159213769
204.488240486,81.2039046937
204.508134852,81.2737198788
204.658469346,81.3554873187
204.946740738,81.5139072978
205.378510844,81.8125792709
205.575356349,82.221653876
205.479606913,82.2515228183
205.332535275,82.2040811276
205.247596192,82.0792836316
205.257720495,81.9000836693
205.327539865,81.860181013
205.35943235,81.8652406255
205.433376463,81.9471718236
205.473911675,82.0174879834
205.484534285,82.0642459146
205.506595562,82.1168085253
205.501769008,82.1648301302
205.491624296,82.1921153751
205.467330541,82.1906939679
205.471412939,82.1746391021
205.511587965,82.2365940135
205.556680394,82.2933103589
205.601232989,82.3696803555
205.71483991,82.5186402186
205.914601092,82.7009453761
206.323762902,83.0341619005
206.599418737,83.219514769
206.717064268,83.3449761874
206.726958895,83.4136701317
206.756972359,83.4623403058
206.748349595,83.5154627241
206.616278032,83.5825169131
206.2847092,83.941557432
205.947247024,84.4427094262
205.568717727,85.0773578304
205.076561448,85.8800324609
204.900299156,86.4135077662
204.869291391,86.8120571496
205.044941953,87.3004021763
205.347950335,87.493964363
206.264654942,87.3004581706
206.772118829,87.0362304604
207.274864718,86.6244387339
207.728409644,86.2544223457
207.65521231,86.3272868646
207.443894794,86.7016840187
207.367528531,87.1065337693
207.442631827,87.5199678968
207.840719775,88.0392173799
208.275948856,88.1964306997
208.709153226,88.0813379941
208.730416822,88.0440523706
208.744282019,87.9998655057
209.012537509,88.3226212353
209.29027587,88.6662644098
209.64717925,89.2148404389
209.867196486,89.6205342912
209.962343742,90.0266740626
210.061684114,90.2697338502
210.101018124,90.2258745968
209.999164226,89.9559112783
209.89865859,89.7365696694
209.83973335,89.5274321711
209.899294314,89.3047097331
209.883769621,89.0961702877
209.794361359,88.8648306327
209.670601104,88.7239567189
209.555473909,88.6560835211
209.358530171,88.5290721762
209.36047755,88.4210768017
209.427299595,88.3839470133
209.362809493,88.3006983902
209.301828536,88.190565716
209.037958129,87.9136845223
208.895420373,87.7964683146
208.631412153,87.7159802504
208.24089153,87.5219689653
208.005005377,87.4008765535
207.767820604,87.2014846732
207.703319929,87.1585429071
207.74009566,87.0886426603
208.07596071,87.1050264654
208.329154696,87.170584136
208.658878778,87.1992709261
208.833646741,87.1085673855
208.992912557,87.0160931353
209.166821469,86.8826229155
209.25122126,86.8530739701
209.138666889,86.9351358678
208.925134505,87.0603095371
208.420608362,87.2881445045
207.047576271,87.7575934722
205.665234027,88.0773593997
203.235516748,88.4424464259
201.399489958,88.8223671559
199.421505468,89.2088537046
196.566028291,89.8114957661
194.883969371,90.2700667194
192.498971444,91.011050785
191.173624808,91.4913953613
189.598170062,92.0547988014
187.349896422,92.9266404462
186.178929348,93.4090380906
184.922382981,93.7264236527
184.573206915,93.7587672086
184.600319153,93.6544521686
184.883416869,93.3741190952
185.364718575,93.0704604356
185.951182362,92.8984851386
186.853050415,92.562315538
187.388959101,92.4668990066
188.630293211,92.044668741
189.608733075,91.6535348211
190.711194842,91.1915524013
192.561365209,90.6640532333
193.575907413,90.5474072343
194.914101225,90.455430608
195.634545595,90.4398529846
196.29739586,90.7982041963
197.425191103,91.1437738055
198.308574851,91.5788019499
200.371809089,93.1024476308
201.328125486,94.8031946215
202.35647488,95.9518315517
205.222839988,97.0846628058
208.472055419,98.1292152649
211.793466847,98.9485579513
215.480905861,99.4914469843
219.009708705,100.071677174
224.340560363,100.451161421
227.738283669,100.817982012
232.262561422,101.34253984
235.023358644,101.686617264
237.361416461,102.301360866
240.740993829,102.921115473
242.900991468,103.251492298
245.863100113,103.520734551
247.548356195,103.397552071
249.072288861,103.170198755
250.859486882,102.779714376
252.049022899,102.530388175
253.409572342,102.275460808
255.518273123,102.231971631
257.262915591,102.12963603
259.891775725,101.790985087
261.669609869,101.543265888
263.454280367,101.083791822
266.479537477,100.300586471
268.145543864,99.8397673065
270.789275802,100.030892026
272.549401537,100.348530253
273.785153068,100.549388239
275.050002771,100.144374409
275.884246144,100.47017822
276.728414689,101.294461888
277.105109284,101.597960239
277.805214483,101.623677876
279.008724921,101.497702645
280.0447794,101.632250989
280.885190905,101.249292566
282.253546456,100.916086231
283.305432954,100.941348935
284.652061536,100.916520753
285.233249069,100.894019308
285.849488659,100.705713406
286.145777059,100.55931003
286.527788604,100.495696729
287.049987848,100.317863672
287.382128983,100.114375161
287.8963359,99.522016048
288.328263349,98.9436604321
288.723225877,98.0894830285
289.081127091,96.6238486797
289.338280091,95.5117470091
289.72437397,94.6570405584
290.04872071,92.8250726566
290.4499876,92.0443754692
291.139859936,90.3180456066
291.803215612,89.2620661133
292.667665723,88.0714098645
293.989996123,86.4918423286
294.828519768,85.577574214
296.389322847,84.5595483966
297.622628962,83.8615437486
298.937765723,83.0031442913
300.897382256,82.2611545669
301.97543816,81.5875308376
303.589915901,81.1976970518
304.699007623,80.7877332952
305.710022495,80.4984427636
307.034121908,80.2580600428
307.885432305,80.2870772331
309.127446623,80.2070110687
309.884611033,80.2333230357
310.664215513,80.3504539076
311.767796512,80.5229792715
312.424777629,80.6810686271
312.712398059,80.9824163325
312.527703582,81.0648417037
312.271559563,80.9712668773
311.633831753,80.7595973251
311.197872842,80.710163398
310.746911078,80.8164643072
310.341540169,80.9740876982
309.78471728,81.2080776591
308.584869171,81.6010484117
307.445231919,81.7044803703
305.651103799,81.6144750286
304.541122155,81.4266911273
303.516207254,81.1697871595
302.302340699,80.821208872
301.871597234,80.727408841
301.722898222,80.7016862188
301.42659557,80.8357216199
301.025442038,81.0114608175
300.229412808,81.2819556153
299.353376281,81.5341440593
298.202665696,81.7280705695
296.646197861,81.7666340851
295.882708543,81.6708294593
295.073334973,81.3347863061
294.717468799,81.0834965722
294.509349568,80.8894402563
294.046333456,80.8563966102
293.797970126,80.8984305363
293.224516985,81.4589347785
293.194436287,81.8919109907
293.176212882,82.3012201858
292.717981103,82.9463131476
292.538024956,83.1688792948
292.709982165,83.5107122886
292.993142629,83.4883093458
293.443669715,83.1747040048
294.138470143,83.0171796654
294.95990106,82.860480922
296.361475875,82.7882352054
296.947623194,82.8848511219
297.199172467,83.2798064764
297.241805869,83.9601815584
297.159080921,84.3851593096
296.69845206,84.9399202093
296.111730493,85.2068327726
295.440426515,85.4212538404
294.688919577,85.9806561859
294.581044211,86.3860226876
294.789928682,86.8703035662
295.570564003,87.4042673596
296.228006344,87.7332261085
297.286416187,88.2449445835
297.782776139,88.4606497591
298.11300593,88.5661902714
298.584076711,88.2764100524
298.836332969,88.249789455
299.037972208,88.2133404696
299.229907144,88.0615909568
299.63819312,87.8756335238
300.55311482,87.5969642516
301.46287409,87.5010529962
303.506465623,87.131749401
305.492406598,87.3186848548
307.953483836,88.0330536829
311.430727685,89.3698184028
313.507450133,90.1968646476
316.06398982,91.0259294108
317.341567994,91.5312195593
318.406697479,91.519903449
320.424842411,91.0403659504
321.996028823,90.6186477091
324.787210612,89.877228095
326.743532493,89.2703384045
328.92048828,88.6754978031
332.531498784,87.7835992499
335.116372403,87.1018062256
339.510887936,86.0599827738
342.593464404,85.3703775524
345.528937013,84.6230345571
349.656563967,83.5034795347
352.073211856,82.9108210569
354.8767035,82.4323826058
356.556855809,82.4209665572
358.43250446,82.5674306146
1.40637790501,82.6703969873
3.37381807831,82.7152904247
5.3229810767,82.8167344223
8.21815918091,83.0684654136
10.3216861892,83.111885886
13.4167075961,82.9139129283
15.3544262754,82.8182603029
17.1951290851,82.8020818095
19.8735002117,82.7928648432
21.5583178824,82.7051075183
23.838979257,82.8101957776
25.3695751357,82.9681761825
26.9007486257,83.2265394972
29.607819116,83.7618746794
31.9609713939,84.167248381
36.1494437585,84.4865806008
39.0656195483,84.7547927656
41.7464887939,84.9935180569
44.7087635733,85.3474320481
46.0419085729,85.5751440518
47.0985363805,85.9223356878
47.2785187189,86.1439709816
47.1366061091,86.3257409261
46.6137601837,86.8080885631
46.2205018353,87.3288323709
45.6993673456,87.9501340058
44.8773512817,88.8520706357
44.2010296755,89.3338164818
42.9900688631,89.7616503801
42.1202855942,89.8359334498
41.0080979679,89.8218910018
40.4693436022,89.7859611804
40.047218932,89.6473059998
39.3913585906,89.3493924649
38.9908540072,89.1590124382
38.640872849,88.8044961
38.1897923649,88.2833546548
37.7571595575,87.8447589047
37.0430957867,87.0946042932
36.7154316189,86.5638284098
36.5523122792,86.0511519063
36.3616572326,85.3764378884
36.2529594778,84.9979873921
36.1735699616,84.4068111068
36.1857571239,84.0811873726
36.2080578325,83.8276602154
36.3563647045,83.6370177235
36.4966396015,83.5271642616
36.6850675601,83.4427034359
36.7473846076,83.4238788734
36.73917483,83.4624850664
36.6199583242,83.5867351789
36.4148101296,83.7219838374
36.0904278221,83.9137218732
35.9083282987,84.036545645
35.7306960711,84.192534474
35.5087985801,84.4803204673
35.3711796897,84.698992574
34.9720975359,85.0622638136
34.5280723022,85.3625691506
33.9144276665,85.5752411975
32.9410381693,85.7917682891
32.3931381156,85.8515892535
31.8198489125,85.9286758143
30.9308661092,85.9620023416
30.4294005342,85.8787749483
29.8556412674,85.6845753696
29.717469432,85.4025934895
29.4888726916,85.1061506777
28.9241379804,85.1527140748
28.3440726215,85.0226176533
27.5802686828,85.1667757322
26.9378633328,85.1320975746
26.1989415927,84.9372844213
25.1807281691,84.4742644517
24.214570116,84.0929919642
22.5686041972,83.4129898723
21.5300327437,82.8290073777
20.6224267667,82.1239915064
19.7484120447,80.8008496525
19.5752366517,80.0488737177
20.2205314531,79.1306704788
21.0541265466,78.5628008868
22.1338440394,78.0205855754
23.9430541975,77.549817275
25.0972775549,77.4370842954
27.3770662873,76.8487064051
29.7414236166,76.4088365136
32.4091142461,76.198088311
36.6502729206,76.1798401733
39.5660095,76.1894763064
43.7964872116,76.0765073156
46.1512000856,76.0108692425
48.4103760826,75.8568034945
51.878670002,75.5914476957
53.9333381844,75.5579357242
56.4016863652,76.1635831036
57.8843917952,76.7120832118
59.108011045,77.3500385835
60.3309194323,78.39870167
61.2310823845,79.0580913313
62.8787557577,80.0167795155
63.9556405993,80.7140393589
65.095862347,81.4762186463
66.7813451209,82.4854505592
67.7477253778,82.9186443925
68.5585980417,83.3237668598
69.4218514888,84.1342070492
69.9860539405,84.7464932885
71.0698302199,85.6796083286
71.8794219805,86.4044414201
72.7092521838,87.0009500637
74.0135646895,87.9794484969
74.9438827932,88.437644932
76.1803138915,88.8986814232
76.9642384911,89.0430222521
77.6858068213,89.0104098881
78.606419975,88.7476361754
79.2393589799,88.6675816032
79.9160297225,88.5428950038
80.4911114138,88.4409704083
81.3863754015,88.3174720322
82.7074941425,88.1984795243
83.4094486067,88.0262386934
84.6410131929,87.5306693565
85.5257107565,87.2140621339
86.5643737927,86.9928910881
88.4052512686,86.5286563831
89.7572629491,86.1948778622
91.2192034626,86.0208714247
92.0062719716,85.9967557814
92.7898828241,85.8635975551
93.462994201,85.65909624
93.6398401609,85.4474598855
93.9309772358,85.2169905747
94.012884717,85.027418528
94.2969884908,84.967571472
95.4647228554,84.9955133681
96.5077528928,84.9091174157
98.4915832675,84.767176598
99.6492276974,84.8186866323
100.718160202,84.5454165412
102.220340686,84.1883536767
103.269170331,84.1260741288
104.398730113,84.0068391808
106.17109831,84.0854536912
107.561321095,84.1676677524
109.921275326,84.1563318195
111.758908469,84.1117257025
113.787277971,84.106638164
116.888314091,83.9316295767
118.801691089,83.769614858
121.014402,83.6589537704
122.209965989,83.6270189184
123.352619793,83.7501701053
125.143893014,83.99983739
126.381068682,84.2466094818
128.189698097,84.5803198721
129.368826454,84.6258280418
130.592842771,84.6494739954
132.528068176,84.5167499808
133.989843045,84.2788484149
136.379211359,83.8917308819
137.938031966,83.5666097164
139.584670001,83.1801953557
141.784102514,82.8271398827
142.971315837,82.6460752431
144.717385333,82.4038906665
145.618917554,82.3946992484
146.420567173,82.2013252931
148.175604013,81.5320301303
149.276560859,81.3366176793
150.213459747,81.7814593781
150.585927257,81.8516240664
150.303774131,82.1812720309
148.87832669,83.3628805263
147.81372911,84.0746288702
146.646929576,85.0070378486
145.282393559,85.8846012341
145.018617623,86.3129400604
145.348252207,86.8067672657
145.765603923,87.1787002477
146.403720034,87.4247783879
147.248537479,87.9417901014
147.644514578,88.3843116454
148.122751153,88.606796217
148.457669869,88.5103914363
148.825342054,88.3412293475
148.991339156,88.5661775927
148.929359341,89.1265979239
148.649886611,90.1487866771
148.32047636,90.6594956494
147.827307752,90.8815706494
146.785654593,91.1586270217
146.464626159,92.1570701004
146.570730572,92.677911835
146.663455527,92.6748175233
146.780052222,92.6493320522
147.270955202,92.2434202411
147.341311893,92.1132473134
147.345259545,91.3812592948
147.265794368,90.6224309242
147.464064983,89.7274811335
147.596280205,88.7518583417
147.8644292,88.7863511691
149.057140654,88.0527951086
149.505843226,87.5691857853
149.819561419,86.9846556138
149.567778356,87.0252148336
148.710744035,86.8342016035
147.180191246,86.6138668445
146.37656194,86.6578573544
145.658049972,86.6263289701
144.768812145,86.3832869691
144.105521375,86.2388484205
143.340898489,86.2031087171
141.945769499,86.0187481933
140.978071006,85.9694742919
139.765214784,86.0193309866
139.084881266,85.6799085211
138.359122813,85.4174716815
137.562615702,85.3001710467
137.056154083,85.2645176029
136.693119365,84.6700784582
136.346239658,84.6981508853
136.084462926,84.7258527462
135.679850405,84.6007184087
135.359697136,84.6891989705
135.077068975,84.6458012275
135.141784377,84.5980902457
135.166382031,84.5371256107
135.225108542,84.3073861317
135.463094349,83.9728346959
136.040408748,83.5614034663
136.65140492,83.3689948428
137.383832199,83.2600708976
138.310327418,82.876623974
138.729306015,82.618966369
139.471384776,82.1050567668
140.026382858,81.7601427777
140.353037226,81.4041711897
140.601164202,81.0549861671
140.743796049,80.7591840503
140.606811415,80.9230561434
140.624388486,80.8075366256
140.648279308,80.5769636945
140.619195412,79.9892542723
140.581527638,79.621091798
140.256339802,79.4328078598
140.192350721,79.0408375023
140.13566493,79.0373917866
140.022642281,79.5155245181
139.984695355,79.9134920883
139.740561967,80.2679392708
139.771089855,80.3830645551
139.653802466,80.1909606921
138.517338978,79.9183197902
138.258326643,79.8108835179
138.546581269,79.9512095083
138.532592611,80.3325015421
138.469073937,80.3987460272
138.101185944,80.4846231401
137.936072429,80.3854975334
137.807601743,80.1899959679
137.740939606,80.0074764242
137.791672387,80.028810603
137.979584077,80.0115430483
138.19378572,79.8173519874
138.359083642,79.5953466634
138.546063312,79.5384336388
138.504651841,79.7484113402
138.511040112,79.8436436543
138.613457524,79.8616399086
138.617341324,79.9085302955
138.728171828,79.967773339
138.807537317,79.9928449033
138.880266112,79.9914872773
138.890517046,79.9717048028
138.903576588,79.9340189345
138.929132985,79.921342324
138.919877112,79.927601585
138.88567761,79.9276800834
138.865007214,79.9410163044
138.696913717,79.8809578532
138.143718724,79.5591820147
137.56241288,78.9938220369
136.686889516,78.3840815846
134.467264229,78.1180096422
132.705694391,77.8415332377
130.055391618,77.5576224894
127.6866638,77.9233071186
125.690092988,78.4345193022
123.222617934,79.7971415356
122.000768293,80.9762310695
120.276241048,83.085777791
119.215235579,84.6822047501
118.63727302,85.9160810831
118.306975669,87.5427187076
118.482497367,88.8963461764
119.017525991,90.8835998259
119.35180194,91.8320414796
119.896801836,92.4377214042
120.452551267,93.1165469966
120.499731481,93.4740846249
120.719876717,93.1465984094
121.234329319,92.6080014057
121.949980302,92.1714247819
123.12212085,91.711071589
123.928289938,91.1683511257
124.798035307,90.1903245651
125.030207037,89.366213368
125.006309585,88.4274103541
124.676460756,87.4237759687
124.443087734,87.0839729758
124.196627006,87.2446485946
124.327261354,87.2242282969
124.644305537,87.2081731763
125.537675934,87.1809763372
126.005975905,87.20380106
126.427385095,87.256288557
126.983142777,87.4365657816
127.201859799,87.5504235375
127.241231098,87.5375720253
127.124540086,87.5024222522
126.635692578,87.4787161527
125.710021907,87.5557153086
125.095808231,87.6436714589
124.178035395,87.744147626
123.585404088,87.9671770626
123.11132422,87.9904292666
122.405024063,88.165905052
121.904090912,88.1042261453
120.697549375,88.0969717694
119.586361957,88.0310273182
118.396617435,88.0398564824
116.789920767,88.2019492683
115.843138389,88.2587924261
114.704991983,88.052815018
114.203234596,87.981471693
113.871846677,88.0367858307
113.36805647,88.0288184289
112.959510568,87.9595539572
112.181946204,87.8321096529
111.350198182,87.80019989
110.206769044,87.7397169465
108.029741148,87.5734269124
106.194973518,87.4498379909
104.284708186,87.2722622699
100.994836006,87.0292910626
98.5705601418,86.7118292879
94.2599795838,86.3202886568
90.9712929681,86.3435284321
87.4962556208,86.401009404
82.0747857003,86.5286238597
78.3124631245,86.6780179423
72.6702236194,86.9009196285
69.0870075667,87.0501113653
65.6308548333,87.2497223045
60.6644565649,87.5480782549
57.3524745372,87.864384996
52.6386973535,88.3017381834
49.6711021963,88.4788767436
46.8620329984,88.5996332956
42.7234350692,88.8372652554
39.8510305906,89.0432520631
35.094655087,89.3422927572
31.7752301296,89.5010322524
28.330482117,89.7561789285
23.2521128816,90.3623457217
19.9603575779,90.6543507431
15.4506784884,90.968318232
12.6866693271,91.1819779015
10.2355355768,91.2972260042
6.73464564898,91.2464215815
4.62725823208,90.9653445239
1.22073097586,90.3417846267
358.67833452,90.0254059029
356.132300294,89.8561911539
352.246058539,89.6004759423
349.894462573,89.6710172875
346.638215812,90.1560761103
344.817147831,90.3945674332
343.315269291,90.4232985678
341.228514372,90.164747228
339.932622715,89.9881130348
338.13243034,89.7005844061
336.93186427,89.6524661747
335.795624678,89.6041087988
334.232356119,89.5019985101
333.197109388,89.4567779329
332.17961027,89.5388843859
330.706373541,89.871242555
329.619959649,90.2483183802
327.855792692,90.3778133782
326.943540149,90.2606614178
326.106860557,89.9788673542
324.701086223,89.379824345
323.902522491,88.8019992929
322.65552225,88.5321903532
321.158800958,88.4928501022
319.161394119,88.1921531771
316.362186439,87.2901862295
314.766483795,86.7490654436
313.092699433,85.9067838166
312.240304061,85.5377957165
311.255102818,85.1715969976
308.533853427,84.7935652262
306.099323204,84.8021523905
302.257065397,85.3302115074
299.66053299,85.3978032644
297.151862479,85.4472846755
293.936120806,85.0171789406
292.16644505,84.5746234154
288.866387843,84.7735452975
285.894832208,85.1368539414
282.534614671,85.332055457
277.515698466,85.810928851
274.556493448,86.0707802544
270.82661851,86.0114315395
268.669008045,86.0239859259
266.563764916,86.0627601961
263.123187823,86.1114637377
260.544586412,86.2822115695
257.773376263,86.3762047235
253.469824875,86.5974932323
250.766416039,86.8232533764
246.962151626,87.2723225217
244.369107328,87.6150851323
241.845229337,87.9849649746
237.979993877,88.2968923393
235.406349228,88.3551877061
231.709923511,88.3730382394
229.489702244,88.2888792385
227.394900205,88.1396240588
224.392855351,88.0017839816
222.382934355,87.9559429507
219.222039509,87.8378020448
217.121168902,87.7662829253
214.9590007,87.8473510314
211.373932525,88.0098540832
209.015975935,88.0662000632
205.591552644,88.0368882807
203.424134894,88.0173227263
201.373530459,87.8977828499
198.520826464,87.737581388
196.595970005,87.5995542425
193.938154467,87.6233719482
191.743732275,87.9955275456
189.509152727,87.5859379394
186.750902341,87.534440799
185.332499515,87.342714037
184.404533415,86.8179187629
184.529324651,86.559186037
184.517997914,86.4259494004
183.973078777,85.9020912096
183.838644599,85.7089838383
183.971176979,85.6084620294
184.636101524,85.2133771071
185.404468575,84.9432371176
186.730026193,84.8366743964
187.573024535,84.9228281803
188.279704413,85.0199276973
189.175646514,85.4343266675
189.756680032,85.6029185753
190.822515685,85.6645325872
191.582047573,85.5349457264
192.371191587,85.1605350115
193.318204038,84.7708774498
193.717848143,84.4947744623
194.319923269,83.8470225765
194.888890499,83.3802755732
195.569167646,82.9691387647
196.595959964,82.607289209
197.224026139,82.7365708366
198.268586661,82.9319958838
199.260449323,83.2935191385
200.440134471,83.82216093
202.7076117,84.8240172567
204.755619695,85.5637940615
208.861035432,86.4505564728
212.434351522,87.1703730417
216.37054734,88.2206714227
223.072772038,89.4343027381
228.119984351,89.8981456379
235.79950301,89.9469662997
240.84083154,89.5944629737
245.884346539,88.7523229996
253.384624475,86.7610052383
258.325742234,85.0459807708
263.49524058,83.071855494
271.383664039,80.2504160864
276.310829095,78.6932483608
283.354856009,76.7518881285
287.934747307,75.6536171825
292.202433685,75.2068342302
297.581823715,75.9262047787
300.464162271,76.6281794572
304.003148494,77.8037298798
306.092398501,78.6540496484
308.15119534,79.4835725507
311.281133482,80.5624743745
313.649450983,81.1329151447
317.85025362,81.6594141326
320.979683719,81.8825741271
324.366627045,82.0563771356
329.581685922,82.3206223869
332.989411306,82.4679584599
337.975385883,82.7673757524
341.255222285,82.9621681853
344.554484091,83.1974368814
349.335975122,83.389583791
352.343341885,83.5600719041
356.706639823,83.6599299956
359.563184593,83.6430115384
2.55163528308,83.6841665788
7.03694134556,83.8473348751
9.58303911418,84.0936784843
12.1347694005,84.4482762581
13.0353581538,84.5109367582
13.6996752307,84.5421175971
14.814391651,84.743436476
15.6988473119,84.8379867204
16.9416314636,85.0324992937
17.706920592,85.0848839225
18.4040905218,85.2092730682
18.9538923783,85.3832893142
18.984250091,85.5220783135
18.8626626846,85.6000555508
18.1993864514,85.7344494958
17.6376533005,85.6875647148
16.7714029193,85.6232616266
16.1767040704,85.5605192684
15.4908092138,85.4940401588
14.0766096482,85.5689924295
12.4380145472,85.7557563769
9.41376182128,85.8687128883
7.42123155226,85.9874585366
5.46531297581,86.001582286
2.93096658246,86.1791877486
1.5846450163,86.2625977075
359.944411459,86.5034947038
359.037631465,86.6785005126
358.185710289,86.7080626822
357.009350722,86.5180140258
356.297226584,86.2669716578
355.022533531,85.8097552585
354.189157454,85.454409016
353.432906825,84.9666336428
352.859054581,83.6964454377
352.955253154,82.5621116639
353.564134982,81.3661878373
353.821077246,80.5915059198
353.7168738,79.5438246105
353.253138084,77.6343851097
353.033127484,76.5561230614
353.156296786,75.3597488325
353.168405663,74.9539024193
352.698866838,74.9110300224
351.40314309,75.1119988963
350.14953134,75.1639633572
348.304268841,74.9394922129
347.162094371,74.6870829533
346.194880879,74.4075917298
345.146897893,73.9697310189
344.599037631,73.5942867234
344.241301806,73.0481510061
344.220632037,72.0071190981
344.239019384,71.4148834622
344.739381264,70.7537165438
345.364079619,70.2827591598
345.743185131,69.7828346514
346.252826046,68.6942760123
346.78067297,68.2601516278
347.516038643,68.1189011716
347.694350145,68.2637257487
347.691172541,68.4698593453
347.360797025,68.8673166829
346.852013879,69.1720901647
346.168985388,69.4019537035
345.75307878,69.3028101206
345.232379401,69.1676850554
344.474011047,68.9124396129
343.974026198,68.6129053636
343.142704593,68.1009273258
342.362021612,67.6966885638
341.690209551,67.4942103903
340.799694629,67.392840876
340.185824345,67.5013084407
339.513541561,67.4902249036
339.069019154,67.3536025461
338.639736725,67.1225991993
337.983128655,66.8004557391
337.188844297,66.5830391007
335.960210368,66.6351415879
335.218006701,66.7008567307
334.307485082,66.6468309123
332.84360922,66.6821375838
331.844489946,66.672513831
330.864559643,66.7802675401
329.572630502,67.5205446957
328.786630961,68.2105720373
327.301040229,69.1495125173
326.264935953,69.7980818857
325.463906337,70.5149266435
324.41335285,71.6739139768
323.427988573,72.7094568615
321.906380764,74.1640616305
321.067619414,75.0155486513
320.392900596,75.9206004922
319.69488273,77.2209567569
319.31867078,78.3949158768
318.620500579,80.0760119179
318.184158066,81.078983348
317.809383412,81.854421444
317.271446472,82.7358461244
316.643865159,83.4110246547
315.360272101,84.3063974963
314.15505592,84.9240421925
312.6254532,85.5776681785
310.012000304,86.4545725015
307.86823278,87.2520813462
304.003631069,88.7992321702
301.204064875,89.8552501802
298.407490062,90.7217330845
294.29522299,92.113238532
291.447645146,93.1462680906
287.045146112,94.6299273817
284.247008689,95.410447005
281.295342023,95.8253117812
277.28625112,94.9835755436
274.700721025,94.4558073741
271.112712041,93.1413272556
269.430959173,92.0184617923
267.943070129,91.214497565
266.229640722,89.6106842535
265.019415198,88.1629340563
263.575265836,86.7645470931
261.189426587,84.7251378511
259.125295368,83.7177308617
255.330922728,82.3342126975
252.751721761,81.2452666099
249.962566397,80.3074669894
245.498671891,79.2378962871
242.395000258,78.3954632783
237.384943226,77.6771084929
234.159312806,77.6614522718
231.225124455,77.7113565735
227.81038873,77.7744465567
226.152973716,78.0083953373
224.207945984,78.2888735894
223.000595297,78.4970576681
221.560033153,78.796059835
218.965999888,79.2564813631
217.090312423,79.6192548031
214.59729296,79.7828623119
213.35735224,79.7623707726
212.609956023,79.6791441288
212.446654276,79.5005239197
212.885034953,79.2032483066
214.639266623,78.5866643921
216.477259063,78.491475359
218.275862388,78.5484447225
220.727397762,78.3488288405
222.006370018,78.2622571038
223.373253595,78.1958468514
224.043517981,78.199124012
224.850627039,77.9129853473
226.410187481,77.3105405368
227.543404261,76.8637705308
228.748636858,76.481371196
230.472273501,76.0926230877
231.735060898,75.8154506358
233.386271804,75.6378183468
234.31214812,75.6356613708
235.216515389,75.6546087103
236.165192713,75.4176412666
236.484743283,75.2385290709
236.678954512,74.8928881095
236.668113187,75.0417923967
236.74855498,75.2004928886
236.029793637,75.5077246001
234.902627436,75.6875686678
237.081943082,73.5779819096
236.655173132,73.0701447304
236.848544411,73.0982546391
237.689324995,73.10495359
237.964572204,72.7954583813
238.081114636,72.9375154169
238.078200274,73.1811197012
237.953862416,73.4882203246
237.638082186,73.8227958851
237.459292326,73.9302232458
236.732380599,74.0203023087
236.52942145,73.8222240627
236.392547594,73.7338188451
235.698188053,73.897475498
235.513364575,74.0410833616
235.52656048,74.2777939987
235.549483769,74.6270356509
235.500853978,75.0948002731
235.104660034,75.6291368259
234.746398126,75.7689207315
234.011277009,75.7702584635
233.36020152,75.8176273783
232.880536963,75.8697772182
232.280624206,75.9559700334
231.696184937,75.870495329
231.170326845,75.7255295098
229.670135793,75.3208747544
228.503832774,74.7633789
226.39966188,73.8042333571
224.855343662,73.4486878508
223.403342781,73.299370481
221.628247782,73.3966680938
220.516260242,73.6723555199
218.970048169,74.2327662104
217.905714658,74.9097620095
216.874967433,75.3400918537
215.09815056,76.3076843075
213.830750964,77.3228442963
211.951924773,78.9738696641
210.634225131,80.3380751259
209.47315132,81.9151079014
207.686308165,85.2856552925
206.063985771,88.1803772972
203.194844379,92.7783893539
201.263031191,95.4748080979
199.583785784,97.0041116904
197.28012088,98.7175898137
195.84144516,99.3563265582
193.906368396,99.68409945
193.014115996,99.7583049395
192.447988559,99.7536237051
191.654304725,99.6909193578
191.326270846,99.6803280111
191.100480183,99.7296303918
190.745355505,99.9548198509
190.526906427,100.177373623
190.197851965,100.679457637
190.270938476,101.088791208
190.426106196,101.30611119
191.092626969,101.632112363
191.733587306,101.815150274
192.78842762,102.106654302
193.507278369,102.138879989
194.157478537,102.075459483
194.891171701,101.962785214
195.054774378,101.965115595
195.069831663,102.051196505
194.948554087,102.176802262
194.520216776,102.373344405
193.765165622,102.457855336
193.501053966,102.524178767
192.880862748,102.09289528
192.372429056,101.878257149
191.930366109,101.789592713
191.124730458,101.521972641
190.117164241,101.390021301
188.416922736,101.042394532
187.150727554,100.523400741
185.740553384,99.7382606053
183.403907416,98.3438646662
181.788630449,97.1054221021
179.382338551,95.3078447568
177.776952099,94.3026312561
176.214590141,93.3340602303
173.89961959,92.3972721599
172.213965161,91.9773786238
170.322103907,91.5661749358
167.387683994,90.948914827
165.433026506,90.5191470375
162.728420356,89.7183303571
161.017988865,89.276101962
159.443568985,89.0146203483
157.307525137,89.0247877166
156.111240422,89.0296050139
154.911272996,89.1067617363
154.370481159,89.2628358106
153.890647758,89.5720801777
153.427594238,89.6757684731
153.365771573,89.8433322925
153.098274476,89.8280551053
152.853637996,89.7857366138
152.453242975,89.7291522571
151.641244468,89.7420073129
151.187441843,89.7710867721
150.715504373,89.9508431212
150.301751927,90.0849284765
149.977393504,90.1012633117
149.975514588,90.1589014607
149.956780173,90.2101041058
150.005742155,90.3689388275
150.132841904,90.5088851196
150.259898396,90.6510158282
150.534591497,91.2323404226
150.770039688,91.931426694
151.199471512,93.2803341863
151.498145429,94.2170301883
151.901854737,95.12617128
152.634530439,96.4845758259
153.062000873,97.3355108613
153.480042037,98.0714485851
153.578703322,98.2827929251
153.619772211,98.2891449619
153.684808792,98.1615123929
153.64008091,98.1156982815
153.673107068,98.0666161899
153.717075658,98.0665212789
153.7484755,98.1394634487
153.395329995,98.1525775662
152.790385607,98.0373509742
151.956545326,97.5526855637
150.769811564,96.1548129353
149.969377351,94.8596177612
148.714360657,92.6726429712
148.310690706,90.9335142489
148.275681231,89.3866930241
148.871954369,87.5949558193
149.589289577,86.6462954526
150.655695844,85.4950070487
151.089700466,85.2435408313
151.607743217,85.0278187491
151.798020869,85.1896482709
151.779958324,85.0789518703
151.684831507,84.8787244869
151.621386226,84.8706902214
151.595976007,84.865697652
151.758953946,84.8430185851
151.830934828,84.7761429776
151.991904941,84.6531119945
152.088441865,84.6034393929
152.094694222,84.5730948902
152.175374578,84.5135957811
152.314365438,84.4252965386
152.939744525,84.19172162
153.862656846,83.9354410083
155.190263709,83.574380209
157.343461684,83.4100647144
158.606096079,83.3088398229
160.184024107,82.981589476
160.820737357,82.8007187372
161.435456545,82.5683868884
162.448502672,82.1085595533
163.010231876,82.0076735182
163.473626022,81.8384432258
164.065385839,81.6304556907
164.302285468,81.6427123887
164.389733062,81.7386699802
164.573105562,81.707377775
164.737884594,81.5954714088
164.950098774,81.4506378703
165.114899784,81.2986421877
165.356715654,81.0662166053
165.483447387,80.833608567
165.635148851,80.570147323
166.101590734,80.1452291877
166.568661835,79.9058138407
167.29571665,79.7561274927
167.685822027,79.6113394827
168.001694108,79.5021658694
168.33828898,79.2330902387
168.602047534,79.0792719373
169.08339159,78.7506770259
169.43377243,78.5951562252
169.832760293,78.4412534237
170.445830117,78.2263458879
170.823648936,78.0234274825
171.292616451,77.5396227187
171.589026559,77.1888581083
171.868041839,76.7838909909
172.295355652,76.0753868168
172.608779113,75.5651784626
173.094474258,74.8392856789
173.464986104,74.3496613885
173.923024231,73.9226402507
174.64909792,73.5503091124
175.148541428,73.3994354733
175.971634317,73.2595299654
176.545053916,73.1955467052
177.085841903,73.1426808698
177.713142441,72.9485253236
178.018442835,72.7024190741
178.30260777,72.3529022462
