176.667103008,89.9229599551
176.669614947,89.9277628957
176.679098149,89.7811814241
176.707641906,89.6488615476
176.741313212,89.5366628908
176.785558675,89.4104279414
176.773846587,89.3689502495
176.66454107,89.3326425552
176.510312489,89.3229176473
176.261122392,89.3264078108
175.685616517,89.3274865274
175.357238869,89.3006406697
174.854602239,89.1473674682
174.705096192,88.9549747757
174.551366708,88.6066614104
174.325216991,88.3774056347
174.173828367,88.2141817873
173.932452079,88.0093921069
173.832422962,87.6536564041
173.822634353,87.1118860886
173.867795914,86.55739424
174.050761911,86.5131507024
174.717932036,86.4859337625
175.325760089,86.57881494
175.959614459,86.6988199634
176.959338952,86.8074265615
177.747497843,86.8588987652
178.572052209,86.8703990855
179.933138283,86.86566287
180.967605839,86.7498195411
182.573328004,86.412180849
183.629685081,86.1181741877
184.87302683,85.9071220935
186.977105365,85.8910617909
188.653247342,86.1243355568
191.185446409,86.3671118469
192.681879034,86.4204308158
193.934270098,86.5042280784
195.40224503,86.6643108325
196.226282648,86.7179638657
197.257455773,86.8445499076
198.101634974,87.1174725396
198.864206611,87.3125125608
199.971559174,87.4845533249
200.618771528,87.5288757139
201.544279474,87.379612543
202.250967712,87.3041380951
202.792230603,87.2961174968
203.240999712,87.1644458899
203.278133146,87.043777801
203.248407264,86.9362310499
203.233019066,86.9035601022
203.310718919,86.9907007554
203.858001911,87.3872722519
204.177579771,87.5124619873
204.630542472,87.4942519706
204.841667613,87.4365120088
205.130612756,87.4149956671
205.310772643,87.4062663343
205.326386838,87.35041236
204.794158369,87.0088318678
204.159716783,86.7490267381
203.330491905,86.5486247186
201.989466549,86.4119029182
200.780074371,86.3693509316
199.251482217,86.2249061844
196.24255738,85.8559555316
193.648612034,85.4883908192
188.591606755,84.7626356315
185.610838837,84.0445852861
183.064067288,83.5423015709
179.893004309,83.0644511201
178.209311096,82.992405715
176.136936279,83.0290334943
175.124683283,83.0992806788
174.285502951,83.237710909
173.17795834,83.4476529844
172.605533674,83.5909017799
172.032598506,83.7722628292
171.698726935,83.8799883596
171.542878278,83.9466265839
171.277823958,84.0075596212
171.057887015,84.0691355294
170.575489778,84.2118312516
170.207937794,84.3167686499
169.796821308,84.4065996215
169.230915033,84.5776560916
168.853433209,84.6495916251
168.439585879,84.7585084062
168.279717749,84.7659354855
168.154972409,84.7817580531
167.955102609,84.8246956268
167.876023142,84.8059743195
167.779862853,84.7265843072
167.66789791,84.6016470622
167.647402203,84.4872609243
167.955810933,84.3069526758
168.485391218,84.2723360808
169.009060267,84.3444553962
169.576080815,84.3818666952
169.676358586,84.3693434421
169.732379855,84.3048395836
169.698961828,84.192767158
169.673205579,84.0345548565
169.739213424,83.8344608826
169.765136642,83.7501128589
169.640919407,83.7036213111
169.302408451,83.7862483861
168.629258105,83.7872668538
167.524582138,83.695940085
166.686284976,83.6117094076
165.262305015,83.5638496941
164.172905618,83.4613803191
162.811006768,83.420922053
160.544683507,83.2307425932
158.987163187,82.971543116
156.584528269,82.5495959638
154.975480595,82.2236010509
153.166960725,81.8841946872
150.740433435,81.4839147096
149.262527484,81.4128071944
146.903600375,81.8191270925
145.170206398,82.129711946
143.088324093,82.0853175048
139.73935822,81.7561626003
137.540555471,81.6613052995
134.502512226,81.9778376493
132.875211009,82.3310572211
131.476989151,82.6751684516
129.587529132,83.2792829798
128.491656958,83.702528292
127.281529108,84.1964600336
125.814992988,84.6231045549
124.953335925,85.0122622706
123.791222327,85.5183099361
123.013694994,85.8507359567
122.264483344,86.0959008214
120.894370855,86.298477585
119.610833025,86.2490838581
117.438302182,86.3931545801
116.176358965,86.637453065
114.985780174,87.0648356318
113.275689311,87.5886146707
112.14532106,87.7900896074
110.649924392,88.2623590634
110.006483625,88.620360087
109.556187608,88.9272362966
108.988459181,89.301747564
108.51556626,89.2166830742
107.50836659,89.3485144077
106.869350747,89.5369320077
106.140583252,89.666645666
104.859698992,89.950310394
104.009998107,90.1468701636
103.109196079,90.355240601
102.892659512,90.6072962939
102.960882789,90.9697635695
103.412513934,91.6571456733
103.653369309,92.0704137884
103.850100476,92.5554302557
103.78976858,92.8743014987
103.60481633,93.1610585938
103.340916609,93.5199209349
103.359902853,93.6420919262
103.434248467,93.6669122287
103.494972858,93.644937148
103.452990981,93.5919879073
102.541766523,93.3890628438
101.757913233,93.2984902295
100.93348541,93.2864151547
99.6748476101,93.3137541772
98.9469330172,93.3090610522
98.1758156206,93.1100583875
97.4130750904,93.1073411037
96.5794938184,93.0577589485
95.3659749258,92.8999502874
94.733393976,92.662784123
93.9721299741,92.2302154738
93.638552177,92.0494262714
93.3539267361,91.9235024934
93.3504649686,91.8550010617
93.6347789595,91.5641933207
95.0594839079,90.7506189958
96.2247576743,90.506780265
97.3800571157,90.1134608173
98.9299349597,89.9945590553
99.8397511896,89.8023372633
101.512492601,90.1188791517
102.585319551,90.1496253263
103.865050731,90.0351009403
105.949204819,90.4770677327
108.05508111,90.3678411277
112.107944906,90.1667639218
115.041802524,90.1557422752
118.066929693,90.1934380845
122.256140785,90.0855236909
125.360453404,89.91788148
129.803952175,89.65688871
132.720584264,89.4929006698
134.925617981,89.4713177719
137.305121397,89.5992327162
137.200297096,89.4576787501
136.897979536,88.6776292088
136.883209082,88.3674056272
137.244389824,88.3231477019
138.531772632,88.462481001
139.793263446,88.5823424659
140.868561642,88.8169778989
142.075865429,89.1090629083
142.591005053,89.104080995
143.30802894,88.9976122084
143.815823776,88.9452888469
144.494860378,88.9446921007
145.540236744,88.9315177275
145.974356971,88.9581862606
146.754909537,88.8187370819
147.403101648,88.7431531911
148.047179246,88.7603474778
148.820073204,88.9301544327
149.231107255,89.0121677506
149.718997011,89.0919988868
150.111590865,89.1607129374
150.545172449,89.2848963303
150.996238805,89.3714284541
151.533377788,89.3070852678
152.269370702,89.3252424809
152.862590096,89.2995655759
153.337193337,89.371718952
153.866461733,89.319357167
154.337267396,89.3448101002
155.248787971,89.5533270884
156.060618886,89.6242610535
156.770660722,89.7735205911
157.654809188,89.7712732083
158.236870054,89.7237624768
159.36958551,89.6164361564
160.195428775,89.5734535087
161.075820392,89.6257377326
162.653961625,89.7464575204
163.868616975,89.8090382473
165.072587339,89.8221085526
166.813288969,89.774403553
167.720751815,89.5944728852
168.101302763,89.4565412883
167.97403514,89.4166640723
168.536523513,89.5046228142
169.860947219,89.6804155008
170.985396023,89.6497282868
172.610019921,89.5670267278
173.657900096,89.4926233467
174.772181343,89.5543174084
176.711829857,89.8568349172
178.068919284,90.0518731078
179.939170116,89.9643375197
181.024750638,89.8359376961
181.872014169,89.6557148875
182.91986124,89.4992949831
183.535068882,89.4107187984
184.381750164,89.3611531524
184.715039569,89.3855017028
184.779886554,89.404098701
184.784620852,89.3635937807
184.800211332,89.3383334108
184.847222374,89.3694325933
184.881885444,89.3869776326
184.917019856,89.3772983597
184.994250698,89.3390296562
185.119771931,89.3030089951
185.261412372,89.2752002376
185.44238117,89.2570573136
185.466504002,89.2156944862
185.348606345,89.1737033837
184.976549228,89.0177510537
184.586217442,88.733928413
184.013303133,88.29110833
183.800978571,88.1943186098
183.479185475,88.1054777916
183.552869037,88.1093870998
183.569639252,88.1415705023
183.536652759,88.1869080924
183.422117646,88.1537154994
183.118238514,88.0294777513
183.03304437,88.0129860997
182.9870599,88.032035192
182.926232542,88.0840307371
182.878513105,88.0979283042
182.649319682,88.0576798104
182.405594663,87.9776647765
182.206372499,87.9195453784
181.87439745,87.8314235856
181.608064452,87.7566702295
181.323806759,87.7244096849
181.200135493,87.6830469023
181.102071062,87.6626911979
180.967874684,87.6408165836
180.874773501,87.6225328035
180.789789928,87.5983561547
180.728586695,87.5870988622
180.637677405,87.5590178667
180.474972023,87.5035821788
180.308678485,87.4809199175
179.982942819,87.4584617605
179.12003727,87.5388418931
178.420642815,87.5417716849
177.343797599,87.5590655423
176.653919642,87.5502246756
176.124769134,87.5640248688
175.495877611,87.6569625935
175.175879947,87.8045012054
174.609470372,88.0756707174
174.035049791,88.2384368188
173.281064186,88.2535219605
171.702419081,88.2500847355
170.384227388,88.0625431366
167.891114724,87.7831215557
166.112383863,87.4195987067
164.560451769,87.1001510044
162.350875647,86.7457026862
161.344570115,86.5324365785
160.679732077,86.4725259076
160.203738679,86.4974999186
160.319040201,86.5719615365
160.442926258,86.6096877828
160.58713042,86.5866794546
160.737503224,86.5614788081
160.865836332,86.5415812027
161.030322265,86.5787906572
161.505186963,86.620600757
162.049879534,86.6875108214
162.752721237,86.7434820009
163.237526425,86.7003249429
163.728771238,86.6699246886
165.043862338,86.8155052705
166.326518745,87.1200232874
168.092067165,87.5778358964
170.886436719,88.1865524582
172.419488327,88.3872835983
173.898048511,88.5345421528
174.449741512,88.5613868209
174.659046012,88.5751289677
174.613642294,88.4922159185
174.660540784,88.4328771255
174.869915086,88.3624369869
175.197762741,88.3551256342
175.571817738,88.3898703214
176.032446414,88.4384389766
176.188224307,88.520255879
176.130596578,89.0635524782
176.0099348,89.2019229613
175.837155343,89.239581321
175.24924973,89.1466164059
174.732513915,88.9108115219
173.989949085,88.5500794
173.477057596,88.3815556636
173.047705836,88.292662668
172.537398555,88.2638908684
172.345063459,88.2935080452
172.153646141,88.3776871989
171.96677227,88.4381357521
171.814877997,88.4657921157
171.519329263,88.5114738713
171.366022348,88.5564586263
171.215720283,88.6749648823
171.16848545,88.7552282527
171.14733578,88.8278666
171.192895692,88.9170032333
171.246721686,88.944719286
171.320699975,88.9600330453
171.344293598,88.9448639749
171.342549771,88.9273263054
171.288288241,88.9082140139
171.242327819,88.8648749647
171.215901921,88.8286710767
171.262124177,88.7816122685
171.384746866,88.7627002233
171.745099532,88.753957792
171.961814917,88.7327513208
172.151617698,88.7152210674
172.29425914,88.616570002
172.337206714,88.5002340133
172.395412648,88.3318599697
172.488873427,88.2631543556
172.602036175,88.2435684056
172.830642144,88.2968408844
172.962764434,88.3400761418
173.062681584,88.433741001
173.072911155,88.512196364
173.085274756,88.5905906542
173.056319226,88.713553954
173.04019471,88.7827527694
173.059953829,88.8654901155
173.048169836,88.9053113734
173.079589453,88.9350455041
173.116390797,88.9556685923
173.126774231,89.0121838134
173.093926883,89.1030979935
173.030088372,89.1613083319
172.965079688,89.2227523376
172.837467321,89.2987403504
172.75558189,89.3447592394
172.630969955,89.3768880775
172.601803461,89.3982595353
172.562657615,89.4440253746
172.500856704,89.5220730786
172.470286917,89.584527909
172.441253653,89.6937017315
172.405316097,89.7463977922
172.367856087,89.7653330932
172.315790074,89.7433607253
172.281704242,89.7175910711
172.270641769,89.6906191595
172.320983779,89.6724717975
172.350830784,89.6724859805
172.393913588,89.6628179821
172.399119377,89.6656509815
172.402273346,89.6801387421
172.383063849,89.6877378128
172.361316761,89.6916837247
172.329723054,89.6839272413
172.318300962,89.6687149152
172.325454454,89.6443780728
172.360822787,89.6260129741
172.388827748,89.6273083404
172.415081724,89.6503087491
172.415341203,89.6660770271
172.420032981,89.6541973653
172.425056534,89.6422033745
172.432184063,89.6488487661
172.41528541,89.6899143771
172.391546072,89.7396015101
172.358197334,89.7993780844
172.314828124,89.8798029807
172.282118253,89.9262353837
172.255900506,89.9965535069
172.247284665,90.020741685
172.245782799,90.0369453986
172.25951051,90.0539674161
172.278074976,90.0662180169
172.302015728,90.1137174315
172.311830057,90.1704381851
172.326702249,90.2206651847
172.340775079,90.2388869431
172.34863307,90.241741709
172.349349088,90.2241253916
172.352678292,90.1323909343
172.368288768,90.0528216589
172.404571144,89.9587123414
172.432851036,89.9075023625
172.456896618,89.8479632783
172.466298656,89.7967933265
172.479827763,89.7598036107
172.49092501,89.7229277161
172.49523798,89.7145615148
172.516090755,89.7194515266
172.567954432,89.7425012258
172.629730232,89.7466071245
172.804154616,89.7581228771
172.912388011,89.7470738938
173.012468794,89.6918572467
173.153039678,89.6165772346
173.252285426,89.5655773729
173.576673197,89.5138128963
174.575578576,89.3761211497
175.262705132,89.3120977703
177.017677076,89.2536966589
178.511144094,89.2380596081
180.380592414,89.3246978977
183.544401796,89.5851611633
185.822260694,89.687988635
189.213759717,89.6994014493
191.519934527,89.5732304177
195.356104734,89.2649530174
198.350795057,89.0322084481
201.314825592,88.8960406083
205.900541476,88.8633229486
208.826021006,88.8374869922
211.931710542,89.0981440033
216.71388849,89.8691064494
219.807206124,90.2536113142
223.490367062,90.7189238807
225.322767686,90.708848336
226.796482243,90.5279911429
228.539064585,90.1752778376
229.610299469,90.0867109937
230.850422325,90.2330122048
231.686106894,90.5260565355
232.498661592,90.6404544223
234.29564064,90.739963935
235.738982697,90.745586934
237.84141068,90.8357417515
239.114633857,91.0853146399
240.700120622,92.5343557124
243.574887293,93.3961359871
244.577559375,93.4512251187
245.641989934,93.1864100427
246.420341014,92.9153569966
247.274085719,92.9113090377
248.327928008,92.8810731296
248.641249028,93.1201097618
249.032813316,93.3213165022
249.228540727,93.3084959484
249.367478365,93.1848345262
249.699095657,93.0261601572
250.028885154,92.8551661713
250.826494865,92.9459486263
251.409422995,92.8885345832
252.038681468,92.8540198038
253.188841682,92.905153713
254.030506043,92.9626480383
255.298287486,92.9366113586
256.196348649,92.9575658022
257.275440931,93.0313270406
258.994909892,93.0297862029
260.166162281,93.0902319431
261.179349067,92.9919530941
262.764257131,93.0110418318
264.035581115,92.979414643
266.392306704,92.8734154866
268.067683475,92.910586356
269.480949099,92.9735606716
271.095438698,92.9170127107
272.027557123,92.8744105161
273.768588448,92.9967852579
275.136991645,93.0168936192
276.610621822,92.8058428531
280.690818178,92.4422410985
283.337301238,92.8279346398
286.617556833,92.3342772126
287.939489616,92.3761763639
288.790982971,92.4101344775
289.457717797,92.5064070593
289.503074431,92.6341893129
289.456367561,92.5266139365
289.372916541,92.7027195508
289.386183467,92.6091841322
289.720393753,92.7098402047
289.752840131,92.3568113162
289.374058193,92.367491744
289.272285167,92.1674269011
288.769320637,92.3877856764
288.36406912,92.4636471848
288.020163603,92.5760338
287.906073266,92.7092998363
287.768109237,92.6456679883
287.614370446,92.6973054422
287.411860139,92.7378804847
287.155179119,92.6648346823
286.917498432,92.7529184935
286.426413708,92.7545130601
286.145323149,92.7797299306
285.552097202,92.6923950932
285.014812507,92.7319619832
284.507849867,92.6924737429
283.752184502,92.7304015386
283.574955696,92.8374155448
283.300882399,92.8072312069
282.991037677,92.796416693
282.588931338,92.7809484741
281.660573002,92.5591237368
280.662411699,92.5495312777
278.931466705,92.4638779171
277.651348774,92.5200672676
276.571846548,92.3867677567
275.251865411,92.5301613172
274.425252371,92.6415482899
272.964973727,92.8675307707
272.337216007,92.7973501804
271.705124568,92.8198047341
270.73366797,92.6673220715
269.979128585,92.6308721601
268.634734582,92.3983466499
267.427884984,92.1099431335
265.769084677,91.6686659913
261.923958894,90.902799601
258.313472897,90.1114322884
250.746895578,89.3983095725
243.963508132,88.7557058819
236.360714033,87.6512841716
224.361733042,85.9835081257
216.093408916,85.1863401577
203.382248833,85.011239063
194.949011857,85.1576482918
186.687786235,85.4095139437
174.899837835,85.9864402
167.185176153,86.289056777
159.478570225,86.2035024917
149.453384109,85.9639857273
143.953632225,86.15753797
137.076994338,86.4453298244
133.216519263,86.4516353345
129.842643216,86.3899492473
125.114735234,86.4295496115
122.131999982,86.3497562077
118.12883321,85.872727807
115.302135579,85.8365853365
112.477164272,85.8939331772
108.091165879,86.2444119598
105.337748527,86.3412259338
101.79175194,86.5034009159
99.8278944227,86.6676004272
97.9573923262,86.6886055158
95.313234233,86.4052083104
93.7270916706,86.189505185
91.2665684248,85.9524981708
89.5470845351,85.9273493527
87.8528648802,85.9454216662
85.574436749,85.8728007548
84.4372678591,85.7451268213
82.514053277,85.5964443143
81.0106893524,85.4806062237
79.4782583358,85.4221133209
77.6027416811,85.280196398
76.5708858407,85.2651508992
75.4492906823,85.3184452163
74.8259462957,85.4717504023
74.2496512832,85.7897803739
73.5091162114,86.0524648634
72.9663207842,86.4252451444
72.7346627291,86.5004691144
72.3665105507,86.8535247495
72.1976797295,87.1788168764
71.7093205657,87.7421061833
71.5081919783,88.2270036525
71.6976900209,88.4763941625
72.3274341399,89.1225343365
72.7553160854,89.3096084128
73.2409669201,89.5323026058
73.5322882936,89.4827386223
74.0767804959,89.4219254046
75.120614785,89.267517568
75.4422593373,89.0649661853
75.5802487767,89.0500308688
75.6255191667,88.939569386
75.9485389324,88.8874721635
76.7158479748,88.5980403427
77.2107343379,88.5044173906
77.8680123379,88.2269529478
78.3223491807,88.104566077
79.0943621688,87.7150320263
80.6146895104,87.0320206944
81.7262638857,86.5046465891
83.7662681072,85.6807345138
85.2476114744,85.1333673474
86.9066352453,84.8229933487
89.2701401646,84.0645440381
91.0974203837,83.6783537409
93.792682152,83.5487610731
95.5148945842,83.5991066685
96.9155345862,84.1438720569
98.5334599861,84.5368745876
99.5350688894,84.4222306607
100.254132344,84.3518608678
100.935827251,84.2685843415
101.211854774,84.3093829499
101.413301041,84.3032802208
101.526525585,84.3186271283
101.71562984,84.2950015366
102.198612061,84.3673142478
102.421322177,84.5402190742
102.919369311,84.8418617653
103.077692749,84.9562999073
103.265640046,85.0037993433
103.294829182,84.9501712253
103.176878813,84.7117961972
103.254658604,84.5948270624
103.686560594,84.5667849497
104.242341067,84.7134226137
105.04078879,84.9267255035
105.499329695,84.9908033046
106.172747548,84.8965958144
106.704847658,84.7553470302
107.306233297,84.4861929408
109.044843245,83.6717030201
111.025051463,82.9266254792
115.72800948,81.6390317155
119.548708705,80.8810451798
123.469745995,80.3758064075
129.22709535,80.2496858511
133.07389212,80.4302717694
136.939730594,80.6567462221
142.603833877,81.0318596388
146.029745041,81.366175145
150.28936988,82.0002107051
152.392087776,82.4624704523
154.893086477,82.6948191895
155.964524978,82.7005988274
156.683106874,82.5775526139
157.783818582,82.1307284954
158.575679511,81.7341443816
159.404031533,81.4216259272
160.819274962,81.2713030853
161.765090774,81.4109528375
163.284877079,81.7169334859
164.429479125,81.8846345575
165.650608245,82.1372847466
167.646921106,82.4529459916
169.123626724,82.6481861758
171.54278963,82.9784663176
173.117443766,83.0784329231
174.222628563,83.1545153659
175.121689983,82.9901587334
175.75041333,82.5789609919
176.838849846,82.3034466058
177.637105633,82.4985646813
178.54585675,82.7638665792
179.690669879,83.0829045596
180.226820173,83.1163103052
180.870457943,83.0275964479
181.070625393,82.9306947088
181.172455982,82.8174998725
181.439977841,82.6728974424
181.786129238,82.6192153984
182.171374847,82.6728844834
182.97584033,83.2307193741
183.715626552,83.7341532628
184.883352637,84.19196538
185.602509275,84.4387505348
186.526096266,84.5254043476
187.021559365,84.391142225
187.428445626,84.1497250422
187.613504981,83.5739390157
187.605385799,83.0478906225
187.594809709,82.6098593259
187.387202911,82.1931680502
187.315873029,81.9130279281
187.051502806,81.5520286744
186.868442505,81.2895476915
186.794751063,81.2174884217
186.582342625,81.1582350332
186.275952662,81.0660889011
185.665669855,81.0082110639
185.284448244,80.9729180408
184.819067404,80.9040385939
184.011101017,80.7581866486
183.27235058,80.6117780146
182.015056087,80.2335839944
181.059491046,79.9559931159
180.011625628,79.707216698
178.448143915,79.3617213926
177.425859967,79.2151341899
175.891027385,79.0565891561
174.884892757,78.9808997742
173.549246077,78.7382680974
171.136906729,77.8689731403
169.339302878,77.1008483256
167.454812421,76.3224688169
164.996371256,75.523246827
163.405672557,75.4354273503
161.301417257,75.3507969868
160.022391974,75.4390137504
158.310907116,75.4671380838
157.49474223,75.6000022221
156.95727779,75.9877500215
156.986959351,76.9568374319
157.09467893,77.7706534778
157.467925841,78.8435105376
157.67517338,79.5956828159
157.884098399,80.2458472175
158.2008228,81.0450703517
158.375009222,81.5241886486
158.448846686,81.8363763027
158.666624995,82.1193252292
158.723266615,82.2331718229
158.860606138,82.2282602175
159.22426506,82.1432545477
159.774774077,81.9629812331
160.919771035,81.7948694637
161.808295877,81.8903562084
163.011474608,82.2553956033
163.635824479,82.584974247
164.04178157,82.9625649305
164.175179863,83.3123238939
164.100750838,83.2824500484
164.050373409,83.2540029052
163.950840238,83.1185199138
163.988700377,82.9855045475
164.249911841,82.8668500685
164.465953261,82.8650598278
164.677789431,82.9293285785
164.798091606,82.9213834282
164.879078817,82.8334579229
165.127445727,82.5389907038
165.319326408,82.4065561074
165.467064274,82.4303669394
165.737488189,82.5355218288
165.859637535,82.7248567777
165.903456953,82.9085283395
165.855700067,83.0180380762
165.710867825,83.0971019938
165.623192538,83.1709113017
165.580806679,83.2326089375
165.58358272,83.3193452557
165.585008928,83.3692788118
165.591615568,83.4173985762
165.576714005,83.4715264635
165.688762253,83.5536074633
166.297320447,83.8470850185
166.812453759,84.118339888
167.389026957,84.4301947211
168.227075867,84.6529439163
168.625603468,84.7439107665
168.85724918,84.7252728824
168.906849476,84.6271656183
169.038358571,84.520154219
169.213382294,84.4184361362
169.351861211,84.428886766
169.614487885,84.5783708493
169.75764648,84.7024085085
169.831642461,84.7731443809
169.908155353,84.8119449879
169.95416559,84.8142047717
169.96396321,84.8114733608
169.936181575,84.7963359176
169.884860185,84.7648940243
169.802070392,84.7412770204
169.803457086,84.7304607351
169.834310746,84.7898125947
169.843497121,84.8040510639
169.837454838,84.7964085598
169.763410219,84.8073843321
169.697640868,84.8035518683
169.591904501,84.7981082148
169.519802352,84.7931101366
169.434327502,84.7768184335
169.332590913,84.6971243221
169.250881193,84.6231869963
169.157329136,84.569583906
169.114438073,84.5568149353
169.102547891,84.5552919853
169.116885659,84.5716761512
169.15041971,84.589071298
169.151862993,84.5943645447
169.116653526,84.5796106452
169.080517252,84.5580099631
169.052361751,84.5398514386
169.022535025,84.5236048057
168.979268584,84.5001193822
168.950415762,84.3925517384
168.927586394,84.3464643325
168.896263777,84.3136776157
168.871811568,84.3133031567
168.866541011,84.323126275
168.858262819,84.3845442284
168.863901898,84.4076373674
168.89606488,84.4099827248
168.909351234,84.4042909469
168.892102225,84.3945442147
168.823665959,84.3753715582
168.756798538,84.3561867146
168.636466898,84.3303313212
168.53246288,84.3063772692
168.431465585,84.2849514973
168.331819624,84.277098175
168.28296741,84.2896426002
168.179135006,84.2952364416
167.799781607,84.2468339124
166.781811566,83.9391841756
165.315592631,83.4073808908
164.256153603,83.1762121211
162.630536874,82.8275779636
161.492166956,82.6720436502
160.245847363,82.4890586413
157.752176394,82.2846676518
155.978337842,82.1415268554
154.174243754,81.9660115035
151.763962914,81.6480478234
150.030453204,81.597455739
147.257970743,81.4382229716
145.354714664,81.3142082923
143.39198441,81.1000165016
140.495533238,80.7698928592
138.70433096,80.6672810802
135.983833191,80.6617669591
134.416877048,80.6286310217
133.09826823,80.566579486
131.616626773,80.6058780916
130.930354983,80.7685914603
130.324125762,81.3117302417
130.079753533,81.7288299514
130.084213706,82.1329445403
130.300887459,82.6933753353
130.483165484,82.9762974973
130.773414349,83.278233032
130.976665033,83.4713227033
131.258549079,83.5580581698
131.442560779,83.6953392588
131.484702167,83.7066649028
131.098696335,83.6449871902
130.183236865,83.4398684794
128.936213074,83.3349901057
125.730293957,83.0412140717
122.730264425,82.7312749746
117.584922685,82.1383111194
114.478733966,82.056465219
111.939836422,82.2136360779
109.309010834,82.4232091636
108.15142893,82.5140339674
107.47500652,82.6063065269
106.75423414,82.3744520436
106.072500534,82.0190486938
105.725661093,81.9121136351
105.906701285,81.9988569145
105.915349058,81.9981075453
105.900853239,81.9304491234
105.858317056,81.8307500378
105.827810889,81.7640553397
105.878954874,81.8219175941
105.884006832,81.9299091976
105.902088308,82.0507628581
105.863344675,82.0537091446
105.864294747,82.06991604
105.912287043,82.0629301068
106.085340255,82.0677466582
106.250538966,82.0338048021
106.439509738,81.9442403021
106.909875975,81.7268227587
107.356930193,81.5570460265
107.952348654,81.356258319
109.091058989,81.135891908
110.102989374,80.8517402119
112.060274724,80.8219173527
113.655781986,80.7125902076
115.505416689,80.6504396068
117.918588144,80.1503018804
119.75881868,79.8127845858
121.875311083,79.4607255838
125.696981137,79.3491909868
128.14450114,79.2855717494
132.161497295,79.2688241277
134.649548857,79.4551331154
138.124727951,79.6498109272
140.01523005,79.5156832277
141.859046794,79.3726279886
144.515431951,79.5509220631
146.346250464,79.8032111524
148.285653165,80.158028233
151.264841664,80.7554780812
153.519802194,81.200229622
157.109983813,81.7851951433
159.33101477,82.067160722
161.425563383,82.1877467698
164.394182596,82.1173207172
166.304717628,82.1527621311
169.080709249,82.442884058
170.784019741,82.5670523574
172.514162166,82.6596421692
174.76759733,82.7317496369
176.053866198,82.7044981343
177.673901698,82.7614929422
178.468617197,82.7838131605
179.226046903,82.7833550651
179.910881495,82.8902178575
180.178949267,82.8745245786
180.142278708,82.8488421274
180.05397798,82.8478352366
179.753323336,82.8860961758
179.322310923,82.9436915432
179.316060003,82.9922849431
179.855857328,83.6173656148
180.567295064,84.0801778622
181.290340088,84.509426353
182.122314519,84.9572755842
182.456606822,85.0517697335
182.900646545,85.2810747224
183.068516684,85.4983392039
183.227433545,85.6423419592
183.34025694,85.8140136307
183.458439189,85.9327495882
183.539943564,86.0789812453
183.744286593,86.3465393899
183.835959189,86.5317401821
183.841123217,86.6926784472
183.777050351,86.7957155087
183.670791275,86.8869899639
183.510799865,87.1075296153
183.343935359,87.3013846903
182.988278137,87.5560371258
182.725104472,87.7041014736
182.494248762,87.7975417892
182.06092934,87.9033614555
181.795570697,87.9470758454
181.329725083,88.1271331242
181.13672515,88.2002266126
181.032748345,88.2990571203
181.164125935,88.4953016668
181.501668831,88.5917154787
182.585242125,88.7539680166
183.655132807,88.8434456527
184.723698979,88.9288753349
186.29632634,89.0012930506
187.214830248,88.9975559539
188.318288167,89.084422205
188.876522145,89.1121396043
189.247056012,89.1182402035
189.552829953,89.1184136396
189.641511443,89.121214638
189.706418811,89.1188639068
189.672651338,89.1313309247
189.507550239,89.163363306
189.225711695,89.1747465589
189.072011136,89.1893910755
188.783806964,89.214041173
188.510582305,89.2209137092
188.047378404,89.2006347911
186.854209496,89.1993328316
185.707765696,89.1495209439
184.569944119,89.0285968067
182.903112279,88.9799963608
181.933763861,89.0191438791
180.588543181,89.2630882285
179.739198834,89.435774393
178.858970788,89.605415644
177.593582054,89.6305422067
176.840119669,89.6398354403
175.650461308,89.6847002372
174.894079474,89.6707918281
174.1676866,89.5942630934
173.492113622,89.2436605961
173.229272914,89.0803055156
173.141854729,88.7883888782
173.245346953,88.6435211995
173.438411311,88.6227543131
173.687655929,88.5136490116
173.73327613,88.4815825512
173.731485026,88.301408449
173.698535267,88.0967812734
173.610944042,87.8693417656
173.622423731,87.558628085
173.758216634,87.3962459968
174.161950781,87.1818530088
174.51260968,86.9669729226
174.872442281,86.6729465003
175.399636736,86.2410809173
175.68337497,86.0014228568
176.019952431,85.6920154301
176.198524729,85.5006723463
176.304698116,85.3811436847
176.549221945,85.0967504172
176.858405601,84.7982664494
177.141609437,84.6639160653
177.450079995,84.4748658816
177.56081704,84.3853907386
177.664091344,84.2578950532
177.591932513,84.2051411486
177.568189074,84.1365218051
177.575103161,83.9121741688
177.652368782,83.8275467618
177.838498922,83.6853413226
177.93704841,83.6215465591
178.106199372,83.5068409201
178.248314499,83.4735090057
178.334038937,83.4245665095
178.716920978,83.1299496319
179.065868807,82.8860048296
179.414474783,82.7574063067
179.89645174,82.6130348093
180.182657744,82.4953169358
180.535535418,82.3430654105
180.766548463,82.13159601
181.060899742,81.9309800395
181.788145274,81.5224884676
182.232163656,81.4053717304
182.866637279,81.1592271767
183.138709606,81.0863148925
183.315111234,81.0089772902
183.375943189,80.8128309966
183.436841537,80.5947255661
183.421564336,80.2135354452
183.353281455,80.0582702043
183.437386244,79.9358884525
183.561760536,79.852275369
183.511803524,79.8207675353
183.365418781,79.6706621925
183.305452878,79.4609602212
183.230880607,79.3745514132
183.046850803,79.2825159988
183.056391842,79.2659460373
183.025579692,79.2525609026
182.974608956,79.2884594076
182.900277681,79.2933757288
182.753257689,79.2914931686
182.637931575,79.286554468
182.517684364,79.26373187
182.361301539,79.1968657796
182.280752432,79.1500983662
182.157165389,79.1153323909
182.068750406,79.0825232536
181.982763726,79.1183768669
181.767138433,79.4343718403
181.673502876,79.5571081105
181.466202591,79.5993408661
181.194013486,79.5565668613
180.923717486,79.4137984062
180.423462482,79.3673412185
180.166593178,79.555609047
180.101013674,80.1704754822
180.212404492,80.8156951072
180.332366606,81.272747559
180.422823124,81.5642155008
180.446374014,81.4940469129
180.378502903,81.4473669527
180.323137415,81.385097655
180.214227364,81.3025527226
179.992705582,81.1739463043
179.718084362,81.051524287
179.26507389,80.8258493026
178.711889907,80.7959563872
178.128753387,81.0015809657
177.104252952,81.439157657
176.215361568,81.6676349829
175.22133288,81.7576787065
173.62318497,81.6467377883
172.439202774,81.4319336728
170.861086555,81.1442007445
169.853455186,80.9502380155
168.948629857,80.8386321873
167.614777132,80.6807176533
166.803561518,80.6062453158
165.708384272,80.583608598
165.067417584,80.7321385287
164.630394379,80.9379085049
164.099265015,81.2327891084
163.694618087,81.3802248088
162.856996488,81.36981971
162.412684728,81.3111283638
162.014323298,81.3741023736
161.716165556,81.7606760105
161.649385259,82.1613078371
161.786327905,82.8749525381
161.866039529,83.3187478103
161.925573263,83.7345988806
162.135493181,84.3600225402
162.354774717,84.7265088635
162.681004898,85.1906277065
162.947345468,85.3754536994
163.183332094,85.5483938939
163.384962128,85.6666862653
163.469036266,85.6543687839
163.548280484,85.6991966283
163.556104099,85.6945024536
163.626347597,85.6818914194
163.916518052,85.6951137712
164.301875747,85.7324560359
164.770466252,85.8685378572
165.568625431,86.1186959748
166.141576987,86.2894703065
166.688449789,86.4259373336
167.470646041,86.5169395303
167.986764387,86.5540442509
168.473146651,86.6366981349
168.635182735,86.6373637131
168.753945991,86.5744820191
168.810279173,86.5484369985
168.815759066,86.5122567185
168.845427166,86.5112597888
168.889898165,86.5513057114
168.943220305,86.6289044055
168.973664119,86.6469768096
169.000283283,86.6578655714
169.083885934,86.6564094736
169.151000684,86.6453681293
169.228547022,86.62373228
169.287745598,86.5930481686
169.341285454,86.5684562102
169.387307852,86.5622628252
169.395445417,86.5586830625
169.362688965,86.5521137265
169.328621544,86.5440035835
169.290070287,86.5495044162
169.229652825,86.5782368977
169.178990648,86.5966360531
169.13746552,86.5888514032
169.119264597,86.5741289557
169.126279797,86.5691699891
169.143056393,86.5543130489
169.129381731,86.5450761326
169.049459677,86.5826590844
168.888153008,86.5992308834
168.658540862,86.6358741294
168.28023902,86.7626272075
167.978261724,86.8422496186
167.626816099,86.921743558
167.066961651,87.0327365639
166.680910521,87.1360413287
166.212325619,87.3243099981
165.97650288,87.4463243086
165.772987027,87.5216461664
165.646037076,87.6617772936
165.637221648,87.713964352
165.623085958,87.7717375902
165.622932941,87.8139445303
165.612782177,87.8609618732
165.576306216,87.8627608574
165.561365569,87.8356119089
165.561558891,87.8262230537
165.578476183,87.8560609165
165.58781545,87.8981329127
165.554878221,87.9499145609
165.533061778,87.9561319085
165.507641578,87.9454651147
165.530394638,87.8839618178
165.615705292,87.8012104248
165.83682383,87.6066276415
166.010135204,87.5256268281
166.287304807,87.4335287249
166.389723476,87.3870135301
166.536765371,87.2619190982
166.702011552,86.9414646428
166.91367348,86.654972476
167.777390094,85.7270668779
168.695147673,85.0601194966
169.847889113,84.3100767714
171.80971518,83.1947379671
173.155199446,82.6543751256
174.238209778,82.5203094458
175.373309023,82.3099144571
175.992598866,82.1725807505
176.746844314,81.8803900782
177.178430729,81.6673816904
177.617884753,81.4692096563
178.184612845,81.1588355005
178.503239189,80.892919454
178.994749328,80.6676906102
179.279525073,80.5420707082
179.492997998,80.4767712772
179.700060229,80.3647355617
179.788517104,80.3567834564
179.930998184,80.2876581358
180.026436264,80.248755164
180.100033053,80.2067202315
180.149892096,80.1458965967
180.155934674,80.0920350383
180.067401624,80.0989431323
179.946894031,80.1458759126
179.744006004,80.2089992579
179.406216637,80.3128139588
179.14317608,80.3892700467
178.827912096,80.4616228293
178.63910275,80.5133063604
178.440055485,80.5547567936
178.163441608,80.6216090291
178.001180132,80.6931530816
177.757064831,80.8233188948
177.6405525,80.8975952864
177.506237408,81.0063177803
177.336127719,81.2024611328
177.258228924,81.2764649841
177.157220933,81.3646929578
177.095560875,81.4366872422
177.038990767,81.4732883962
176.971447461,81.4984657767
176.950225791,81.4974596156
176.935122689,81.5049615064
176.936777102,81.5282732533
176.935534008,81.5599723593
176.922122832,81.5994320519
176.89067445,81.6294784779
176.845594736,81.6279732439
176.829544826,81.6354207889
176.817529573,81.6348052078
176.821289347,81.6320676177
176.843011172,81.644583941
176.865561585,81.6440850224
176.900235109,81.6611547781
176.908145207,81.6731842853
176.91577878,81.69794271
176.910946943,81.7125599564
176.891937478,81.7301177946
176.87661903,81.7754575055
176.860916343,81.8076755152
176.817514023,81.8726964542
176.771051989,81.8891611114
176.722236769,81.9142288582
176.59947338,81.9969622992
176.490333356,82.0716401512
176.326638627,82.1642401176
176.243784371,82.2354945888
176.200355786,82.3100023231
176.182988,82.353150951
176.177870002,82.3857399514
176.187101278,82.4271368407
176.193070619,82.4576868293
176.21332566,82.4577069527
176.267737045,82.4544317485
176.311750191,82.4570851039
176.366566109,82.4690331729
176.428592832,82.4860414139
176.460685934,82.4899431611
176.479913282,82.5066212587
176.493069863,82.5146297169
176.507907804,82.5177299041
176.525273285,82.5280145952
176.556827076,82.5283629504
176.657677456,82.5115096619
176.764040418,82.5264433367
176.877967291,82.5532002161
177.080727686,82.6054526053
177.195941883,82.6385754528
177.420922865,82.6906894965
177.556299034,82.6975018415
177.698918255,82.7127462676
177.829333128,82.7279245314
177.862699307,82.7272561312
177.820213878,82.6851718525
177.780428549,82.6621912159
177.735967184,82.6547264347
177.722083461,82.6631607812
177.712819949,82.6698983144
177.687312272,82.6606391515
177.671911237,82.6547438142
177.662447262,82.6489807418
177.656472942,82.6263321954
177.645055037,82.5958289306
177.620088325,82.5620179208
177.597171938,82.5016037428
177.565822716,82.4690914064
177.505328321,82.4509390445
177.464358544,82.4604493045
177.415856956,82.470982724
177.363529392,82.4968038583
177.346506698,82.5197958095
177.33434189,82.5674161115
177.334279807,82.5880423063
177.328708263,82.589129865
177.327775175,82.5712451545
177.334750595,82.5513946868
177.361708396,82.5381236075
177.380070732,82.5382714912
177.391844586,82.5391313871
177.394008148,82.5369010377
177.387324498,82.565054766
177.451532516,82.6577757344
177.599309629,82.7857845811
178.169905523,83.1970315824
179.474545239,83.8431139053
180.52078137,84.1520607416
182.668350173,84.6653562671
184.312277498,85.113888547
186.092070579,85.7424959842
189.118076507,87.3159195327
191.248430835,88.3137438052
194.183296978,89.4139517033
196.037778746,89.8638166916
197.675523524,90.1952887718
199.655976852,90.4710782291
200.425440391,90.3693026208
201.277791296,90.0814153878
201.615762806,89.9047531528
201.742697238,89.694794846
201.593301447,89.3500208842
201.465068153,89.0462122553
201.247102758,88.7581142568
201.189439143,88.6623570639
201.078546205,88.5078639658
201.029136072,88.2364362015
201.032400224,88.1657405788
201.100520308,88.1256990424
201.54445371,88.2111202512
201.965538998,88.3881054157
202.967406942,88.7083304245
203.861127609,89.0193569771
205.058165017,89.3922679931
206.985080966,90.0249882258
208.409801949,90.3495352796
210.803468411,90.7232636658
213.022682535,90.940005414
215.468938608,91.7114186605
219.239928873,92.9336689413
221.161467766,93.5495760625
223.031172937,93.6127093181
223.480764882,93.4002876731
223.46922617,93.1116835823
223.018067341,93.0170001639
222.556842601,92.9123875094
222.387000887,92.8434384799
222.272952299,92.8886210687
222.218140512,92.8977497522
222.01983469,92.9529472811
221.77203988,92.9433633687
221.08835079,93.0823792178
220.837415696,93.1688105271
220.596647697,93.2182746524
220.090248504,93.2595161382
219.541278458,93.2339845682
218.331394377,93.0397108334
217.321593582,92.84702095
215.928219695,92.6802044657
212.953826369,92.6891455865
210.536898519,92.4400396624
208.472381186,91.9984983787
205.295317216,91.7656526599
203.465246201,91.5542272542
200.63274015,91.4197122052
198.950499735,91.1027336033
197.285317889,90.7728140863
194.460028842,90.1102098429
192.307693671,89.4720117931
189.396350663,88.4908673446
187.768825619,88.1517542314
186.569894475,88.0305482541
185.267079046,88.1808508921
184.705238147,88.4419720695
184.312179923,88.9003523694
184.134625054,89.226123909
183.97404592,89.5017432249
183.782535734,89.7118144618
183.627588384,89.8407658194
183.26871188,90.0376896542
182.878909486,90.1774195733
182.433596378,90.2753307447
181.921865489,90.4718343488
181.514266474,90.5813785036
180.413853276,90.6627883657
179.461854282,90.6298740162
178.373850639,90.5945321207
176.544600126,90.4874145021
175.193769329,90.4130478917
172.878089166,90.2549622792
171.150788154,89.911859912
169.5074825,89.502514316
167.04922285,89.1217652183
165.67046648,88.9995622372
163.886976693,88.9901929521
162.77336749,89.0553021325
161.95168955,89.1502281046
161.246310226,89.4287773506
161.165786964,89.56473777
161.279270897,89.662061198
161.488059276,89.882248247
161.584627172,89.9988539592
161.651041596,90.1300596271
161.620898462,90.182250763
161.565129904,90.2370485774
161.538004127,90.3553498832
161.672680669,90.4486677574
162.455575674,90.6403427144
162.978997497,90.688727517
163.59062109,90.6653214079
164.66491527,90.5429340277
165.338418992,90.4867122164
166.460570588,90.3735333648
167.128616672,90.3392348717
167.756941253,90.3089702705
168.55072363,90.180695823
169.070675363,90.0896023555
169.796756699,89.8930945995
170.307354476,89.8109501953
170.792280047,89.7127009809
171.579418005,89.6610466593
172.131400963,89.6633259006
172.909495506,89.6382136636
173.355136403,89.5534825062
173.798028578,89.433734956
174.30762968,89.2602737223
174.535439249,89.184271496
174.636302565,89.1082240918
174.665488052,89.0768610581
174.648830374,89.0286329015
174.561674527,88.9428785084
174.503114808,88.9094412821
174.443798225,88.9018347937
174.382609919,88.920917689
174.358947382,88.9450455687
174.334123475,88.963168427
174.316220658,88.9626643745
174.291006673,88.9506805793
174.261851457,88.9370393974
174.239699924,88.926331342
174.186270095,88.9279572301
174.122476919,88.946045475
173.918502437,88.9830023938
173.19298658,88.9507873289
172.342212014,88.9459222263
170.794249863,88.6845859733
169.715894755,88.6226619039
168.604759143,88.6667615862
166.922036059,88.7558062
165.812004392,88.8292663014
164.088125942,88.9007534875
162.923395941,88.9580542488
161.594911175,89.0936268283
158.534832472,89.5939279145
155.978149896,89.6901799207
151.91604513,89.5258236704
149.332483242,89.4615093339
146.770923617,89.4625826407
143.39204786,89.5570591454
141.636215245,89.5835982576
139.918273488,89.6254832341
139.527404427,89.7409928375
139.651568385,89.754430282
140.487742194,89.622069093
141.605348019,89.5044972775
143.551103121,89.3895134826
144.635922963,89.5296291857
145.904141837,89.5754779527
147.399673795,89.7961964199
148.111038197,89.7884781177
148.845782839,89.6915623127
149.890535671,89.6121570422
