187.832313463,71.0444501661
190.371084117,69.8495468767
191.137082264,69.3464472082
192.064184819,69.4649183293
192.299791567,69.8829660687
192.172013704,70.3041169057
191.57762662,70.3656872649
190.766148615,70.3021648053
189.794510974,70.1067410502
189.683925371,70.3368665998
189.670083587,70.1811977791
189.369936545,69.8206345652
188.523102743,69.8673227974
184.884583448,68.8339759002
180.795272301,67.1202502691
174.355626475,65.0536798077
171.394001976,63.8371528315
169.722583782,62.9591606622
168.150260665,61.5166728424
167.821197084,60.0282424098
167.860338373,57.332240162
167.811919342,55.4381248653
167.427303567,54.0879727074
166.955616189,52.2059713494
166.588008238,51.0798492306
166.047787228,50.2752119076
165.341881736,48.6743892047
164.903918348,47.4316008492
164.260693477,45.6661800271
163.845769594,44.783593878
163.28536886,44.3630606305
162.307680116,43.8754113272
161.653438611,43.2437157129
160.415420621,42.5367837707
159.403898765,42.1562157089
158.28930051,41.8065265909
156.46452648,41.2322159809
155.131449653,40.7807839552
152.852653984,39.8690237178
150.895929806,39.3268587019
148.760477969,39.0436071687
145.178358378,40.0932723866
143.127638386,40.9473822022
139.399121925,41.5793487652
136.640305316,41.8371500811
133.795853595,41.9821648366
129.867614894,42.3282966242
127.089049875,42.9104593772
122.649680685,44.1686103054
119.233725046,45.887757144
115.797401928,48.2662147134
112.994617006,53.2686178317
112.787464091,57.2653525231
113.048853644,61.5308574978
113.24997474,63.9991130402
113.292356934,66.0882001842
113.255074519,68.6009587924
113.325864727,69.9630703223
113.637130652,71.624168194
114.139440785,72.1362269991
114.948975371,72.9343946756
116.571035932,73.8998953973
117.570396348,74.3851617386
118.313957528,74.5515239489
119.117265915,74.7594686978
119.535591106,74.8725785955
120.209294263,75.1047220552
120.688071215,75.2643661391
121.306668801,75.3342377084
122.455374281,75.5570063855
123.313228411,75.5801654521
124.818578144,75.5043039132
125.980943835,75.4055341246
127.110514327,75.2931096836
128.954287699,75.048464166
130.655850186,74.8607188114
134.097493887,74.7710972872
136.862561632,74.8494693647
139.806258816,74.9876751533
143.946755042,75.2814801418
146.591704336,75.6243941512
149.904947545,75.9327670328
151.824412339,76.0000871327
153.557752608,76.0889941253
156.363041224,76.3673856176
158.35519437,76.6770749525
162.350711155,77.2814893949
165.183853185,77.79645331
167.763847874,78.1807114855
171.008306651,78.6298109763
172.686785318,78.8517126371
175.214567274,79.1567043653
176.684723904,79.1428576343
177.982813279,79.0850172699
179.738586772,78.917930827
180.696584526,78.8569731897
181.443140393,78.8929572806
182.383282021,78.9838219303
182.888901318,79.0509206249
183.516169489,79.1561610602
183.952989258,79.2271310368
184.408652022,79.278727432
185.171791292,79.4377177317
185.758238444,79.5307793135
186.638514054,79.7322405137
187.178979287,79.7812222067
187.744110548,79.7759828163
188.59343624,79.8316552957
189.206497725,79.7778676773
190.074351562,79.748013437
190.589993011,79.7396370467
190.926795914,79.742061574
191.408049111,79.7344788041
191.693751014,79.809026649
191.681869621,79.9880530261
191.445571676,80.2968694307
191.162641199,80.5858284034
191.172546146,80.8009058726
191.338949022,80.9466108717
192.347579929,81.1376960861
193.184322138,81.1095243977
194.141767134,81.0584912572
195.537515328,81.0346535442
196.474962449,80.9521407449
197.648486254,80.9030468378
198.288169911,80.8386712967
198.895664092,80.7886602799
199.809070414,80.8097174155
200.820426104,80.9834779443
203.207705812,81.8277564514
204.859082291,82.3638915816
206.615416657,82.9408047463
209.009983092,83.506191107
210.393309028,83.7572464599
211.677634135,83.8558633283
213.288674608,83.9044122751
214.291774561,83.9105854372
215.830689631,83.9181135346
216.908985034,83.9244294366
218.227838667,83.927342473
220.710453014,84.181134058
222.629509629,84.3479798683
226.207837651,84.5121818163
228.997195904,84.387682966
231.894815556,84.1813432329
235.655966301,83.6577255499
237.776008138,83.3994898118
240.519461279,83.1279719544
242.06969847,83.0530459612
243.403670882,83.008166721
245.202224496,82.8648739337
246.314564135,82.7593073683
247.991021601,82.6546296933
249.326376213,82.6696322147
250.690799497,82.762393674
252.599649048,83.2143307369
253.684441414,83.557534075
254.679180282,83.9177300382
256.03763971,84.1470787252
256.960539117,84.2303242416
258.139084749,83.8908489461
258.73707216,83.3959775074
259.348464864,82.8988308016
260.393027225,82.6441416084
261.068970433,82.6365173429
261.941859319,82.6511002223
262.424624984,82.5877505579
262.928541058,82.6984484566
264.010098676,82.9650828634
264.930765811,83.3300135929
266.128493834,83.8833237655
266.823534053,84.0391316593
267.648085809,83.8449446746
268.649101908,84.2964654011
269.419204372,84.6816547013
270.643272576,85.3089174344
271.308607602,85.6719349351
271.861220344,85.8275104305
272.632348804,86.3951532837
273.021218807,87.2232512086
274.414195344,87.9645799454
275.538456208,88.1381934892
276.755268723,88.12284006
278.473911138,87.7560138271
279.525282809,87.4808389978
280.879068684,87.4624482609
281.876000698,87.6150698589
282.948870914,87.7367267692
284.884917611,87.8050023704
286.332348539,87.7790249383
288.461700366,87.7802957204
289.809609565,87.857422711
290.988712634,87.9294383974
292.604469611,88.2131939183
293.640207958,88.4210883959
294.663512842,88.6189885162
296.068739746,88.7510263057
296.98576728,88.8747685813
298.249482843,89.0908322966
299.134998487,89.2121378036
300.051873885,89.3908349345
301.704520376,89.7574007582
302.759696031,89.9639467579
304.301367312,90.1986860523
305.325198146,90.2989374208
306.392089495,90.3206944133
308.061853105,90.3175712693
309.26067629,90.3097957901
311.151625606,90.3272241338
312.258933569,90.3909819911
313.312107284,90.4861922177
314.675956945,90.394332845
315.673724192,90.3127671976
317.406050199,90.0268877621
318.613234126,89.9403235884
319.771506617,89.9477306814
321.389845541,90.0236175639
322.488116165,90.0581674417
323.487077102,90.0755587532
324.905130197,89.9167406156
325.829263387,89.7762964074
327.271450951,89.4161901736
328.230729265,89.2239123464
329.744384528,88.879791771
330.698590787,88.7470380933
331.444037303,88.6384311939
332.359544331,88.4105423358
332.785021229,88.0872089312
333.344794347,87.4433510555
333.717885396,87.1648201934
334.115985439,87.1270576118
334.768321685,87.3003079462
335.138959816,87.6348325274
335.598923519,88.117691998
336.007663186,88.3817591498
336.39984032,88.4959771411
337.031516514,88.5106468176
337.409568215,88.4330785125
337.501197487,88.3771719708
337.671750653,88.2853440047
337.864512825,88.2176781595
338.456775136,88.1870528579
338.901321271,88.1822735472
339.356931956,88.1586354369
340.352636989,88.053164041
341.132308513,88.0228877544
342.311702875,88.0611892576
343.086765371,88.0975771053
343.840968885,88.1270934479
344.945860273,88.1610183817
345.584354017,88.2141047038
346.532941602,88.299964401
347.27038945,88.378839817
348.09947575,88.4215278462
349.482341789,88.3733429401
350.392484729,88.3248613396
351.841648024,88.302663415
352.771798472,88.2598065249
353.621660583,88.3015580042
354.801974015,88.1845370965
355.55498282,88.1310117426
356.758980548,88.058968563
357.712502773,88.0242191426
358.721001451,88.0061589477
0.136165766263,87.8819452975
1.1457683378,87.6829327051
2.62623209102,87.4332967629
3.51258916905,87.3898055232
4.31717569242,87.3193480221
5.3574121257,87.1386823976
5.98786988417,86.972496262
6.82111670183,86.5614161424
7.33449420352,86.3027356372
7.73399097938,86.1265556987
8.45915859951,86.1095741443
9.03520926436,86.3006487263
9.5300001733,86.5692809427
10.2131005732,86.8121482884
10.6930290458,86.9245226321
11.1663256178,87.0352949287
11.4081810141,87.2068259986
11.7955219386,87.7850437831
12.6533766358,88.6348755494
13.3449588136,88.7738913535
14.8754503486,88.7621017884
16.2245209995,88.6720258938
17.9367064508,88.7314694106
20.4390828603,88.9703139542
21.9709252109,89.0803883341
24.0232267373,89.0692796028
25.1081036136,89.0616166504
25.9196363731,89.0790945843
26.889868886,89.1472729764
27.4385700006,89.1415701695
28.3346482381,89.0612195568
29.2001384224,88.7413014472
30.1764166663,88.3285325104
31.5705139881,88.1483631009
32.4427495828,88.2254047569
33.5029510645,88.460692242
34.0565402838,88.4654476003
34.5461648294,88.2826504485
35.2546003946,88.199866491
35.8564633644,88.0768554872
36.7820048742,87.952034889
37.3061672155,87.9413666354
37.7349715887,87.9176732114
38.360868272,87.8992846277
38.7970928944,87.9254858454
39.3138968711,88.0482032138
40.1618299675,88.3072368123
40.7555972592,88.4020432895
41.5348437048,88.5735474069
41.9225486322,88.6831971205
42.151823388,88.656436951
42.4352915751,88.6815819013
42.7094578383,88.7211266353
43.4173892223,88.6219153419
43.8260046215,88.685488521
44.2129213693,88.7959018084
44.6424134827,88.9525577852
45.0805674196,89.138560921
45.6615290175,89.5305639909
46.1066981775,89.8653112665
46.5885506744,90.3547658356
47.0643463066,90.6038820998
47.6893512716,90.931386372
48.3802431338,91.4616701644
48.7496725055,92.2050623979
49.2384356016,92.9521194694
49.9317590354,93.5875584404
50.0943801286,94.2283715948
50.3439426799,95.6992449048
50.6599351566,96.7756736919
51.0587973869,97.9867314786
51.6184415829,99.4019266218
52.0833329059,100.132532012
52.4771040274,101.078027806
52.6393334232,101.762523909
52.2847378022,102.751870442
50.5890127144,104.380669185
49.4895334701,105.626596549
48.0550824093,106.840394717
45.0189640878,108.242281182
41.7390950462,108.840845899
36.420132236,108.603176412
32.6803218859,108.287403306
28.7123081789,108.036533214
22.7465149201,108.515511998
19.0184671912,108.571249161
13.6960324625,109.613309211
10.493198571,109.926862983
7.94833969644,110.310764687
4.5759556547,111.308503607
1.54537694014,111.783598908
356.126837672,112.466972638
351.563952615,112.793656771
347.360239558,112.939235651
342.256234362,112.884630845
339.66963712,112.821672535
336.178522513,112.670053497
334.19435237,112.512998665
332.382851175,112.373255002
328.594803369,112.360491938
325.540859423,111.853800274
321.21364958,110.829202671
318.895539828,110.081632967
317.224813535,109.21167461
315.79924167,107.755669062
314.635253174,106.845020109
312.691285523,105.401510712
311.276853399,104.350704132
309.972699683,103.437201892
308.417333887,101.95916819
307.697944389,101.318071774
306.934000932,100.942664685
306.3647289,100.820085835
306.225428701,100.789804817
306.517236164,100.567696972
307.106526634,100.093933144
307.532550265,99.4999275064
308.062695469,98.3299777349
308.293897839,97.3691355666
308.399820544,95.9259395572
308.407256394,94.9042066275
308.502444678,93.791272442
308.603849428,92.4314863154
308.826798327,91.5211425261
309.29222818,90.36190283
309.808248263,89.7602533112
310.480564297,89.176948887
311.572783649,88.421564363
312.169016566,88.0426808826
312.794812836,87.6820744317
313.027944656,87.5110417985
313.418306224,87.4117543801
314.291856415,87.1265104287
315.097739422,86.8978561653
316.68701918,86.5086012069
318.188375473,86.3368548106
319.666579315,86.3280764277
322.060097116,86.0717913521
323.707352759,85.8775403805
326.477433261,85.180421513
328.777165551,84.5176016002
331.713426014,83.885121157
337.066637038,83.6912677281
340.292174242,84.0894971263
344.487354858,84.4550531813
347.381212772,84.3493573408
350.213257463,84.2704291482
354.721585892,84.2506456186
358.30487286,84.3017590115
2.17407505698,84.2826809542
8.17028062796,84.35013535
12.0014221437,84.3688734597
17.6186793603,84.3904991151
21.3585654984,84.4485680131
25.0999540963,84.4557006909
31.6403841464,84.7914026191
36.251645182,85.0949810046
43.4515405287,85.6099638953
47.3791780104,85.7207949442
50.6003079775,85.6872542409
54.8040770197,85.7469536066
57.009650314,85.8220092959
60.1906333753,85.8127189191
62.3037631465,85.8364380735
64.2458459399,85.8308364305
66.9287292776,85.9097147241
68.5108118181,86.0289044184
70.7296507613,86.1154216587
72.0663802645,86.1369135217
73.5082860122,86.1392379678
75.8656383509,86.1759184649
77.5846337917,86.2037432877
80.317454259,86.1988749856
82.1232962647,86.1388777024
83.95686431,86.231815518
86.4629092107,86.3843488123
87.9778244904,86.4912095853
90.2732754332,86.591063928
91.6673302193,86.5799597636
92.9597118398,86.5312538922
94.784812076,86.4133731397
95.9373329311,86.3829543172
96.967880188,86.2911806159
98.3951322627,86.3048981712
99.3293781044,86.1867878697
100.724640225,85.850192031
101.681435948,85.4529260248
102.690070927,85.0103051153
104.437444087,84.4091207674
105.918302212,83.881291445
108.275528062,82.8945158978
109.8446246,82.2971558895
111.158341812,81.8799417916
112.842819575,81.0336870707
113.94503442,80.4638130724
115.83169984,79.8395865111
117.219542552,79.6558635362
118.478485498,79.7007898354
119.553432511,80.048577432
120.033408913,80.1549328857
120.730982258,80.2764569483
121.090048711,80.5101328813
121.471761218,80.8603446101
121.897777972,81.6058421751
122.149472672,82.0248027057
122.393626428,82.6738428926
122.382031073,82.8603597715
122.377312223,82.9222600676
122.348555514,82.9899637456
122.454524711,82.9977572035
123.004363333,82.9267063466
123.371366816,82.9147224745
123.636395064,82.8805591647
123.865599607,82.8397069728
123.882764758,82.7891381315
123.842738102,82.3498375129
123.90796558,82.1148861609
124.07079608,81.9645283872
124.557027551,81.6722665726
125.026613582,81.4974872518
125.366448063,81.4664657306
125.530766171,81.5589227707
125.636763647,81.6743752106
125.605275996,81.8278893648
125.46486188,81.9228336663
125.034983821,81.9992704871
123.514236452,82.0042891413
121.785609998,81.7248778234
119.651237949,81.3902260114
116.347853848,81.1735218663
114.66452791,81.0832673392
113.445023974,81.0816069041
113.187485446,80.9131063951
113.49220191,80.9689877946
114.005084047,81.1368325383
114.922324702,81.4412382298
116.382232773,81.8754577066
117.366710914,82.0534594343
118.719969857,82.2043144067
119.712199274,82.3432445941
120.573386751,82.4667222511
122.126842079,82.7432527822
123.613083114,83.001356533
127.005565941,83.3635934751
129.758326844,83.6391895964
132.558086791,83.8815741267
136.446658326,84.4034052138
138.789866265,84.6859634744
141.764890876,84.9321568816
143.431985646,85.0754775874
145.002334147,85.1866053964
146.982651942,85.2228128216
148.206561881,85.1534663691
150.229863392,84.9874265501
151.763315727,84.9287796221
153.317214955,84.8973081993
155.608097088,85.0355224518
157.011685307,85.0326907803
158.396889876,84.9715539553
160.417657085,84.6896615465
161.685131497,84.4747688519
163.604400418,84.4065638775
164.79222709,84.425707345
165.906027266,84.4140546043
167.364923548,84.4123576208
168.030844407,84.4368117507
168.619293016,84.3376327909
168.922485606,84.1828584778
169.273471885,84.1448662957
169.963686471,84.1947492978
170.519418913,84.2895675047
171.403216628,84.4845351652
171.891018288,84.6236015504
172.288861701,84.7916613006
172.632772432,84.8440925063
172.769501671,84.8185438958
172.852803235,84.6187273358
172.932397834,84.4822955119
172.98891688,84.4049645464
172.609723284,83.7348693801
171.74297952,82.8403587115
168.870419027,79.8327276851
167.269665307,76.9009103693
166.727749913,74.3718148334
166.675567872,72.0148209312
166.733610392,71.0366396209
166.797965294,69.4243244233
166.824236884,68.5625502991
166.936556221,67.3308218141
167.629829211,66.124151334
168.125595751,65.2870462075
168.831350595,64.5390009905
169.828920245,63.7466890147
170.387696201,63.4889389392
171.209646616,63.2543419127
171.688041842,63.1498737052
172.322298395,63.0699437149
173.377266607,63.1581857386
174.035108034,63.2888620226
175.3097872,63.4088278287
176.372977141,63.3511673375
177.568143465,63.2936940848
179.418816368,63.091555212
180.513042201,63.045838773
181.731738454,62.9172025294
182.239733368,62.7884713663
182.588830536,62.5866681965
183.088573891,62.2033090263
183.51315375,61.9952373676
184.292626321,61.9107050769
184.900830468,61.9203968543
185.413908909,62.0285591057
186.209699269,62.3158200122
186.729539153,62.4836321774
187.574383651,62.7010324374
188.138679547,62.7834903943
188.656524061,62.8237591489
189.365710776,62.6512575575
189.831382207,62.3661363378
190.270123437,62.1037541058
190.522049864,61.9230295311
191.047817108,61.8465317435
192.039206858,62.0317221147
192.803299804,62.3055535309
193.469018119,62.6509415444
194.289577828,63.3734182263
194.887876663,63.8592027437
195.999007203,64.4323923696
196.87864968,64.7597280854
197.692557726,65.1020995569
198.756997595,65.4541589227
199.301306765,65.6754036449
199.695718486,66.2176168481
199.913705434,66.9460606629
200.06915002,67.7918826292
200.220099325,69.1794591312
200.273382998,70.0602704799
200.191355967,71.393037753
200.490036483,72.407965816
201.012693691,73.4467722777
202.677108404,74.9388256277
204.278688383,75.762087496
206.716740085,76.922051599
207.575109028,77.3430144722
207.979179095,77.5841871941
208.024789523,77.6812224527
207.929281462,77.5544376843
208.141789477,77.3823719764
208.40458911,77.3577620477
208.577223922,77.4239090445
207.86473675,77.5104474584
206.822337762,77.5536639863
205.164318805,77.4601817761
202.664771794,77.4226283968
201.364674388,77.4314673798
199.739337302,77.6356852864
198.446486328,77.7195433654
196.507310786,77.9922438371
195.076938137,78.071756765
193.716693034,78.0955630414
191.836029671,78.2017697368
190.712095771,78.4523350414
189.690896173,78.6437818234
188.295223515,78.9459196911
187.462122391,79.1568479777
186.615432032,79.3758369018
185.901398723,79.443861561
184.934833359,79.5897367824
183.248042117,79.6088343633
182.637460466,79.5458968049
182.428542312,79.9272775988
182.604350359,80.1594293196
182.874940943,80.5203104009
183.264416834,80.9679518121
183.454155963,81.2703572538
183.543091541,81.3568698192
183.708523426,81.4280113891
183.769172337,81.4255249201
183.920534211,81.4152298617
183.904290709,81.420502621
183.756079316,81.4977851085
183.601377448,81.5099857147
183.506065313,81.477015519
183.417632147,81.3906765096
183.379581319,81.2936377923
183.336541022,81.1885429752
183.656742463,81.0204492814
184.170240594,80.9191525134
184.378422029,80.6858910449
184.172859917,80.5175313688
183.601182976,80.3119246372
183.216993727,80.2118174276
182.822576363,80.1634095138
182.193341371,80.0906250958
181.57834857,80.0718074864
180.997294466,79.9963971152
180.182792257,79.9872164763
179.608190346,79.9950051381
178.872983538,80.1252746257
178.37798767,80.2439549625
177.967428381,80.3614386654
177.680025752,80.4524964959
177.294665861,80.4352968075
176.836509404,80.1940446499
176.7847767,80.1589789892
176.778116671,80.1498710771
176.892191574,80.2780323051
177.027021276,80.432056227
177.131987552,80.5663631789
177.199252782,80.6457111678
177.253430743,80.7172714862
177.302606967,80.8797049086
177.362427519,81.0061945309
177.505756265,81.1252995247
177.638835661,81.1215172799
177.759270788,81.0699807579
177.918865142,80.916046503
178.032893134,80.7785323048
178.181378152,80.651882588
178.460786668,80.4621844441
178.662570315,80.3708350852
178.879866389,80.2331344656
178.950674302,80.2220689878
178.996094534,80.2005906437
178.949153932,80.1967061381
178.876117227,80.2097181479
178.805952702,80.2372105763
178.816322125,80.2707896975
178.861633422,80.2885586928
178.905922039,80.3263296944
178.908231828,80.3614688405
178.88116819,80.4099905868
178.874645191,80.4357124686
178.884308829,80.4721800284
178.862556452,80.5440859871
178.479962039,80.7978834436
176.666575885,81.3625268879
175.428760103,81.4800008555
174.354213964,81.5654393402
173.043896534,81.5381744808
172.137280164,81.3953887347
170.901571457,81.3822182861
169.608197356,81.343001608
167.855055341,81.2980964343
163.976089943,81.2115667779
161.331419441,81.0678087345
158.671075641,81.1584395828
157.585547483,81.3188855787
157.220807282,81.4125196914
157.371872421,81.4544925777
157.569051808,81.5147340335
157.890566634,81.6266304482
157.895866885,81.7265943116
157.661574928,81.7389670761
157.451517872,81.8686091659
157.300863129,81.85712691
157.194206705,81.89975415
157.213609085,81.8952138753
157.302352315,81.9090096639
157.381146638,81.9427173376
157.59390893,82.0136633302
157.924929829,82.09835381
158.374261571,82.2748086766
158.518237677,82.3272409425
158.712502019,82.3696221755
158.838755244,82.4036618705
158.99561871,82.4266910588
159.261898457,82.4384808872
159.374463148,82.4135638945
159.491554515,82.3734529719
159.572194308,82.3632777482
159.623927085,82.3474684957
159.676495415,82.2879378746
159.630202038,82.242318706
158.885603774,82.0611131127
158.03118481,81.9685772235
156.587964524,81.756981249
153.926728057,81.3659107258
151.984296206,81.1046208342
149.478822293,80.9054057054
148.039600276,80.7765943203
146.98441417,80.7098959611
145.794510647,80.7122031399
145.111948358,80.6390840729
144.300581935,80.5096833421
143.771155371,80.530643643
143.371480134,80.5940383963
143.360014957,80.6888066553
143.407660098,80.7193617544
143.825746048,80.8176077483
144.212349615,80.8373861026
144.433805994,80.7897615547
144.601259975,80.6915972892
144.670142504,80.6153456822
144.766836452,80.4606824526
144.800496118,80.387612534
144.776247859,80.3144495186
144.512169416,80.2441741159
144.010360407,80.1592376003
143.679609455,80.1317092581
143.308187835,80.1217868433
143.087691845,80.1144825254
142.728749017,80.0928606485
142.44756073,80.0678276796
142.250857406,80.0733705553
142.024425786,80.099237417
141.901862516,80.1216896776
141.781162404,80.1276283966
141.731301353,80.1197357987
141.694766537,80.1143747946
141.675969667,80.1269749839
141.669470153,80.1516884359
141.806374782,80.1908676448
142.132315929,80.3184689123
142.531981771,80.5105451907
143.351678981,80.847767337
144.374676159,81.3830227999
146.970984722,82.2055492101
149.669893176,83.017666308
152.800700567,83.7877391422
158.678343844,84.722932192
162.671326496,85.1918789588
169.07916071,85.9900801996
172.809805753,86.4980505453
176.156565163,86.9845395185
179.964692088,87.5785498042
182.019111577,87.5288937279
184.396328148,87.107782142
185.616519081,86.7706615258
186.866858215,86.417824924
188.723048191,85.8103075579
190.258415109,85.1703489543
192.744125493,84.1201160268
194.766524126,83.5386146212
197.086441795,83.3507796737
200.631704844,83.0377338705
202.410188395,82.7572945419
203.504929722,82.7307211086
204.430716466,82.9182121919
205.041339529,82.4879038404
206.65729037,81.5151047591
208.127160052,80.9707830364
210.376233383,80.8058370943
214.330369251,80.9240055935
217.310245117,81.2141363176
221.966719347,81.7621963575
224.483783261,82.3112486841
225.914411666,82.6136924338
226.535309641,82.2813199232
226.291460125,82.0796022691
225.752030077,81.9523917657
225.875069776,81.7142075971
226.203146594,81.8134247312
227.30915778,82.1936445919
228.500652265,82.5963174302
229.249973691,82.9549787641
230.27739023,83.1494174395
230.934371251,83.24094432
232.347200471,83.1283537961
233.188365734,83.2407806689
233.851159629,83.3400468546
234.684539657,83.3446947378
235.14998646,83.268960274
234.712074473,82.7779259833
233.333330512,82.6095229348
227.913603707,81.2106994828
222.809743883,80.2332733099
217.405017981,79.8362489928
209.751806752,79.8256566814
205.483426494,80.3137588561
202.020977471,80.4787400631
197.307389001,80.6942397785
194.760884322,80.9930951827
190.694184105,81.6996386051
188.03928299,82.0510522469
185.512905968,82.3529500924
182.772248153,82.9403092906
180.780751921,83.0846253813
178.284685342,82.7336044393
176.966353452,81.2969475873
175.699091831,79.936457165
173.084300326,80.2376853995
171.506730838,81.8357122169
170.034958109,82.6056211728
170.063489995,83.0855601057
170.669929781,83.4218239254
172.567455653,82.0918675929
173.992185747,80.7874700421
175.373756992,77.5400734761
175.107527482,73.7832226804
174.104440521,69.1347044477
173.02900465,62.2546939147
173.482439547,58.9191817775
174.797442558,56.0536250138
175.433076568,55.6540484009
176.090099641,55.1906359468
177.073273823,54.8374724329
177.621219411,54.7450379098
178.609750103,54.3875741676
179.213387394,54.196732107
179.72271627,53.879267709
180.287377932,53.4706824609
180.527284477,53.2050686404
180.476559887,52.9990142238
180.095876196,52.8531792981
179.065612058,53.3180101308
176.904321052,55.1091442276
174.976505688,56.9175080091
173.304740111,59.7088571733
171.134745206,64.2869967258
170.096790366,67.8909575307
169.079666026,72.5165791898
168.628706763,75.003393367
168.299068565,77.4244811847
167.610256494,80.2526731687
167.132663581,81.5400663172
166.585763065,82.7929326279
166.169089218,82.9137045989
165.811827429,82.9215702614
165.145556348,83.2975379296
164.721034411,83.2012803644
164.096026185,82.8913828756
164.118591115,82.8093357877
164.182453458,82.905536681
164.596149389,83.9183903726
164.480989719,84.0641760253
163.751937613,83.6590883958
162.69478787,82.9406432001
161.5601303,82.0431260942
159.270787917,80.8235502168
157.616176741,80.2285257509
155.509233607,79.8298755121
154.421518515,79.7083045971
153.435041909,79.7587020598
151.883535319,79.8201078766
150.654679333,79.6587799999
148.93291538,79.202506758
147.993946503,79.1471799546
147.199646235,79.2473756271
146.003994442,79.3379169934
145.421549945,79.3709558347
144.817997124,79.3505886682
143.960941351,79.2415541117
143.230786235,79.1376044516
142.22971544,78.8260827305
141.593982295,78.6762025864
141.180070208,78.5224970477
140.738167552,78.490845119
140.628655096,78.5278100698
140.556149838,78.6524521352
140.557513821,78.679884373
140.625500704,78.7205169571
140.875914071,78.6608093958
141.055455214,78.5910366659
141.209015208,78.435516052
141.339416696,78.407048412
141.426800414,78.3895835736
141.590438223,78.4658937611
141.72313423,78.5536097369
141.906955867,78.6714900851
141.995417791,78.7239353693
142.042817872,78.7752972091
142.014448869,78.830749923
142.011408296,78.8458946432
142.077783619,78.8892370541
142.178079567,78.8881699277
142.340578224,78.9077142954
142.628642444,78.9484374357
142.857183268,79.0243391144
143.329727419,79.0974360636
143.521224117,79.1662054174
143.614796272,79.1679605857
143.689921247,79.128663403
143.638234879,79.0715964695
143.541896723,79.0004859342
143.399147728,78.9203181349
143.372262658,78.9096117578
143.443070127,78.9173669697
143.5154744,78.9514072713
143.562478527,79.0004762299
143.596104993,79.0811112699
143.565731586,79.1216583984
143.508721719,79.177460286
143.480431626,79.1907594496
143.464642139,79.1873092073
143.441680345,79.1695016023
143.429328167,79.1506456885
143.437283739,79.1673880487
143.456558932,79.1936288358
143.507738988,79.2287575481
143.566091322,79.2776169126
143.590568365,79.2815311678
143.626134202,79.3041638198
143.622381408,79.3091644538
143.607529223,79.3187153478
143.543106826,79.3623976578
143.506837379,79.3832506105
143.486358288,79.4003078909
143.47265634,79.4182533617
143.461305467,79.4445148479
143.464059889,79.5118718047
143.465680574,79.5618992467
143.458021507,79.6025308503
143.452085699,79.6161219428
143.467329146,79.5982426617
143.508042296,79.5309682582
143.546753935,79.4827705379
143.597635833,79.4255793539
143.633775622,79.3866279386
143.686026133,79.3500055029
143.746504463,79.330247971
143.792711843,79.324775401
143.837065364,79.3363618747
143.880616468,79.3397807037
143.886878278,79.3452734837
143.909241478,79.339863496
143.931614336,79.3234512283
143.972088934,79.3058194651
144.027906648,79.2813245945
144.0559924,79.2915177258
143.778267931,79.4548824867
143.276150573,79.5172965829
143.086501814,79.556561048
142.857169945,79.5797089828
142.802024804,79.5595977969
142.785018435,79.5765586201
142.798639055,79.5930233964
142.955702501,79.6555043924
144.102733257,79.7914357121
145.529319359,79.9561879674
149.073164474,80.2972749925
152.14807874,80.6148063482
155.442767154,81.0235567681
160.901645165,81.4761827216
164.705248201,81.8577475749
169.501299367,82.3806507629
172.601058673,82.5067949941
175.492497619,82.6221489533
179.40487855,82.8815109475
181.67922464,82.9209075751
184.131664848,82.8977990111
185.211943802,82.8390580086
185.934021537,82.733706446
186.423432232,82.5629645515
186.42210886,82.5284878925
186.360551982,82.4680367956
186.198175269,82.3277821233
185.959168572,82.213398685
185.685773146,82.0889719104
185.503367872,82.0061766212
185.412292826,81.950998055
185.277363978,81.8210727367
185.216713382,81.7120327318
185.243636168,81.5547911162
185.318227091,81.4400548743
185.432128633,81.3508547005
185.593131296,81.3735538704
185.694960612,81.4056353864
185.922475312,81.4893076849
186.010571271,81.5405893877
186.057349331,81.5717287106
185.882569037,81.5480872711
185.450948324,81.4690887079
184.544255802,81.2896110059
183.937328035,81.1615558741
183.381920198,81.1322900685
182.752040066,81.0802238178
182.692179633,81.1028856566
182.582137163,81.1449428706
182.567073577,81.1752080704
182.61417602,81.2028275715
182.737600889,81.244796845
182.818872351,81.257928558
182.940912353,81.2829860834
183.001528726,81.283345713
183.063751148,81.2748286096
183.074159872,81.2608126292
183.027741728,81.2389833392
182.85317144,81.1890332866
182.575344626,81.1381163173
182.149791201,81.0131886572
181.232025443,80.7942609566
180.498507024,80.6170316926
179.622847789,80.4173357036
177.870575196,80.2247772923
176.788329675,80.2333239087
175.283600009,80.1799282715
174.465924914,80.1600711843
173.840240308,80.1352758856
173.303155235,80.0509537193
173.214965683,79.9403551892
173.114763362,79.6325447453
173.120242253,79.4574037427
173.14586104,79.3798010997
173.197257727,79.2323048721
173.237961249,79.1880954425
173.319755956,79.1665901814
173.38984626,79.1776053868
173.461596973,79.1863075138
173.616768862,79.2330088519
173.743064281,79.2826377452
173.906842222,79.3768036488
173.995667941,79.4306510527
174.05797871,79.4841426999
174.141287574,79.543342159
174.235973749,79.570636775
174.55588876,79.6459183532
174.825305871,79.6933306892
175.286849894,79.7882783541
175.982236743,79.9104417261
176.388570517,79.9769337689
176.959000799,80.0368729208
177.253537884,80.044222014
177.46696446,80.0895453321
177.625297128,80.1214032481
177.699046915,80.1308348895
177.748790911,80.1519907815
177.765320499,80.1623927304
177.764283268,80.1460742642
177.78073188,80.1182903127
177.804092104,80.105234563
177.819467798,80.0919219568
177.829550094,80.0790945089
177.84092352,80.0771888964
177.857637797,80.0744791894
177.895841848,80.0898039558
177.943425909,80.1027450172
177.993043599,80.1190759674
178.034433231,80.1391200196
178.098517697,80.1534585433
178.139943706,80.1561875865
178.195872958,80.1762681801
178.262921391,80.2001338129
178.32141024,80.2283134183
178.42234155,80.2856102321
178.49508433,80.327020784
178.62713742,80.3735441556
178.88997438,80.4316789936
179.110819314,80.4864652824
179.571145056,80.6075138992
180.056845842,80.7318415502
180.611376476,80.8269410856
182.058285219,81.1737373992
183.292152696,81.4135880986
185.572934744,81.801286572
187.084879315,82.1124267597
188.457652629,82.3778876243
190.424576781,82.7580438664
191.572234111,82.9607138963
192.845402029,83.2379565939
194.696804541,83.663110644
195.954219636,83.9799882182
198.247032959,84.7199277332
200.304688333,85.5037104239
202.347915434,86.2487158714
205.005096257,87.0885252759
206.661982405,87.5022721934
208.755719,87.8568445957
209.962033767,87.9409286667
211.003033961,87.9580894989
212.201650615,87.8657452883
212.867808099,87.6972747818
213.481688867,87.4317487386
213.777711891,87.2565234045
214.039146956,87.0786484446
214.372035634,86.886771062
214.52036196,86.8231980513
214.879435781,86.6955766646
215.0477549,86.6293381661
215.141987282,86.5666766769
215.277412276,86.449821297
215.337616787,86.3959433385
215.455102989,86.3194527777
215.559328341,86.2798314932
215.682722681,86.2425462166
215.859294851,86.1768453474
215.984798385,86.1430935635
216.181283153,86.1199445009
216.319302797,86.1150832107
216.481340099,86.1188933627
216.738585951,86.1825337258
216.85132073,86.2148241951
216.943391498,86.2670758517
216.96896675,86.2875104997
216.976055074,86.3122895503
217.043306147,86.3131093153
217.124452504,86.2895358918
217.233607145,86.2400960701
217.452029236,86.0504267094
217.748283648,85.653354433
218.549399967,84.575744188
219.168102195,84.0196926519
219.795904388,83.544405673
220.58956477,82.9275361689
221.037891806,82.7348266624
221.468864258,82.6059226174
221.550134472,82.7304949122
221.771518639,82.9178143036
222.049608396,83.2358023119
222.177630417,83.3793704123
222.367889039,83.5889792192
222.492400897,83.639926141
222.662434711,83.6641497206
222.795929523,83.6095989547
222.872265695,83.5471107198
222.962655845,83.4098921517
223.007060041,83.3389537634
223.076512233,83.256940894
223.187594224,83.1529406191
223.284003305,83.086037206
223.409665329,83.0363512031
223.486648872,83.0136218335
223.559145313,82.9918073327
223.640681651,82.9715382528
223.67223398,82.9459063268
223.735490255,82.9503836335
223.774098787,82.9183643996
223.810749311,82.9260058324
223.881413909,82.924755793
223.936796632,82.9211309285
223.964689883,82.9130181124
223.95419975,82.8876894384
223.902276695,82.8530603282
223.802267424,82.7964502325
223.762129822,82.6790394246
223.808739119,82.5356376909
224.054427206,82.162869791
224.290079571,81.4970907361
224.790710368,79.5939220635
225.102678015,78.0310021805
225.407949936,76.9025307391
225.725259055,75.5905834273
225.99697172,74.8613149921
226.449691869,73.9379584576
226.668756217,73.5206117297
226.817012051,73.0334352524
226.985790624,72.4336564087
227.059643757,71.9792906706
227.17094786,71.5875987249
227.11657568,71.4226515105
227.104389045,71.1998671982
227.062643253,70.9155601083
227.007376075,70.6870900756
226.886481283,70.467034563
226.718866917,70.2836648961
226.520567475,70.2138480228
226.079231508,70.0467025785
225.808289099,69.9592440269
225.555286023,69.8700203608
225.233419138,69.6567857356
225.158639755,69.4168224793
225.450878297,68.4166698101
225.473599946,67.3278825927
225.174096385,65.5071664136
224.895891527,64.3008346144
224.61623219,63.5493661192
224.127574689,62.6767066038
223.722573086,62.2384909189
223.137111497,61.8513672319
221.709779939,61.4740753344
220.460165656,61.1265367365
218.296804385,60.5759774572
216.649736578,60.1335766943
215.210458979,59.82137681
213.352849227,59.3294824092
212.427968907,59.1393403137
211.561364997,58.8745136564
210.985751529,58.7014685022
210.412875568,58.5450537309
209.539954482,58.3894146651
209.026967477,58.3391711392
208.233268794,58.3595544566
207.735429427,58.2878246406
207.3995062,58.3440007433
206.926033425,58.3381921523
206.531629316,58.3364616278
205.715633793,58.4021197229
204.969298948,58.5362460582
204.147481357,58.7203124591
202.77141715,59.2265263034
201.840399934,59.6757148101
200.887315712,60.2068489589
199.125193145,61.4803629978
197.75528595,62.725043924
195.632241243,64.797222369
194.48790063,65.6710587628
193.179556768,66.7891286052
192.532272287,67.3311970476
192.033057069,67.9202829945
191.46708917,68.7688023957
191.132487735,69.343782532
190.790522507,69.8595828636
190.293991844,70.5621539345
189.970376133,71.0028417577
189.45076497,71.7174420207
189.132582636,72.1670051315
188.786607325,72.5896597837
188.244842983,73.1811832709
187.826582854,73.560948201
187.230450005,74.060314027
186.851202181,74.3061810578
186.439602755,74.57136636
185.752357084,75.03170712
185.153808538,75.3531730765
184.123726136,75.9177787644
183.36400046,76.2360346823
182.526938357,76.5338507394
181.337711199,76.9503515709
180.639952221,77.1545582993
179.634154085,77.4164715925
178.982051099,77.5698178344
178.332785515,77.7241086666
177.413673238,77.9644558507
176.924014215,78.0988462797
176.287157049,78.2833328979
176.022442419,78.3855083943
175.866499961,78.4386368785
175.706083005,78.5476886596
175.625006543,78.6240365491
175.517900084,78.7260786922
175.44249044,78.7807210086
175.338588477,78.8272506884
175.117524845,78.9432001862
174.949662005,79.0148614696
174.697668895,79.1044232759
174.366060898,79.1468399003
174.143695471,79.1760781705
173.857503353,79.1608553713
173.587817943,79.1070367126
173.381642452,79.0337221114
172.929584672,78.8534758511
172.567963572,78.7500306106
171.975831074,78.6627257341
171.717049935,78.6354747019
171.398168509,78.5692567599
171.108270517,78.571830138
171.00447454,78.5645712937
170.847980403,78.5849549728
170.803518426,78.6129506398
170.770674807,78.6451826266
170.743649769,78.6971274511
170.70321038,78.7462950277
170.742452417,78.862954533
170.914114778,78.9908814743
171.30984032,79.1659399769
171.806062416,79.3069539855
172.043938085,79.3897550163
172.323290101,79.5134371884
172.504694408,79.5748197194
172.747965795,79.6651718952
173.093428083,79.7519590609
173.366887903,79.7793806974
173.647725083,79.8276886509
173.800941826,79.851789711
173.917388071,79.8570563398
174.054940705,79.8788591342
174.155838737,79.8871199097
174.341484121,79.9069508312
174.449603385,79.9156958308
174.576251469,79.9268158619
174.714097949,79.9292441607
174.770481924,79.9200286391
174.840580266,79.9191209816
174.941194352,79.8871309848
175.021705608,79.8687232484
175.180881985,79.8644466591
175.306952976,79.8753993191
175.443155984,79.8841868945
175.633276562,79.9000791297
175.756300983,79.9224759426
175.890835337,79.947009964
175.940662863,79.9715648916
175.9760804,79.9923343826
175.995721921,80.0421008186
176.014372071,80.0664663407
176.046573699,80.1088789747
176.079405902,80.1525432835
176.111860154,80.2005945048
176.186866581,80.2640351066
176.279777256,80.3185768136
176.445733068,80.3632505351
176.580074239,80.371934088
176.740452218,80.3705604548
176.952131752,80.3389472844
177.104609671,80.3310393064
177.680014941,80.2148039276
178.203684047,80.1821270736
178.783183825,80.1594579426
179.695792773,80.1823524925
180.213564075,80.2370396559
180.827840762,80.2915881173
181.047480199,80.3169422164
181.172367339,80.2985116903
181.303605949,80.2699985234
181.320173398,80.2479455333
181.320609223,80.2486272775
181.320989789,80.2440484219
181.339280869,80.2594177794
181.39962097,80.2750062472
181.473395493,80.2555786142
181.545166185,80.2246347512
181.659564176,80.1638508937
181.710935233,80.1361162864
181.788277188,80.0979306492
181.818273308,80.0671489514
181.832462387,80.0480507106
181.858499872,80.0494839693
181.847473242,80.06959219
181.807974628,80.1091592093
181.748248009,80.1462493762
181.691253441,80.1705839565
181.597330615,80.2164181154
181.534233859,80.2323174446
181.46874162,80.2553067014
181.425378313,80.2708286077
181.391731147,80.2751704224
181.373193953,80.2978949635
181.374998031,80.3064431935
181.376318064,80.3042670972
181.369232844,80.3046195478
181.355044582,80.2982546503
181.318018464,80.2883062608
181.31010269,80.2799297664
181.317796246,80.2640402937
181.353418282,80.2639401196
181.385666367,80.2592066342
181.42613116,80.2590743542
181.431221375,80.2489855934
181.441449467,80.2428027219
181.465100354,80.2317975508
181.492456989,80.219336493
181.519616574,80.2137027509
181.523948117,80.2122881759
181.519630183,80.2167836104
181.522272632,80.2315495329
181.524584284,80.2467539345
181.524884857,80.2617975212
181.531243876,80.2622781669
181.537482449,80.2634927397
181.54290908,80.2655691582
181.533360446,80.2800828768
181.527473292,80.2874830858
181.530197844,80.3055201822
181.556621791,80.3291083744
181.727316306,80.3759624369
181.869157968,80.4014471049
182.034572325,80.4425933533
182.13583364,80.453343348
182.296871506,80.486067765
182.666514923,80.5744913805
183.134901538,80.7148592988
184.016309158,80.9680715992
184.855670447,81.1700719998
185.882676292,81.3543404356
187.58574516,81.5644947728
188.655062673,81.6524202347
190.11333961,81.7718490519
191.218306703,81.9219455148
192.492435625,82.0790534707
194.450896031,82.3568287164
195.908980381,82.5432000286
198.352321908,82.9677087539
200.077892915,83.2207166863
201.794544012,83.5144184627
204.487785734,83.985049483
206.023480476,84.6907120357
207.974933903,85.8539261777
208.93566563,86.314580793
209.853802968,86.6068355416
210.795766414,86.7619286215
211.309824884,86.6592028316
211.748173407,86.3980798123
212.472807706,85.9888799432
213.116225187,85.7971337506
214.264096396,85.6301122981
215.193769974,85.5997035273
216.267288262,85.4977371363
217.933968687,85.3231783454
219.01182986,85.1899828144
220.722851743,85.101539645
221.918330179,85.0961330116
223.130810448,85.1492186191
224.990782119,85.2777844427
226.32479262,85.424512914
228.308814122,85.5822048587
229.640336527,85.6974634503
230.88205452,85.7505024626
232.800688221,85.8056296118
234.096851549,85.8114225785
236.170288885,85.8950157445
237.643195843,85.9551678686
239.116949082,86.0033141466
241.41723559,86.0145167505
242.938719067,86.0046470295
245.230558338,85.9351881531
246.817381787,85.8739546926
248.329180794,85.9146166695
250.661977411,86.0232582672
252.239153426,86.1075976531
253.888336037,86.2432261573
256.461234034,86.3390301476
258.176823225,86.3853147033
260.833617253,86.4059344778
262.587751884,86.4253380023
264.444502356,86.3828998981
267.700652629,86.2297870837
269.997471272,86.4781429912
273.116927421,86.7616127038
274.962012646,86.9868691898
276.586037071,87.157857251
278.731369803,87.4364469474
279.90761091,87.6270932426
281.762707754,87.8484946367
283.089446394,87.904586795
284.494044052,87.9901463395
286.806207142,88.1146102672
288.418989397,88.177039966
290.756338204,88.2601547507
292.25939833,88.1140593369
294.043399393,87.853456775
297.899954831,87.4541758998
300.88443177,87.1820526158
304.689261705,86.9349854402
306.180630711,86.717244065
306.874890794,86.5305622729
306.949148992,86.1503153932
306.732549867,86.0690876202
306.417714056,85.9355068658
306.127916487,85.8652577455
305.84312462,85.778147362
305.576807025,85.5471514066
305.474178651,85.4347234527
305.440919979,85.3357732806
305.435246976,85.2609445782
305.376679099,85.2030060966
305.063384204,85.1202912132
