180.35508668,85.9965352202
180.360138193,86.0157549089
180.354888547,86.0168247966
180.335412369,86.0283945814
180.344359718,86.0263974764
180.356574467,86.0264962429
180.374519455,86.0281813967
180.390601686,86.0120175927
180.413343472,86.0055904225
180.420789249,85.9974419537
180.437552012,85.9823169873
180.434533478,85.9811753467
180.437828258,85.9799841635
180.439731702,85.9814118493
180.4521595,85.9593805462
180.469376183,85.932264336
180.534265492,85.8389119569
180.675309954,85.6765373807
181.234315568,85.2123274822
182.198752143,84.7421143766
183.198679879,84.1178564087
184.65179849,83.1098457021
185.70001387,82.4833107465
187.49416334,81.656810081
188.825888734,81.2586612269
189.995178346,80.7931313365
191.596071748,80.2614263879
192.8970951,79.9611673425
194.924792262,79.6583701227
196.794668043,79.6174494991
198.642436058,79.7560726516
201.858505073,80.2684917022
204.334879707,81.0494505646
208.261887331,82.860910993
211.524047352,84.3853697928
214.986543563,86.1117509733
219.98090731,88.8092270574
223.351823433,90.3636859474
227.239908548,92.0145529879
229.827637944,92.6875058491
232.368274685,93.0788277749
236.362917671,93.4818221905
239.417284895,93.8007064864
242.769479485,94.1694507485
248.150270046,94.7605745648
251.58083892,94.665961501
256.878870229,94.0965954115
261.012843116,93.7760078955
267.336380058,93.3241119185
271.197182694,92.8099098681
275.077122141,92.147046172
279.928976718,90.8541865915
282.934747558,90.16020252
285.1407456,89.2118868496
287.359187554,87.5765310865
288.444278859,86.7937475045
290.533828082,85.8740462881
292.464335311,85.8059718553
294.3514559,86.351693063
296.737703904,86.9389250957
297.954628086,86.6365343333
299.339919391,87.2405383154
299.922386338,87.7447690046
300.136773774,87.9942169811
299.956622976,87.6896939018
300.19101939,87.583688981
300.616663616,87.6714069987
300.758888645,87.5852996226
300.970126766,87.431329889
301.258428399,86.9880793964
301.853247423,86.8366438687
303.032995802,86.6664674548
304.186064762,86.7145055403
305.282115589,86.9625211793
306.14552495,87.495036505
305.642088671,88.1762548283
302.609918771,89.4636408372
299.791151451,89.5920468672
295.425981279,89.3184201463
289.007607584,88.6145068991
284.492703024,87.7679248722
276.794116296,85.8122512406
270.909667178,84.6096358417
265.0564362,83.1944119812
255.883047232,81.5271668321
249.73953198,80.2509962343
242.69980079,79.4621242919
232.130573643,78.7218186057
225.610906048,78.1944905306
215.981269372,77.0217894291
210.377963644,76.1067482747
205.135299754,75.6501084951
197.637559878,75.3950087333
193.302257297,74.8403005663
187.461267081,74.239749943
184.145214151,73.5555643783
181.285598759,72.9564404288
177.438078066,72.5713793899
174.843163015,72.1994320273
171.143160908,71.3270270994
168.435981068,70.435875628
165.325111953,69.2165563943
160.364877683,67.3446369595
156.804678251,66.3643039918
151.376892299,65.1531202582
147.704862885,64.7425476376
144.066913745,64.4912275444
138.599615352,64.2917027059
134.933405635,64.485792734
131.853973824,65.8366163887
131.472332688,67.1410994527
132.268463075,68.8159220754
133.58838442,71.1125176101
134.569019379,72.0537827778
135.424868904,73.1666062173
135.998152144,73.8069445173
136.407941655,74.3001756575
136.250391488,74.4670299081
135.591857922,74.2547504891
133.829117515,73.4852180506
132.779702012,72.9202528888
131.799227272,72.4347946678
131.191786149,71.7096418643
131.04705181,71.4322545329
131.300508999,71.3055836057
131.776626518,71.2675409335
132.320192367,71.2984389737
133.139292617,71.3876437575
133.654816075,71.4636338468
134.105397288,71.5719279587
134.452592828,71.6532462191
134.622569244,71.6298626066
134.753935092,71.6225504174
134.773070064,71.6568156663
134.727149168,71.7006929625
134.601570721,71.7984918314
134.47149784,71.8375178607
134.350415057,71.9758181695
134.386939576,72.1330642483
134.500864309,72.3436189283
135.405101719,72.8450266407
136.622914164,73.3859871455
140.359654957,75.1108373426
144.278131234,76.7362944825
149.279260231,78.726176245
157.894031815,81.9136062459
163.961432158,84.1471865115
173.20644827,87.1072738599
179.307805441,89.0154561502
185.851161173,90.8902764472
195.35669561,93.1743798881
200.823904349,93.941036611
205.739225717,94.4478362329
211.836599564,95.1903441198
214.882918788,95.1173665403
218.733025648,94.2834501407
220.393049618,93.5954357091
222.050512965,92.6600515026
224.006566636,91.4248141337
224.820394209,90.5892148984
226.041442456,89.5781718606
226.625882093,89.0983093428
227.069452799,88.7856754819
227.397920674,88.3027524202
227.300610054,88.0279202808
227.183501182,87.6320009732
227.094042342,87.4520973066
226.983990069,87.2906446315
226.480592415,86.989303421
225.743592989,86.857450211
223.374926032,86.1250876863
220.879814399,85.4949173348
217.92461764,84.8209029125
211.959397431,83.1004600268
206.867281,81.6374855043
198.000154048,79.4214085323
191.601680562,77.9623346308
184.850702763,76.8237730421
175.537601763,75.0971822326
170.364701222,74.2421717485
164.398454333,73.453337171
161.930945033,73.2500521801
159.465087123,73.3961546189
156.11707304,73.3129856148
154.140676525,73.3899456189
151.525815259,73.7441416537
149.486053246,73.975611864
147.409938121,74.2038790468
143.970459826,74.352146821
141.974384807,74.4396265607
139.488442276,74.674016659
138.086538695,74.6596506433
136.727224716,74.5767180062
133.758941387,74.4757262009
131.50438997,74.351152848
129.299956044,74.0957092579
125.897914368,73.5892979276
123.576807161,73.3504171294
120.410806729,72.5815367443
118.444891405,72.0625820482
116.948065498,71.3587704822
115.25985048,70.416450321
114.062555097,69.819012579
111.891554161,68.4435844972
110.357725273,67.3481589678
108.767892804,66.0038567601
105.988839007,64.0435469118
104.124610401,62.7297668787
101.532118612,61.2960582491
99.5972405151,60.5103996233
98.0156328249,60.179477426
95.6603034861,59.0175945414
94.0553072226,58.6295839947
92.5868408126,58.1992370697
91.6091136874,58.228374683
90.8921907272,58.4029841714
90.6424567589,58.9170779961
90.9512049326,59.3009052121
93.9775314747,61.4087453043
96.4372174446,63.7109209886
98.781672218,65.6174131806
102.34534049,68.1306629489
103.641691122,69.2861136241
104.710141347,69.9472744931
105.29384389,70.1304411815
105.270117876,70.0210105119
105.289033498,69.8468975037
105.503011994,69.7730447373
105.581223434,69.7588548107
105.799970738,69.8824963248
105.756202663,69.8917942534
105.852004298,70.0893728884
105.817094494,70.2259525353
105.839386523,70.2532850487
105.757831252,70.2312981248
105.642373956,70.1140481291
105.616014039,69.8049579689
105.592368698,69.6119713322
105.609107612,69.4488782634
105.669354802,69.3040422615
105.755645101,69.2624908172
105.998052355,69.3965687259
106.296334425,69.7050719132
106.695328134,69.940086311
108.531521645,70.5858983495
109.67236858,71.4164575881
111.482122262,72.5158147991
112.541847337,73.04123959
113.17118837,73.1152062184
113.318779463,72.9209811224
113.175329409,72.8046803224
112.497306948,72.3195654928
111.828917589,72.0297169844
111.066610923,71.6520555908
109.674398054,70.9099519991
108.851513878,70.4434035021
107.648497095,69.9266592897
106.749744683,69.493436864
105.604530948,68.9292773502
102.788274624,67.4064286271
100.118644581,66.0609705492
96.7368886358,64.8130010043
89.0092288314,63.0705620161
83.2393827016,62.2932043801
74.9967642486,62.2443344655
70.1622723942,62.8070662409
66.3370756164,63.3175403637
60.7607551606,64.3280718656
58.0178056858,64.7973164302
54.7409267987,66.0335192986
52.9546167649,67.1691516442
51.4568528794,68.645815866
49.9769116992,71.5790136458
49.608139957,73.710855806
49.0744106191,76.4810428888
48.8497477387,77.6086971733
48.803617845,78.5214366969
48.4975272392,79.4731602048
48.2673147337,79.678432758
48.1575808856,79.7934646919
48.0850687864,80.0544331488
47.7121097998,80.1036049423
46.7146612158,79.7506980958
45.6553531106,79.4593070659
43.2119153712,79.0925166253
41.5149632863,79.0103469522
39.7347641316,78.6183527562
36.8534503112,77.897745195
35.2707309544,77.6416334284
33.3245656328,77.7342026802
32.5151118628,78.353431336
31.9561225942,79.2031852794
30.9934399817,80.5560074253
30.1342938158,81.1769080781
29.1101405984,81.5059347359
27.1502801886,81.9197284859
25.5425473394,82.5245364646
22.7701722254,83.7672182032
21.0195690275,85.2972214862
19.8344127003,87.2476824167
19.4087404031,90.6494192324
19.818606285,92.6762593232
20.5923802188,94.9827344171
20.7325740955,95.5463240664
20.172034363,95.704160716
18.76075544,94.8614441231
17.7922218982,94.1330787946
16.2576977041,92.8280014168
15.6029874385,91.692079092
15.1236671492,89.870540743
15.2114033044,87.0053859499
15.4968515133,85.3436381389
15.5766089819,83.1705556541
15.364938041,82.1946610109
15.2553623625,81.5331975547
15.1047192121,81.0910750904
15.0775158583,80.8755758756
15.4235186004,81.0093781104
15.5339847625,81.0109706948
15.741689261,80.8876910845
15.9454561746,80.2088615016
15.9369622804,79.6738166262
15.5917909952,78.8061298486
15.4762950504,78.3084536906
15.6508781525,77.9190047416
15.8248026562,77.4921539044
16.1046588739,77.6034302768
16.9561114839,78.8567796645
17.8709847545,80.8596475409
18.7134808075,83.0689272434
21.3926845323,86.2074141506
24.1187860954,88.2082103537
27.4922079757,90.055158738
32.3979437412,91.9796462754
35.2364978268,92.6366332584
39.0465649322,92.5214322358
41.2163371575,92.0513388694
43.2331449116,91.5350448205
45.4578519459,90.9771360461
46.5737352658,90.2308699209
48.0616844364,89.0120865848
48.9138679762,87.9385030736
49.8290094334,86.8725342425
51.8189663381,85.1318105416
53.1202056432,83.6298538347
55.0896670735,80.7779996873
56.7751805058,78.5892061859
58.5467017225,77.1560591636
61.4383436646,76.6406083626
63.4009103964,76.9165919811
66.6180792547,77.2538830035
69.4848833814,77.3596338999
72.9550002634,77.7758970027
79.3887769185,78.069184203
85.1462251722,78.3642973507
95.3708637484,79.6120918591
102.772726883,80.520593774
110.566989573,81.3954840949
121.89388857,82.7725205873
129.780856045,83.3139234645
139.621129345,83.5385504544
145.950028832,83.4403467346
152.162504848,83.13523576
160.558884519,82.4112932168
165.506992907,82.2933280512
170.337370519,82.2415184233
178.39494247,82.279973189
183.728900378,82.218963754
191.417161407,82.2215169304
195.911020721,82.3934354199
200.111431709,82.3427394914
206.944466867,82.2535445743
212.461087375,82.4004751598
221.207057314,83.3010011067
226.02118001,84.1778768027
230.171079854,85.0311016014
234.611561633,86.1563345866
237.090706097,86.9254200921
240.476686931,87.3385815806
242.140081227,87.6199670795
243.352328375,87.7526583802
244.573227393,87.3419944476
245.376064996,86.9495938205
246.573812125,86.8034510513
247.43697876,86.5660642946
248.232754462,86.5113160957
249.635101336,86.9447598139
250.700691137,86.8987238728
252.585245307,86.1655262269
253.426816322,85.8186149848
254.328741073,85.3599577412
255.827504243,84.5001776671
256.562831021,83.9980853047
257.520112902,83.5453920152
257.887087152,83.69495016
257.982229547,83.7905106273
258.316342779,83.4562954352
258.710720413,83.6316302659
259.091456008,83.6891373206
258.903149029,83.6774272476
258.906764962,83.7700665298
258.857601122,83.7836280613
258.849569181,83.8370196002
259.136896161,83.7431224342
260.461028263,83.6552621223
260.586327996,83.701212663
260.050743712,83.8540045623
259.174401548,84.1437740763
258.09146347,84.1691041428
256.308290499,83.7784737447
254.724962747,83.5064684838
252.801503985,83.0915288013
251.810102995,83.2383259523
251.23770613,83.247928384
250.615695121,83.3905350524
250.562126726,83.5838372606
250.389739675,84.108568846
250.237001594,84.3396095219
250.089067068,84.4547997967
249.314460622,84.5981475462
248.681619009,84.6512500718
246.003905481,84.4545701738
241.497467781,84.5465888028
235.884015364,84.3922858973
226.875421883,82.9938168517
220.880395234,81.5505589833
212.096932692,80.7068135374
206.900682321,80.9051192502
202.295909918,81.0817683224
195.861720855,81.0348186793
192.635725388,80.8865013416
189.049574844,80.8030329213
187.499189853,80.9358691478
186.331681132,81.19270034
184.651376613,81.6226478487
182.850060918,81.9860585314
180.29763971,82.1199657022
174.841366105,82.5492063796
170.582828892,82.7921461536
164.10716804,82.5327455248
159.373109241,82.2322933832
154.224054722,82.0636819692
146.117412934,81.2998893658
140.971052393,80.6227046263
134.120645171,79.9872088073
129.749202871,79.618738328
125.178324276,79.7553733318
118.69463648,79.7297921252
115.055130199,79.6116465195
110.287531848,79.4453997683
107.322940943,79.5874523567
104.423339444,79.8479182564
100.299494414,80.411015183
97.7548193105,80.6303859028
94.6439725818,80.8368157654
92.6833338667,80.796136142
90.5350951819,80.6660244212
87.3419332729,80.3402312776
84.7807750336,80.2821008288
80.3902100997,79.8766716168
77.393077636,79.8835577827
74.9802526861,79.2970028582
71.5930915735,79.5211206531
70.0532907091,79.4946272992
68.1177026696,79.3638074436
67.1315809897,79.4020830741
66.1878050528,79.3881814639
65.3192960226,79.2168461514
65.4162088045,79.1367888699
65.6470102481,79.2875211919
66.2256094246,79.6524568235
66.7722035558,79.8757382435
67.0105499042,80.0387480771
67.1368119872,80.1604926037
67.2867759804,80.1795757815
67.6681233263,80.3892383783
67.9224554402,80.6036240409
68.3216953476,80.7400221294
68.8582008619,80.7948577507
69.463106963,80.753855082
70.0824115371,80.7835348674
70.3919255256,80.7224247488
70.6849100524,80.6075665398
71.0063822241,80.6285908668
71.3175481284,80.6443023104
71.7309676114,80.571193637
72.1284738694,80.409494234
73.0636904505,79.9630713895
74.2501779993,79.3526701862
76.1623889092,78.4806374
81.0502187684,76.9035966019
85.4764174997,75.9937865744
93.2916801692,74.791152533
99.3491501325,74.0797486422
105.111692489,73.7033050584
114.44281775,73.2659171584
120.251908143,73.2290219786
128.947247357,73.4298982514
134.297588648,73.4912861139
139.112487788,73.5742372857
145.433344835,73.2071309429
149.082640136,72.9578000305
153.580895571,72.5307934884
155.937542099,72.30499734
157.694277547,71.9955247506
159.5726253,71.4242767249
160.567248647,70.6904815192
161.189191681,70.0082138972
161.823617141,69.2613025928
162.098794235,68.8862753972
161.946520747,68.3880043819
161.802736347,67.9591287943
161.682765633,67.6469445665
161.403189359,67.4131160723
161.340048212,67.4596263761
161.174434526,67.5925699202
161.059564327,67.8395981919
160.994986923,68.0745440161
160.963423419,68.3078688827
160.973822022,68.4661994709
160.956199375,68.6015999601
160.965896458,68.690808187
160.979023276,68.7712950802
160.96412811,68.8471714681
160.886847907,68.8606788882
160.736482014,68.6848177298
160.666663855,68.5687815325
160.669168573,68.4802512214
160.758955835,68.3942875129
160.81391426,68.3451267118
160.971870781,68.3005664416
161.111443174,68.2544767344
161.311136672,68.1892266113
161.623235317,68.1339796773
161.809362144,68.0955499364
162.083497463,68.0291341165
162.174060048,67.9693984514
162.253736425,67.9075597089
162.217076089,67.7813465284
162.10346337,67.7641692072
162.102512239,67.7539556619
162.083459735,67.6919178423
162.126178527,67.6712487606
162.204454162,67.6920658967
162.290778272,67.7069025663
162.368832083,67.7320311093
162.432823847,67.781776034
162.444202267,67.818978273
162.45429087,67.8837480266
162.454977823,67.9262423834
162.459681982,67.968647336
162.471014029,67.9900904984
162.472196558,67.970035526
162.50417177,67.9306735792
162.523004599,67.8888186134
162.53568087,67.8145690207
162.540258767,67.718525203
162.541109524,67.6842642322
162.556355947,67.6281876101
162.55890495,67.5814048215
162.569927972,67.5203983522
162.632303519,67.5088857622
162.672037443,67.5054368383
162.746979136,67.4645312354
162.795906453,67.4499665693
162.851537693,67.4561755204
162.897376211,67.4438142783
162.910503222,67.4226062264
162.879807268,67.462729554
162.494421579,68.0077391656
162.182640012,68.6558588164
161.653308675,70.3321819069
161.176826757,72.0282698831
161.228467106,75.2670130156
161.64852289,77.4885546132
162.371212928,79.7016208474
163.796929646,82.7033061976
164.931781221,84.2642453976
165.962417628,85.7426731181
167.286943851,87.6323334264
168.28799028,88.4298395397
169.454499741,89.0270957431
169.794554792,89.2691081893
170.038144545,89.3195510901
170.322308499,89.1683753442
170.461702163,89.1294200317
170.731133007,89.1497812437
170.867711377,89.2229441041
170.99414545,89.2592900789
171.263712632,89.2258872307
171.336343367,89.1990020299
171.438657563,89.1246880987
171.374046892,89.1312276843
171.388830326,89.1212595174
171.232651568,89.0976409259
170.89958449,89.01381876
169.837506618,88.8442404752
168.480205554,88.5691682828
166.44834213,88.2623610777
161.352980167,87.6095994876
156.855000174,86.9477863734
151.73155477,86.3467122243
143.562897054,85.3346302971
137.743043362,84.7273517144
128.342001041,83.6303635553
122.086168687,82.8656023246
113.082554974,81.8484373109
107.644189955,81.2048653592
102.365665024,80.8535518045
95.4579363811,80.5734273679
91.2032965568,80.927478702
85.8825602497,81.0364189837
82.7823838831,81.2663423456
80.2516824627,81.4887196997
77.325316218,82.2080221543
75.2701273074,82.637177404
73.28539777,83.1728041537
70.7808800814,84.2526511317
69.4355892864,84.9684386294
67.4159439914,85.9874706773
65.9970608361,86.4033262044
64.7040477755,86.6215813902
63.003675521,87.0048521122
62.0511077685,87.134907964
60.3891423905,87.2018420153
59.0494812072,87.2042871664
57.8655984053,87.2110400665
56.6129003511,87.2967133085
55.8424819974,87.1845841079
55.4247574539,87.141228513
55.3622203126,87.0751264558
55.342451614,86.9829261283
55.2391436423,86.7063166579
55.2566955993,86.5840688731
55.5946961515,86.9636183564
55.9478737369,87.6940513456
56.6402792046,87.9983839775
57.2086759555,88.0098781482
57.2242201555,87.9278088055
57.4785880351,88.0389161909
57.7189891391,88.0997233963
57.8920959948,88.1078564376
57.6895753967,88.2104238172
58.0664788487,87.9232674053
58.6701161159,87.4062340253
58.9800079924,87.2058374416
59.3718692582,87.0989455743
60.0828331498,87.0960571685
60.6930302577,87.2364650682
61.0099503096,87.210302176
61.1943302268,87.1839682197
61.3528034161,87.1437604528
62.5656453304,87.1347831358
63.947132168,87.0071218922
65.9399559444,86.8061650766
69.530483908,86.3890247567
71.3398776665,86.1273218234
73.7231254074,85.6314156033
74.6819248059,85.5090109089
75.0631248587,85.387963749
74.5611737094,85.0249231569
73.7768231856,84.6728781869
72.5290909118,84.6020629523
71.7997375594,84.6230703146
71.3545686315,84.5711687029
70.9428331947,84.3365918397
70.7999174389,84.2249738237
71.0118062803,84.2386739862
71.1369814962,84.4062919794
71.1594303637,84.9028739295
71.0143719263,85.6696513063
70.595021324,86.1513070051
69.7472399834,86.5863199406
68.872280807,86.9436735697
67.9227573746,87.1423279279
66.5802650745,87.4244011978
65.5952188432,87.6592447146
64.0899576531,88.0274692827
63.1136011295,88.271633906
62.3105266475,88.5024775555
61.5483920734,88.7673115729
61.3109697043,88.9827064291
61.2605909801,89.0821479979
61.1259344345,89.2129352975
61.0067535299,89.3201513471
60.8774058222,89.4579850773
60.9554382867,89.4981150686
60.9571844742,89.517035094
60.9310904584,89.5753476265
60.8414501056,89.6410545923
60.8012799652,89.5956083604
60.8523668377,89.559956012
60.9581100078,89.5378195494
61.1884510197,89.6349994363
61.3048986372,89.6819203787
61.5128914618,89.6839828291
61.6345091151,89.682222716
61.6963172891,89.7301513462
61.7350685923,89.7233237648
61.678579609,89.7093489592
61.5301125557,89.6852115809
61.411702661,89.6737961613
61.3448288136,89.6676039896
61.3025056887,89.6692098212
61.2625029328,89.7040784599
61.2512601808,89.7351063403
61.2278630619,89.743305889
61.2142502791,89.7694739757
61.2101448703,89.7942363909
61.2413070066,89.7320418206
61.2938666734,89.6395822485
61.3088581136,89.5993398378
61.3206418025,89.5771242063
61.3579926782,89.4983773913
61.3684644061,89.4766004099
61.4090435186,89.5087849931
61.4274026918,89.5224082838
61.4177759133,89.5224955289
61.4487242286,89.5606037553
61.5307859467,89.5849583416
61.6117809451,89.5876329211
61.6919137755,89.5737622635
61.7203874397,89.570883829
61.7653985177,89.5589036076
61.7967284498,89.567941108
61.7938244613,89.5702716935
61.8083199601,89.5623247291
61.8175368434,89.5658391477
61.8480221051,89.5292840816
61.8604708834,89.4634632159
61.8680159028,89.43705442
61.8782443832,89.460413564
61.8842387077,89.4673834985
61.9114569801,89.4581347624
61.9441830167,89.459317494
62.0232750132,89.4696054568
62.1351342087,89.4734628243
62.1905319996,89.479896437
62.2174055422,89.4678468878
62.2283085434,89.4465668601
62.2348463878,89.4436255991
62.20333771,89.456955897
62.156514704,89.4576408358
62.063394237,89.4512995854
62.0296654699,89.4406828195
62.0358348491,89.4371472459
62.0706488063,89.4271092715
62.087190472,89.4084287196
62.2294761197,89.2916487693
62.3024246713,89.2383851287
62.3738126812,89.2162930127
62.4666876776,89.1910806167
62.5664843428,89.2045398505
62.9044490101,89.2956044221
63.2748628952,89.3269900222
63.6064278927,89.3427107689
64.0954174378,89.2853113422
64.553965788,89.0684712715
65.2375496153,88.7376511906
66.9694025505,88.4175785372
68.3530183148,88.3228545474
69.6164505065,88.1870955136
69.7461275378,88.1707156431
69.63584081,88.0261828931
69.9151479193,87.7747607378
70.3106613476,87.7168239453
71.3398018682,87.4818418047
72.2611169605,87.1637462661
73.1030963213,86.7472178275
73.7356856438,86.3013454564
73.8390468227,86.0539610412
73.8347991261,85.9028381979
73.8153155628,85.9074751666
74.1428918602,85.8697980657
76.5691972001,85.5518925325
80.6876024768,85.1224217185
91.6886306713,84.2756832434
101.3691386,83.7790457556
112.244457525,83.6484629431
130.603049754,84.5029793154
143.378853666,85.6475499848
164.415777873,87.2260694857
178.773349592,88.5653580464
193.094290596,89.926262762
214.587141549,91.004955668
228.361175486,91.2896593667
240.881196938,91.0679840942
255.560023996,89.7926439177
262.751258923,88.2766834861
270.567190443,85.399599579
275.495035303,84.5086613674
280.274816103,83.5520288567
285.85329117,82.4517776614
288.675636445,81.4059123536
291.255326719,80.552567156
292.974195721,79.8149310382
294.66254018,79.2328051149
295.425517696,78.2909311375
295.497630332,77.6573390398
295.439591538,76.7593907185
295.259257669,76.0535721844
295.399107039,75.5418106252
295.486456487,74.761647555
295.11743527,74.1147606416
294.120384724,73.1499657473
293.30165989,72.4522513133
292.86170937,71.8594776881
292.605390162,71.2434218977
292.261053523,70.9702838988
291.764235732,70.6988428818
291.493718625,70.654078971
291.363533805,70.7913487997
291.165931258,70.9403739042
290.891758165,71.3057730895
290.236351348,71.77904142
289.741006382,72.1735946222
289.015023361,72.5946613265
287.427968987,73.3533302225
285.926977605,73.9167521546
283.547179613,74.14432644
282.093349583,74.2380708675
280.4567614,74.6905202373
276.456343411,76.0605336275
272.861535048,76.6466583681
268.558125878,77.0395557323
260.982347381,77.4181007225
255.325344102,77.3914785633
245.980175427,77.3124068252
239.711462768,76.9037454806
233.569127833,76.3187978287
225.944059492,75.4799525607
221.588796223,74.8579270503
216.3119224,74.4822753108
212.95401804,74.4358377286
210.294450275,74.5391844508
206.442071578,74.9633587737
204.610299085,75.5323644646
202.034357325,76.10641488
200.844632476,76.2703330963
199.976194695,76.7044011385
198.930522886,76.7190638336
198.362926167,76.6193564099
197.498116274,76.2368198833
197.01879145,76.0068237728
196.498905638,75.626288492
196.014941479,75.410167958
195.659871856,75.2430858318
195.561875648,75.2035978504
195.625851841,75.3803009526
196.329411086,76.0129759809
198.635744668,78.2813428153
201.309328611,81.0113336405
207.220311288,86.7770423453
212.582876664,91.6341106972
218.403881417,96.1590846213
228.179946575,100.783049819
234.589830913,102.480395662
243.570084866,103.827624804
248.854318576,103.731767925
253.381509973,103.270517387
258.609366402,102.248963636
260.861184241,101.286945104
262.581658826,100.092070906
263.486712069,97.7151905825
263.393833615,95.9735140252
263.277273191,93.8132164117
263.380995264,92.7677005195
263.493986655,91.9754276071
263.924908821,91.0247316627
264.252028107,90.5555843603
264.389347975,90.1396965766
264.430495217,89.8892343779
264.400582888,89.8098083389
264.111177855,89.716153221
263.423776816,89.5557993052
261.746773382,89.2428969878
260.571964787,89.1113102877
259.495890799,89.1352643551
257.726612733,89.3362214416
256.291678751,89.2968274229
253.451874362,88.593883684
251.332079289,88.1929775178
249.248234577,87.9700964382
246.54145895,87.7452330301
245.097543355,87.8144280676
243.270015877,88.0710186966
242.504313943,88.2681376398
242.241256613,88.4420792007
242.352938348,88.589444464
242.534252181,88.610743606
243.194196294,88.5690770243
243.465860342,88.4932059747
243.84644157,88.3192554462
244.753340294,88.2591583392
245.328913327,88.1519556882
246.016390722,87.9554469268
247.022946876,87.5800569473
247.555295388,87.2314397856
248.106844695,86.8504728954
248.150380743,86.55669778
247.889958244,86.3008853604
246.77611679,85.8113017892
245.804473417,85.2661642716
244.984880546,84.5357713458
244.811346373,84.30751169
244.743852652,84.122767487
244.869595722,83.9905092067
245.025940349,84.0355665799
245.561590245,84.0865130908
245.52874259,84.0751875552
245.289496018,84.0906052586
243.191156462,83.8356713856
240.782575358,83.4358877281
235.240932051,82.8353165694
230.502849708,82.4686607
224.966359251,81.6320285106
216.124810688,79.7691919705
209.843066526,78.4748101463
203.629658475,76.9156824389
196.416518613,75.7683923159
193.22254079,75.1925961517
189.949664329,74.9448469194
188.708213186,75.0275566353
187.283488383,75.3792600346
186.563166089,75.429955654
185.81670145,75.9358354329
184.918810813,76.5072521039
184.352390129,77.0461429142
183.363277239,77.511674523
182.749130697,77.7164298382
182.01965003,77.6939821596
180.627264837,77.0057156239
179.7328508,76.3111931839
178.80161815,75.3532515993
177.374328444,73.5562692427
176.617486561,72.6048035278
175.486805991,71.6217568002
174.809048937,71.1904409844
174.217325686,70.9185837159
173.537491863,70.5536784839
173.040069023,70.608126435
172.570222884,70.9644896238
172.377968945,71.3319994261
172.337754576,71.7207284838
172.317412913,72.0317625527
172.330063078,72.2423544625
172.276742701,72.5010330092
172.260287948,72.6274091651
172.192530944,72.7996898137
172.136007884,72.8946176543
172.092338908,72.9039201824
172.089053508,72.9721705026
172.161299378,73.1307418379
172.370213824,73.351311045
172.630566038,73.5054259439
172.946636643,73.5052007682
173.365815664,73.2932332884
173.559102369,73.1534337483
173.710093448,73.0790762249
173.984918728,72.8045511208
174.142666139,72.5626765898
174.366876801,72.3160745405
174.468285228,72.2150806897
174.620853033,72.0880673235
174.815448242,71.960114507
174.890582189,71.9462673888
174.997930005,71.9019933998
175.1052855,71.8774524269
175.154163865,71.8520939104
175.211054085,71.8165573736
175.204597873,71.8180154906
175.195403842,71.8181101193
175.191796285,71.7357443461
175.170624204,71.6338146374
175.137326744,71.493337667
175.096868583,71.4536048256
175.048939345,71.4371646621
174.944827606,71.3880901938
174.871363526,71.3774840938
174.773596539,71.4134503146
174.723415397,71.5013768717
174.692539037,71.6083875247
174.624145066,71.7150350651
174.621554136,71.7742497371
174.570733513,71.856685718
174.54990923,71.8940359937
174.547494639,71.9316430448
174.563410029,72.005076866
174.576336149,72.0599146184
174.602376538,72.0976105576
174.661767042,72.1465127807
174.72644405,72.1731773578
174.949974709,72.3111587607
175.297025006,72.5917040515
175.841007623,73.3194331072
177.37148529,75.9214607995
178.461171432,78.8963407776
180.442026245,83.5894448285
182.122592528,86.6052266267
185.063605116,90.6637779877
187.11502976,92.9048765265
189.470823903,94.253036069
192.868660252,95.8518546757
195.343475032,96.6028213002
197.781619235,97.3103287953
201.413894461,98.3020096258
203.591793927,99.0000765604
206.21463251,99.2825833891
207.440721019,98.8984404011
208.061023215,97.9868651537
208.29157636,95.6019106911
208.180132386,94.0264421798
207.949160168,92.609591499
207.807956913,92.1944859088
207.970389488,92.1272075405
208.493158141,91.9968907925
209.164169326,92.131153257
210.412236639,92.4685054623
211.394541634,92.7679876312
212.502424603,93.228915291
214.301562583,94.1921878918
215.798658779,94.9461673657
218.511390067,96.3924036866
220.891620431,97.3717172883
223.272731383,98.3079450695
226.852225107,99.3584240368
229.126538199,99.8852842141
232.03848054,100.039726475
233.631410835,99.9396443335
234.994342582,99.7811211087
236.626984481,99.1246044704
237.705725094,98.5659857404
239.096328767,97.8815314703
240.034543786,97.1276023174
241.101032282,95.8096648697
243.016599607,93.16827761
243.912696496,91.209425527
244.930231775,90.1225783175
247.468871763,89.6586258413
249.300482775,89.3837757699
251.047075902,88.8964415721
251.542349037,88.5606536099
251.74857236,88.2037843175
252.077719616,87.2681542484
252.343601963,86.6856530188
253.126114261,85.9404176189
253.636213071,85.6863810927
254.276337465,85.2557591768
255.426649207,84.7490801105
256.255657923,84.4184773969
257.892841748,84.2395587632
258.83327029,84.2743885681
259.516772074,84.4539809431
260.349321327,84.3208666338
260.64518367,83.7371423678
259.802300377,82.878063978
258.16330573,82.7528528662
255.151920232,82.3739881593
248.622459445,81.2245845415
243.667169474,80.2889451113
235.14390852,78.8065621529
228.841371696,77.4038240275
221.938651571,76.0988252662
212.397488268,73.5266471403
206.500529748,72.4053970009
198.376706883,70.5440579569
192.843838459,69.5750502314
187.432182255,69.0874294356
178.529048467,68.7236703365
172.576646808,68.5616413734
167.074076509,68.5833465074
159.469013944,68.8212734765
155.046671093,68.3390675543
148.722643619,67.1880547309
145.004291439,66.4867320559
141.705798356,66.0829106211
137.838835389,65.7407468653
135.769891503,65.6258296915
133.444206698,65.6255362118
131.987813312,65.5894248243
130.603746608,65.4292840603
128.755556341,65.1553280058
127.50445182,65.0603786977
125.383507162,65.0167055117
123.908998878,64.9774412197
122.198724028,64.8572236432
119.073788172,64.8987136603
116.853070167,64.9227735538
113.480727534,65.137651557
111.246419187,65.2878905994
109.104770082,65.426438387
105.953888092,65.830546644
103.921846718,66.0484996368
101.224652871,66.3872977366
99.6669591048,66.6201401229
98.380257702,66.9111882055
96.8765238311,67.2112390209
96.0335760737,67.5521842408
95.3129612088,68.1398938562
95.0118682194,68.6216994828
94.7845524848,69.039806005
94.5397370178,69.6922928402
94.4689615043,70.105330261
93.9816815661,70.6939023925
93.6019528329,71.1317421058
93.2812145485,71.6458187301
93.0736046722,72.6261454746
93.0569351201,73.4422780801
93.3577777252,74.4836668562
94.9675514586,76.2387309455
96.8106017755,77.5063066196
100.422572457,79.4540066387
103.121566674,80.8828824795
106.219887976,82.1247520737
111.832800207,83.9452087342
115.991081445,85.083620127
121.941453289,86.1875996971
125.854408681,86.6313807087
129.55933115,87.0651044966
135.230528825,87.6786314945
138.98676659,87.6034094783
142.327088822,87.7465191233
146.448416757,87.2558555628
148.986761753,87.1184043811
152.418512264,87.042981144
154.184086377,86.63656145
156.155777843,86.3932441435
157.000872528,86.3323527774
157.578723292,86.1107547204
158.292080848,85.7498047902
158.462575823,85.5319381805
158.400967313,85.4115006053
157.854829863,85.0316647234
157.19779227,84.7478568101
156.638216888,84.3618260149
156.564496442,84.3421455238
156.461713976,84.2452545563
156.423383791,84.2079120492
156.379674714,84.205986796
156.269272529,84.293313612
155.834737998,84.4758444094
155.193923414,84.5592432131
154.09696356,84.7643580173
153.40162273,84.805422173
152.718351904,84.8071338324
152.631996953,84.8552091341
152.677257315,84.9265094012
152.545009799,85.1077944508
152.441008735,85.188692653
152.266891946,85.2761245718
152.101806639,85.2879447139
151.990836608,85.3280580971
151.897586103,85.4015662208
151.858508384,85.4521832008
151.887516841,85.5392030399
152.009893115,85.5970138607
152.23457442,85.6299796072
152.471674379,85.682534854
152.619161438,85.6895001705
152.801117967,85.6433769437
152.863200209,85.5729636239
152.948145579,85.5026150839
153.044841336,85.3715687521
153.123032395,85.3078861327
153.214130501,85.2397915185
153.436545204,85.1549263412
153.773116984,85.0706509228
154.821191238,85.0199982019
156.233377326,85.0555038848
160.553211267,85.6939818271
164.50284798,86.3809815993
169.266605954,87.268032372
177.168439578,88.6268824431
182.930853156,89.528543106
188.83430103,90.4828957378
197.385824259,91.4621542432
202.326742319,91.8534532236
208.380147329,91.8766256405
211.588685372,91.7439503129
214.195044092,91.3420717551
217.10160952,90.6697358068
218.366577457,90.3992233908
219.292030451,89.9858955941
219.574956033,89.6340922824
219.581771028,89.1611390391
218.821243307,88.6040322111
218.116213087,88.1585735995
217.344912033,87.6597874788
217.056329777,87.4849034874
217.117460659,87.5081811809
217.239960713,87.458692398
217.418044583,87.415599613
218.252512558,87.1633392805
218.782514205,87.2133600884
219.210219969,87.2838789404
219.37195036,87.4091365643
219.040628617,87.3027910259
218.600433452,87.2461768596
218.271666282,87.3558710459
217.95866922,87.4422459943
217.248944681,87.3922314001
216.41149789,87.2607742691
214.426851694,87.0690928156
213.098570424,86.977435146
212.013409807,87.0303966569
211.371525768,86.8994044729
210.834153003,86.8768281007
208.786989824,86.9110442801
206.269722055,86.6496052862
202.802506519,85.9631662098
196.467502284,84.1277018044
192.121316444,82.040917977
188.225498002,79.6803033952
183.359345689,76.1470291545
180.909226166,74.2358475225
178.386965174,72.6686709151
177.303484504,72.150581297
176.480270907,71.9897408587
175.496329708,71.7503074005
175.068409276,71.5614443114
174.435422812,71.5386929235
174.172690409,71.6225092301
173.958583771,71.6733464324
173.675062896,71.8331609641
173.484164477,71.9256959766
172.988309323,72.1243567068
172.645300086,72.1501094073
172.245530067,72.0846516522
171.613263415,72.0006033808
171.120808221,71.9457195635
170.470954136,71.8991388629
170.045390125,71.9285781196
169.661505058,71.970615319
169.37836349,72.1312790593
169.179141271,72.2382265311
168.921264876,72.467736738
168.810095113,72.7383182015
168.757124736,73.0356888203
168.833259414,73.3168695749
168.921488703,73.4162441688
169.042331423,73.5327971898
169.261847849,73.6408337756
169.342325352,73.6734041733
169.429665193,73.7203534248
169.411879997,73.7240076597
169.342292501,73.691028932
169.272387259,73.6350210771
169.211455665,73.5867018234
169.16795981,73.5604413277
169.120020437,73.5585028172
169.076597741,73.5438485832
169.035958258,73.54559136
169.01893248,73.5609048075
168.997475712,73.5892405781
168.983303207,73.595858661
168.959543887,73.605794279
168.848373293,73.6134367773
168.674659809,73.5771439223
168.063197632,73.4570845809
167.170734128,73.1743602467
165.616629348,72.4848211326
161.331715001,70.9629193808
156.755552133,69.5801322439
148.628809853,67.1255962939
141.826973817,65.7858015039
134.37006685,64.8539450341
122.806543986,64.1231596305
115.283735314,64.4641831651
104.780691546,65.8334437429
98.5557391916,67.2369038744
92.7925972191,68.9298735451
85.4888021527,71.2870020959
81.5110582175,73.2133785025
76.8704149104,75.924568708
74.2259922711,77.8067810085
72.0213213812,79.3955275769
69.3075280201,81.5087518094
67.8451214438,82.6579158495
65.999525928,83.9058030309
65.011922817,84.3933997587
64.1626944933,84.7203478576
63.2548640395,85.0281124257
62.8534588477,85.3035914375
62.5028987232,85.569760184
62.4100534885,85.8608158216
62.4991264177,85.799424837
63.2275498132,85.8196318838
63.6195855081,85.7826437639
63.8703595849,85.6271489305
63.8404535847,85.3693121386
63.734028015,85.2170102582
63.6600336974,85.3569953125
63.6795018373,85.4701193315
63.7911362878,85.4224556889
64.2847472743,84.8364780985
64.8886261555,83.9758933418
65.9391597176,81.9867783537
66.6628208809,79.3646834608
67.8415668068,76.7204052602
70.342533724,73.4650312238
72.2772769847,71.8427638716
75.0514332784,69.7823801846
76.7217807007,68.9126792667
77.9417615401,68.4687174936
79.4362577207,68.2731421549
80.2114278495,68.6369214652
80.8958017942,68.8324470765
81.8242863464,69.5330778856
82.2113199071,70.0849126242
82.8373191596,70.1205339967
83.2548749624,70.0591549521
83.637278195,70.1219905204
83.8438046127,70.2111717062
84.2096264232,70.190720403
84.838070368,70.1447719108
85.4765613649,69.6215009821
86.0550113736,69.1652012399
86.4776860942,68.5052426982
86.760485945,68.042705912
87.0731389108,67.715799158
87.1791163376,67.7336539502
87.2912874524,67.7050962257
87.3877414864,67.636805061
87.604458281,67.4723179956
88.0426104813,67.3479930148
88.3999225863,67.4083142141
88.9390957859,67.477671075
89.7535488121,68.0420172956
90.3119347274,68.7202417195
91.1607724016,69.7588755491
91.6711417219,70.0265594635
92.1885223348,70.2679321037
92.790832163,70.6999624897
93.1961889386,70.8023670385
93.6885528763,71.0590101823
93.7792003125,71.261051031
93.8143472843,71.2975165939
93.9766522555,71.4261504581
94.1681903688,71.4964829623
94.4902359584,71.585349555
95.0088155645,71.7590780413
95.3180786163,71.8375921872
95.6448850423,71.9947351905
95.8558764524,71.9908155326
96.0601800992,72.1524489676
96.025222298,72.1495393456
96.0902855042,72.1160229098
96.1428919616,71.985928767
96.1378570561,71.9160560212
96.1509003303,71.8396469381
96.1553284684,71.8523980629
96.2287367069,71.9693627473
96.2633826042,72.198164185
96.3151394614,72.2645177728
96.2433324744,72.2366309495
96.2785428463,72.1162367333
96.2900106275,72.0625784107
96.3101204984,72.0480186577
96.3599529394,72.0282165802
96.3924469138,72.0237099178
96.451801549,72.0004015387
96.4929593173,71.9927199573
96.5650523478,71.9374037702
96.5650947112,71.918510807
96.5977999099,71.904857186
96.6109205007,71.8669225895
96.6011914705,71.8759968327
96.5933800424,71.8394232151
96.5599926767,71.797769758
96.5168479222,71.7806126744
96.4725301788,71.7933949676
96.4748919429,71.7748969625
96.4594405804,71.7083110606
96.3878055036,71.4953115388
96.2747285344,71.4216372205
96.2506424762,71.4818899555
96.2341818199,71.4914130034
96.1079327739,71.5548408492
96.0384668064,71.6135729213
96.0146374471,71.6092546061
96.0257778791,71.6083820591
95.9371516318,71.6696548299
95.9548823247,71.6864629772
96.097687134,71.6038188881
96.0892576775,71.5754523172
96.1749663218,71.4296652208
96.2107381012,71.3520966246
96.233313853,71.2819247222
96.3052050866,71.1572343335
96.364772418,71.08992699
96.3976165825,70.9812614935
96.4139826424,70.9527940693
96.4943569516,71.0457335334
96.8516876204,71.2933398625
96.8520826387,71.4599850269
96.9679946117,71.6846333555
96.863432539,71.4350666209
97.1845529399,71.1955654107
96.7902106763,71.420144641
96.7784098782,71.2215345916
96.7903041887,71.2464443914
96.7324189754,71.0832977421
96.4637774395,70.9566317662
96.2470253805,70.7633354601
96.2585649819,70.7214429254
96.296777094,70.8076087859
96.3772397304,70.8743941255
96.5886186434,70.8151124677
96.6130561012,70.7968808967
96.7402326197,70.7682127693
96.9287098659,70.7558677687
97.0137428548,70.7710329394
97.0779051387,70.7522892239
97.0473081915,70.4839479153
96.9070954679,70.7164126052
96.5922583904,70.9519940541
96.7697505797,70.9246421266
96.8982387098,71.3584115873
96.7495738629,71.8168208625
96.7704041452,71.8484306178
96.6252210998,71.781656506
96.4936145599,71.7767898508
96.2998082545,71.6168442324
96.2411194335,71.3998377491
96.1855146977,71.26015348
96.2391644064,71.1575152883
96.1837967078,71.1564913822
96.2378991208,71.1679694671
96.3237806264,71.1448671812
96.3104205209,71.0685173728
96.3165885181,71.0438180617
96.3173796703,71.0146156128
96.3248225502,71.0156854196
96.3021341411,71.0073549474
96.3176180826,70.9881574103
96.3234199329,70.9842401306
96.3480641139,70.967585874
96.3631214327,70.9572771481
96.376935212,70.9228666376
96.3779227397,70.9111066951
96.3800698812,70.9103286449
96.3736410415,70.9363039461
96.351279973,70.9687774188
96.3508892645,70.9673801305
96.3747337013,70.9610597546
96.4168713231,70.9723841721
96.4976544709,70.9942425516
96.5449357549,71.0043190614
96.5547653318,71.0466272883
96.5488398521,71.0734729859
96.5311873479,71.0782965819
96.5182979117,71.0550711855
96.5177907879,71.0411695852
96.5124752069,70.9714393506
96.5186196997,70.9489069182
96.5155367908,70.9779227113
96.5164020035,71.0367725661
96.5250281891,71.1175359309
96.5270234367,71.1824835935
96.513496715,71.2029627869
96.489889787,71.1996403146
96.4736544893,71.2255381728
96.4663127204,71.2462246257
96.4587352602,71.238329715
96.4610766436,71.1966084471
96.4466873145,71.1815804182
96.4498667834,71.2178040715
96.4835679346,71.2944230173
96.5220577415,71.3362433901
96.5996888062,71.3712000089
96.6638114512,71.3816109157
96.7596408941,71.3790321369
96.7928304937,71.3674301469
96.8119840815,71.3456028997
96.8096789445,71.3354652673
96.7940865037,71.3305033549
96.7633213114,71.3499146817
96.7574240156,71.3735724385
96.7634406981,71.3942080771
96.8177366591,71.4036056476
96.8987723518,71.4150393626
96.9538573937,71.4556872477
97.0063081608,71.4710405156
97.0425749368,71.481952833
97.0176323032,71.516325484
96.9430320638,71.5612475763
96.755618095,71.6414397445
96.7169861011,71.6479941786
96.6943746386,71.6511665632
96.7283096677,71.5753300728
96.7723683918,71.5159036009
96.8530302004,71.4981919834
96.9645058155,71.5304278787
97.0256425729,71.5406968253
97.1151697265,71.488080983
97.1291031416,71.4368523263
97.1277531522,71.3832092379
97.0798461026,71.3311325677
97.0355373672,71.2943829239
97.0871974422,71.2173999895
