183.490165293,82.2225843506
182.996689497,80.8568417072
182.952581398,80.6711217565
182.944430404,80.4615909202
182.947006902,80.3471386822
182.910399928,80.3177716749
182.876062032,79.7544939881
182.840551291,79.3275939184
182.689382503,78.9460526972
182.317053587,78.4413671287
182.121717927,77.87414066
181.833599465,76.954072152
181.727115657,76.3320481398
181.585981887,75.801487014
181.827201693,74.621486386
182.25522554,74.1417121342
183.336353434,73.7788182289
184.176125841,73.8251694563
185.186131359,73.7669550388
186.686026406,73.5913179196
187.493781824,73.4662079361
188.614772157,73.2955449541
189.061066779,73.3168001051
189.3677053,73.1307366099
189.874385786,72.67274033
190.253041902,72.4631702725
190.870952907,72.4529547621
191.313101998,72.4897377591
191.78918397,72.5375279921
192.864665724,72.7762976686
194.051295603,73.2060190172
195.723243933,74.0468081435
198.573298048,75.5740705816
200.572635573,76.6060240169
203.372518132,77.9358258619
204.8738525,78.5744514747
206.182791921,79.040076118
208.074518424,79.8454797446
209.500787426,80.6163685397
211.868188087,81.9299292537
213.426847365,82.8547681813
214.890306949,83.6712820017
216.793936279,84.7672650302
217.885075783,85.4908658891
219.441419018,86.7520253818
220.59924841,88.0138763626
221.887293651,89.6563569222
223.820140078,91.8939039183
224.998675385,93.1258242869
226.518707896,94.4580444298
227.238033957,95.1062069868
227.796738352,95.5154856684
228.289078583,95.8818039667
228.465391959,95.9676195981
228.447208024,95.9788273487
228.437757261,95.9963846036
228.413624697,95.9102234545
228.206185283,95.7905577344
227.984770358,95.6569480215
227.330847039,95.3242958732
226.750173739,95.1457222502
226.042082838,94.8941940364
225.026179175,94.6221279887
224.231410938,94.3563556831
222.790259971,93.728378023
221.608820542,93.128452184
220.06282787,92.2444951435
217.392763573,90.7531494618
215.288573327,89.6253060764
211.713143107,87.9520427642
209.043412002,86.6267832649
206.258867096,85.2948886507
202.492368031,83.4991689867
199.721630452,82.4298021469
195.565715806,80.8521069283
192.633776347,79.7448662682
189.595539137,78.6820543716
185.370610339,77.2989295891
182.822665375,76.5254540478
179.253487706,75.5791404407
176.987852748,74.9886460976
174.790225885,74.5702737491
171.574896285,74.0461413782
169.46718565,73.7296952065
166.394143525,73.3383916846
164.391759922,73.2166072506
162.494001475,73.0968037664
159.704631225,73.0447527249
157.743263389,73.0328987552
154.745454916,73.1422389812
152.836436143,73.2263900016
151.050948467,73.3896898831
148.38723631,73.6689891608
146.566826351,74.0433049588
143.361271629,74.9410625539
140.875712397,75.7221897978
138.472067372,76.4303948834
135.11907345,77.4976134429
133.240055244,78.1456885923
130.78345479,79.0778893573
129.294905703,79.8146170639
127.713159198,80.5021604097
125.901998549,81.2519030352
125.007733907,81.7671263387
123.947657977,82.5166133932
123.368865247,83.0260436879
122.877605106,83.5461823443
122.13977797,84.2322140877
121.42311988,84.4878737591
119.754610452,84.8929816402
117.903798282,85.3833037595
115.568225607,85.8768045277
111.856645524,86.4061117466
109.539761948,86.6544519323
106.377972605,87.0187701906
104.322470068,87.3629830885
102.321707634,87.5540650502
99.1840332047,87.8690120021
97.076487263,88.1462976107
94.8900173447,88.3211638949
91.5964970147,88.6007783268
89.4992915981,88.6933625935
86.3871699685,88.9135067232
84.5217449988,88.8935969895
82.7331417399,89.0590963113
79.9129094242,89.4503688541
77.9141922131,89.6052137444
74.5649233205,89.7192813885
72.3144658933,89.7989258474
70.1239140936,89.9381570332
67.202871327,90.3125528899
65.5514039602,90.6343845673
63.5570789673,91.1871264271
62.4090489674,91.5936615361
61.5383680697,92.0302214721
60.4041981377,92.6450130872
59.7559347108,92.9831939572
58.6625147032,93.5279060444
57.7310254778,93.8276552745
56.7081072003,94.0576460063
55.3301149085,94.5187141063
54.6605802034,94.8439279049
53.8890655752,95.383506356
53.6295647306,95.7071189942
53.599720674,95.8249880753
53.5261620541,95.7999281994
53.4436862348,95.8007882856
53.3278528361,95.740690259
52.9381553506,95.7942779947
52.2987369545,95.902137178
51.8883151437,95.7796395261
52.1036028847,95.7266450717
53.4776210428,95.6059455266
54.5144359932,95.5924099055
55.4750663448,95.5296873862
56.7229481485,95.5362679504
57.7328549876,95.5755405939
58.9115733914,95.1487396251
59.6203546867,94.8121739724
60.219672444,94.9031305691
61.9249190664,94.8699222569
63.6630365858,94.9237629075
67.6315242652,94.9251262027
70.8512124607,94.7892965236
74.9248206672,94.3802829972
82.1429442469,93.1273683712
87.2794824374,92.4461703027
95.2383140408,91.7510769465
100.756014335,91.4715757112
106.021847792,91.2170472489
113.546280772,90.6717278334
118.168599352,90.1623010744
124.386425844,89.7720926499
128.089109948,89.5988898372
131.632822557,89.371853188
136.290212198,89.1718643167
139.123210451,88.9122821952
142.770197464,88.5578295672
144.956521453,88.2736112145
147.045281586,87.9763193045
150.156570553,87.3194149547
152.232210576,86.8137178618
155.321411714,86.1543384592
157.447504748,85.7560423278
159.641006424,85.3932070968
163.079395559,85.0611080846
165.563056257,84.9210787118
169.266414342,84.7700719123
171.634409257,84.6939820621
173.930132007,84.6745285765
177.127546926,84.6361560266
179.090833119,84.5446437597
181.977367013,84.482380379
183.832099917,84.4382185937
185.542650722,84.4712348313
187.654216877,84.5723347055
188.885821925,84.5340461487
190.530232558,84.5881419772
191.492410093,84.5724802982
192.457497947,84.6631927268
193.978384315,84.8150586294
195.010450612,85.0019964352
196.683342866,85.2272708184
197.728246937,85.4840622712
198.678300707,85.7026804956
200.435905674,86.0412259649
201.706786718,86.2835355099
203.612761446,86.573309215
204.800527671,86.7330272572
205.9306778,86.8956487567
207.6940729,87.2257663429
208.847534772,87.598364932
210.023977803,88.0227421685
212.055706285,88.6704492193
213.289855932,89.1779280124
215.0359354,89.7760265984
216.125157329,90.0617970052
217.124412012,90.3189266872
218.610572821,90.7549617513
219.729489431,90.9767240181
221.638029832,91.5049260133
222.921575275,91.8163264075
224.074140183,92.1564828725
225.689855574,92.4233137599
226.803325423,92.5090333727
228.395930485,92.6092409207
229.516707615,92.8196836051
230.624941635,93.0787546413
232.753056943,93.3132192542
234.38056219,93.4004851469
236.837686994,93.4881007789
238.526323695,93.4910008487
240.253967049,93.4163709843
242.93956398,93.1729703483
245.071516042,92.8771168309
248.82822824,92.2526216233
251.317681527,92.0745348313
253.693670555,91.8890167285
257.120475729,91.8338014242
259.443368022,91.6955459183
263.018573984,91.5420151854
265.022059741,91.3189357382
266.783214361,90.8006702519
269.136441257,89.5737012946
270.467283416,88.8500177918
271.817573728,88.0306349276
272.410979129,87.4035385415
272.884344762,86.851560135
273.2999534,86.1226364179
273.257756539,85.9233103562
272.869320933,85.778485343
272.401803448,85.5892993414
272.372938846,85.4716539014
272.62169709,85.0246710085
273.013234908,84.8708059899
273.17702381,84.7173741999
273.134628155,84.6776964357
272.803160227,84.668824938
271.842811134,84.9364821799
271.36781918,85.0040304219
270.739753363,85.2824144524
270.7633631,85.2662398159
270.791475578,85.2175777972
270.800484977,85.2828055398
270.723415613,85.3176269905
270.189513896,85.4921256994
269.63434075,85.6560676366
269.1438079,85.9030011602
268.416314475,86.3467620377
267.899521601,86.4343392856
267.219757504,86.6646268476
266.902627436,86.7715704177
266.580608519,86.9653196929
266.088082969,87.3285636642
265.557360162,87.6410608151
264.756021756,87.8690487828
264.385732537,87.9831259631
264.149108657,88.1321453474
264.122799833,88.1820574972
264.152913526,88.2326628229
264.312629949,88.319738717
264.398063793,88.3474923971
264.379056253,88.346651548
264.272518244,88.3643916874
264.076417194,88.4319131821
263.67017443,88.5453788236
263.387678075,88.5746548108
263.217729529,88.6346285597
263.43957668,88.6411955169
264.274282377,88.7194027838
265.760076959,88.6970505446
266.605817525,88.6514617819
267.19691275,88.4412048944
267.981919719,88.2128016215
268.63034886,88.073350403
269.550977976,87.992103399
270.02985488,87.877721132
270.346126124,87.7317566011
270.414055764,87.5774589388
270.522866096,87.4411500186
270.723606932,87.2745446529
271.146816921,87.1342665793
271.585710774,87.0360121545
272.237164794,86.8762863022
272.662099287,86.8614209841
273.089834354,86.8469142086
273.855149789,86.7630138236
274.380367793,86.7413722878
275.300558284,86.7160726851
275.846089703,86.6920754669
276.282913773,86.6915035236
276.608495931,86.6787434164
276.665263519,86.736029128
276.726423492,86.8404865837
276.842690884,86.9685086321
276.981170974,87.1209599871
277.126836813,87.3839817418
277.243253652,87.5142783375
277.411403676,87.5195894107
277.567388284,87.4645869526
277.784557212,87.3857098508
278.185245618,87.1373628631
278.254759216,87.0667179397
277.724371396,86.924504932
276.536910921,87.0189264919
274.170135161,87.161970305
268.377233679,87.5456980995
263.349802555,87.9187876176
254.817930417,88.1188295454
248.796260512,88.0224415396
242.205780339,88.1432554597
231.689097408,87.8830363167
224.495114666,87.7408938529
213.201346253,87.2879573816
205.916004015,86.5992997481
199.461049104,85.5961357985
191.919638151,84.0510046498
188.603134219,83.248748985
185.270001832,82.5951515541
184.077090284,82.3494498425
183.649943369,82.0152777573
183.765801116,81.7016487968
184.022166892,81.6832599607
184.850640491,81.4928944038
185.228441732,81.5526138319
185.390348295,81.5039932983
185.380293731,81.5016096035
185.24221328,81.465178302
184.86112344,81.5878853264
184.608406965,81.6794577808
184.280603346,81.8169925341
183.934180194,81.9301845119
183.489685498,82.065578004
183.097511933,82.1404900793
183.013389436,82.1196731091
182.943694889,82.1196200357
183.005028902,81.9781481119
183.253660326,81.8049144526
183.683809294,81.6234547286
184.006867666,81.5558614412
184.508941484,81.3151626607
185.535325068,81.0364000692
186.147527841,81.0477846047
186.78941628,81.0190714411
187.232913252,80.9619058351
187.632284712,80.9145075171
188.102950313,80.8547459084
188.236506731,80.8318788555
188.434166936,80.8692196344
188.538571322,80.9518650804
188.683650652,81.4599434742
188.803082993,82.2335858988
188.884783347,82.8906198879
188.846208513,84.0942248334
188.668814121,84.8910836663
188.393891043,85.811277032
187.796353519,86.9483377943
187.420708463,87.4871737584
186.967523638,88.2193643173
186.772895926,88.6024075782
186.608734111,88.882210183
186.308165935,89.2837611253
185.993648047,89.4734045328
185.770570615,89.562426142
185.010972616,90.1175470712
184.390792125,90.4775165673
183.313104355,90.6660529961
182.773212519,90.6366843996
182.336788574,90.7120309212
181.809007194,91.0234229192
181.57560216,91.1978474746
181.229155285,91.6489686068
181.095130014,91.7841394098
180.931506454,91.8609399707
180.897339197,91.8382836785
180.921778736,91.890557294
181.054231039,91.981764768
181.120756359,91.9713806607
181.203617417,91.8856862753
181.275113285,91.6684017227
181.314188048,91.5567675433
181.776453496,91.3846124602
181.860023283,91.3584634665
182.019974944,91.2861261212
182.229136439,91.0297376865
182.180607167,90.9631007318
181.323341555,90.771691086
180.328358428,90.7100041335
179.17125884,90.7161280169
177.481130863,90.8002319865
176.448252436,90.9573393609
175.148343952,90.9306653319
174.405954671,90.8406551384
173.545694296,90.6851775949
172.401379097,90.5458594465
171.637603456,90.5822907106
170.671897532,90.7669889917
170.359387759,90.9790274404
170.344172429,91.2980472514
171.25917873,91.446196088
172.52492488,91.3759823389
175.409374502,91.0832639394
177.806046305,90.8580494112
180.093403999,90.6577568973
183.38012777,90.3568251674
185.339021045,90.2923065243
188.087538794,89.9947529598
189.783579045,89.6270481718
191.332256893,89.238393562
193.307219934,88.3394139554
194.271671774,87.7340358294
195.051618009,86.8197469878
195.296068678,86.0010236989
195.373931541,85.0426187339
195.449556883,83.2133480547
195.399733526,81.8337781512
195.168748622,79.1870663852
194.794380342,77.506538481
194.345581495,76.0091794133
193.409998577,74.7729240299
193.072035385,73.8065773267
192.785755002,72.824383033
192.598028248,72.5909173394
192.508942629,72.5602323435
192.567471322,72.7016808702
192.634266362,72.8357528071
192.926636511,73.0620906013
193.10510386,73.1331575017
193.316340621,73.3169032714
193.488700586,73.5487837213
193.668815207,73.7276948214
194.071703698,73.8718202975
194.591434723,74.031533617
195.091323045,74.1200561105
195.897073053,74.4930061811
196.669786684,74.7208319075
198.28401531,75.139917388
199.514367962,75.6871602845
200.770342026,76.2540568427
202.631393953,77.0721778224
203.752243501,77.562023767
205.472081011,78.2285572791
206.698490532,78.588092678
207.809587142,78.9095926936
209.211166926,79.2725087978
210.025904709,79.493410496
211.091900027,79.6819893593
211.717169826,79.8322144925
212.270912739,79.981684391
212.957634907,80.1796120518
213.346800502,80.326196406
213.490802757,80.3837718886
213.466254899,80.3667223471
213.304169489,80.2948118278
212.397554794,80.0917949403
211.565488587,79.9637189789
210.984758508,79.8255015672
210.473981079,79.7574153966
210.193105608,79.7766189542
209.553218306,79.6132758339
208.911302402,79.5055754928
208.220244819,79.2051832629
207.012081747,78.9562685102
206.195235739,78.751745814
205.092411278,78.6267969877
204.216641922,78.4976921273
203.357845262,78.2569507755
202.312430258,77.873196457
201.691676744,77.8765190446
200.804187595,77.8263688248
200.229146893,77.7374835275
199.811406454,77.6749209161
199.193947565,77.6405960552
198.892536516,77.708115738
198.564789965,77.8660712061
198.31329174,78.0340664502
198.032621083,78.1762177901
197.444061827,78.3823159422
196.919380193,78.5081731102
195.873756778,78.7762565324
195.169742198,79.0352451224
194.450093133,79.3650152791
193.463615112,79.8136662818
192.905790381,80.1247734125
192.237632767,80.5062952654
191.890231774,80.7212792724
191.642853286,80.9580314296
191.620373239,81.0763847271
191.605447384,81.1484385434
191.674215037,81.2308256106
191.836473884,81.2812811988
192.033338362,81.3203097175
192.337957427,81.3613063671
192.579392591,81.4511882611
192.92425926,81.5151289634
193.103590751,81.5693228368
193.316530794,81.6889468624
193.557651855,81.8717461092
193.705271596,82.0011239368
193.969599266,82.1249494237
194.19548395,82.1903982444
194.470113009,82.2006334574
194.932105016,82.2009598031
195.171438445,82.2366553643
195.54956652,82.293979684
195.722406859,82.3052397479
195.960148808,82.3151393999
196.319594041,82.3269696368
196.524172907,82.3617493185
196.995293351,82.4630709837
197.228920176,82.4912714578
197.472563406,82.5503605676
197.796076698,82.5744594615
198.04848156,82.6363923099
198.571758851,82.8207164204
199.102957574,83.1107932725
199.726228846,83.3522921135
201.018405634,83.8978172069
201.935346089,84.2773435179
203.35566773,84.7452805297
204.239380194,85.0065245461
205.018736728,85.2537406192
206.121728005,85.5691104207
206.768934135,85.841336471
207.477080118,86.1429190727
208.616846394,86.6625336562
209.408630817,87.0025028572
210.599887623,87.3872893599
211.341872903,87.6019899184
212.310375441,87.8829215815
212.864762559,88.1318374493
213.371986402,88.3228419713
214.131371437,88.7096969538
214.643866564,88.9168161363
215.417166472,89.2041912592
215.963987759,89.3895260609
216.469128589,89.590849708
217.118809632,89.8639867803
217.414713775,89.9726064399
217.554016524,90.0592083048
217.743102392,90.1520878192
217.804013174,90.2155304684
217.801575957,90.2804208922
217.768648669,90.3593153268
217.685159036,90.4113995586
217.499717142,90.5014354437
217.364804157,90.5055637468
217.009906204,90.4750691135
216.825554345,90.4060693352
216.589187009,90.3151691851
216.151586617,90.1472326454
215.916214463,90.048392617
215.558434886,89.9252151324
215.166477012,89.7620046109
214.706355222,89.5540443261
213.945041815,89.2041952978
213.485129446,88.9544899504
212.686583079,88.6641964026
212.097355719,88.4028848333
211.534132033,88.1354974009
210.570958828,87.6577265389
209.861777997,87.4629720568
208.498609532,86.9969820011
207.463943703,86.6176772662
206.330090527,86.1787550982
204.310881575,85.4890447692
202.695878794,85.0066170068
199.763304377,84.2314005708
197.58957966,83.686802781
195.400054826,83.0864125285
192.043458497,82.281143557
189.851158098,81.798771518
186.435133932,81.1335363043
184.060953897,80.7118081684
181.645907564,80.2996723361
178.424699147,79.874959931
176.397616368,79.5635084966
173.51703505,79.0437633293
171.647809243,78.7532107108
169.776668793,78.5081717479
167.340124261,78.4979624693
165.927149392,78.488653623
164.154358197,78.512967716
163.203601313,78.4740747918
162.409704616,78.4675237128
161.392724229,78.702124553
160.810724463,78.6316536328
159.897049042,78.4686836433
159.238817914,78.3446030634
158.504414975,78.3079221833
157.624252163,78.2154056664
157.072020795,78.2677087433
156.32278106,78.3178088785
155.728641555,78.4303768193
154.909197983,78.6562421626
153.670991611,78.6717617026
152.690373756,78.6842455877
150.976943455,78.8569004172
149.723018341,79.0981768016
148.185839748,79.4996954036
146.065662749,79.8612382628
144.775637284,80.0152497869
143.100512201,80.2529464985
142.326157682,80.4124602477
142.068833999,80.5792073928
142.978087583,80.8167092546
144.174376854,81.3553100787
146.372417321,82.1924472307
147.819405112,82.9356306764
149.199801535,83.9747639865
151.020691789,84.8235297947
151.624449179,85.3244382334
152.375064808,85.8365353481
152.571040369,86.0650932465
153.028544004,86.2185411141
153.774446579,86.569766881
154.530311334,86.6206036465
155.356702536,86.8001628452
155.987007299,86.8806636043
156.581781176,87.0308157068
157.671448563,87.4783727239
158.473588419,87.7167524783
159.502860227,88.1819669465
161.248948804,88.924370211
162.393713754,89.2123477942
164.20759986,89.4836844131
165.355456717,89.6737139933
166.677639761,89.7521260874
168.803454138,89.7927680784
170.493851672,89.7901702808
173.297772734,89.8615332137
174.905584065,90.0228598772
176.42188539,90.0664450767
178.644739084,90.0236714681
180.186124421,90.0057929977
182.474924173,90.1089160803
183.808465565,90.2105712409
185.045793376,90.2875963981
186.447054733,90.3057883131
187.055843463,90.2859554104
187.671656871,90.2149235835
188.033855186,90.1825426875
188.355256963,90.0941673727
188.704297666,89.9590276895
189.080996433,89.6551599674
189.821644419,88.9690929923
190.454703413,88.565078166
191.02975583,88.2957365965
191.544335368,87.9047372501
191.59516309,87.7663508597
190.921881766,87.5386899742
189.991015461,87.3599988648
188.875030071,87.1675407208
186.539754763,86.8803898875
184.632701084,86.6695351616
180.956196587,86.4857722885
177.766615043,86.3073262776
174.102282515,86.0966044268
168.033072427,85.5450229054
164.028758092,85.2531301728
158.487947568,84.9796437962
155.2511278,84.8526217931
152.437179772,84.7374973174
149.25200991,84.6641331026
147.817887976,84.6499403879
146.444302042,84.7212131095
145.959295793,84.7542626727
145.660558256,84.7247576326
146.368881525,84.8124211642
147.552956882,84.9272673672
149.463029334,85.3086257579
150.42447001,85.5282353969
150.860512105,85.6237649825
150.682051839,85.6421946522
150.525521694,85.4920605669
149.981244685,85.3542959614
149.710791284,85.2891648963
149.505007618,85.3132880364
149.520218064,85.5332720382
149.774368985,86.1043482198
150.127282265,86.792492298
150.430931438,87.0827741398
150.673609269,87.2083990686
151.168428002,87.4294395363
151.355848322,87.3872929294
151.756796236,87.3995915559
151.890734926,87.4136825798
151.977530196,87.4481741479
151.993711232,87.6840458659
151.842405689,87.9728827932
151.385942485,88.2988281742
150.833979308,88.4412645121
150.296059192,88.5023175225
149.113251103,88.6790100133
148.141917027,88.8728267778
146.889509633,89.1572937987
146.296632996,89.3320878885
145.827112824,89.4950999599
145.282848165,89.6520355131
144.640991166,89.6428326153
143.582179252,89.6236387968
142.750774988,89.7167498791
141.90403149,89.8498060899
140.325902502,90.0529828931
139.227082293,90.0794723851
137.38773298,89.9902031722
136.043123382,89.9228656848
134.601079889,89.9509016477
132.310935106,90.0504294449
130.501128972,90.2636534439
127.334761009,90.5852275559
125.012961838,90.7791601959
122.467592429,90.9484571299
118.586903616,91.1511534256
116.300956598,91.1807055398
114.263390888,91.1506547177
112.210160364,91.149031567
111.264390124,91.1700164843
110.386279962,91.1940782887
110.07530976,91.156185454
109.773755284,90.9748016401
109.58510453,90.6489923148
109.836985883,90.1981874626
111.079562671,88.9946478244
112.244201301,87.6915440012
113.060097684,86.2565054528
113.763628198,84.2588829355
113.94370534,83.38538858
114.2996969,82.2351123868
114.527061986,81.462309755
114.745180726,80.8607731732
115.013367843,80.201283827
114.968385827,79.895535895
115.028577746,79.1133875589
114.960731528,78.7076918485
115.036511112,78.2585788537
115.025595659,77.6231565175
115.202684258,77.2777818343
115.743177009,76.6242794942
116.167769423,76.2877955304
116.604563078,76.0143920954
116.805019635,75.989473745
116.776580824,76.0165651853
116.458111059,76.2224459797
115.840328031,76.4235488296
115.038882973,76.4653139807
113.186457962,76.4551541554
111.598320384,76.4775921314
109.093517343,76.5369133911
107.450049953,76.6611401359
105.861039545,76.7812598953
103.427529253,77.1056915424
101.853952939,77.2455982661
99.4478915337,77.3745746261
97.7972496026,77.4805034512
96.03481261,77.7493686867
93.3634438847,78.4222499869
91.7981677182,78.8831316098
89.4946826637,79.4996203148
88.0479018835,79.8617584924
86.5927413044,80.2017716641
84.3998379112,80.6781642714
83.0482275149,80.9390547886
80.990378705,81.192238165
79.7467469304,81.3409043273
78.479378706,81.4884954324
76.6356811061,81.7562350065
75.3511668774,82.11508585
73.4747398048,82.7124591748
72.2853649189,83.017417533
71.2998846262,83.2006381251
69.8758024921,83.4353290756
69.1646673612,83.4401040302
68.2097164394,83.4258800944
67.5233352368,83.3936071648
66.8275168778,83.4227074854
65.704492884,83.3781911229
64.9757599378,83.3375346266
64.1822193474,83.3607795514
63.7262815207,83.371232528
63.3099508787,83.4181610535
62.7384822364,83.394753439
62.3643556278,83.3505939204
62.0358330546,83.2744718566
62.0105025813,83.2453535328
62.2832897218,83.0966114753
63.8768516144,82.6319747683
65.0140686551,82.4029113249
66.36776509,82.058752942
67.2413241329,81.9010715138
68.6856213376,81.6062455927
71.8525995492,81.2506042947
74.1910759526,81.2326180656
77.440484938,81.2246746569
79.8269171583,80.8792325547
82.5480077409,80.4984142075
87.4032830938,79.9431409632
90.9596332082,79.4677820055
95.0920963465,79.3684153604
97.731391948,78.8274640269
100.295982618,78.2461242683
104.057732157,77.5503705654
106.173222242,77.3842377033
109.288537774,77.1983936367
110.954962978,77.1331861652
112.811967368,76.8138887028
115.911085639,76.2309854764
118.057054958,75.8838634874
119.992877259,75.5089030938
122.122434394,75.1871861238
123.184754574,75.0105486782
124.469477133,74.817559717
125.312782996,74.7115105791
126.215386651,74.7085628764
127.929785982,74.5605721096
129.285493943,74.5842598623
131.543131631,74.6492163415
132.978842272,74.6694512168
134.585147779,74.5953760155
137.778553934,74.2580714769
140.74035773,74.0648449477
145.935044428,74.1356299575
149.750279621,74.3632483051
153.81857828,74.8088840147
159.769941324,75.5869425348
163.741283242,75.9175821713
169.344490767,76.554816946
172.682012121,76.9593512797
175.862967941,77.2816284747
180.457521512,77.444015278
183.449009925,77.4862968425
187.900931838,77.5076424463
190.748014048,77.4925055656
193.419685798,77.6394103291
197.160226121,77.8329035295
199.655081922,77.9236030505
203.814471006,78.6124468069
207.463104139,79.3276287553
211.759513324,80.1489656924
218.258748627,81.4334107224
222.152582854,82.1670846759
226.708554121,83.069313039
228.95211069,83.4338205427
230.713252351,83.6741095607
232.731305612,83.9040112243
233.773197905,83.9459657356
235.173905686,83.8128017034
236.104489423,83.7480193722
236.944400635,83.7204868521
238.061392191,83.8855396312
238.629744038,83.9578786463
239.356154413,84.0683768458
239.82260671,84.0519257518
240.322788361,84.0158785409
241.107615239,84.0152182642
241.627529226,84.1168974389
242.394145265,84.2700171819
242.867095663,84.408728513
243.45058634,84.5020427894
244.338414269,84.5392096611
244.903788415,84.5922659748
245.609762983,84.4373294348
246.017319601,84.2404612939
246.442449247,84.0190713306
247.776191134,83.4329369748
250.20997388,82.8228103496
255.327006955,82.9782498487
258.71050387,83.766705017
261.843881172,84.4836847446
265.662250314,85.3146217049
267.559028791,85.5855996316
269.663396698,85.6921859003
270.821874467,85.6683088785
271.904777932,85.6646958939
273.32498162,85.5672646002
274.17199695,85.5183323258
275.125994619,85.5312707944
275.57616696,85.5879212188
275.887667015,85.6277106216
276.18265571,85.7145280647
276.404678198,85.6935357049
276.721673394,85.6777081817
276.918139911,85.7132252508
277.173749837,85.7671178265
277.748726717,85.9811587139
278.462872301,86.3467601603
279.457302447,87.1704103455
279.959896725,87.7172251922
280.194275391,88.1642656868
280.090956047,88.662961808
279.68963396,88.8461627669
279.187202522,89.0293156206
278.348913134,89.2519143566
277.860292875,89.4881232161
277.072242102,89.7998368215
276.432109903,89.8783255598
275.700701161,89.9338870271
274.37077781,90.0309818967
273.479187427,90.0457708988
272.111275477,90.263250075
271.112124229,90.401346312
270.072183559,90.4919721011
268.615394061,90.402352226
267.639095854,90.4568875266
266.068172793,90.7314165783
264.856614274,91.0384043034
263.634998701,91.2569329681
261.510407317,91.6446249833
260.002424663,91.8339383866
257.597454017,92.0155639118
255.920953696,92.0053459465
254.236801315,92.0659949729
251.627379692,92.200547789
249.736688978,92.330472434
246.691035207,92.5805989986
244.487617267,92.6777553154
242.282735865,92.666147048
238.872917357,92.6239423762
236.725255808,92.4913555595
233.392140276,92.3205328108
231.199797871,92.2389892182
228.885772126,92.1668268573
225.467865337,91.9225809034
223.044129612,91.7850970764
219.267542643,91.5722114006
216.611673022,91.3911969728
213.931402814,91.1108050843
210.140817527,90.554538324
207.631859591,90.2288336057
204.058968109,89.563132763
201.893677875,89.0039478906
199.853852653,88.3964469427
197.044552841,87.2315832566
195.313248169,86.2377073992
192.979089502,84.8883666724
191.461034086,84.0861214917
190.16401185,83.3541503146
188.741865787,82.8872576626
188.032558793,82.6352831497
187.292953893,82.3243638908
186.976254137,82.0726360403
186.8140721,81.8780014513
186.724192269,81.5263742741
186.724516842,81.2824065982
186.962546294,81.0622674882
187.149823161,80.881411302
187.389540844,80.7876900451
188.028614574,80.5013299493
188.333054029,80.4486620711
188.800507831,80.3455237974
188.973231441,80.3119197309
188.953613821,80.3366477595
188.128436969,80.9333560864
186.703617965,81.8350615221
183.920364771,83.3758771611
182.01308386,84.175902306
180.220630531,84.8453612313
177.792182452,85.647648645
176.336850794,86.3034953641
174.336921173,87.460807991
173.035891757,88.1821859234
171.923590356,88.7643046102
170.427982855,89.3659436742
169.57447478,89.5638962353
168.651667048,89.6088114136
168.192689198,89.3832190553
167.905671582,89.1475240589
167.552337955,88.8968178483
167.452617157,88.7690529587
167.280148617,88.4787382241
167.195345205,88.5055138418
167.150091867,88.4965973055
167.272868214,88.6790578374
167.506233488,88.9112569182
168.050801775,89.5715014748
168.368572132,90.2952193527
168.676547094,91.3041271124
168.898735448,92.9558637253
168.958233933,94.0795633844
169.036568654,95.1239993232
168.925482521,96.6485964793
168.557853798,97.5863524987
167.59671032,98.8954687465
166.384890279,99.6148962724
164.692596469,100.291975234
161.352326315,101.519730394
158.859939617,102.333392488
155.046166365,103.484323998
152.493560374,104.302860141
149.945396148,104.853882803
146.117853787,105.516994576
143.691955147,105.80082162
140.038041134,105.971085703
137.81528597,105.937800501
135.713845283,105.899788324
132.780380914,105.668651377
131.190433652,105.447537054
129.158954325,105.138036656
127.911144482,105.063454798
126.607453756,105.110292502
124.59215075,105.390662549
123.635056324,105.540482184
122.969037988,105.647500859
123.35707721,105.522841258
124.2953682,104.943681619
126.362226312,104.151546336
127.961467301,103.551905477
130.712310116,102.885810185
132.721641251,102.383469352
135.291365374,101.62545336
140.057385877,100.236174333
143.989969844,99.0730569752
150.423507823,97.2524975582
154.755322692,96.0992270622
158.895195379,95.0894545068
164.516333916,93.7939015661
167.846884489,93.2779267314
171.929818326,92.815135929
174.024543104,92.6215597655
175.612886125,92.5878004972
176.926227189,92.707266348
177.328370809,92.8276756924
177.266866874,92.9659225499
177.186015837,93.0966697362
176.965861003,93.2621020314
176.719619157,93.3759897271
176.616463059,93.4185042787
176.586370003,93.4863032367
176.597035625,93.4799431695
176.60043541,93.4732204108
176.638834446,93.4375614821
176.635206934,93.440154349
176.583915682,93.469129069
176.39104075,93.5093433523
175.693497425,93.5307356793
174.549439638,93.5230739635
173.542773112,93.2816999947
171.496980946,92.7724308894
169.847040274,92.8861143164
167.98134789,93.0803657268
164.882419246,93.2025657179
162.536177037,93.3259713931
158.932099226,93.5946042972
156.592436552,93.7847105913
153.996300083,93.9629715311
150.027459256,93.7574256857
147.374838994,93.4728785018
143.223196999,93.6161115871
140.651855306,93.9000199757
138.369342499,94.2302665258
135.444585997,94.6246866137
133.750985073,94.9066798416
131.668059326,95.1728035501
130.42982857,95.1938952743
129.339737392,95.2777275339
127.870322042,95.394231274
126.985594539,95.4531504845
126.034519935,95.3752649968
125.49606936,95.3579673813
124.860662819,95.3479088479
123.924549563,95.3052928391
123.329544852,95.2787654288
122.401453455,95.3928753716
121.786112367,95.4465068349
121.176720229,95.4952626785
120.502607912,95.42845907
120.145829542,95.4202321201
119.839716319,95.488548188
119.37391008,95.5155644332
118.941156364,95.5295406097
118.417642398,95.5909085137
118.105332257,95.6823995106
117.733273602,95.8265972091
117.410415748,95.9941451304
117.197086254,96.0756046621
116.977301861,96.1389348337
116.810984684,96.1789399898
116.6522374,96.2029570557
116.505458947,96.2449083212
116.424116168,96.2768511511
116.309740297,96.3201754923
116.263281182,96.3409504948
116.240965055,96.3603401681
116.282276455,96.3408239473
116.422513264,96.3437779533
116.722628357,96.3443247309
116.944332103,96.3076666242
117.182851031,96.2607793019
117.454389557,96.2071702133
117.660824666,96.17764988
117.972146627,96.146769205
118.23534428,96.1053188321
118.518827786,96.0529577268
118.849522984,96.0098528012
119.047172346,95.9754492854
119.22403315,95.9942192668
119.313468973,96.0357842041
119.406706388,96.0911957151
119.475100576,96.1640425673
119.512956192,96.2174350838
119.556381291,96.2538718059
119.55717834,96.2708852563
119.559630809,96.2716023782
119.513373986,96.2143073565
119.434228615,96.1381876702
119.338262684,96.0272545413
119.299120035,96.0024337159
119.287940206,95.9928698393
119.293149922,96.017955687
119.307348147,96.0314795599
119.287187934,96.0539775122
119.281964502,96.0599987471
119.283819283,96.0655436077
119.323773823,96.0633400368
119.468410592,96.0406740442
119.934119984,95.9638926345
120.286266508,95.9452988101
120.734828662,95.8605066966
121.287459368,95.8294425983
121.685663,95.8739532263
122.219271766,95.8553061959
122.687342587,95.7929262298
123.221550572,95.7197122394
124.313600489,95.51217282
125.578589702,95.3607034044
127.873177669,95.2880708426
129.712073632,95.231111341
131.581557171,95.1857790657
134.40115553,94.9274491305
136.327623533,94.7768841874
139.241417113,94.5044128876
141.198834797,94.3334351078
143.062455579,94.2320744715
145.627160003,94.0173816228
147.269728624,93.9430710637
149.592720141,93.8547893595
151.033091393,93.8716741011
152.414690637,93.9151365614
154.31428461,94.0924414418
155.476344385,94.2390348108
157.01816775,94.513280947
158.060438817,94.671178542
159.24806359,94.8231286554
161.285593849,94.9222888653
162.755311449,95.1063761628
164.676625089,95.3272776984
165.62098378,95.5091204232
166.360080326,95.870728488
166.690191574,96.691642896
166.610728179,97.1599153931
166.287036022,97.5364457039
165.676234364,97.9333996432
165.259807297,98.1659176695
164.789309851,98.700250009
164.577150955,99.0795298558
164.404283506,99.4474355553
164.365009759,99.7946823958
164.359734523,99.8327031856
164.295021504,99.8834013629
164.331419826,99.8615239316
164.382091831,99.8115194768
164.619337228,99.6402047727
164.93185222,99.3889263512
165.708334449,99.1100841341
166.230313928,99.0326014231
166.735942022,98.8934552565
167.549317613,98.741606485
168.268691593,98.5599284759
169.783006257,98.2056982409
170.825620046,98.0237905821
171.646327002,97.7425676016
172.810635991,97.3042308315
173.433354672,97.0902652056
174.198424984,96.7807992888
174.750154861,96.6090678343
175.276230036,96.5004955097
176.298720162,96.2712682236
177.297094121,96.0183297271
179.920687802,95.5009976552
182.001742358,95.1006161094
184.176728819,94.7584718357
187.500779421,93.9448202677
189.759714174,93.3627371983
193.0530515,92.646083436
195.143791702,92.1091704128
196.924816817,91.6790851186
199.168601458,91.1200245625
200.398104114,90.7174382014
202.027600111,90.2982178173
202.995557082,90.0447988944
203.933987138,89.8001533252
205.135485539,89.4591212518
205.810068681,89.2783759466
206.660415965,89.0347251414
207.134114038,88.8981809758
207.537835205,88.8528301691
208.078014184,88.7619740884
208.350920014,88.7059235793
208.639956098,88.6691327879
208.810071443,88.6130131893
208.982238052,88.5861199886
209.235533037,88.5709412193
209.36426313,88.600350673
209.521484287,88.6794530337
209.580400932,88.7154255805
209.6130637,88.7402034501
209.59590186,88.8125716691
209.50528016,88.8855594892
209.283891054,88.9822877055
209.189233835,89.0344252898
209.126849724,89.095972962
209.068423038,89.1665779045
209.111810934,89.1923483417
209.463448645,89.1823232483
209.82294324,89.186004195
210.105076957,89.2213422204
210.503280344,89.3186532575
210.663847476,89.3678958995
211.030290993,89.474900374
211.378124812,89.5283424485
212.101110231,89.5383419338
214.11173277,89.8076258347
216.003402212,90.0388625557
218.828633672,90.1783693263
220.388774383,90.2014193824
221.659101278,90.2055718767
223.044092082,90.2409809344
223.760426038,90.2515762103
224.46062885,90.3530391875
224.755617499,90.4052282224
224.958278232,90.4142614848
225.168936078,90.4293346379
225.36944183,90.4306023496
225.451443662,90.475094022
225.49849689,90.4854037
225.466667951,90.5030542675
225.28627076,90.5511923446
225.065233024,90.525837149
224.630822635,90.497052321
224.165714315,90.5080553386
223.691443994,90.4791101304
222.57321475,90.5388474326
221.485104232,90.6256126945
220.093377203,90.626251622
217.596053355,90.7545399201
215.735789034,90.8422029579
212.697360915,90.8865871338
210.538482272,90.9817021863
208.349413728,91.0547326769
204.965734545,90.9856603834
202.609715693,90.7349673481
198.634350789,89.789605906
195.971681984,89.1754009366
193.470926881,88.5702620124
190.051603103,88.071327047
187.944508666,87.9826847845
184.94429044,87.8616661883
183.057051334,87.8328693573
181.156170715,87.7818474843
178.29060662,87.9095790512
176.452702209,88.0365227717
173.756978493,88.376893695
172.063019232,88.6178701796
170.304374124,88.866394837
167.622715335,89.1353267104
165.741149309,89.3518186043
162.847708454,89.6356922585
161.039381617,89.8028288409
159.378699795,90.0346060665
157.060461549,90.4359295623
155.749530771,90.692686018
153.619901223,91.1127316699
152.230982963,91.4503418652
150.865789726,91.7716864154
149.044333383,92.1712541804
147.986353959,92.4817003983
146.685389,92.8558364956
145.816039298,93.134198482
144.748303538,93.474445916
142.869511422,93.8430091452
141.449340215,94.1638100211
139.214555194,94.8027645492
137.641821256,95.2787494424
135.868202258,95.8149674214
133.040511383,96.3702747252
131.066978194,96.6982486423
128.235310872,97.0790565468
126.594385538,97.3064085954
125.211953556,97.5434622814
123.547136517,98.0590663477
122.577282349,98.3039823164
121.2774862,98.4495153338
120.490200146,98.4467425439
119.795920842,98.4322385727
118.693891614,98.3975057178
118.009521728,98.357050621
117.152975546,98.3788841402
116.674512836,98.3907128222
116.358794296,98.3149425277
116.09115541,98.2365133121
115.927780714,98.1901563185
115.565044639,98.16725918
115.414409073,98.1572532031
115.215896228,98.1666720896
115.15387717,98.1519075904
115.221331888,98.1470549785
115.657278093,98.1441970388
116.218847094,98.1217505036
116.901837496,98.0820153956
118.391665858,98.0799207692
119.651736153,98.1346892459
121.947599991,98.095617188
123.653662575,98.0769357547
125.70452874,97.9627167969
129.403299434,97.8808341847
132.323539844,97.8062632498
137.414540295,97.6252895999
140.941252798,97.7037148151
144.603123287,97.6970797283
149.920503502,97.6611139607
153.387058142,97.6329094428
158.726077012,97.492200545
162.375137417,97.5091118562
166.040693598,97.4543386722
171.480539181,97.6855096011
174.921366152,97.8664972511
180.03293742,98.3063370703
183.411016582,98.6396942963
186.754720526,99.0897225325
191.525051469,99.7957089463
194.458181022,100.19343225
197.299460814,100.57870628
201.31537795,101.170623342
204.058085524,101.565998837
208.321728459,102.092176322
211.212714443,102.19016024
213.868493552,102.331430665
217.637855558,102.275150899
220.172864825,102.226658213
224.409078084,102.027445789
227.320575755,101.792187031
230.149443423,101.31399668
233.996060117,100.440440085
236.359856165,99.8274653443
239.584265504,99.0913491597
241.607284533,98.6758095956
243.486534025,98.4260441143
246.300815436,97.9818203326
247.964044059,97.6060347415
250.086925141,96.8463992473
251.136283043,96.3987687028
251.816907484,95.954291145
252.507865846,95.4347421977
252.975963227,95.2823678328
254.009139758,95.0796424485
254.897856928,95.0229001639
256.064945877,94.964382086
257.929809226,94.8993822647
259.090093118,94.7982480594
260.596148102,94.6238750989
261.435307163,94.5625493811
262.05633218,94.3959203154
262.659097389,93.8383699469
262.736340889,93.5690210168
263.166625929,92.9272416858
263.414374073,92.4182344791
263.84670656,91.7998043347
264.711425877,90.7613877445
265.589832514,90.3292012442
267.230560079,89.9102517511
268.405175441,89.8405084661
269.555496963,89.8584687726
271.201591408,89.91021012
272.310163772,90.0354543556
273.95800826,90.3324367679
275.162056906,90.6214859397
276.285307877,91.15214882
278.131774799,92.2435153345
279.357590176,93.0339830804
281.106064246,94.3858087198
281.952665179,95.3784254274
282.436916638,96.5494205891
282.505683296,98.3402316624
282.199853193,99.4905053532
281.51129188,101.036052828
281.106154989,101.688294838
280.896879588,102.219810784
280.787503785,102.650565073
280.837949588,102.800145744
281.066664331,102.813780263
281.254362559,102.779467711
281.365666875,102.767396771
281.285445789,102.577973601
281.047056074,102.426506142
280.270745609,102.058599986
279.474436843,101.791938053
278.310683197,101.438247246
276.183042347,100.973372054
274.210398121,100.609458143
270.562923619,99.8458751208
267.828282522,99.3285264054
264.965848339,98.982539218
260.549895734,98.2599246412
257.598171763,97.9328977012
252.907192162,97.3721256359
250.087890883,96.9276678913
247.371902965,96.5031511844
243.452424497,96.1381716859
240.708707224,96.0163927961
236.433532343,95.710243249
233.274543726,95.6139280781
229.963950249,95.6036438524
224.928278724,95.5790620946
221.588278657,95.6266095887
216.66498576,95.6675901667
213.419400065,95.6899968059
210.30512097,95.7274678689
205.8473891,95.594506091
203.093939309,95.5278564652
200.547918645,95.5308324182
196.899515881,95.5605238877
194.706233053,95.6499170665
191.799941341,95.8451339818
190.144940229,95.9884273096
188.746333332,96.0675293962
187.301893965,95.9957177086
186.717875007,95.7851303507
186.450924211,95.3915620062
186.638194119,95.2794615275
186.780925481,95.120519978
186.939312007,95.0909570327
186.965185702,95.1828060391
186.934516938,95.6897934378
187.004138811,96.1536070175
187.346235825,96.7815812455
187.940481793,97.6801321238
188.437153773,98.2085635548
188.99598339,98.7516021747
189.177830286,99.1066925335
189.101198385,99.4753802363
188.598044181,99.7491871344
187.976116011,99.799225719
186.880193074,99.6844665686
185.885179807,99.8125284581
184.624845704,100.301395677
182.150140762,101.482512499
180.267120311,102.096039081
178.036216939,103.032408635
177.03889011,103.640824066
176.304968676,104.238860883
175.363618614,104.899431672
174.821450824,105.474215931
173.871735734,106.773086672
173.33349193,107.603961551
172.646605546,108.335333572
171.16371514,108.784766198
169.939121196,108.286411015
168.159061415,106.688534862
167.200104114,105.425806879
166.405866824,104.039146757
165.360527912,101.976764817
164.786882008,100.656613838
164.451484729,98.3831734885
164.70280956,96.68425068
165.06455288,95.0244162622
165.53016107,93.1728726146
165.804206638,92.1391986669
165.924113819,90.8174194551
165.937539243,90.0070953948
165.635074512,89.5006939825
165.284492224,89.1229915887
165.332160545,88.7298922208
165.843136817,88.0159229459
166.486145705,87.3720932456
167.52493143,86.5706642442
169.476020929,85.4469273667
170.873707454,84.7618738396
172.721883794,83.7197165773
173.509428296,83.0205205661
174.092131029,82.2473898185
