179.216410842,99.900068806
179.288409472,99.8785839289
179.318770661,99.8817349471
179.330410907,99.8858448887
179.332325346,99.8980133758
179.309262838,99.9178687914
179.279588738,99.937237976
179.256205746,99.9761920291
179.243476507,100.006148341
179.22064105,100.062189705
179.206714742,100.090989247
179.182888932,100.105824536
179.133067883,100.132560969
179.089431525,100.167445294
179.064522124,100.188265483
179.044025366,100.212818629
179.022223664,100.250955119
178.984193321,100.315161907
178.950622625,100.352066532
178.908350544,100.391772702
178.885332439,100.426205872
178.870198076,100.473411872
178.829140727,100.565391783
178.800035365,100.630977267
178.733886386,100.759460175
178.691845813,100.824788186
178.644282481,100.894120303
178.584835001,100.943481917
178.55907808,100.962627735
178.521637573,100.987915884
178.495623921,100.992468511
178.466873895,101.006418902
178.434459982,101.036422099
178.415350462,101.038355445
178.384273449,101.061329723
178.376045197,101.086227262
178.371055416,101.098677034
178.382633216,101.092237334
178.40035055,101.083461222
178.417722448,101.07996816
178.41282413,101.067870756
178.385155126,101.066980564
178.351195638,101.062695408
178.343235634,101.078056111
178.335581715,101.131609319
178.335864768,101.154500806
178.325371733,101.172133387
178.304791067,101.193204329
178.290802108,101.220127577
178.299292494,101.261532629
178.304809041,101.271067909
178.301049272,101.286526335
178.278177608,101.31903667
178.263135408,101.324492436
178.24218581,101.326346025
178.232885703,101.34522109
178.23462491,101.371152999
178.228133806,101.427389954
178.219419534,101.517549425
178.183575309,101.781527691
178.097339667,102.157393146
177.95658369,102.711737741
177.594001244,103.875477065
177.264995234,104.81465254
176.959523951,105.835626448
176.29251575,107.357274304
175.80205338,108.37599668
175.013636104,109.853996453
174.581669476,110.774687954
174.227147094,111.75369565
173.755527184,113.41571165
173.45520468,114.452049884
172.905690739,115.990786783
172.50527123,116.891190075
172.118626946,117.712817367
171.512973059,118.986611025
171.04454108,119.938436132
170.193381015,121.392492763
169.517548749,122.40789424
168.765876682,123.353432269
167.66938909,124.65263187
166.993316573,125.409780973
166.212303765,126.367473357
165.879071448,126.820539324
165.702024714,127.131023355
165.609977701,127.460372537
165.689056965,127.550466313
165.681393362,127.687972928
165.689067581,127.796281293
165.654340665,127.895339738
165.536950911,127.974860846
165.480178548,127.957561428
165.390098491,127.892817797
165.360386338,127.830317906
165.345179064,127.797225146
165.344063157,127.753872518
165.375362885,127.738204828
165.497484228,127.717609483
165.591032289,127.694570152
165.666278511,127.727825116
165.761022849,127.757987138
165.799339692,127.762938734
165.839461482,127.767676368
165.834943492,127.784534122
165.788556639,127.809940069
165.674531902,127.861274428
165.575652335,127.894169166
165.430266411,127.943229831
165.356089757,127.98236457
165.289800447,128.016844388
165.218139163,128.051531771
165.186364376,128.08365083
165.172006788,128.133442775
165.171547319,128.14612648
165.171688086,128.147017589
165.144905191,128.157773507
165.124999651,128.164564495
165.114643249,128.173045947
165.080515936,128.187707029
165.028896829,128.195171521
164.988999999,128.160753678
165.024670985,128.074301203
165.093434303,127.984228057
165.175884314,127.936106266
165.305318892,127.854713266
165.463650824,127.727735317
165.581869833,127.644840569
165.75874548,127.531602309
166.144919706,127.288932934
166.470353711,127.104262884
167.171158524,126.67260989
167.592916329,126.422023775
168.218839122,126.075426905
169.113006047,125.314528955
170.086098536,124.25903151
171.92017833,121.922506187
173.319626475,119.652511608
175.309697855,116.144851477
176.550461622,113.717091768
177.586583893,111.544648534
179.079256966,108.422207876
179.949753919,106.718207121
180.991050826,104.728022098
181.601352517,103.300262403
182.148276139,102.119447337
182.81404109,100.13277941
183.106880147,98.8320048901
183.424446074,97.2085535008
183.540935802,96.3414797017
183.607351776,95.8189690299
183.716743529,95.1595344874
183.74334477,94.9963694585
183.840381377,94.6113431765
183.968978671,94.414807737
184.117834138,93.9371506826
184.242022568,93.3377651847
184.265376231,92.9312830913
184.221333666,92.363012656
184.004865399,91.453752398
183.788865954,90.539068728
183.312538794,89.7137491439
182.891807869,89.1011951172
182.460486676,88.3972802446
181.847969954,87.7413787162
181.374750525,87.2518570981
180.812203978,86.776729738
180.474359988,85.846353275
180.259953126,85.0166056174
179.982109094,83.6715695514
179.834243321,82.7873904616
179.578748837,81.5900801988
179.332026399,80.7721126344
179.03694913,79.9996519637
178.537678334,79.1047037688
178.152424234,78.7084773799
177.650482506,78.5987736141
177.483969097,78.6340878346
177.109028523,78.6090382632
176.69898241,78.6285911687
176.346682077,78.6333634807
175.785562427,78.8178854914
175.321583395,79.123435803
174.722113144,79.4445223266
173.180586395,80.0133435011
171.717864876,80.5361235818
168.276227343,81.3032863871
165.389521321,81.8621135171
162.186635052,82.3649028151
157.496278011,83.0500899688
154.764645,83.4642278871
151.662505019,84.0066605117
150.203659635,84.267411828
149.248459685,84.5438140111
148.664882843,84.9341165505
148.700281639,85.048567046
149.146625499,85.176320751
149.76413573,85.2699195951
150.337328663,85.1923219276
151.056931454,85.0623072031
151.39035633,84.9739922567
151.631197298,84.9335515428
151.816683425,84.9748673106
151.978542919,85.0214453764
152.526943258,85.3417570518
152.998045871,85.6443494096
153.666993975,86.0534220987
154.977949214,86.5976447935
156.103951633,87.0887888914
158.270290374,87.6936414118
159.922921477,88.1362403657
162.696079428,89.1283130432
164.693475398,89.8855789436
166.595627431,90.3892156713
169.188892019,91.3324903106
170.75507543,91.8658576066
172.257907441,92.2718826438
174.304630186,92.8276452047
175.542743719,93.1408939256
177.104016291,93.5004299792
177.991104437,93.697514575
178.99165905,93.9096344291
179.44642052,93.9126384514
179.718307574,93.8346941987
179.708944517,93.6838174414
179.606248826,93.6257125886
179.261387245,93.5585461246
179.078853064,93.5472259918
178.873727763,93.5609813869
178.710413011,93.6002917143
178.66108417,93.6540576992
178.648809554,93.768312204
178.65380301,93.8258888473
178.661616067,93.8697002488
178.67995312,93.8903274748
178.680790824,93.88906058
178.69154142,93.8715245313
178.695234097,93.8609496495
178.686615771,93.8785246236
178.62458389,93.9013272434
178.543799815,93.8972921934
178.433704669,93.8915682272
178.350842756,93.8802753113
178.272769557,93.8493704457
178.205972007,93.8082652775
178.197155989,93.7918963448
178.19598443,93.758283364
178.216234692,93.6873110627
178.250160544,93.6442685923
178.307625462,93.595154829
178.350132523,93.5654366234
178.452385156,93.5264597736
178.763041111,93.4794412057
179.38052531,93.4204919732
180.476347605,93.395373467
181.176664259,93.3480727192
182.077719296,93.1818359392
183.656525559,92.9675000448
185.157775329,92.7626228954
188.362863338,92.4188482362
191.55807044,91.9419528407
195.49472267,91.6083107642
201.834799754,91.140246916
205.93783801,90.8763039002
211.214589459,90.6066215615
214.157552837,90.4708372477
216.61132943,90.3720989722
219.374541581,90.137961549
220.727963392,89.9739519509
222.246971449,89.6202684043
223.081352199,89.3883118693
223.703622094,89.2238506582
224.239992138,89.0073656968
224.223652409,88.9846273282
224.214427368,88.9452393149
224.162234899,88.9167245463
224.019231901,88.9709988543
223.785942575,89.096308528
223.646248235,89.1827109736
223.469971642,89.2929139232
223.420702845,89.316038507
223.383584485,89.3059753019
223.345589418,89.234805581
223.26822338,89.1657326428
223.070500782,89.0529058958
222.882353045,88.8664163186
222.70859195,88.6036802805
222.515622674,88.0833015499
222.390409391,87.6788505647
222.103853072,87.1306744994
221.792925188,86.7934428672
221.412510087,86.4412002478
220.545656093,86.0048026012
219.802628213,85.7770537763
218.415657648,85.5083187716
217.333587826,85.398664954
216.114803781,85.3410327884
214.120980775,85.3734920661
212.552976021,85.4911922878
209.839033857,85.8019075976
207.72031595,86.1050230465
205.384544794,86.4538801823
201.442661879,86.9089871267
198.593103575,87.1881224252
195.667733685,87.5957701906
191.085068069,88.3669446611
188.024786285,88.9800187777
183.521414726,89.9448319585
180.72061774,90.437959843
178.219541532,90.8685989134
175.000527022,91.5092242272
173.229266965,91.8798394732
171.154643169,92.3270801493
170.128863616,92.5122947147
169.44641712,92.6528893477
168.863598649,92.731784612
168.88248018,92.7466902035
168.979298117,92.7812401924
169.264372454,92.8730580911
169.604590091,92.9056985194
170.126154742,92.8832896437
170.383481402,92.8349497313
170.59960786,92.7899964647
170.760462821,92.7748549265
170.872042373,92.7440766285
171.010667835,92.6627987649
171.083459307,92.5991155156
171.185680738,92.4656773392
171.224724551,92.3706156187
171.242744177,92.2893208731
171.242369962,92.1805843231
171.240752751,92.1479938876
171.217373212,92.1283881375
171.192621058,92.1354753748
171.153956068,92.1535306726
171.078820595,92.2199395099
171.028116336,92.2523983937
170.959538413,92.2789858203
170.9272629,92.2912333113
170.892896086,92.2898091258
170.839913018,92.2717356632
170.820561976,92.2423949503
170.794618334,92.2078093883
170.76497331,92.1949072537
170.708618372,92.1454053841
170.537872065,91.9858943975
170.384131148,91.8975821332
170.239466196,91.7974881812
170.174615704,91.751552373
170.147112855,91.7217070923
170.196867568,91.649311198
170.285759378,91.5876998527
170.373351259,91.49277062
170.424402741,91.4269785843
170.445027477,91.3411262644
170.452334413,91.2162228909
170.447273715,91.1447738831
170.460245689,91.037618363
170.475716065,90.9862967124
170.491713089,90.9588523421
170.498448744,90.9211731219
170.49248676,90.9120367075
170.464275785,90.8982698798
170.449576952,90.9022382488
170.440038787,90.8925348407
170.449874606,90.8790650165
170.459042101,90.8828060921
170.477807094,90.8864477068
170.475120619,90.8856529761
170.475056185,90.8905012176
170.449841035,90.9215553526
170.412525286,90.9517090657
170.303600309,91.0074200049
170.172433992,91.0449637105
169.985382929,91.045331816
169.338116671,90.8522884689
168.848958868,90.7773838221
167.85990762,90.894766805
166.956180609,91.0734639875
165.79389777,91.3104058829
163.752234617,91.6788473376
162.275303623,91.8636997743
159.865123108,91.9799672133
158.133539567,91.9182091739
156.264001972,91.8148060876
153.242474089,91.626665553
151.234312968,91.4693198266
148.32453876,91.3650252845
146.549083134,91.3740761254
144.974950682,91.4442979338
142.88784887,91.9262257357
141.71345086,92.2307053331
139.901366307,92.2941809017
138.751913931,92.207196838
137.484703963,91.8761960954
135.18780486,91.1931916313
133.106663702,90.7199272224
130.564687032,90.3498249323
126.463506843,90.6339228815
123.828334464,91.216916275
120.174285951,92.4412769229
117.852114229,93.3888096379
114.649097925,94.6703191045
112.656755183,95.620703588
110.719854202,96.6830675394
107.816502637,98.3140932068
105.966001799,99.3684788014
104.097177465,100.198507919
101.507016111,100.928180487
99.9282857877,101.336468314
97.9540309707,101.845861526
97.0043582467,102.14328045
96.2947712576,102.383258234
95.5182859036,102.654231466
95.0092920894,102.674133546
94.0228779237,102.447540365
93.2019941092,102.325286758
92.5170018668,102.181293041
91.6282524643,101.947834632
91.1108000965,101.798045117
90.2633484347,101.579135894
89.6419170121,101.453345999
88.9872805504,101.347524645
88.0107073651,101.076710633
87.3250226333,100.936967753
86.2863601976,100.675917019
85.6216721734,100.488282101
84.9609770773,100.347446473
84.0414077638,100.272932437
83.395387057,100.217294192
82.4022921896,100.070420056
81.8386400009,99.9295679517
81.3172685657,99.8417565805
80.836820704,99.8119243203
80.7650968847,99.7748899465
80.5763496614,99.5851065238
80.4667154518,99.1785757688
80.5495361957,98.7690890479
80.8286304952,98.0967303962
80.9945574243,97.6996218984
81.0125728073,96.9730485912
80.296313272,96.4058845681
78.8697960764,95.7266791333
75.4968246005,95.0826820283
73.2966764235,95.3487563137
70.9133816794,96.3800756971
69.8856673986,97.312554151
69.2002690478,98.0092306371
68.4980178275,98.6089719756
68.1599894587,98.7926609027
67.6877215855,99.1142109496
67.4037303738,99.3875265571
67.0983280302,99.6346216873
66.9289065095,99.8225278618
66.7790079699,99.821516064
66.6837481432,99.8855991536
66.6694097535,99.8913180747
66.6169395603,99.8753365912
66.5280622228,99.8015415241
66.4872630138,99.6738347684
66.6660631918,99.4895706584
67.0819832809,99.2432373151
67.6957636446,99.0424969453
68.574154475,98.5699433066
69.2896104977,98.1582950026
70.2147328683,97.5402621458
70.8993630523,97.276842433
71.6881204478,97.0056752532
72.9508752171,96.7542023108
74.0195981396,96.5801346896
75.1159385229,96.3479555415
77.0106914741,96.1829506206
78.4225662571,96.0731811303
80.5960224234,95.9985290332
82.1765099394,95.7856534715
84.6475085645,95.4896039581
86.5111211735,95.6006905245
88.4299245301,95.5771686219
91.3996421355,95.2305442703
93.488378934,95.0893003601
96.6392358395,94.9966656048
98.8127075346,94.8846908122
101.126771049,94.6072062986
104.687205753,94.1085264272
107.048357478,93.7596329404
109.514919242,93.613068456
113.274949981,93.5728603263
115.897900707,93.645549388
120.043469245,93.7288591305
122.814841789,93.8545000325
125.590915762,93.936339176
129.768836871,93.6226101305
132.611536508,93.6007693485
136.830095654,93.404730069
139.778060475,93.3277842375
142.712145195,93.4215017963
147.285307548,93.7526054063
150.386305171,94.1713192388
154.874029749,94.8782910683
157.790142137,95.3748877131
160.638295622,95.9482656957
164.638924883,96.8860647949
167.092457758,97.277893299
170.44075472,97.5732728204
172.391062178,97.5410011922
174.082736058,97.2826756261
176.261900226,96.1184126818
177.597326727,95.2574868647
179.211352798,94.4207222893
180.154605991,94.1727674973
180.979244747,94.1379348774
181.896775565,94.2054436658
182.242976003,94.3257461941
182.505542558,94.517883569
182.746162535,94.5106339847
183.078015008,94.3983643319
184.163017682,94.1794841448
185.293132785,93.9759566532
187.46536918,93.7682997568
189.168043097,93.6508733575
191.055133337,93.4790503849
193.866150096,93.3524470425
195.775700998,93.2524348885
198.514269123,93.1437415957
200.175977674,93.0969133373
201.724926649,93.0596847994
203.836067582,93.0131264779
205.068360387,92.9148448345
207.10425764,92.7452768337
208.351122081,92.6753636102
209.59817142,92.6253988457
211.450113429,92.4980627406
212.652504426,92.484954271
214.417938829,92.4294633209
215.662822889,92.3603304868
216.936113573,92.2923134535
219.073000417,92.0716623925
220.615142379,91.9608564853
222.899710927,91.7637026493
224.486092257,91.6293090411
226.05695988,91.5025897871
228.366109552,91.2308429656
229.958098801,90.9705088632
232.346452743,90.5640900097
234.055280839,90.2575882195
235.886987753,89.8867631505
238.971956234,89.4219973063
241.251357766,89.044918361
245.230872998,88.5849379588
248.114267168,88.5038725867
251.086480617,88.644523594
255.423608715,89.3364204902
258.212830153,90.0660091701
262.222989894,91.3688395991
264.637720522,92.2625838053
266.926408199,92.8765400936
270.02061212,93.4874037154
271.858407046,93.9071058234
274.406702152,94.5474174405
275.987961878,94.8939307696
277.586988363,95.1417026327
279.989641828,95.3066467978
281.494086689,95.2046792914
283.712004221,94.917285427
285.12933122,94.6910857068
286.530644432,94.4168879075
288.515818124,93.7801078182
289.804790981,93.4186318788
291.610369946,92.8829457447
292.739186575,92.5530524366
293.839378927,92.314026272
295.370050642,91.9508646484
296.430020242,91.6492786297
297.531472852,91.3922111861
299.292281866,90.9278795818
300.527306912,90.5826991417
302.278064959,90.1092399496
303.237122759,89.8401596446
303.90094116,89.5407052926
304.440963426,88.8219194168
304.530269345,88.1416843798
304.36721944,86.9841080292
304.154478826,86.3048936879
304.140179915,85.8181616731
304.719502848,85.5835578033
305.380790189,85.6516481102
306.123016815,85.862758631
306.214445854,85.8161520565
306.11851829,85.7383683348
305.688071822,85.3527752163
305.278867063,85.0231086353
304.812153226,84.3592644945
304.490313485,83.897140646
304.211557795,83.4910163979
303.724076788,82.888084781
303.444713264,82.4541882783
302.945910315,81.8662862693
302.580213393,81.4347455905
302.156168073,80.9920578803
301.604431775,80.3537305277
301.33303147,79.6697325107
300.919608077,78.3917892758
300.511699872,77.1692190419
299.889114653,75.7657081421
298.396436916,73.6803069687
296.904241688,72.3393761742
293.999404914,70.2920938999
291.663389832,69.0299958812
289.262871431,67.9445453943
285.924335153,67.021886746
284.069979453,66.5894721941
281.91502185,65.9672354294
280.938653596,65.508214237
280.207931089,65.2130898025
279.351703599,64.6947420476
278.673207671,64.3929853438
277.17850493,64.0944909999
275.605793552,64.0219862091
273.456089608,64.0813944326
268.640644046,64.52999018
264.574804207,64.999468591
257.665159122,66.1057624114
253.456190164,67.0407709401
249.841473111,67.6486300717
245.604934976,68.6438578739
243.602227063,69.1440257088
241.3371863,69.4369973081
240.215592086,69.6315108802
239.340516505,69.7742978332
238.327571074,69.7277072088
237.930883536,69.6272958856
237.800624747,69.3885197469
237.821956178,69.2569764094
237.890185193,69.1628724874
237.717766628,69.1098070607
237.419907318,69.1445537083
236.640797255,69.4139275205
236.051022845,69.6647508761
235.421385205,69.8927821627
234.483751159,70.2623112752
233.987598362,70.5233436691
233.320678964,70.8814184874
232.97407716,71.0812462107
232.78235416,71.2304058372
232.520302713,71.4360147307
232.190356241,71.6772306203
231.526786392,72.0097509273
230.949523173,72.2947081126
230.281892458,72.5357960784
228.951255856,72.936683265
227.939479039,73.1994111594
226.00714355,73.6593579824
224.519322401,74.0765366357
222.629847992,74.6061989142
218.960831859,75.3626007815
215.960617659,75.7767883183
210.621267881,76.2547479828
206.501505616,76.4070402967
201.977407413,76.3741373447
195.016197286,76.387655464
190.633510745,76.5696777077
186.553606787,76.7825697082
181.089393692,76.8682906661
178.193292705,76.8867410263
174.490672421,76.6220883724
172.610349595,76.3648637083
171.13884816,76.1298259063
169.625989998,75.8837338316
169.059308383,75.7041192599
168.605840137,75.4466529935
168.597221314,75.3531841676
168.530117619,75.2468125811
168.439827856,75.2206065332
168.508392308,75.4706659487
168.810533116,76.3479829357
169.169957725,77.1228617762
169.593655308,78.0776670648
170.515926951,80.1811292213
171.384043118,82.1158463167
172.699107564,84.8002754489
173.477054601,86.627755319
174.005860727,87.9591808987
173.959529694,88.6110996922
173.325210626,88.8000808673
171.990857838,89.2554600059
171.179827157,89.5952800041
170.673105882,89.8629809008
170.374575748,90.190414999
170.357086295,90.2757707276
170.380470891,90.3192188134
170.350889576,90.3884123754
170.260619505,90.411504087
170.135014647,90.4154840038
170.004075636,90.3547875873
169.86950224,90.2797718827
169.85355952,90.2361933537
169.926762981,90.1545957762
170.264536091,90.0328085011
170.565045544,89.9069122381
170.803249591,89.8116363748
170.857466403,89.7518591624
170.867154205,89.6932810332
170.766845492,89.6561829824
170.676533419,89.6811224783
170.610875322,89.7121293555
170.615128446,89.7477256229
170.684809833,89.782395427
170.887999686,89.8392418981
171.063243783,89.8405081915
171.440080055,89.7032347904
171.734137666,89.603983175
172.038444993,89.4611088826
172.470041329,89.2247199416
172.722844464,89.1125910997
172.989641805,88.9950799052
173.199542334,88.9448880187
173.300335457,88.9355889462
173.426983308,88.8948250227
173.464873658,88.8786421098
173.482091864,88.8408397852
173.488439853,88.8102941964
173.514856848,88.7768696878
173.593974541,88.7346454342
173.652839368,88.7212481075
173.720646934,88.6882785835
173.750122211,88.6712631758
173.795090039,88.6684743018
173.857098622,88.6794272111
173.895053415,88.6670283401
173.932898851,88.6337620797
173.95172567,88.6044374913
173.950927713,88.5435281592
173.98416946,88.4418008208
174.014111056,88.3917404724
174.093482249,88.3083048254
174.15961184,88.2381958255
174.253027833,88.1749650495
174.394319292,88.089198943
174.481225538,88.025785619
174.59713843,87.9341996813
174.670938044,87.8932509544
174.726711107,87.8640407797
174.778366137,87.8539951758
174.808064171,87.8698702492
174.820835098,87.9017859786
174.823674176,87.9331805193
174.828803879,87.9528228663
174.831409001,87.9682261763
174.841023786,87.9770315154
174.841009614,87.9873969038
174.854852817,87.9830025527
174.867949418,87.9799298463
174.876033907,87.9899430821
174.869076053,88.0075101117
174.856238678,88.0259118829
174.848433764,88.02671258
174.854053623,88.0300254626
174.900419237,88.0004320673
174.938165144,87.9613561154
174.995569934,87.9209195928
175.066698613,87.8735967298
175.100323727,87.8389427732
175.129131766,87.7853531398
175.155257452,87.7548264851
175.196080284,87.7248130539
175.384112548,87.6922305295
175.956410032,87.7706014207
177.085736958,87.8667521722
178.198036843,88.0243453695
179.716402612,88.1731826995
182.903519929,88.5549382074
185.486591153,88.8853531084
189.907628261,89.3101379747
193.1183058,89.5461496
196.254847813,89.7421199681
200.67648971,89.8869275062
203.440027794,89.8790418772
207.137372348,89.7606068795
209.391523171,89.6525024888
211.531184255,89.5670370486
214.147467525,89.5124164255
215.502820963,89.4305176011
216.69314338,89.3645868049
217.056832337,89.2980540947
217.036407049,89.2875095089
216.896558455,89.2718605666
216.636847833,89.2302691804
216.062254721,89.2343366722
215.809436525,89.1223842303
215.604371272,89.0481871597
215.49440044,88.8877870466
215.48165793,88.7419867215
215.599334853,88.4838529723
215.848350964,88.2712949543
216.23838308,88.0050291926
217.537869524,87.3864659299
219.159113182,86.8358483876
223.111733141,85.8328228809
226.254605709,84.9245708993
229.488085418,83.9075974694
233.539018052,82.5970977236
235.46202972,81.8670479546
236.941843314,81.0721639592
237.195221946,80.6434547205
236.978372214,80.3146454486
236.653069797,80.1128151549
236.551742477,80.0992061247
236.471081211,80.0648842878
236.495044591,80.0438226641
236.566294603,79.9964463906
236.649693367,79.937790749
236.638725781,79.9203856933
236.52910176,79.9345185036
236.455930174,80.0183429629
236.405493957,80.1046815406
236.406404778,80.2829089904
236.425053155,80.3999287528
236.410038985,80.5913191847
236.378611663,80.6836503613
236.279718811,80.7679175191
235.931088526,80.8726889257
235.536383627,80.9638337852
234.890020851,81.1156902435
233.46120078,81.4708791564
231.890797603,81.8572275887
228.548788506,82.6701103006
225.554387847,83.3865108636
219.946207877,84.6915858767
215.820220812,85.6966139514
211.604501328,86.8146895068
205.160684449,88.539818841
200.703500003,89.6216849868
193.907414923,91.0333474911
189.452216435,91.8195731715
185.272475065,92.4203572637
180.13563631,92.9376895127
177.503647897,93.0956676897
175.458154331,93.2359101803
173.521079325,93.3415745392
172.989258285,93.3854320191
173.215819353,93.4539359847
173.967006592,93.5288288367
175.053050935,93.5596554641
176.877051481,93.5486221139
177.951750237,93.4709631277
179.269585926,93.2336728707
179.846637492,93.0312008097
180.238796286,92.7767838742
180.709089195,92.2755832066
180.924894544,92.0392074973
181.127400342,91.8260059791
181.24075777,91.6498435191
181.310332962,91.5186176886
181.408936419,91.3126094137
181.490170518,91.1968852408
181.583558111,91.044906805
181.628154288,90.9709315321
181.665500089,90.9329072302
181.718304469,90.9036991162
181.734441137,90.8918112285
181.744571078,90.9067316115
181.75055944,90.9344157596
181.752415917,90.9664543744
181.730577423,90.9790991179
181.57108232,90.9070896939
181.246536556,90.8567146962
181.050977992,90.8292789893
180.975886666,90.7862467672
180.953178529,90.724670466
181.036133955,90.6744686721
181.214625398,90.6380714894
181.313851685,90.6217977456
181.402517594,90.5844500927
181.602002105,90.5134614532
181.760342625,90.4858721888
182.281181889,90.4337678951
182.742854209,90.366722712
183.237012836,90.3376752211
184.119761374,90.2552471237
184.733658852,90.2575995151
185.636030705,90.1818275199
186.297252445,90.1280876827
187.033209214,90.1086842974
188.345778718,90.0668886151
189.514544289,90.0311207612
191.792622213,90.0706965908
193.685996169,90.0628785344
195.989630967,89.9330127749
199.735243131,89.776530014
202.514168035,89.6052361398
206.888392981,89.43730724
209.937738023,89.2643257269
213.001472883,89.1321489121
217.747900517,88.8972034464
221.140993338,88.7996781391
226.53617059,88.6440618577
230.170076655,88.5885281094
233.730352324,88.4925036446
238.505620581,88.5220574204
241.398009408,88.4892452443
245.081170952,88.5105902989
247.396217389,88.4843390668
249.325825074,88.6578042731
251.408958901,88.8476552519
252.292085906,89.0859502449
252.798919762,89.3259616148
252.972692981,89.4273949209
252.993022654,89.3837016357
253.21553366,89.2993445884
253.367108601,89.2143406386
253.596208363,89.156228666
253.778013413,89.1357568555
253.934137898,89.1505522988
254.071228824,89.2461425515
254.117289083,89.3838967133
254.096773505,89.445503131
254.084001688,89.4895456315
254.067447861,89.4721713172
254.039108674,89.3753103032
254.023310111,89.3239736843
253.954888328,89.2458368676
253.934554787,89.2180285602
253.888006964,89.212132206
253.778104311,89.2069272089
253.676860914,89.2054123347
253.558301067,89.2024387206
253.41599147,89.1639696109
253.343740309,89.1410678148
253.298752393,89.0731217101
253.306426493,89.0211154461
253.303797412,88.9823546698
253.274549071,88.9250575456
253.177406103,88.9011238044
252.833290708,88.853454122
252.501194756,88.8135610172
252.130290542,88.7765372321
251.865118088,88.7124698479
251.794008817,88.7050573276
251.752026751,88.6820936757
251.753131374,88.6881625126
251.752995579,88.688172466
251.617836625,88.7032786893
251.362484799,88.7340487779
250.968802308,88.7255971504
250.785788318,88.7109664208
250.670612807,88.6602592919
250.632178584,88.6337995025
250.634629709,88.6191166328
250.696802575,88.5946791564
250.716988997,88.6015556801
250.732943058,88.608928641
250.74635031,88.6407611829
250.751992345,88.6580536785
250.790490031,88.6601982049
250.819212774,88.6565360255
250.847795504,88.6436755015
250.903743483,88.6054693084
250.934607089,88.5683019021
251.005290451,88.5034007341
251.06306664,88.4768351868
251.117812966,88.4721047778
251.183197316,88.4297773159
251.20308688,88.3866984319
251.200407881,88.3503113986
251.171067303,88.3384742598
251.123754644,88.2981316002
251.036649933,88.2517378112
250.983316809,88.232683366
250.893851993,88.2196584033
250.829573065,88.2263745606
250.774297792,88.2265442114
250.676297343,88.2532457662
250.623665482,88.2857027335
250.546767887,88.3024456853
250.49138935,88.3011049096
250.455590554,88.2917382614
250.414721024,88.2567343203
250.38750306,88.2120004561
250.381201245,88.1600271522
250.380445001,88.1365397753
250.371416945,88.1200722491
250.334478128,88.1059401102
250.315676258,88.0962783221
250.266798796,88.0806858556
250.226714625,88.0608887097
250.191057937,88.0375624157
250.121722425,88.007597003
250.078739606,88.0171167159
249.988125241,88.0192422683
249.92594574,88.0224548938
249.841148871,88.033577869
249.605211879,88.0468306184
249.360644692,88.0382447861
248.979306436,87.9989958584
248.767163626,88.0043213624
248.652780633,88.0092318229
248.591135455,88.0145918928
248.596191473,88.0170437445
248.679014473,88.0310355096
248.71381072,88.0398590981
248.711326195,88.0393416355
248.665405907,88.0122251001
248.639735323,87.9925794378
248.625670203,87.9499289149
248.63634745,87.9151362712
248.651354933,87.8819783861
248.64984535,87.8522077897
248.647965528,87.8333881561
248.647830156,87.7994266518
248.6345269,87.7765195976
248.605143197,87.7788037833
248.517894632,87.7869318263
248.447824479,87.7755836863
248.367049031,87.7583247725
248.239933338,87.7270760022
248.164697023,87.703605249
248.048485468,87.6404811263
248.000559968,87.6024693158
247.949463966,87.5716823389
247.909526289,87.5233472031
247.894787845,87.4727935438
247.877986523,87.3921837106
247.857762044,87.3366001182
247.824932481,87.2766898308
247.714182285,87.1754304982
247.625467943,87.1249138049
247.438070684,87.042565136
247.271167594,86.9973325229
247.16012926,86.9700842834
247.016246009,86.9277186558
246.961681981,86.9190019003
246.906811014,86.9163286971
246.899009633,86.9236374938
246.894661559,86.9204604158
246.884422938,86.8997537069
246.87638413,86.9068323566
246.852487993,86.8855094967
246.840940682,86.857269547
246.833177614,86.8281640796
246.818882596,86.7827781305
246.818171711,86.7649023427
246.809944118,86.7202281511
246.792799785,86.7164111909
246.787773539,86.7235409212
246.772497662,86.7395390794
246.756051979,86.7589955437
246.700962291,86.7901366821
246.658555475,86.8131848628
246.5916225,86.8253632458
246.471329587,86.8228540838
246.407745808,86.818721443
246.337821172,86.8044662098
246.308874368,86.7946992868
246.288228042,86.7797543438
246.254523676,86.7658227348
246.194158839,86.7646470292
246.08204695,86.7697145044
245.972983249,86.780682341
245.848882761,86.7786838322
245.666233474,86.75800046
245.55409633,86.7782720636
245.415514539,86.8020310294
245.339925021,86.82861561
245.292124659,86.8562304029
245.252144183,86.8892333788
245.229568746,86.9091825616
245.201226429,86.9021426071
245.16858786,86.9097687317
245.138510832,86.9188904111
245.100689108,86.937890769
245.087497065,86.9707989
245.074455621,87.0844201391
245.071074484,87.3132047857
245.173244893,87.8961176494
245.688910167,89.6474798591
246.257914909,91.3657993459
247.122866861,94.2331039702
247.547544154,96.2635995564
247.840258146,98.2502954036
248.183790366,101.047820028
248.518770942,102.785417141
249.025913037,105.220400671
249.215652358,106.704381197
249.287195194,108.030614838
249.15358001,109.675855555
249.218909556,110.443897919
249.517973698,111.385142141
250.039799769,111.803031679
250.692953845,112.165230587
251.832413137,112.601072872
252.595211331,112.724256514
253.650077525,112.803423817
254.219395563,112.730391032
254.762349763,112.647270293
255.748690868,112.359342988
256.508043885,112.175015424
257.375650082,111.991963843
258.788419241,111.701121391
259.758125061,111.54680513
261.165370091,111.365773441
262.092079689,111.337238387
263.011979229,111.316533278
264.407657336,111.326705348
265.377310498,111.369979126
266.852371522,111.431250855
267.919589458,111.458909636
268.923772122,111.446167681
270.465231435,111.479496698
271.545151621,111.483980084
273.210187927,111.527083292
274.275305164,111.478540374
275.326043629,111.372575257
276.758080846,111.162102854
277.674581728,110.99058527
278.615925639,110.854529526
280.087445512,110.590173826
281.035802608,110.4720913
282.398914626,110.337653001
283.248465777,110.285000651
284.369267994,110.263812709
285.000659585,110.276154189
285.628670762,110.356579891
286.58727021,110.472059131
287.211615302,110.605755335
288.116704065,110.731546612
288.652630403,110.851712084
289.116084197,110.993532642
289.611902734,111.246641835
289.759957426,111.469153397
289.845619325,111.718075743
289.862343839,111.889758374
289.967845305,112.066418986
290.493060239,112.325364364
290.925244848,112.544918537
291.654481523,112.689331098
292.079044257,112.747808906
292.376402978,112.712743017
292.809858664,112.669055677
293.193055752,112.599761445
294.19555788,112.333454227
295.142350582,112.012907363
296.349509603,111.426311848
298.386179547,110.019153582
299.648696245,108.85580784
301.217414216,106.915004974
301.910418838,105.750062463
302.462640388,104.682635238
303.097970315,103.363318952
303.50441626,102.605314557
304.107934351,101.666942512
304.448530752,101.062123107
304.727978031,100.326387711
304.895798329,99.2728749707
304.993316659,98.4078008009
304.892903391,97.4802362441
304.866521489,96.7949726792
304.771176827,96.3088227732
304.4908499,95.8967349643
304.269079979,95.7130458505
303.955416374,95.6793601399
303.727803254,95.6255255964
303.508813289,95.6130497041
303.041152734,95.5576435362
302.744744942,95.4498909658
301.978230871,95.2919159411
301.261544866,95.1016748184
300.328006209,94.8842498772
298.583452388,94.524235297
297.082886172,94.1214553058
294.025917596,93.2977085097
291.44860584,92.7273073707
288.422300064,92.1438206911
283.368208924,91.3217665827
279.72475443,90.8010429492
274.151189606,90.2049782084
270.428574253,89.9310470544
266.794645531,89.7817074737
261.782604223,89.8383293662
258.929510686,89.9264419678
255.583296209,90.0566144502
254.035836727,90.2212032306
252.930394933,90.5179732976
251.544979289,90.901275436
250.877424171,91.07817306
249.872473317,91.203416611
249.069995448,91.1508082085
248.172007353,90.9785728332
246.607565077,90.7131082291
245.419512039,90.5323423844
243.625016151,90.271390646
242.431116835,90.0561187166
241.268316669,89.8228428256
239.565532284,89.5542138488
238.442615346,89.4762468057
237.317894398,89.4478163593
235.622878564,89.4343171968
234.455380468,89.4696973001
232.546729297,89.5524524543
231.128681971,89.6334638644
229.616634295,89.7730380075
227.04310018,90.0510951816
225.107659704,90.2114835317
221.886401413,90.4870699027
219.597952727,90.6291166235
217.247359641,90.7563961407
213.706610774,90.9414910183
211.344537682,91.0545656508
207.861134163,91.0592028185
205.604442302,90.9690523376
203.442162833,90.8211891717
200.333476956,90.5505612542
198.428223687,90.3542491667
195.759717422,90.1460332135
193.96489813,90.1490968211
192.183243202,90.2509930065
189.462984773,90.4706979842
187.675328223,90.6334960318
185.160290139,90.6352623604
183.606762788,90.5122749868
182.14640277,90.416126617
180.119858766,90.40849636
178.931231451,90.4920303904
177.333114902,90.7351184512
176.394603552,90.822123447
175.637394017,90.811349961
174.600370173,90.8861160995
173.982986961,90.8956713553
173.134675389,90.9709817129
172.488856015,91.0893743491
171.884897532,91.1313899137
170.961798759,91.1078154902
170.378621721,91.0407453682
169.467088136,91.0561696113
168.798255886,91.1378732177
168.056490003,91.2132114491
166.911932067,91.4199328558
166.075905313,91.5114575277
164.823957545,91.5437034423
163.960501572,91.4676698084
163.051325895,91.4235975334
161.734238865,91.3505451033
160.863099757,91.3119671382
159.56069383,91.4150021108
158.697349999,91.5072006153
157.954603225,91.5619698583
157.031585207,91.4825870307
156.61994669,91.1746509457
156.336574271,90.56460416
156.434675587,90.0834666702
156.655975715,89.6454118375
157.345229465,89.1181371036
157.922472297,88.9660021949
158.978372771,88.913830267
159.674189311,89.0379754026
160.325696454,89.2537148329
161.177999827,89.8626306798
161.652665364,90.1788895722
162.201653452,90.63796505
162.326323095,90.8322017521
162.247198293,90.93307809
161.798715356,91.4401920758
161.207048212,91.5327340329
160.217360056,91.1613178769
159.461466795,90.7224138972
158.733886951,90.2251834819
157.767115294,89.4787774638
157.213277688,89.0962103256
156.478808182,88.8325071521
156.093287836,88.7741595198
155.720480856,88.8508402418
155.318842431,89.2141256069
155.021424632,89.6431944455
154.546420857,90.0768311686
154.17648883,90.0939713005
153.720190266,89.9564614594
152.725372818,89.5753793797
151.848259069,89.2797989717
150.732399571,89.0444197197
148.780377394,88.7620950156
147.355138924,88.5760960777
144.786317444,88.4334332214
142.916177936,88.3085133634
140.933424536,88.1476384006
137.76256644,87.738560107
135.531171109,87.2871239401
132.293594581,86.5352297998
130.227771057,86.1884672825
128.322570757,85.8895715989
125.924961408,85.6216034646
124.656665542,85.5186557248
123.221040044,85.6583155279
122.489038934,85.8781764334
121.718315801,86.1767695564
120.496995889,86.6108059961
119.540110055,86.8758206676
117.983481621,87.2219493299
116.943428013,87.4628523035
115.907190377,87.6529590981
114.429367584,87.8460666141
113.501299607,87.9490915189
112.238939806,88.0021551333
111.41047329,88.0082546089
110.627421221,88.0462038108
109.514062524,88.0335234034
108.710224073,87.9855908848
107.623703904,87.9375153652
106.906814693,87.8304111634
106.190050075,87.7153613859
105.115011262,87.5515078178
104.43161956,87.4351621427
103.508725811,87.2316689279
102.967801882,87.029001201
102.523486323,86.7810238999
102.112926867,86.3812150581
102.020436955,86.1510209329
102.162586359,85.9498392179
102.394234693,85.7781895336
102.865564321,85.2335170125
103.939380684,84.1778117273
104.780595834,83.8202989178
105.919933717,83.6893121754
106.311598087,84.0843721403
106.413079452,84.5343573321
106.270696946,84.9887319664
105.944896325,85.3294174766
105.281929839,85.811203821
104.735235174,86.1849273564
104.040153229,86.6070428103
102.741676768,87.4182440926
101.681387948,88.0840977029
99.7638880595,89.1934888223
98.0178052757,89.969060404
95.7126613429,90.9115043557
91.1073470202,92.5411942925
87.9448570896,93.3724601482
83.8663444916,94.7947932139
81.9668010884,95.6397311168
80.8187361736,96.5396820333
80.1234847581,97.8443137688
79.8390282331,98.4136921544
78.9936314575,99.0842796329
78.3143867879,99.4685277125
77.5565838293,99.8960653466
76.6923221673,100.642738717
76.1199481818,101.157947859
75.3882632808,101.848457036
75.0082455018,102.358860612
74.7044538909,102.84631213
74.3746077152,103.508749479
74.2179668174,103.84839033
74.1402678664,104.068953952
74.1157560731,104.227486232
74.0542434462,104.353148353
74.0348299184,104.478408987
74.0574906129,104.570988021
74.1182380374,104.714615538
74.1331678382,104.759697939
74.1209555854,104.824335193
74.1363746956,104.871994879
74.1826204351,104.930374759
74.3641670411,104.966748163
74.465516996,104.931649512
74.5884129302,104.843143448
74.787185333,104.658016835
74.9138296156,104.554622742
75.0494257604,104.516861647
75.2967133175,104.495097369
75.3710069133,104.47127642
75.4427954602,104.492596678
75.473987227,104.4856269
75.49652821,104.532853319
75.5423641444,104.575339696
75.5753766805,104.596894925
75.6852684736,104.648327389
75.7682245656,104.653734144
75.8453354327,104.652953743
75.9513076553,104.652533944
76.014121263,104.647644639
76.1288491923,104.644988676
76.2059105352,104.627254174
76.2862786811,104.586994632
76.390764104,104.546004457
76.4412479276,104.534704769
76.5660420813,104.496886048
76.6533051269,104.479879872
76.7140290744,104.424295471
76.7934295915,104.345920026
76.7940080898,104.313954365
76.8098091983,104.2663351
76.8116148153,104.265688692
76.8129084972,104.25155482
76.8372096054,104.245348735
76.8395864527,104.254838125
76.8566257494,104.255572214
76.8770797863,104.25031556
76.8948043022,104.247243931
76.933736609,104.265259906
76.946936197,104.280573271
76.9596386954,104.298070164
76.9686912114,104.311989133
76.9723164643,104.321133803
77.0031006605,104.351471615
77.047723579,104.372932862
77.0874934957,104.385008141
77.114099463,104.387883933
77.1246984202,104.363639176
77.1527782366,104.317940877
77.1919271295,104.293712867
77.234653768,104.258608943
77.2629048335,104.249437854
77.3169190465,104.217114796
77.4275132417,104.14116666
77.5842670907,104.062531749
77.8573336731,103.902132146
78.124083927,103.730688252
78.4372916878,103.533913269
79.093887114,103.103049716
79.6590064305,102.781450028
80.8581515171,102.267119835
81.9275662323,101.689130573
83.1635841582,100.905381367
85.2176263591,99.5957016482
86.6752809988,98.5711792411
89.3724275387,96.8958025764
91.2979322543,95.877389901
93.2738353883,94.8450108444
96.11780041,93.3247730464
98.0515059513,92.3696943428
100.806105479,90.8841269428
102.64075221,89.8923419989
104.448155002,88.9025587109
107.556414678,87.7546248536
110.06487285,87.0642411357
112.796381869,86.4077729146
116.888054049,85.3771112144
119.503035115,84.6234557604
122.935048984,83.5643834333
124.908233788,82.9446127725
127.320421988,82.1975965222
128.647375852,81.7559271203
129.845396729,81.4599008805
131.277352316,81.2477676404
132.318014006,81.1334046223
133.911529764,81.0333501474
134.978275713,80.9397408638
136.134760373,81.0077985605
138.079012845,81.2778471765
139.647699447,81.6057132478
142.48864996,82.2011101814
144.883381106,82.7256523636
147.293690116,83.308141701
150.728156515,84.0044013677
152.738171262,84.2019921028
154.370064919,84.2968200356
156.095672074,84.2136351237
156.926310743,84.0983399618
157.680872758,84.0365124976
157.954610675,84.0654743562
157.877297414,84.1011816344
157.935036501,84.158912004
157.976352726,84.2413758219
158.12658299,84.3711097609
158.368928574,84.4016561351
158.937238558,84.3972870429
159.824245553,84.3256046954
160.454255,84.2277763719
161.407734878,84.0832558333
161.974207034,83.9732155548
162.505329385,83.8988977052
163.246398732,83.7841400264
163.684392942,83.7167983102
164.214425646,83.6935414199
164.530689999,83.7293867151
164.813151335,83.7352825409
165.454744902,83.85299538
165.928463546,84.007819075
166.91987983,84.2700438443
167.654057586,84.4368945699
168.561411877,84.5021723938
170.20691722,84.3974037806
171.526369664,84.2877429185
173.5662552,84.2903646819
174.910466692,84.3568535303
176.15517316,84.5051622795
177.795155114,84.9840043359
178.870883329,85.5329256207
180.309083869,86.5867572847
181.284876866,87.2897211628
182.217223997,87.7891957355
183.597091983,88.116770425
184.574468757,88.0271210537
186.002212296,87.6214702646
186.920698352,87.3123078558
187.829917361,86.9455466177
189.043898569,86.6515716531
189.74310688,86.5067603029
190.59718145,86.4523271173
191.06387854,86.4403785334
191.407828281,86.5048635593
191.80578534,86.6298462294
191.953635694,86.7161512669
