178.849484507,95.7390615888
178.707434503,95.8337464957
178.385012311,95.615649228
178.069632362,95.4387545676
177.800839349,95.3858634752
177.631527015,95.3112233138
177.757927727,95.3046252763
178.415619447,95.606732608
180.362417803,95.8518355504
184.895530345,96.9962729834
187.893437818,98.1851686244
190.534703022,99.2509707566
194.333304973,99.9998244192
196.538710458,100.470733929
199.544604852,100.943040257
201.541094422,101.231517369
203.476458523,101.449496449
205.755872479,101.645312808
206.874346051,101.715782791
208.325998384,101.500611977
209.414200484,101.394004672
210.285782722,101.357984144
211.280889371,101.108090149
212.076403843,100.908481796
213.360335689,100.667959217
214.026974113,100.354735916
214.477828939,100.165145919
215.058100359,100.050057273
215.242452829,99.9946291754
215.707759457,99.9981211094
215.95092343,100.075384538
216.345551453,100.028079895
216.989580486,99.6455048317
217.099537499,99.5097156004
217.202843309,99.3023167385
217.371974597,99.1878073376
217.38861648,99.1634889873
216.69146936,99.0776485599
215.891397013,98.7952986154
213.848994232,97.7237111895
211.268041562,96.9088239503
207.90726473,96.1799091787
202.313681337,95.0896463455
198.584801728,94.5633441336
194.797594203,94.2526252369
189.722808624,93.7244860124
186.32398993,93.3088571357
180.790434232,92.6205376075
176.887062307,92.2345114095
172.858336506,91.9611581045
167.761299611,91.38985738
164.906941861,91.1723482439
161.07162354,90.9390871898
158.605104834,90.8474463429
156.130231878,90.8969901123
151.872369419,91.1015594538
149.03625552,91.1659173469
144.517310364,91.1421485166
141.496886717,91.005177384
138.273925111,90.8742672307
133.503688197,90.6285476739
130.264237729,90.651216216
125.358623095,90.6321615031
121.981724256,90.6521324932
118.859225927,90.7474268084
115.219460857,91.2379487239
113.554404207,91.5618248105
111.515848688,92.0642929391
110.148151132,92.3823455186
108.559937275,92.6108325986
105.298054946,92.6748720847
103.106315048,92.5819346947
100.365919914,92.5492880547
99.0055736764,92.5024231374
97.7761815302,92.5416306302
96.1007976228,92.4451573417
95.0569179881,92.3879104368
93.2736158166,92.2267076416
92.1705463454,92.1553244509
91.2436088366,92.286763152
89.6845472607,92.3677080367
87.8736436513,92.0505241608
85.4176477416,91.5725943952
81.6593669041,90.7480681666
79.6879434829,90.0746244278
78.5551413066,89.2412866407
79.3596289925,89.08563177
81.3364250979,89.2465202866
85.798407442,90.1192273549
89.7416489044,90.8826218456
96.7616548585,92.1543436557
101.782750477,93.0068044974
106.760245776,93.2158255557
113.803726293,92.4398230484
117.895529256,91.6472656464
123.34302472,91.0826416125
126.810283079,91.0522884201
130.098772172,91.015762365
134.711385555,91.124151694
137.711738195,90.9966383395
142.663186929,90.7343059279
146.209676106,90.5266721955
149.684279444,90.1732028338
155.227839838,89.2464445304
159.257074866,88.6164679567
165.444580251,88.0197869717
169.375906538,87.9518186186
173.108111543,87.9202319409
177.96928359,87.9653467819
180.708312193,88.0862885219
184.407508742,88.2766220423
186.787225103,88.4144716681
189.254191664,88.396801673
193.295516871,88.2952449453
196.056849743,88.2885843916
198.690880848,88.3818667067
201.810902803,89.2991309297
203.138273541,90.5251295459
204.0077109,92.8556224346
204.421632852,94.4032113289
205.105915458,95.5668937669
206.577680866,97.1159445188
207.978017445,97.6127336645
209.99211142,98.1511816221
211.20248721,98.6682818456
212.920155124,98.6755263792
217.254789374,98.8951481076
221.023959195,99.6683211803
226.551303999,100.700267276
229.682473952,101.181724069
232.436485061,101.372830796
235.879955889,101.40624569
238.261404034,101.291336332
242.578298998,101.449024962
246.236843424,101.707862829
250.435990211,102.090299731
257.24920159,102.799278952
261.910703382,103.368465028
267.895668557,104.057533799
271.131809634,104.369709385
273.772125359,104.336295646
277.390143445,103.769602747
279.527943744,103.266079944
283.02813032,102.408008199
285.518808792,101.800424777
288.209831926,101.256441657
292.209352342,100.588099182
294.747048539,100.195308287
297.039143462,99.7614084674
299.787042865,99.2741863298
301.541303913,98.8198778299
304.159740603,98.3036315747
305.997012754,97.9826885179
307.925565458,97.5406194965
310.613551029,97.1325244411
312.277605418,96.9055030494
314.757098864,96.5024314544
316.583181951,96.3792398295
318.545837898,96.4039083967
321.456924138,96.8014360639
323.372012822,97.1813048219
325.948926801,97.9213184936
327.521982599,98.2634094191
328.917460239,98.324606279
330.722136956,98.1457239265
331.786055953,98.0741404514
333.591408545,98.0682446758
334.824653009,98.0144811283
335.978651907,97.9097398742
337.472903164,97.7220301957
338.325172022,97.6265072174
339.457422195,97.641224112
340.086476891,97.7325173151
340.693329232,97.8798168584
341.512482712,97.8659193106
342.239604716,97.7609329581
343.502526862,97.7577257742
344.589063566,97.8146045932
345.583077282,97.8653169052
346.770715869,97.940578946
347.448272578,97.9654528568
347.98775542,98.0302495726
348.771283765,97.8960546919
349.260704019,97.7954245684
350.065033549,97.739763662
350.518200702,97.7319617383
350.869581999,97.7091569559
351.288521853,97.6198494836
351.536681647,97.5037160078
352.063740126,97.3798884885
352.412927067,97.4435011091
352.575925507,97.5937278819
352.684955238,97.905798596
352.702805441,98.0081605182
352.487605601,98.2113661801
352.069131635,98.5055647716
351.273184969,98.9368293887
349.664677511,99.4553670724
348.637386436,99.6750413864
347.575345125,99.6725370892
347.1635563,99.7290404993
346.98078623,99.8730267456
347.399367769,100.059817782
348.14575525,99.9712134103
350.20848441,98.7651376047
351.620890427,97.7619544414
352.741289484,97.1102389254
353.76523626,96.0717376722
354.097483297,95.3010991413
354.530358404,94.7409599929
354.765814692,94.6576664977
354.720825395,94.6959711809
354.525799387,94.6945141438
354.27015161,94.6227666737
353.862049166,94.3712245234
353.560772605,94.2010536505
353.421183791,94.0000374596
353.213938092,93.6597246275
352.96458879,93.393841944
352.715218951,93.0946678638
352.284579131,92.804412021
351.728399338,92.5957077789
350.511345048,92.3038138673
349.669790347,92.0509271684
348.8176814,91.8450217606
347.246539167,91.4817511677
345.74368889,91.4005794647
342.721370082,91.1869991986
340.89631363,91.0825434278
339.222876243,91.0399375419
337.184839485,90.9392040545
335.929053915,90.876567369
334.010815046,90.8278065809
332.730976959,90.8118913296
331.490809434,90.8106777658
329.649381412,90.8193071208
328.381741662,90.7395428011
326.54795556,90.5658351635
325.217555554,90.5130543005
323.866140627,90.5097260395
322.135671649,90.5510542783
321.153701155,90.5479894732
319.890052413,90.2315507629
319.270242786,89.5527372849
318.90490235,88.9896230196
318.710170208,87.3835536628
318.932771257,86.7484382215
319.322646672,86.2215768002
319.830659099,85.7280187859
319.842522848,85.2174947799
319.937076616,84.6462784428
320.304995937,84.4819017341
321.421744106,84.4671618771
322.446840625,84.5191974834
323.832635868,84.6593988283
326.265088331,84.8169882155
327.984021093,84.9288615733
329.734541093,84.8828613211
332.705136761,84.3132554904
334.892032751,83.7644630598
338.42715959,83.4841649656
340.831972591,83.7059249913
342.986128212,84.0335360108
346.264714492,84.4375244437
348.7438839,84.7148471247
353.23161103,85.4146695511
356.512410226,86.0950446067
359.804760725,86.87574074
5.4083619874,88.9194702021
8.42993238907,89.8221257139
11.5609720578,90.2980736898
13.3392425993,90.4160989298
15.3056628533,90.5048349502
18.1396857818,91.1080910569
19.4716518589,91.1515833133
21.0007623479,91.2622340633
21.9395331444,91.4914604622
22.9322238954,91.8998314248
24.5922951208,93.0023637427
25.9470612403,93.9885340817
28.248788011,96.3500760845
29.3664582585,97.7549427119
30.0206609802,98.93892982
31.070087558,100.176273893
31.9296947005,100.95815317
33.5025652542,101.559591394
34.624903602,102.144355986
35.9989478158,102.301325794
38.0440274195,102.779407342
39.4758630718,103.011206987
40.8483490554,103.198053668
42.5059976816,103.336969327
43.3075237154,103.509197742
44.5677142064,103.788717105
45.2598728525,104.164620586
46.006522444,104.542595769
47.4240550065,105.15721282
48.6895998545,105.526229037
51.0718152716,105.772669735
52.7546349348,105.841305903
54.4162541162,105.88655221
56.5403779431,105.754894457
57.6669343615,105.398951969
59.4350461161,104.62118191
60.667209917,104.289086077
61.7736966139,104.088450547
63.070099502,103.709148482
64.1010760652,103.266496058
65.9014649165,102.781777643
67.0392276508,102.812576233
68.3147897829,102.75958246
70.5473312839,102.613197513
71.9521346918,102.725442016
73.9146018343,102.953072701
75.1191123011,102.991155458
76.2718645785,102.989786722
78.0379523911,102.801087256
79.1157439441,102.571418329
80.4985006694,101.676289523
81.2657522814,100.585923549
81.7841585282,99.4456483162
82.234919389,98.2057458796
82.4648796762,97.3925854159
82.6088488686,96.8476977643
82.4757020605,96.2498683856
81.9264481768,96.1304927369
79.9713345041,96.7235604633
76.9996415223,97.697154638
72.1327904418,98.9380829992
61.2150331795,99.3356431904
52.9955340766,97.7359218733
41.9735269378,94.1385756436
36.2507623359,92.2572098068
31.8118215056,90.9973616891
27.7693187985,90.7031223157
25.3175359237,90.938077599
21.8274309042,91.5469593247
19.2949149924,92.0234856329
16.1935986638,92.7280977688
11.6043324856,93.9006560899
8.54986607766,94.9738087153
5.05042877721,96.3646035857
2.97469278421,96.961052027
1.32109462804,97.3696061045
358.784647789,98.0914755792
356.573079608,98.3473587806
353.761385433,98.4797494829
351.73791023,98.7391093801
349.488320461,98.8662622208
346.031031172,98.9328871995
343.855319364,98.8518246187
340.515108534,98.7572609885
338.364592312,98.6773598574
336.280911872,98.6670127053
333.477904244,98.6551358836
331.781951266,98.6279501796
329.68037582,98.4792759757
328.38923538,98.3376457221
327.034885709,98.1782057322
324.82134702,98.1008453228
323.353870813,98.05019626
321.824809567,98.0077737727
319.272231439,97.7395031022
317.419969896,97.5288136017
314.838256974,97.2659778057
313.370828438,97.0811073766
312.331509637,96.8996070366
311.367164128,96.5173780002
310.491340325,96.2601682062
308.923326579,96.117672963
307.667614186,96.0925797539
306.189292702,96.050176501
303.312928083,95.9430633051
301.033195432,95.8163594941
297.280002518,95.528840554
294.517699585,95.4000190656
291.604623229,95.1261743841
287.012416628,94.441655311
283.99546061,93.9542920443
279.556767828,93.2575930703
276.714020693,92.9640912159
274.083819048,92.9808021835
270.873938317,93.3468323741
268.951817283,93.6921171311
265.983152489,94.3173348983
264.154364752,94.624927174
262.292831376,94.8114804516
259.17160281,94.9900417063
257.07485065,94.9148800402
253.959611535,94.7089356198
252.336604592,94.6256454353
251.180848704,94.6542890747
250.437261313,94.9497127134
250.814899915,95.2332942848
251.215083565,95.8639375459
250.919093709,96.2807892543
250.44979495,96.1729290733
249.124317332,95.6408378869
248.002666907,95.2798994929
246.514765348,94.8858883863
244.777870468,94.2627924818
242.546417389,93.4035686361
240.846125644,92.7035550416
239.977450357,92.3954933366
239.324197339,92.1835908157
238.332350003,92.0832361187
237.095508303,92.0473684448
234.859970929,91.6601033197
233.222943712,91.4536959997
231.779247466,91.1749139348
229.961623585,91.0609948507
229.15475257,90.8279119543
228.056078332,90.6094939985
227.175820126,90.3867839163
226.220213219,90.29677717
224.671546008,90.2226794194
223.760249096,90.2864990449
222.924906189,90.4359302497
221.979116108,90.5808169998
221.460084098,90.6927118479
220.244737905,91.00393402
218.94800852,91.2006001902
216.376816006,91.3610455397
214.542969908,91.2129685752
212.732993676,91.1260810189
210.263338198,91.2104425934
208.891991161,91.3212731967
206.992295212,91.4898521686
205.666129304,91.6442992739
204.147480822,91.6610871233
201.876218604,91.7008792996
200.720025662,91.6970801096
199.705525338,91.76824449
198.306037397,92.1230245668
197.22858165,92.2783113212
195.341066681,92.2480971647
193.541547878,91.9651141673
191.997212149,91.7168035947
190.233132409,91.4828459336
189.388365436,91.2611903125
188.130645162,91.0068603526
187.407461606,90.7578248451
186.582761592,90.4755342699
185.205126274,90.2251015265
184.134515147,90.1358448835
182.618092074,90.0475045527
181.600841036,90.0577460604
180.54767113,90.1283792911
178.538129521,89.7251666635
177.040800761,89.5804823885
174.861865933,89.1224152599
173.396982421,88.845504891
171.711705711,88.3329969385
169.034772622,87.59016168
167.311230201,87.3214186647
165.260617357,87.1571539371
164.292894993,87.1891365493
163.530706481,87.2979821116
162.476771552,87.5103853521
161.725539372,87.5442094504
160.330583398,87.4194009692
159.328125585,87.3264867871
158.370516306,87.2245102277
157.227660344,87.298481221
156.680837578,87.3158034364
156.181307699,87.2861235962
155.337542444,87.2590883384
154.559585092,87.3235802962
153.213068173,87.3953278933
152.324446953,87.4481806758
151.504356554,87.5642120606
150.535821922,87.7652937834
150.026129323,87.8461269996
149.398337618,88.0087807191
149.05206296,88.0548469872
148.740445866,88.0646557897
148.148514599,88.1714613842
147.796739976,88.2648613481
147.191052067,88.6780792766
146.729684439,89.0527989288
146.369277271,89.3981798156
145.35579481,90.3284110101
144.609700785,90.5596982546
143.093881168,91.241672633
142.114172611,91.4119936734
140.571900498,91.7348746089
139.075050026,91.8717774284
138.480441423,91.8640665445
138.031859664,92.1943214066
137.919081456,92.2848744064
137.928262075,92.5051751485
137.760494165,92.8228843439
137.657373198,92.9847174664
137.064247438,93.0677461886
136.4723736,92.9803749354
135.841652994,92.8017127378
135.046005254,92.5932983747
134.802545492,92.7525529876
134.909439369,92.977288332
134.942323564,93.0780819337
135.031059266,93.1653939904
135.20495866,93.262579226
135.28179608,93.2298188938
135.505277013,93.267351988
136.630196934,93.3844341929
138.524357924,93.8224698297
144.112785942,95.0984850588
150.084462097,96.1946024952
157.317344924,97.3176056437
169.327253071,99.0192014463
177.180881543,99.9704305322
188.013432533,100.965687109
194.204236779,101.546603893
199.769887572,102.129569838
205.767178953,103.090933352
208.741104174,103.485237698
211.826341524,103.582409952
212.782258939,103.410035966
213.208919757,103.143535472
213.190166455,102.491091834
213.029058578,102.08560455
213.032891852,101.409293401
213.490548714,101.012917014
214.199368251,100.721807093
216.023712269,100.132394297
217.364869691,99.9920696718
219.147710862,99.9872716273
220.062630289,99.9344983316
220.656652034,99.8328722444
221.505165003,99.5069301187
222.271713472,99.2693165019
223.599312979,98.8027083026
224.724450931,98.3486879271
225.978254392,97.6308507942
227.667308817,96.1870528971
228.720255712,95.1798839876
229.921894058,94.2029516641
232.020942406,93.3809322445
233.957726111,92.6692909102
237.978877209,92.1168933197
240.783780921,91.7490372458
243.18683368,91.3637987305
246.10929031,90.7181957649
247.788282802,90.6477371589
249.275279415,90.6593786963
249.596338836,90.4770433903
250.087343537,90.3223110816
251.036960362,90.1098047724
251.862186497,89.8871471001
253.138937814,89.3804457782
253.804572509,88.9412028368
254.503730943,88.6746589785
255.579840325,88.5244096129
256.35529228,88.4559608556
257.313085442,88.4239310185
257.932178533,88.4713843034
258.588185927,88.4448995604
259.861646338,88.5932918351
260.998942145,88.5744816381
262.595890258,88.2889402055
263.328079197,87.8719374525
263.944006934,87.4419464744
264.776510191,86.9785911168
265.323559865,86.5692550562
266.325944856,86.1065551735
266.902268847,85.9090104096
267.398262682,85.7625185454
268.307800301,85.5331158247
268.964334797,85.3829906328
269.633211257,85.2153653563
270.687756953,84.9821197278
271.311764074,84.9332137627
272.068349508,85.3173324721
272.747206676,85.6710890023
273.669415985,86.1178017345
275.533804186,86.9127987608
276.872556589,87.6593633127
278.711601143,88.9839856269
279.820307477,89.9610345021
280.778201954,90.9236940199
282.301266363,91.8604925981
283.794566622,92.5172815071
285.79823316,93.7772024365
287.169675202,94.4159223569
288.398314009,95.3842476993
290.567903138,96.1650600421
292.359456772,96.77523912
295.276415697,97.2437328328
297.363095977,97.6188426922
299.464905299,98.1226116294
302.409389647,99.1549239943
304.240764754,99.8360904724
306.960281189,100.701765575
309.240509513,101.191316332
312.567127026,101.615679132
318.107008547,102.948471419
321.594175197,103.72887013
324.533103249,104.237267504
328.104139489,104.50368646
329.978142426,104.430885458
332.28602667,104.350808357
333.746040371,104.296245526
335.842002833,104.132427338
337.122248703,103.956960777
338.453170268,103.52413427
340.166683445,103.675242966
341.079019721,103.841063874
342.078419942,103.815108296
343.259729462,103.804819405
344.082937951,103.599269775
345.333795128,103.420983852
346.211758695,103.319391112
347.120193331,103.207242112
348.491198809,103.066718581
349.444816358,102.997356698
350.715569114,103.034758103
351.707549034,103.055927007
352.434486083,103.084861992
353.136910963,103.166176681
353.781394338,103.337838692
354.859350075,103.961947548
355.256720825,104.673711169
355.478922407,105.305186859
355.688329077,106.047651919
356.146153124,106.288390805
357.128756209,106.621967824
358.052975745,106.681380965
358.98838807,106.755799996
0.455621221652,106.687198611
1.32769304722,106.730636638
2.68603743427,106.981247747
3.53055714155,107.549490447
4.29464024018,107.884984631
5.10405933081,107.927870933
5.42024523749,107.75041714
5.80739713346,107.520795428
6.04066367875,107.158686736
6.28590585899,106.894608482
6.81082421405,106.735856282
7.24969469544,106.707696868
7.63510309344,106.631051021
7.55895107866,106.376580059
7.47662816748,105.976795243
6.88368500915,105.378231082
6.44321570221,104.968383161
6.02591651,104.615650944
5.1456501584,104.375484099
4.61473250435,104.059436349
3.83118396849,103.74052992
3.43036241909,103.546254891
3.07079416726,103.28530834
2.38716975506,102.797621662
1.8282109558,102.634729692
1.03305121307,102.032394754
0.622813828243,101.697583928
0.259645351421,101.37113178
359.750839371,101.03498163
359.562050115,100.956038219
359.221329816,100.834160041
359.07411867,100.824070619
358.92265704,100.75934356
358.634911822,100.618455175
358.479338021,100.544507584
358.318185309,100.464890181
358.195415724,100.41763912
358.108891152,100.346777857
358.040348013,100.204213395
358.10517453,100.124350055
358.281753712,100.146245483
358.372703011,100.146585758
358.413912749,100.125475232
358.515219186,99.9841746878
358.650849781,99.846701153
358.871466998,99.6154587306
358.96624019,99.553957724
359.005633823,99.5219312019
359.098640813,99.4386267745
359.122338214,99.4062043797
359.140912078,99.3755951121
359.154530597,99.3328569992
359.154579655,99.2824818259
359.163810819,99.2187374104
359.183528394,99.1911616291
359.19954681,99.2175726376
358.961058567,99.2356188746
358.648357015,99.0984555448
358.532403849,98.7520494705
358.458235826,98.6624714806
358.199172538,98.5562188277
357.716167389,98.1911121792
357.268197984,97.8963647953
356.657975796,97.4428449176
355.98488143,97.3373395809
355.352372714,97.2427618274
354.727659048,97.0308917536
354.17233653,96.8964735029
353.113761148,96.4697470977
351.724283231,96.1281581511
349.162306011,95.4469452915
342.539754465,93.4640068906
336.344609552,91.797347011
324.4518555,89.4924737204
315.449255254,88.2614780425
306.207409104,87.2759076309
293.100230871,86.4267480941
285.286087818,85.9152889995
275.632736771,85.892502457
270.371445081,86.1574644734
266.330291653,86.4609798476
262.142162739,86.6295061982
260.010906064,87.133035078
258.058356392,87.8077226969
256.540805078,88.1965390607
255.977973175,88.4215091295
255.393397125,88.6914060061
255.172379186,88.7537275987
255.195340702,88.7269573423
255.067082941,88.7568751173
255.094509397,88.7190962997
255.191954649,88.7596605182
255.394421013,88.7838394726
255.675086755,88.8825294918
256.765163905,88.8950860689
257.752248225,88.998319272
259.644794921,89.1365840728
261.35102033,89.1811208949
263.598347632,89.31936172
268.520540644,89.4785991932
273.465196392,89.7717177125
283.24726024,90.9904001774
291.202930647,91.7520020467
299.715377765,92.6546807268
312.036179273,93.9829826625
319.797467586,94.7872313353
330.354927264,95.8296177171
336.413940793,96.391946416
341.948397806,96.8564752744
348.849511215,97.3401028491
352.272879182,97.6472186601
356.262134117,97.7705536587
358.498906446,97.8951423072
0.814740820596,98.0173543368
3.72793293961,98.3207288825
5.40143503422,98.3823192435
6.78671092829,98.3988555331
8.71455058099,98.3905360056
9.869226614,98.398482005
11.3978356927,98.4422995761
12.3551189916,98.5280113932
13.2235224847,98.6194829246
14.4544677316,98.5834689224
15.318477735,98.4323654032
16.4045612748,98.4281050459
17.214534556,98.433460975
18.0325843585,98.3692647085
19.1624586357,98.2909497308
19.8318978235,98.2752515256
21.0548740205,98.2253720588
21.9838678073,98.3154836986
22.9286820382,98.3794466449
24.5813306205,98.4593901409
25.6301948225,98.5658624638
27.1888630697,98.6668875749
28.2324184487,98.7312338617
29.3214527623,98.7716437064
31.1353130476,98.918921104
32.4444923153,99.0663537034
34.3049947313,99.3448831588
35.5496284103,99.4574275522
36.6598486909,99.661111349
38.2891227404,99.7291787804
39.2679972192,99.7550893929
40.4017683216,99.5213685081
41.0266536215,99.2990810441
41.4927904481,99.1264147205
42.1151510994,98.9218415368
42.4379106053,98.7117416287
42.9501748471,98.2807395745
43.2719125739,97.8903989533
43.6037874453,97.6037522903
44.117978178,97.3695592899
44.4167053118,97.3171868454
44.7339072658,97.3499332115
45.0751234422,97.3751793505
45.4218980146,97.3580639467
45.803638676,97.3290434439
46.1734946709,97.3485341402
46.5378991489,97.3717164402
47.2108911782,97.5386094456
47.6378968988,97.5724263182
48.1491079319,97.6545925259
48.5699458026,97.740278468
49.0635237816,97.8235838232
49.7729166762,97.9919662379
50.2788662659,98.0127821387
51.0260912766,98.1005929769
51.3909090331,98.0816958623
51.8112249397,97.975305883
52.5034604905,97.920868451
52.9982755593,97.7727346383
53.9183533522,97.7420505082
54.3766771041,97.7451981952
54.9431188519,97.7367691564
56.0736244157,97.8569300504
57.9740674032,98.1484086337
65.2259467467,99.713162919
71.6631707181,101.136244065
78.1201975204,102.685633614
85.4125253259,104.283318085
88.3090417438,104.718682311
90.9748220163,104.887425277
92.6425551111,104.817820947
94.4731008276,104.875316745
97.5418565353,105.076306956
99.6966755998,105.092523141
101.890625063,105.111564924
104.53456215,104.977565951
105.933164428,104.7606455
107.604445197,104.332675121
108.462778918,104.283599919
109.108426269,104.21094102
109.727976701,104.104906023
109.980987772,103.977026024
110.265955259,103.764834148
110.47889531,103.544184735
110.612433867,103.374711006
110.713051777,103.18080475
110.680870707,103.093542242
110.526854031,102.891861656
110.289071963,102.690979971
110.002589497,102.343144829
109.388492854,101.997898987
108.596819911,101.705297262
106.4230016,100.910966924
103.861299116,99.8075751182
100.32323179,98.8095105146
92.3369000656,97.1136347881
85.8788339224,95.7670644574
76.6065745401,93.8094861705
70.9389302073,92.8799372977
66.4223164973,92.0114249081
60.820073335,91.3428706638
57.4361217922,91.157765713
54.0328732222,90.7425314912
48.4402614111,90.1902136995
43.9150004564,89.8415919335
34.0546969336,89.3325823984
24.3928430033,88.606518567
6.21758751054,87.2340223138
351.967914701,87.2424356039
337.757134593,87.3066715915
318.256542644,87.9327892519
307.688244207,87.7945046641
299.454857978,87.8251096943
291.560018841,87.6308221688
288.320875981,88.197836977
285.613354183,89.134476202
284.464687639,89.7643459255
283.774644617,90.3698769095
283.366389569,90.9422295305
283.40179417,91.2868514411
283.424267311,91.5576645925
283.340920105,91.6432457302
283.310858364,91.6510873539
283.563482445,91.5371517201
283.807859834,91.542786274
284.144967718,91.4476175866
284.423069318,91.3690298571
284.901202087,91.3520846428
285.727401068,91.2859476589
286.375184758,91.3152252435
287.269541918,91.2440364785
287.795884619,91.2090529642
288.416764661,91.1078249962
289.53794157,91.0845154084
290.430123801,91.1114532443
292.152204574,91.2076953138
293.462090723,91.2954466267
294.720569598,91.3469568067
296.529864242,91.4921641302
297.55557797,91.5929435819
298.828355038,91.6805558664
299.602209531,91.6679742319
300.263228933,91.6238140826
301.316792312,91.5344577132
302.167486447,91.4968683044
303.67659652,91.598825327
304.696818602,91.8265893161
305.598258001,92.1808755292
306.645473068,92.6115441947
307.290550405,92.9377038005
307.882702492,93.2235909958
308.970320061,93.5208061499
309.764293099,93.7054015102
310.95222468,94.0572092092
311.514295638,94.2205186218
311.945459777,94.2518801311
312.439216972,94.1905613146
312.918763467,94.1820269817
313.577122173,94.5904324591
313.92077357,95.0294185868
314.200455948,95.3428605916
314.623361467,95.4625787987
314.878402835,95.5668599864
315.338953632,95.5611219607
315.519341955,95.6746729915
315.613735726,95.7462068998
315.680950437,95.7527162917
315.756255988,95.7449073084
316.048166792,95.713304531
316.25917839,95.7575119648
316.342719648,95.7937219115
316.366413769,95.8715726787
316.363244231,95.8969434749
316.246789968,95.9527608667
316.141792919,96.0388656878
316.078664228,96.1643953834
316.274784538,96.3824715497
316.603214001,96.5476521367
316.999200815,96.5879015997
317.197673607,96.4821973748
317.398172953,96.3425298957
318.017462205,96.0060962246
318.481720043,95.8372041148
318.854572252,95.8174416886
319.278181762,95.8856319989
319.557425445,95.9403150048
319.884464259,95.9504700259
320.00676738,95.9436313406
320.137111712,95.85413062
320.346070289,95.6626795491
320.762319077,95.570451367
321.563630898,95.5211496037
321.942239558,95.5039726786
322.367215251,95.4173981417
322.952848773,95.1849059498
323.295809026,95.0322046239
323.942877353,94.8746886301
324.407533696,94.858468506
324.87235492,94.9042940094
325.645935299,94.9934083293
326.215928436,94.9663648309
327.270657422,95.0991456921
327.967925625,95.1306472082
328.598777001,95.1440411893
329.504327742,95.0677509496
330.750930023,95.0851009122
334.927096773,95.6187952903
340.997159434,96.6790753156
349.115811901,98.4900180241
3.74552188219,101.036745677
14.44521304,102.298319881
30.2192984474,103.935477918
39.8334222809,104.174583041
48.0322885852,104.046011453
57.750391732,103.759667318
62.6220588305,103.444822791
66.5128478093,102.962315158
70.5923047289,102.450529044
72.667130634,102.03390579
75.4791468764,101.455727264
77.7536581398,101.123514999
80.7346465109,100.939397311
87.2037612732,100.885012537
92.7257883623,101.260095218
101.654064728,102.048165045
108.439639801,102.765461848
115.070383829,103.415815649
123.475852832,104.178749602
127.754281951,104.43332333
132.173975704,104.520068095
134.460384686,104.360413225
136.385743772,104.137625845
138.717062002,104.04760962
140.329969973,103.798316712
142.563632871,103.860377475
143.722259476,103.709705393
144.822680389,103.642565555
146.444149315,103.681922089
147.41701906,103.436208027
148.259843684,103.134657205
148.772123117,102.962297896
149.282986339,102.930904856
150.007493702,102.784908139
150.320830332,102.646723975
150.763089359,102.383533892
150.915910089,102.325800672
151.123853456,102.238172513
151.652851959,102.0995697
151.856042616,102.028546039
152.292554085,102.003735919
152.530898695,101.971863924
152.798588576,101.876950191
153.095015504,101.91443155
153.308660866,101.904010908
153.559492493,101.910403214
154.165422523,101.814439594
154.497530635,101.771711007
154.940260682,101.687113722
155.116045031,101.645322858
155.203823823,101.615873459
155.520943842,101.495869201
155.717476806,101.413616164
155.980626899,101.31633405
156.178878983,101.250829598
156.322702151,101.240110108
156.425913401,101.176258128
156.442046986,101.124607606
156.435237919,101.020978489
156.39311339,100.959119294
156.354653336,100.931266979
156.225226294,100.894589619
156.185824044,100.843820921
156.192022215,100.825906999
156.187819287,100.785043607
156.135735212,100.744943785
156.070858529,100.717777645
156.069025669,100.719692149
156.001040789,100.71713296
155.94357484,100.713294933
155.896919797,100.725912353
155.783055013,100.720645237
155.737098286,100.700647425
155.732072831,100.698473564
155.768913404,100.687534173
155.805826535,100.672585117
155.804076178,100.597734571
155.83734294,100.54427495
155.889971806,100.511120374
155.974196056,100.4419067
156.026094298,100.410046178
156.070842159,100.358227699
156.109339887,100.309135351
156.111133422,100.261066632
156.054092357,100.163179514
156.037068319,100.150319072
156.052219213,100.058695051
156.133355052,100.06123774
156.243016105,100.107711521
156.357229556,100.180699778
156.367306604,100.170196364
156.375612237,100.068199897
156.384160028,100.021934073
156.440369877,100.00722414
156.463943025,100.03819662
156.416656405,99.9914011562
156.031589262,99.8333347054
155.187598501,99.4655417554
153.305085848,98.8274669953
147.40730563,96.2215476841
141.301066329,94.0489448003
130.274099137,91.478402767
122.728709039,90.0688384434
115.660062735,89.4242313581
106.352173483,88.5530525982
101.494839335,88.1594797256
95.7242005782,88.1264916125
92.9534121328,88.2820113042
91.2332007987,88.5641916722
89.9144887308,89.0385227798
89.5138356384,89.6141882869
89.344920287,90.4488409344
89.1534798229,90.942993421
88.8957464121,91.4591508235
88.6612289573,92.324899644
88.8251910273,93.1036474425
88.7879821053,93.8782113554
88.5149884175,94.7219051478
87.9645139005,94.8566160001
87.18359009,94.5103633013
86.3910062796,94.3614273274
85.1050921133,94.1314309964
81.1858610455,93.5430973693
76.5671157384,92.7432285528
66.2825093929,91.4038659184
57.6340606788,90.4537713113
48.1943191188,89.7100763946
33.0788437981,88.9642664624
23.2662184648,88.9810005572
10.3158636752,89.3871031043
3.06029884039,89.7768379711
357.211319284,90.2001597029
350.699869507,91.138978702
347.442831934,91.6283108791
342.823340013,92.6923398805
340.067931172,92.9905657185
338.379575184,93.0313264048
337.401937053,93.4137268178
337.27911403,93.6254366581
337.331234421,93.9406413864
337.373912962,93.9896788103
337.308857005,94.1206817608
337.020850214,94.0793837631
336.754678341,93.9596774377
336.457415564,93.757690702
336.230616191,93.8811919493
335.807450846,94.0601078116
335.932742963,94.0358138409
336.199083795,94.0712909482
336.621968579,94.1528362693
337.15795163,94.3221766977
337.736521965,94.5006362001
339.072271299,95.2840600285
340.299941301,96.1413143859
341.432798127,97.1161470611
342.888274869,98.2842983672
343.564923186,98.8172298708
344.345827244,99.5253270956
344.435589394,99.9115086938
344.672235586,99.9166954647
345.001465487,99.9602912062
345.017754915,99.8842657194
345.431208644,99.7690431891
345.771944554,99.7262240005
345.952127666,99.7981065523
346.34950216,99.7619572159
346.621701514,99.6438893436
346.953414604,99.4257285368
347.184142033,99.3138460578
347.394813598,99.26837286
347.859850698,99.2334400032
348.344011321,99.3143621852
349.020072103,99.3421607635
349.397420977,99.4112364341
349.68056344,99.4123733552
349.876001862,99.3959484113
350.041004924,99.302799358
350.651100029,99.1202523366
351.078247226,99.1009587832
351.495196412,99.0627754409
352.229000029,99.0598662306
352.80229115,99.0301508282
353.34615664,98.9710464674
354.44282773,98.8617899555
355.454088561,98.818865185
357.480823543,98.7328554813
359.500449813,98.6723580426
1.97886893836,98.7335962068
6.06761098451,98.8340211779
8.68528142965,98.8417293409
12.3125522078,98.8164255293
14.3265648418,98.7285488667
16.1653651967,98.5189253232
18.854877082,97.9746131999
20.9502022958,97.6626687977
24.5449856312,97.4003775586
27.6243368298,97.3620822629
31.4402649971,97.6011908787
38.0553477392,98.159678469
43.0202008476,98.5883665034
50.7192467243,99.3699695187
55.7259358146,99.8428551154
60.5741085071,100.237118829
67.1869300053,100.695868986
71.5402584087,100.829662689
77.8816088802,101.37651148
81.9844943735,101.773896371
86.1583862392,102.175359121
92.5275914561,102.842657199
97.257391212,103.145469566
104.943190486,103.661510164
109.752169647,104.023137774
113.705318976,104.51801788
117.864691811,104.894822575
119.772198423,104.778461356
122.416600279,104.225125578
124.338861913,103.809710631
126.462930501,103.657534911
129.677883354,103.459543314
131.465870877,103.407978727
132.881658511,103.351923714
135.198095529,102.783983002
136.998518336,102.362333564
139.494491722,101.742671217
141.050125784,101.420957595
142.344765398,101.082242678
143.820727031,99.3747241612
144.360356192,97.0985203303
144.199130558,93.592118093
143.840661467,91.8747319614
143.390911468,90.3698963504
142.717372019,88.9769872777
142.312786042,88.3582607766
141.571456693,87.4673687771
141.319917869,87.0234946079
141.062192289,86.6179664834
140.821705252,86.3852224294
140.606032507,86.3829269486
139.809785255,86.3082256957
139.354984574,86.0132225579
138.731917539,85.6863430161
137.66329193,85.1769604664
136.887061042,84.9644972811
135.45160493,84.9405780761
134.40295263,84.9716331035
133.324918154,85.0095308627
131.586855616,85.2026026124
130.390532819,85.2829009832
128.547783492,85.2276764338
127.363735839,85.3027684065
126.195251222,85.4262889334
124.731676128,85.6432693177
123.865347125,85.9304484265
122.874751132,86.5169307674
120.712625208,88.2206388859
118.827667905,89.8006538299
115.237776648,92.124908725
112.539147718,93.6539796745
109.647880938,94.9836873665
105.306022176,96.6669419079
102.751884783,97.2293388385
99.0189246221,98.2397930857
96.4572360611,98.7254018896
93.5892816925,98.8905102795
88.0694275927,98.6037481343
83.5099772971,98.1592705048
76.1257604742,96.8854790928
70.7444724432,96.0449625092
64.7401902534,95.0389095973
55.4995106134,93.6580574411
49.1780424157,93.1229382186
40.6718099876,92.5781200512
36.0350841064,92.2977707974
31.9006829327,92.4630300379
26.5670739335,92.5486912214
23.4424841337,92.5360865702
19.4341848681,92.4369933669
17.2768529259,92.4406068194
15.5540155503,92.7033844105
13.9462572498,93.0650737758
13.1760231989,93.3467447571
12.3682836584,93.4907509886
12.0598131034,93.4648896289
11.7813081305,93.4040094196
11.6759373795,93.3947488607
11.6322061438,94.0996130165
12.3080928051,94.7443942714
12.8976925541,94.9839503181
12.950614685,95.1585455383
11.548228829,95.1976490929
10.1190554348,95.1676504732
8.53088993608,95.0659802208
6.10083386663,94.8733467946
4.51561826857,94.7332810584
2.19631947588,94.5007320145
0.77785875956,94.3322666632
359.481329386,94.1185578614
357.961942934,93.7801692515
357.119663517,93.5700211986
355.856933599,93.4042432488
354.835872588,93.3893219434
353.629347386,93.3894153844
351.567791765,93.3107245269
350.027649403,93.2459635187
347.624755676,93.041617998
345.941218925,92.9688955853
344.304872039,93.0511259752
342.140914272,92.9023479665
340.868047393,92.76424682
338.859853391,92.4240441254
337.642385142,91.9587078632
336.62885866,91.4950044654
335.521164911,91.1860911499
335.041042053,91.2026519231
334.403836682,91.512575376
333.92475377,91.823592737
333.129643451,92.4148254139
331.084363668,93.3880023385
329.213625131,93.9929216743
327.083245317,94.3340293069
323.891520697,94.275058363
322.087563404,94.0820407981
319.453116699,93.8421331563
317.889520678,93.792342164
316.60456038,93.7555263606
315.169372638,93.7572735561
314.175894051,94.0257009715
313.297784839,94.2316867718
312.999308292,94.2465840022
312.686314614,94.0493098835
312.178303699,93.5940404117
312.266091627,93.3087109528
313.056599872,93.0612640085
314.038296828,92.9822562675
315.122721848,92.9970473997
317.321638891,93.1202068157
320.298094738,93.4013923341
328.184364404,94.389461022
335.086730654,94.9903472264
342.345749205,95.712745451
352.033003101,97.2924458821
357.422454948,98.3299742748
4.28623221231,98.5831590559
8.13003486406,98.3273592646
11.7504375759,97.8915236934
16.369227874,97.3579318233
18.5775580991,97.1901508939
20.9680558956,96.8129118419
22.2407536879,96.5913754908
23.2944608374,96.5088447434
24.4015464752,96.6225460988
24.8234232168,96.6531594705
25.2469200425,96.1378401124
25.9609689451,95.7041624923
26.972039894,95.3189059303
28.8204555562,94.8671867496
30.091715641,94.6616533257
31.1936182882,94.4906740065
32.3991719536,94.217621867
33.0462466163,94.1991536468
34.0736566502,94.301994972
34.7547429722,94.3559331632
35.5167488639,94.4106706683
36.4631833382,94.5380167923
37.0825805802,94.434068927
38.1032715993,94.2230143339
38.8301566776,94.1194883912
39.5227185743,93.9711155122
40.5857074028,93.6938191024
41.4113779554,93.6116243056
42.7224684155,93.6270776403
43.6772467962,93.7550059831
44.6729068901,93.9851832798
46.2937505933,94.4262531889
47.43835842,94.7198759713
49.3651950029,94.9449985785
50.7057650932,95.0180597343
52.2775683635,95.0342535285
55.2663757802,95.070640597
58.4945863649,95.3242223492
66.6130401087,96.0490071459
74.0351870986,96.4709647458
81.9661951775,96.7457549849
93.2061325851,97.5263106853
99.8414366137,98.2308239188
108.51443854,99.5472610919
113.809248838,100.347388315
119.050700036,100.81228665
126.368931178,101.847448244
130.918990949,102.485958736
137.266876275,103.103851176
141.166972446,103.37973214
144.612478328,103.369862082
148.525307023,103.187919354
150.415345285,102.657965096
151.900954261,102.21668969
153.835268856,101.818972247
154.944673091,101.677611442
156.411519048,101.441440485
157.126908448,101.184036778
157.827189677,100.904788476
158.876680751,100.730869754
159.841870149,100.666972056
161.144906542,100.719249014
162.031832788,100.847346707
162.710762274,100.975587172
163.690336481,100.951548943
164.420256098,100.852124909
165.470121979,100.629141967
166.32335063,100.449884604
167.121764704,100.303521515
168.243897677,100.262037793
169.022682983,100.318780375
170.080027594,100.27808287
170.73303966,100.183722071
171.330296831,100.189010807
172.507594505,100.085592065
173.77545745,100.106986499
176.568542377,100.326746481
179.119051509,100.593320894
182.150873631,100.887504292
187.637123819,101.545463823
191.666898533,101.866640847
197.549197013,102.247200849
201.472911189,101.781676971
204.990793276,101.432691586
209.343211932,101.301318375
211.775434833,101.398021543
214.036184759,101.413705111
216.719725724,101.20058031
218.109911828,101.101360597
219.900345991,100.876811288
220.915228006,100.517755205
221.667704549,100.246591648
222.613691762,100.082698559
223.290979071,100.050497722
224.731499254,99.75173847
225.746218599,99.5409070284
226.696084997,99.3326941135
227.920435495,99.1772443494
228.841744561,99.161789827
230.524248899,99.1823181863
231.793816416,99.2757566302
233.333170809,99.2892269842
236.024547211,99.6414835347
237.329929743,99.5755201701
238.349730276,99.3663582025
239.115845767,99.0153031451
239.768233507,98.9969942115
240.574298219,98.7367026868
240.779226788,98.7183646732
241.142843121,98.3286624341
241.121887445,98.296827358
241.142892533,98.1798168724
240.893908261,97.9040735291
240.582535684,97.6487714977
239.96397932,97.3668439687
239.459532753,97.0965475241
238.916140997,96.8773215803
237.711643592,96.099424913
236.657688552,95.521675841
234.934764295,94.5977533022
233.758074269,94.130065262
232.62983184,93.7780434338
230.763617297,92.8012967225
229.547100993,92.320533109
228.403996241,91.8265099555
226.832449473,91.174949194
225.704608062,90.809491353
224.207917589,90.1477398958
223.166429348,89.7010145452
222.217052122,89.4396857394
220.720300888,89.1234527923
219.747516626,89.1578793206
217.833906758,89.3099174589
215.895709534,89.7577025928
213.185634413,90.6986272722
207.415792587,92.4350379412
202.827945996,92.9377414266
196.212936794,93.0804558572
192.568090379,92.9486307916
189.777144696,92.4505368912
186.912390094,92.1438645049
185.768472695,91.9270012947
184.694313913,92.0249166584
184.259763988,92.0689991793
183.789293021,92.2164882081
182.651847821,92.242637726
181.825085292,92.2160110598
180.109228778,92.3343419286
178.846873608,92.357612199
177.380240061,92.4158636833
175.266898759,92.2226834807
174.022314478,91.7674572815
171.913034004,90.9135083207
170.500843403,90.4517895121
169.004681657,90.1778984662
166.688251054,89.8786701649
165.207628923,89.6071825897
163.794516077,89.3799698414
161.984406397,88.978316003
160.930297713,88.6893764357
159.189139766,88.3170136608
157.811410753,88.0481274244
156.135367277,87.7328503506
153.357074076,87.3283098913
151.270294226,87.0978744075
148.003010678,86.8868802168
145.694681004,86.8237897808
143.337001975,86.7281323774
139.602707846,86.6104190334
136.997692368,86.5077983196
133.20860905,86.3011347338
130.921512977,86.1973665404
128.918885013,86.0345590335
126.12959324,85.8882877347
124.263154117,85.7011585452
121.479548255,85.543957332
119.662136848,85.4263667437
117.8424731,85.3217000195
115.327942138,85.1901250202
113.745929282,85.0969358678
112.263739873,84.974517386
110.291786247,84.8744290481
109.078000285,84.8227703893
107.522566126,84.6631071432
106.513143903,84.4674398143
105.074304678,84.059921107
104.149299123,83.8993574872
103.230523215,83.7745280333
101.926592606,83.6218729169
101.115993536,83.4989272623
100.46923908,83.394831139
99.4762170683,83.3785633413
98.812011843,83.3382039156
97.9655997856,82.9287598691
97.3954636724,82.4837464398
96.7417333183,82.0538031797
95.8575988833,81.4619450015
95.3640363592,81.1867932451
94.6388363842,80.8517716431
93.8832079132,80.6637974868
93.0777757987,80.5103384854
91.8763073528,80.2191609909
91.0450143326,79.9413933281
90.0081469364,79.9283084064
89.4301564118,80.2864983372
88.919007445,81.2525948297
87.3600362446,84.6597561368
85.1324190328,87.5606855803
79.8979668871,91.8082576319
75.5553204447,93.9580485326
