179.02890777,103.256178329
179.593838817,102.449985579
179.885528287,102.668252569
179.824080598,102.699471586
179.09596764,102.421485015
178.541769959,101.923334657
178.112610683,101.381183709
177.735208134,100.730562589
177.565959987,100.649955724
177.745783973,100.943233706
178.021001403,101.775758284
178.284491229,102.892688575
177.995214999,105.067812064
177.046131183,106.916920433
174.756371161,108.99676061
173.028087217,109.690442862
171.158372497,110.218201995
168.638887988,110.510940971
167.619856479,110.435784564
166.740236941,110.54183266
166.196772173,111.263290496
165.293860593,112.375620093
164.813488066,113.166992892
165.197881722,112.632590855
164.912639644,112.259408457
164.504424054,112.338205792
164.189484767,112.588235023
163.535078914,113.389615836
162.87536643,114.11766559
161.974751523,114.935915951
160.398760558,116.129506999
159.233343989,116.931278698
157.344850189,118.074989569
156.253322238,118.581327917
155.372672603,118.903404545
154.504439913,118.833859648
154.178912594,118.488185063
153.737721089,117.954747369
153.4071559,117.834769046
153.103844313,117.830284124
152.972656016,117.848871949
153.00735169,117.909368555
153.150115502,117.985798864
153.441225997,118.018643951
153.669503115,118.065371133
154.243674966,118.168226425
154.706737284,118.24396461
155.39528615,118.390467321
155.724625364,118.490558905
156.065220595,118.629460333
156.545236692,118.739696358
156.935059723,118.760540111
157.928733221,118.872904191
159.080169989,119.064574577
160.638361435,119.415643557
163.692750717,120.279899698
166.281704192,121.003758511
171.04134505,122.068558177
174.756760109,122.681894622
178.542279391,122.913489009
184.353818358,122.966386664
188.285897104,122.86380405
194.486303426,122.322099286
198.725966805,121.766856169
203.207167961,121.020928413
211.439983272,119.296893486
217.644817509,118.123077356
223.446607266,117.47234226
231.079320537,116.667822651
235.511280387,116.197261432
240.690563532,115.343251544
243.317210045,114.657192942
245.771785144,113.842148232
249.318978719,112.655485787
251.724909088,112.069084029
256.959749566,111.478757434
261.328257422,111.427167088
265.44885411,111.594481375
270.677285879,111.610088566
273.599037284,111.172460938
276.614757935,110.189528188
277.746301767,109.286371248
278.76985451,108.280044771
280.32211947,106.850097392
281.486526002,106.102905955
283.275525147,105.033524903
284.564628856,104.227111998
285.947206829,103.255394351
288.278229832,101.75327916
289.93039045,100.76837995
291.666827924,99.8282421478
294.648377982,98.2241537925
296.37754906,97.2826273876
297.889801564,96.1804062642
297.989271415,95.6364824784
297.564123282,95.225430515
296.870004097,94.9913766367
296.47803521,95.0358299353
295.964331,95.0444353946
295.61432534,94.9431779047
295.325279127,94.7580140999
295.077534673,94.5757700159
295.050903121,94.5245054806
296.082108231,95.0969133265
298.111497361,96.3589003017
301.23702322,97.3493439462
306.580324039,97.5491469235
309.882399659,97.0693853449
313.916612172,95.7379161379
316.108582477,94.6698890309
318.139214645,93.7898134505
320.807194754,92.9702618261
322.157322016,92.6491687428
323.899749982,91.9781631307
325.239605887,91.4829472553
326.931479833,91.0990894964
329.891327529,90.6584383737
331.82897821,90.3529467023
334.504199974,89.8541151208
336.049945661,89.5082579317
337.260719402,89.2471977607
338.490687783,89.1132376037
338.900053888,88.9892899826
339.382468096,88.8839817312
340.02607703,88.9264391597
341.003241607,88.5641392805
342.805519263,87.6806196874
343.826041974,87.2680745282
344.577351218,87.1146916059
345.147593939,87.4279268682
345.561495943,87.652924483
346.301385341,87.6325905459
346.7885258,87.3714206097
347.189191321,86.9660776925
347.51006922,86.4610556777
347.578115537,86.4143876626
347.668818781,86.4405215101
347.807777082,86.5579180492
347.942281636,86.6689695458
348.49537554,86.6074840863
348.958879242,86.4932972787
349.513020408,86.3024933428
349.762432184,86.1707137302
350.062528362,85.8088942807
350.365057426,85.3989711417
350.463245464,85.1744014862
350.40968775,85.153394394
350.281092639,85.1016403882
350.165758073,85.0670746935
349.961945476,84.9735221246
349.834028139,84.9659160108
349.600447794,85.0534122057
349.487442592,85.1681190343
349.457178166,85.2601815673
349.583766868,85.4222469039
349.910793099,85.639115839
350.621249188,87.2006746724
350.881114337,89.9684171632
350.871350851,92.9550140734
350.530621301,96.8307698829
350.080924115,99.2135722171
349.291610887,102.434260772
348.648609718,104.043381504
348.048491479,105.017661965
347.434476977,105.727588773
347.195401497,106.090475926
346.50287912,107.126353319
345.662949882,108.141010231
344.356806947,109.251036118
340.867530255,110.22490531
337.718245592,110.219756338
334.070165144,110.102467042
327.711779268,110.515835693
323.459131154,110.878292957
318.106785899,111.718278812
314.75305405,112.163874135
312.598330048,112.572322508
311.118058899,113.074086512
310.932498584,113.265302665
310.624517389,113.414013116
310.862229878,113.63957321
312.172037324,114.257802554
315.923706845,115.589403102
319.352225706,116.569801601
324.908564024,117.921304881
328.849355747,118.764080386
330.675569,119.117858452
337.62403243,120.284072639
339.678501718,120.471894928
340.705691443,120.355699918
340.648265491,120.211640491
340.720214282,120.399904034
341.815371402,121.221346367
343.360629564,121.763255193
345.559313559,122.839845428
346.917107057,123.31245743
347.859938543,123.599942991
348.459942059,123.661515894
347.643652039,123.663675035
345.64424307,123.599765702
340.413904089,123.106555667
334.849194152,122.000439595
324.753510486,119.61121125
316.930231514,118.001861157
308.613745354,116.457322961
297.059699391,114.314903998
290.523980516,113.350014197
282.767058488,112.57451242
278.907590628,112.80719272
276.206263134,113.670680254
273.151458248,115.322206977
271.208500181,116.575825019
267.699543034,118.753325347
264.346414875,120.478819108
259.247816539,122.578915487
250.627398467,125.223694028
244.893742822,126.583720339
237.002660358,127.108007875
232.466906562,126.40001587
228.384425557,125.494499208
223.578887089,124.369033819
220.771344368,124.188485758
216.535262818,124.667641415
213.546777144,125.295081519
210.602251662,125.807053823
206.372842817,125.891546764
203.503272054,125.579746374
200.637681146,125.192411898
196.591633577,124.648522199
194.079729057,124.359325099
190.395887595,124.10505301
188.226697378,124.110341119
184.994043569,124.343943593
182.959489362,124.578092126
180.735509013,124.924099618
176.925895392,125.585521074
173.864101619,126.200650692
169.571395631,127.100917436
167.150135176,127.467795481
164.750046015,127.693963363
161.81509048,127.671110196
160.439323554,127.395662894
159.111838988,127.167561048
157.164796378,126.92204687
155.734705767,126.845862831
153.867842776,126.805259563
152.864791604,126.694216806
151.837230042,126.529174999
150.412535034,126.392321381
149.64738188,126.391058361
148.266496891,126.381558159
146.929702988,126.273076974
145.885425911,126.077985592
144.91947049,125.676697815
144.630236031,125.420308883
143.984771244,125.167912705
143.76750704,125.050708375
143.595809743,124.997745034
143.235397163,125.104139483
143.077217882,125.184820948
142.331942729,125.551816002
141.457349368,125.680838443
140.612255252,125.727325881
138.378324576,126.112667526
138.207041763,126.262377523
138.081411667,126.308174065
137.377417408,126.415154616
137.070800197,126.394245991
136.858597032,126.378147204
136.615393041,126.315354274
136.444612991,126.277426672
136.106782611,126.210989434
135.844879401,126.174830514
135.466435052,126.057611511
135.259852975,126.107095692
135.029850893,126.232976448
134.635285169,126.360176485
134.376751411,126.483520025
134.042148506,126.58628914
133.690103204,126.52905
133.377664156,126.419448966
133.117604372,126.031317837
133.03108793,125.904338763
132.740100379,125.679715057
132.646880094,125.657044113
132.493335594,125.828873525
132.347064865,126.466336327
132.272203144,126.91986568
132.34747685,127.024400534
132.356397686,127.035089711
132.418989351,126.980290046
132.55668334,126.879500277
132.792034816,126.85343184
133.063270255,126.875980007
133.476460967,127.018099929
133.848138331,127.131097517
134.352491536,127.242595019
134.686770294,127.298212942
134.9931171,127.29091885
135.217551405,127.179574203
135.477028282,127.016298075
135.534513367,127.016300027
135.591999055,127.013914787
135.651223801,127.009612882
135.710193228,127.03190727
135.79266242,127.018026749
135.964775528,126.978969638
136.10833624,126.906162769
136.216717371,126.815290188
136.44043042,126.701344909
136.559111684,126.658277388
136.696281101,126.621100924
136.826072595,126.604239448
136.941591406,126.586911153
137.160721347,126.568468018
137.325700058,126.576476732
137.548175074,126.592366525
137.682897144,126.617993615
137.874803694,126.624878591
138.186832975,126.658831231
138.479131855,126.675256411
139.301492569,126.756454278
139.813268749,126.859622854
140.408144843,126.923144505
141.809110269,126.908003374
143.729744216,126.731943289
147.92388581,126.144963483
151.17006166,125.3584757
154.72300711,124.094282182
159.802739594,121.324117019
162.740702057,119.162989106
166.46632532,115.634253898
168.323526065,113.430782504
169.639922889,111.586576548
170.879620829,110.048749223
171.69130083,109.236974728
172.164187781,108.528993376
172.491859425,107.776242038
172.672553177,107.389269485
173.017346481,106.754569408
173.143742399,106.317616235
173.312101448,105.837507749
173.476465149,105.222151664
173.539545988,104.936432676
173.64877342,104.529226754
173.478524467,104.278401905
173.13107278,103.976295425
172.735901302,103.252730682
172.647267985,102.803491557
172.694368896,102.793201257
172.754471633,102.690969893
172.866940487,102.573763543
172.936716707,102.320687088
172.906064534,102.113645128
172.904901496,102.036721835
172.926300417,102.021694041
172.974692443,102.015822718
173.18826903,101.963200852
173.468681503,101.83669168
173.806099297,101.754932941
173.983308036,101.704899154
174.139672188,101.739521441
174.647483779,101.391449125
174.890722963,101.007713993
174.939826037,100.824459279
174.976170831,100.653382451
174.957124121,100.661834287
175.004736018,100.760768559
175.041550193,100.855810721
175.093528534,100.983501226
175.118410506,101.042755629
175.137220606,101.118014936
175.151166102,101.144826571
175.159808787,101.128362358
175.132648596,101.088750723
175.06078355,101.020950749
175.018091802,100.998581619
174.997762952,100.968332989
175.004937876,100.979555682
174.965267815,101.048237292
174.866074553,101.137217859
174.815339959,101.121969469
174.706374564,101.02927088
174.703915614,101.026881055
174.790418177,101.027932257
175.085728375,101.043515691
175.295850242,100.994300435
175.357328704,100.985490438
175.441113929,100.988455445
175.61237471,100.993256281
175.900482026,101.039699458
176.122236456,101.017395125
176.399455562,100.934822631
176.539795157,100.847620501
176.6566302,100.776970685
176.769790283,100.706671531
176.825793083,100.650704539
176.963089774,100.518442074
177.053418773,100.467219807
177.126750514,100.439302582
177.264259429,100.406710213
177.431702166,100.449115446
177.653253997,100.47641091
177.968126866,100.535525031
178.088070032,100.552982373
178.176704467,100.571595019
178.126892434,100.548691219
178.06407334,100.481027898
178.080993629,100.377780724
178.159319827,100.267307892
178.33293792,100.122569035
178.459650578,100.042751677
178.605754691,100.007633348
178.818958305,99.9785150007
178.970883044,99.9893888489
179.072742348,100.037306315
179.095939547,100.080214017
179.092036429,100.09606873
179.030796462,100.153013748
178.970780672,100.188772985
178.909798129,100.30151037
178.903276808,100.36883925
178.892028847,100.424838605
178.807285833,100.495914951
178.714926345,100.55635826
178.508415141,100.679269651
178.420488028,100.721644016
178.339240335,100.748690292
178.215975919,100.801395458
178.175232972,100.829077014
178.161854216,100.85616868
178.231485621,100.864510598
178.296487339,100.839640488
178.331140952,100.790377794
178.332833436,100.763800421
178.384922068,100.720580272
178.493307608,100.69945269
178.583580135,100.687872533
178.748685869,100.658206933
178.8959994,100.63894912
179.05441111,100.641392864
179.180897488,100.640098149
179.220418519,100.609571094
179.326708026,100.495559555
179.555623225,100.365320211
180.103517982,100.214343709
181.022905095,100.025180093
181.582174914,99.9132100001
182.452680992,99.7224238295
183.006591119,99.7281896828
183.504157434,99.8065975185
184.252822952,99.7295531015
184.650483425,99.7077623971
184.96133544,99.7168976317
185.026611781,99.6744713066
185.079586839,99.6359745548
185.18934859,99.4904729536
185.290130629,99.3225175427
185.416464584,99.0799764691
185.537161821,98.892590372
185.651153264,98.7202819513
185.754466555,98.5623783271
185.811815444,98.5226149161
185.8201308,98.4665380777
185.731255379,98.436932569
185.54565037,98.4232156968
185.124179443,98.3504554008
184.580890113,98.4669954376
183.103666715,99.0309859258
181.603293998,99.5639669312
179.932709362,99.9879463309
177.68241487,100.362848626
176.386019143,100.55844373
175.277661147,100.725345592
173.864431533,101.156366381
173.101525369,101.542572356
172.230796461,102.092553792
171.700609637,102.652071185
171.112143548,103.379699138
169.959996364,104.686818382
168.886190503,105.806766846
167.021088184,107.855086791
165.841138365,109.295577991
164.504785087,111.006470387
162.480080474,113.82127058
161.494750237,114.899136157
159.927953918,116.090158912
158.791693866,116.806996942
157.35397856,117.592331724
155.490146058,118.375641482
154.263035001,118.889602002
152.488594803,119.812258612
151.278096368,120.455110325
150.087616052,121.042622391
148.321026968,121.795245638
147.173244096,122.221234896
145.746156233,122.686620729
144.960592279,122.840196302
144.504545981,122.937983299
144.090435778,123.085124016
143.972011936,123.143919574
143.789340795,123.23054092
143.639597089,123.256298159
143.501266452,123.264522367
143.354317035,123.285854068
143.250194012,123.3845857
143.090207736,123.530053486
142.946912308,123.630872448
142.738068611,123.645265382
142.463308509,123.559418585
142.327545815,123.481429852
142.338096955,123.398986963
142.437662799,123.325312295
142.672443718,123.296160821
142.981554423,123.337810631
143.150929857,123.393751603
143.226829541,123.440934434
143.266884124,123.50063076
143.242716272,123.527565309
143.080765393,123.48234175
142.934846726,123.393454635
142.727873119,123.313741611
142.384475933,123.208810559
142.116668729,123.181357829
141.831872305,123.22507505
141.767464288,123.255846591
141.749891542,123.324034423
141.822709631,123.443726629
141.904465315,123.510713162
141.998095118,123.589165592
142.038283552,123.634615108
142.04664478,123.66724736
142.025547186,123.703155394
141.983407816,123.713691085
141.918125447,123.724267556
141.875266921,123.717079024
141.844514988,123.704864002
141.845358609,123.671005551
141.871119877,123.651993105
141.913325232,123.63642733
141.922116224,123.640021564
141.927219559,123.659299399
141.873431997,123.698864328
141.811622994,123.729603719
141.667550469,123.750907908
141.589067043,123.730215447
141.580229405,123.649330839
141.672713286,123.489903765
141.72525067,123.416373464
141.786553591,123.30630652
141.782558555,123.244737881
141.752678245,123.181064198
141.704559135,123.018462081
141.703174152,122.943560023
141.747031165,122.84904219
141.888640401,122.720976028
141.94861771,122.648789614
142.103854555,122.494202945
142.185927642,122.383506759
142.35535738,122.193376081
142.658222575,121.853487903
142.950768792,121.452716592
143.722073247,120.711371738
144.4420018,119.934001663
145.088301532,119.107650096
145.848587842,117.802943566
146.221734995,117.032379542
146.871863434,115.761820819
147.362046321,114.907520635
147.773065119,113.971111595
148.09109958,112.646254972
148.036188416,111.758802144
147.825084513,110.532086264
147.588764926,109.806365244
147.32547472,108.934235952
146.86080203,107.433541678
146.414561756,106.484051933
145.646942935,105.375814217
145.083801768,104.967002036
144.695450793,104.606904321
144.25776523,104.222691222
143.919884252,104.130193488
143.39760741,103.926323602
143.039640444,103.785971411
142.599494726,103.546548278
141.89283897,103.094841622
141.271677557,102.758268579
140.639618384,102.479578757
139.852021413,101.934373882
139.487305161,101.644748401
139.04506621,101.361776376
138.714514402,101.253530704
138.3356508,101.128024281
137.627241274,100.749368566
137.138456515,100.554150674
135.952707536,100.27908802
134.946439473,99.9624071005
133.998756088,99.6208615205
132.562517725,99.3657483824
131.86699355,99.1253863224
130.966313093,98.6850025866
130.151410674,98.1862409608
129.204019896,97.7443124589
127.627008065,96.9945094754
126.624379476,96.5181778394
125.333093736,95.9689711576
124.673252401,95.5827410809
123.88368427,95.2850821811
121.832041065,94.8832685816
120.010274022,94.4992587759
117.405436383,94.6266780954
115.657402155,94.6544138639
114.028253518,94.5817214168
111.820494796,94.200120362
110.515126068,93.9468350759
108.805419626,93.5925688674
107.758450079,93.5646132261
106.785167728,93.5505548452
105.614747322,93.6232847525
104.764919778,93.6382213061
103.392752763,93.621043379
102.238846839,93.607367339
100.964598019,93.6612952782
98.4450968026,93.8513970744
96.6376292188,93.8548978863
94.7583358584,93.8283968766
91.8133941799,93.9119139728
90.0610251134,93.9552307562
88.0006506981,94.0800862167
87.1142984232,94.154110813
86.4216412448,94.2993442109
85.4880686017,94.475976369
84.9324211467,94.5078499778
84.107576605,94.3623801969
83.1988126327,94.2556643535
82.0453058799,94.074550096
79.8715700236,93.4589809039
78.4364821684,92.8930242056
76.7720634527,92.065762508
75.8808189897,91.5437535531
75.2043854975,91.1526261744
74.8058769741,90.5307219006
74.7980838869,90.1515228075
75.124160984,90.0606577468
75.3360528357,89.9116877673
75.3111640315,89.7998902605
74.7352726237,89.5233009532
73.9894486805,89.3684897122
72.4640536646,89.1666550649
71.2586294442,89.0531282732
70.1718001432,88.9214163712
68.788984425,88.7511632912
67.6772437911,88.7284705359
65.7603569331,88.8523343729
64.443768955,88.7358855667
63.2706113977,88.5993444547
61.9460823346,88.4651747332
61.4684395666,88.381146037
60.6944913482,88.5677713261
60.3675340991,88.6188167416
60.1617818592,88.6404758662
59.5648603111,88.4421587005
58.955395296,88.0906277198
58.0695153898,87.7904148333
56.5734829461,87.4568550942
55.7881054688,87.3216916634
54.809029523,87.1185617946
54.3262836468,86.86675688
53.7720279505,86.5695149228
52.7748481009,85.9957249128
51.9346814748,85.3627616242
50.1964710606,84.6533312297
48.9955837601,84.6828479992
47.4981200317,84.9050720676
45.3492777197,84.9534137471
43.9623111784,84.9632427092
42.3920507248,84.9461378788
41.6621607808,84.9018865812
41.1638738977,84.8568168105
40.5130364246,84.8634284909
39.9753993089,84.6223843933
37.7786065704,84.2334666143
36.4557619442,84.0609010308
35.5315253739,83.9410925385
34.004442555,83.6749603203
32.8865550597,83.7393768797
31.1373142448,83.6429597561
30.0123917456,83.482474132
28.7391255253,83.3475074431
26.8327269336,83.1391373653
25.5559530054,82.8008070975
23.7922554243,82.6252470022
22.9288657136,82.8052075049
22.1488078223,83.4097828586
21.4121837781,84.2835092255
20.9982928076,84.4627895866
20.4940470574,84.6695697156
19.964089892,84.6557126887
19.8634625389,84.567712137
19.6493525722,84.5649193891
19.5744737218,84.5492704791
19.4681454408,84.3977161123
19.2554185015,84.2987020276
19.1520602756,84.2863928131
19.0141830787,84.3023698156
19.2212836373,84.3922275188
20.0006061728,84.5077213081
21.8787807632,84.7083382751
24.2248944826,84.6879463408
30.7161129883,85.2130632783
35.1744408763,86.2546899488
38.8000016476,86.7020972362
42.4218137846,87.5937616019
43.6000083308,87.944756874
43.6648191147,88.3692756866
43.0833612999,88.5480079344
42.3925716551,88.710763072
41.5436244354,89.1610304107
41.3119326778,89.282972425
41.499216721,89.522528027
41.9236386827,89.6258342929
42.3235835265,89.7261179609
42.8903259219,89.6899843193
43.2117027299,89.6775815605
43.4515661159,89.7064068445
43.5791246111,90.0028224279
43.8520956218,90.4217541284
44.857188497,91.7737858765
45.8435853513,92.9735250957
46.8999459382,94.5664577479
48.0514771102,96.6674459241
48.5334569665,97.9647392033
48.5663107228,99.5462680346
48.2060698632,100.315663296
47.6620413116,100.807482729
46.5005675996,101.048482598
45.9413971085,100.888311799
45.8791934934,100.441298114
45.9799749533,100.476103293
46.2988177002,100.610867595
46.0324443128,101.46749224
44.8191588714,101.733989019
42.9561475036,102.158098121
41.4480538416,102.822480151
39.6040602368,104.126524156
37.8844380706,105.609360003
37.4128377705,106.353154683
37.246177142,106.71501262
37.2344986499,106.555316817
37.284334025,106.455027267
37.5234001081,106.267531009
37.7229512012,106.301019406
37.9281875379,106.517435533
37.9829540302,106.76797793
38.2384506091,107.041649456
38.712684579,107.509201336
38.8390361306,107.768055539
38.8864281679,108.020608667
39.6932738696,108.488064749
40.3100002957,109.035760738
41.018536227,109.384488493
41.0324735182,109.365621178
41.2291865118,108.933009122
41.41748792,108.71681564
42.1540237929,108.543416669
43.5682475201,108.253505209
44.1968546255,108.235438429
44.622710987,108.160444177
44.9216797372,107.955425355
44.9520360066,107.88362302
44.6085355752,107.761740489
44.110882514,107.638945571
43.5780479924,107.60097034
43.4519377752,107.718466144
43.8816001133,107.842518892
44.9991718779,108.35835261
45.5654435592,108.786250436
45.8412339927,109.04553654
45.902290348,109.16048662
45.929809633,109.154387565
45.9235711533,109.128472853
45.7603379578,109.008866957
45.5689279906,108.813234239
45.1061620901,108.55855205
44.8163339356,108.425456793
44.4571299572,108.332259267
44.2924334578,108.349706523
44.157301237,108.420725519
43.9457571643,108.563017537
43.8487294449,108.63335166
43.74863431,108.715741089
43.7350568363,108.715069923
43.7589460967,108.670183723
43.9390243075,108.541608728
44.0565111638,108.442713737
44.1252233491,108.29369193
44.1728838687,108.204757887
44.1732901044,108.13454526
44.1015069134,107.979084992
43.9960001107,107.831539566
43.8576757941,107.681785287
43.7957733835,107.507854685
43.823441402,107.401336129
43.9563029327,107.330056627
44.1250032875,107.340871963
44.2619752638,107.361940382
44.5393494306,107.393008878
44.7290846932,107.402915454
45.1166555136,107.309692289
45.1631670098,107.252908361
45.1795369028,107.144129418
45.1676902412,107.10899296
45.1389874523,107.096664772
45.1077847088,107.09651758
45.0910355694,107.129961629
45.0954726296,107.166099156
45.1578005227,107.219436057
45.2305255388,107.227489384
45.3909320556,107.175269579
45.497079212,107.118302603
45.5719488269,107.05974428
45.5637343556,106.98154173
45.5312994423,106.895060305
45.4963009033,106.815004342
45.5123000954,106.817226193
45.6075567203,106.866835727
45.8612636238,106.999650087
46.0974470393,107.113027654
46.4267268863,107.264470967
46.6232847544,107.375856682
46.7450102568,107.462851303
46.873022067,107.541477711
46.9199296404,107.563913244
46.9428797182,107.549586469
46.9521624309,107.520362244
46.9540339127,107.498805472
47.0367717152,107.497732592
47.1031871288,107.559595188
47.1454768835,107.604788222
47.172188216,107.630595634
47.1522928049,107.629713162
47.0064460744,107.574878126
46.9132234468,107.516883877
46.8643730038,107.477601789
46.8703500371,107.408002672
46.8992418109,107.393583825
47.0021664372,107.390607762
47.122347168,107.35732558
47.2231337897,107.310642266
47.3735157991,107.248198621
47.5328024241,107.223074368
47.91672954,107.194746854
48.466372823,107.16606264
48.9745217204,107.123397501
49.5626467093,106.965472861
49.738952311,106.705383328
49.7552548253,106.425262971
49.468107251,106.002649603
49.1897146415,105.838434312
48.931735453,105.534942858
48.8732735147,105.316808648
48.9226412492,105.191054765
49.0695986589,105.086075755
49.414063749,104.995176583
50.1366134384,105.010685895
50.4824949409,105.103582121
50.967500346,105.047786413
51.1573371557,104.926700204
51.2701937046,104.823052943
51.4855816691,104.549173037
51.4729616142,104.355875285
51.3593725279,104.23362808
51.1105963577,104.065155835
51.0556642554,103.96553439
51.2776147106,103.745787236
51.5956456978,103.617297667
51.8646493162,103.551656792
52.3393008509,103.448846209
52.6452533698,103.388919226
53.0921797959,103.355063295
53.4258473491,103.343389534
53.9495402586,103.355244993
55.1334930977,103.529341059
56.2892293782,103.794672728
58.0074287962,104.180663034
58.9293565793,104.409981813
59.5252263728,104.667685846
60.058501009,104.957526672
60.5123390164,105.097553192
61.2208677634,105.435636141
61.7693949567,105.636108844
62.3018245032,105.817511497
62.890060953,106.039365557
62.9891919352,106.088121816
62.9139648107,106.044134619
62.6935268179,106.003752762
62.4538609866,105.950165926
61.8963141015,105.81935529
61.5037549971,105.716066603
61.2688585634,105.634571736
60.9148822244,105.576310234
60.7094118974,105.575318265
60.3790880847,105.686668653
60.0822249631,105.839389097
59.6878782676,106.034775352
59.2799859446,106.441081463
59.2375616606,106.783985797
59.3516594062,107.463284827
59.6323504898,108.035952194
59.9627253101,108.897112103
60.2919083386,110.674420955
60.3800222689,112.077461968
60.2771340042,114.249875767
60.3605790997,115.489758452
60.3695434753,116.580283346
59.9696818496,117.823625479
59.6642829048,118.150853908
59.0729726893,118.234832572
58.9140364155,118.292899917
58.7698533631,118.484070429
58.4408956221,118.66103185
58.0282070488,118.722604393
56.8853354561,118.855447443
56.1668827506,118.836362666
55.5451576934,118.938847725
54.4162864849,119.175411732
54.1074814119,119.240389849
52.9890056385,119.525828624
52.3599393069,119.804768705
51.7542787172,120.068512132
51.3764986031,120.517021041
51.3067368061,120.819351876
51.3640020991,120.995981601
51.5982466277,121.223489248
51.8218350937,121.336101997
52.1686809122,121.382711457
52.3729634116,121.383865997
52.5506705329,121.326058214
52.7965252022,121.286480018
53.2091671362,121.422537153
53.9492366408,121.930630836
54.4519247193,122.216087464
55.8557517412,123.031153976
58.1369029242,123.762572491
61.0228188419,124.187760526
63.0401566061,124.345873138
65.2144929577,124.321718081
67.5157158532,124.238842343
71.1326287725,123.992402952
73.846081438,123.809291399
78.8223480319,123.942816917
80.8513481108,124.17885428
88.8367753086,124.761359356
92.8123556961,125.589690227
96.4053671631,126.465914123
100.702423568,127.514408681
103.147867472,127.896259225
105.758233599,128.098836151
109.792258831,128.317119226
112.490151796,128.462753158
117.169798722,128.516954734
120.97633628,128.787140185
125.202526602,129.634111473
130.319908877,131.047185885
133.024648142,131.622301941
135.861634034,131.774140735
136.674117519,131.703021424
136.794730299,131.694576067
136.594872873,131.511848164
136.203406404,131.299606061
136.269191589,130.256440489
136.354697522,129.378890257
136.759564171,128.606777122
137.195649373,127.684738175
137.711518576,127.193616338
138.235396584,126.627180742
138.855361231,126.64811749
139.670826424,126.929723896
141.167582907,127.724280016
142.216843628,128.325719575
143.129086701,128.912258812
144.317086487,129.573307438
144.800241365,129.82619565
145.220612362,129.8510515
145.382906022,129.798061707
145.648705028,129.659740542
145.960657032,129.472148573
146.130556542,129.335057085
146.316295906,129.019708112
146.385786755,128.807959094
146.508725725,128.588167584
146.707397235,128.431703001
146.848101944,128.375297992
147.085572702,128.434669973
147.160448756,128.51035376
147.216334551,128.563259563
147.198939099,128.569147719
147.151976744,128.468172123
147.256274936,127.968042309
147.279076441,127.667266951
147.374505672,127.347026184
147.440037055,127.168826688
147.50756446,127.115009578
147.591536314,127.139543445
147.62666069,127.184354528
147.666035398,127.253039076
147.670713858,127.284020855
147.670040632,127.264721476
147.539034886,127.161439516
147.416635978,127.000873945
147.36739632,126.923431815
147.266495961,126.819517981
147.292354596,126.776098871
147.347388555,126.734182239
147.460515503,126.729504204
147.559246568,126.734242487
147.710723504,126.764274401
147.80407017,126.777441981
147.914556208,126.797596506
148.085218243,126.882663404
148.18401634,126.954551496
148.294146945,127.054343411
148.326605406,127.08010504
148.329801014,127.100821852
148.309941148,127.049927893
148.271675276,126.831779877
148.110811519,126.329554526
148.228958306,125.987134435
148.541179203,125.815256553
149.811381266,125.57439401
151.417588359,125.327208772
155.684237761,123.734862452
158.503405709,122.309598235
161.267227084,120.530392291
164.97810508,117.417815751
166.786372052,115.497545338
169.078794729,113.082237078
170.24213453,111.81373279
171.320294645,110.674342437
172.172905179,109.426082357
172.625987192,108.756318893
173.109749035,107.817904245
173.212385535,107.44050198
173.26127872,107.128964491
173.381427963,106.709116559
173.377711778,106.532996241
173.451839715,106.139536781
173.645977124,105.394307888
173.705943084,104.994518895
173.672093281,104.997616202
173.678997897,104.985602353
173.761884561,105.012596505
173.874493706,104.959459905
173.872391484,104.82446316
173.852475867,104.763277215
173.817536152,104.730434737
173.887668554,104.82299925
174.018973879,104.888600669
174.110688344,104.896955062
174.199617526,104.876754925
174.206280815,104.836886467
174.085407687,104.901156857
174.017853801,105.014089234
174.055726958,105.074764876
174.227813313,105.143108424
174.371035337,105.15333725
174.516402775,105.164561371
174.655018024,105.153397205
174.725915082,105.140144347
174.847611872,104.999744983
175.325681187,104.577656238
176.135130696,103.906568927
177.963115009,102.572399253
179.42436118,101.765247724
181.032817156,101.159530496
183.622854164,100.740240273
185.425742026,100.576340832
187.910375645,100.448584324
189.556653426,100.589573662
192.466248772,100.895070798
196.032140144,101.38696099
201.251526932,102.617397626
208.9350399,104.971082092
212.684462153,106.166103768
215.334728208,106.801509816
217.757815258,107.101291125
218.515501132,107.031009854
218.76225885,107.078998527
218.539272394,107.055408299
218.404387198,107.075386247
218.581322305,107.168014591
218.930211346,107.274892168
219.26177771,107.365747465
219.380945635,107.179835495
219.24854549,107.028473825
219.018732741,106.400440274
219.196215191,106.033206436
220.083563889,105.769655185
220.804661835,105.659496102
221.555077347,105.647793297
222.767169565,105.437734558
223.605101851,105.242852224
224.864593104,105.224873085
225.556728071,105.367569532
226.401612225,105.254909088
227.681546787,105.185745899
228.559355147,105.210680601
229.745577744,105.431921099
230.377007516,105.549731461
230.853543999,105.622747058
231.390769488,105.552884252
231.564140844,105.532486367
231.674874286,105.477133545
231.717614075,105.431208714
231.70627424,105.382745494
231.518084702,105.338908282
231.39525693,105.238481899
231.319109055,105.092875821
231.322217699,104.909879229
231.381142079,104.821918801
231.484191213,104.755835689
231.538573477,104.713331754
231.555860945,104.669133758
231.507865423,104.648361486
231.454577083,104.657427219
231.414664958,104.7018269
231.425443244,104.739585536
231.441890357,104.760065195
231.435149378,104.77834402
231.374840945,104.779960245
231.305621986,104.871448125
231.307678197,104.978557601
231.359747538,105.066113023
231.543403957,105.213306232
231.651640232,105.289545776
231.770951666,105.353775937
231.805840219,105.382772039
231.814088798,105.389128772
231.774983378,105.410811383
231.711136975,105.452588191
231.40657845,105.69165529
231.091446116,105.901668049
230.861870905,106.023703732
230.566387805,106.21579836
230.477621086,106.28656248
230.333576634,106.332426475
230.241169653,106.297689226
230.12180124,106.200491875
229.941724658,105.962765125
229.812525653,105.82014641
229.616459216,105.694601606
229.458417024,105.685525507
229.338995854,105.699414548
229.153872989,105.854469732
229.05810762,105.923483844
228.871993935,106.009169559
228.547549501,106.02773144
228.343458237,106.027539408
228.088978335,106.020037301
227.918280959,106.02624913
227.678879392,106.03019974
227.300497027,106.013947904
227.070308458,105.987864825
226.847244739,105.927555524
226.701524675,105.889387431
226.598824243,105.870121685
226.495041911,105.811614229
226.445349494,105.786809723
226.369423964,105.770522567
226.321628737,105.795721574
226.290747741,105.831208918
226.285612419,105.916369743
226.306646914,105.966796936
226.363161511,106.085669731
226.377482515,106.153388064
226.436814418,106.207095676
226.501700106,106.221839975
226.542659484,106.206343881
226.594042597,106.156493726
226.625572162,106.128191661
226.644071523,106.109504063
226.651014286,106.094181818
226.644475346,106.096537007
226.637278549,106.120047065
226.629427115,106.143791639
226.624810794,106.16300232
226.600199739,106.161751797
226.5765391,106.140128381
226.52283896,106.104247663
226.381817158,106.072763162
226.288788458,106.055671182
226.210950581,106.031107096
226.173069107,106.016893248
226.150685294,106.009307071
226.088788566,105.99452894
226.00831648,105.978798349
225.879668618,105.981962187
225.800291138,106.013850198
225.704029458,106.087111219
225.50297509,106.327003509
225.255999208,106.669152887
224.78373376,107.335153408
224.487818606,107.759548748
224.185914465,108.237039045
223.629169815,109.244797677
223.11784579,110.223121342
221.751699919,112.297959117
220.706751797,113.712079352
220.069252092,114.934053849
219.656344656,116.375376627
219.790199105,117.083712912
220.425091067,117.814858305
220.990310899,118.117572371
221.61858953,118.216968603
222.722301591,118.039192931
223.60224912,117.852168929
225.214075979,117.510198736
226.575319186,117.238492968
228.314281032,116.876806578
232.26174914,115.898276322
235.361363614,115.135163787
238.663080044,114.193219864
243.828351509,112.665985813
247.350033031,111.410814109
252.604236786,109.31082113
255.99127692,107.8342092
259.265300774,106.170557051
263.987562539,103.102383782
266.731105198,100.852925239
270.459709091,96.6674661701
272.753359398,93.5977677909
274.905424917,90.7913559676
278.112574112,86.6197187612
280.238477423,84.6376756576
283.552528024,82.2949129788
285.382491931,80.871920048
287.36357497,79.6763504754
290.13411858,78.3367333505
291.704450683,77.424830981
293.065662825,75.8636671966
293.363724298,74.6207984396
293.309143222,73.4447692295
291.987801202,71.6115228659
290.618577904,70.3579933557
288.436017207,68.8646356061
286.725659524,67.8859563656
284.866186144,66.8736652406
282.628479866,65.4963234367
281.525328884,64.4621753372
280.528305436,63.4779229968
279.382828874,62.1725748816
278.733870336,61.440518746
278.086135305,60.6027329151
277.702613576,60.2598871445
277.390013957,60.1381256916
277.255236301,60.4212716273
277.154683724,60.8325474862
277.091945517,61.1636751101
277.067809727,61.1343425035
277.029860056,61.0762372478
276.878473432,60.9574800861
276.651514922,60.9559521304
276.422495674,60.977313975
276.402156308,61.0370704468
276.458259426,61.1497737283
276.578013556,61.4363067522
276.593145443,61.6399412027
276.443607428,61.7017427129
276.172642948,61.8950400328
275.810973815,62.2146142183
275.379517766,62.312910687
275.199741265,62.1502599458
274.879877673,62.1226015255
274.864400166,62.1466908363
275.025283194,62.1678015581
275.33294227,62.187873107
275.514878022,62.1638628601
275.723718351,62.1036340746
275.829502211,62.0708606285
275.859639075,62.0718673289
275.731294841,62.246550039
275.540264864,62.4340432776
275.457673278,62.5141938005
275.396885772,62.6302363333
275.345745263,62.7422953174
275.189898438,62.8797615326
275.058841404,62.9331777366
274.877102755,62.8648068732
274.841445052,62.8038532014
274.85508003,62.7461432834
274.806458881,62.7012543479
274.725699339,62.7053232399
274.697712777,62.7382323427
274.742989219,62.8676602262
274.757675762,63.0012204334
274.694752265,63.1273357158
274.656616016,63.1302125911
274.688477529,63.0548718547
274.748986573,62.9527030066
274.747848457,62.9087571222
274.713627794,62.8690751126
274.757279682,62.9949162176
274.983098421,63.1795804874
276.035266302,63.6548253702
277.55253981,64.3855833136
280.845574116,66.6019158147
283.013962198,68.7105791624
284.863297544,70.8605473459
286.687510269,73.4835189555
287.588098866,74.8833149671
288.456102921,76.47013763
288.987724223,77.2897886244
289.586116269,77.8483608984
290.465687186,78.4409456022
290.875455695,78.7640904645
291.006838067,79.3921299634
290.773294273,79.8697883263
290.310091145,80.6116296779
289.136187532,82.3021141314
287.708473237,84.1750061538
284.156272875,88.7985347766
280.606014493,92.6423137296
276.329429227,96.4327441956
269.689503934,101.324017297
265.695827704,103.397725269
262.264919319,105.787106117
257.627167781,108.970980219
254.79206399,110.718050247
251.23944027,112.520691948
248.855598166,113.490610807
246.161253406,114.453954507
241.609698519,115.328847753
238.887690536,115.428924727
234.704413383,115.313725574
232.383622548,115.270529471
230.488027334,115.491599596
228.192473061,116.880957456
226.757957217,118.204874513
225.153032318,120.081866613
224.007869412,121.392142914
223.262678897,122.327456063
222.909650758,122.980606948
222.696310358,123.234181675
222.675545789,123.167248939
222.593240181,122.881055263
222.446818026,122.547163897
221.924676938,122.2098961
221.635249576,121.971410117
221.419994461,121.793015532
221.308717629,121.802457395
221.145917664,121.885346771
220.98957464,121.88171364
220.803937445,121.598781761
220.630886842,121.276840309
220.562383726,121.04126041
220.496591266,120.837052612
220.290446452,120.444953383
219.999592938,120.122772898
219.774073967,119.784572453
219.601782613,119.604335871
219.490737522,119.472199023
219.294541362,119.215593046
219.206142623,119.103641667
219.116504522,119.037891468
219.018717445,118.988607695
218.966921825,118.98985413
218.95516909,119.037878178
218.995226011,119.09531441
219.049146245,119.120119705
219.108497957,119.084701167
219.130253813,119.025299115
219.157906469,118.966179179
219.180901993,118.962785898
219.198060308,118.992217791
219.186909054,119.074658561
219.144464279,119.117328231
218.75316693,119.217161306
218.291450435,119.252404906
217.791606318,119.26800404
216.986864841,119.635918259
216.878340309,119.52801382
216.593319031,119.003747842
216.007471742,118.871495751
215.534981308,118.637580487
214.805753612,118.568478493
214.240879752,118.57471469
213.437666224,118.630643914
212.649420837,118.786652373
211.476222028,119.059232792
209.797881757,120.260658439
208.865026237,121.086189128
207.739665859,121.153971582
207.076046885,120.853183587
206.773785664,120.527257191
206.734502708,120.16462453
206.765367536,120.032066748
206.771097068,119.997645968
207.114187009,120.30563819
207.424527601,120.622413478
207.964792093,120.939528881
208.417090243,121.051338171
208.942087116,121.137990986
209.96959088,121.34956056
210.666211157,121.619078581
211.78273918,122.168027862
212.53191375,122.654713411
213.176938945,123.189147131
213.940729813,124.00498205
214.531680413,124.207533364
215.528177184,124.486350811
216.176011012,124.779895518
217.032412377,125.158564947
218.523824635,125.764202898
219.729545319,125.996409497
221.7328963,126.234484822
222.941106996,126.302773654
224.092016906,126.348242045
225.861723676,126.480975756
226.836230097,126.686588835
227.812272759,127.073864308
228.176537212,127.264283713
228.466748337,127.225566793
228.277194165,127.021843141
227.976103466,126.890790086
227.552696672,126.817678952
227.4599909,126.80613184
227.438709055,126.846769594
227.57339504,126.881866354
227.758013795,126.96300294
228.27652717,127.206573404
229.278073541,127.344197752
229.712225936,127.357404853
230.098962974,127.308871353
230.208800553,127.317606917
230.259638957,127.354381623
230.158075031,127.460080584
229.774055086,127.64498393
229.118290939,127.924692892
228.84244401,127.898030344
228.601094038,127.856322856
228.244010699,127.629441511
228.039767115,127.430806105
227.875347065,127.248450771
227.774215369,127.166295157
227.688970791,127.117544423
227.580093866,127.113212826
227.480468359,127.128180985
227.169299764,127.204754804
226.767954488,127.254542828
226.194890354,127.34358228
224.970014681,127.666946789
223.776257981,128.114325386
221.89839568,128.767607704
220.550364097,129.31005009
218.990690132,129.837367485
216.619210316,130.380053405
214.690984916,130.538219285
211.553956355,130.286585125
209.556642439,129.905561622
207.876347253,129.281067368
206.071482384,128.286318518
205.152376966,127.731336724
203.876249368,126.888146541
203.141015054,126.45251581
202.481111972,126.142491105
201.697718422,125.998260807
201.359042342,126.096464265
201.193740473,126.312483804
201.093733163,126.639979881
200.938208082,126.804551582
200.913783705,126.77082271
200.954689264,126.689434988
201.041693934,126.59496694
201.126594226,126.498854748
201.161430527,126.372667781
201.21447581,126.234228833
201.265587401,126.16975079
201.321285549,126.131599066
201.426989477,126.060387033
201.492651809,125.927653906
201.508320685,125.684680028
201.513486504,125.419712362
201.409013704,125.18741187
201.059701249,124.713870136
200.633898206,124.321604606
199.857009156,123.365897157
199.201253292,122.574483065
198.680766135,121.505206389
198.200089431,119.523988448
197.885664625,118.184646033
197.470292584,116.639552778
197.112137687,115.943026389
196.748807336,115.48237126
196.357154382,115.207812547
196.209802016,115.124787211
195.967305759,115.040231729
195.775894127,114.99937233
195.619283885,114.930973845
195.53052811,114.779058748
195.639099379,114.607809133
195.794734665,114.424610894
