181.05960893,78.8442442679
181.899883746,76.8739707194
182.309149915,76.5928948799
182.641102255,76.3502482907
182.674116625,76.2185588704
182.715106076,75.8115194594
182.789583803,75.3268246852
182.910757179,74.9739576897
183.398470924,74.2436855234
184.098335113,73.6301890144
186.030205002,73.0650478115
188.346004554,72.831197244
191.500412817,72.8544322388
196.417068008,73.2706117855
199.395076301,73.696837401
203.292953736,74.1110385411
205.482400951,74.3858714274
207.411379551,74.5280163672
209.726457334,74.3146756242
210.983418685,74.1633098535
212.524049483,74.1047985869
213.403072837,74.1067174679
214.137175201,74.1542940146
215.01365285,74.259244268
215.446362205,74.2684618135
215.882439421,74.1528728843
215.885033666,74.060163898
215.891946457,73.9813092054
215.911019755,73.8635332057
215.898580092,73.8045573181
215.945392588,73.7771244122
215.978701697,73.7504555985
216.01829717,73.703527449
216.122245025,73.6211717976
216.196761574,73.598336501
216.301974584,73.5815588885
216.359142159,73.5775985816
216.414886278,73.5669189602
216.525769296,73.5649844617
216.586897385,73.5612028511
216.674851908,73.5686649982
216.723433899,73.5843007337
216.769139964,73.6215831795
216.868619242,73.7366307964
216.9866975,73.8436564088
217.613069814,74.094016926
218.25522679,74.2998783235
219.089132728,74.5155084887
220.72856721,74.8450447143
222.167299132,74.9544664357
224.520732526,75.0339948309
225.947397869,75.0364634573
227.194216899,74.9239209243
228.918066557,74.7971925266
230.071038963,74.6877077183
232.133604729,74.5558390799
233.727133326,74.4581486182
235.520100247,74.39754939
238.699236212,74.3489136762
240.91797893,74.3383017482
244.358594733,74.3752550376
246.556304511,74.3633662142
248.616779797,74.3627561327
251.308336554,74.368429872
252.786782137,74.1995574548
254.773977531,73.92096474
256.054916429,73.7463442214
257.558764429,73.3166368272
260.366808375,72.0874613602
262.357215474,71.101729305
264.234518267,70.5001327198
266.983588637,69.8124221937
268.75977591,69.4178779852
271.146702694,68.8802111673
272.622402316,68.6180989125
273.973769579,68.3461158352
275.832695887,68.1558752816
277.126705457,68.1910434174
278.995578244,68.6028566187
280.348383625,69.1367160792
281.745890945,69.7132784471
283.720971265,70.3883689774
284.802071292,70.5220477541
286.304667111,70.5671393165
287.3043736,70.5119957894
288.462731382,70.5009658276
290.563081079,70.9130520664
292.271290353,71.6292869791
295.182001355,72.9016331678
297.286140369,73.675070677
299.303600623,74.3623128226
302.288412779,75.1226070119
304.085478042,75.5372298128
306.402971423,76.0673556216
307.692092057,76.3388201304
308.656205349,76.4748367086
309.547166353,76.5288087417
309.865122967,76.4187786612
310.021151989,76.1920987567
310.204305375,76.0227188499
310.50497869,75.9681663821
310.990818914,75.8563371726
311.358538216,75.830520547
311.505228131,75.982284625
311.574122089,76.293755439
311.417958978,76.7328163182
311.326664356,77.2637667245
311.279248421,77.4652156994
311.240111083,77.8207428554
311.373682261,77.924622507
311.678920873,78.111984077
312.062584665,78.3583850886
312.136390127,78.4021525218
312.170757958,78.5591364543
312.123412107,78.5734020241
312.058803244,78.6066778016
311.862077449,78.6707357131
311.721719776,78.6869623123
311.392249359,78.8119722149
311.143541136,78.9365436516
310.858629451,79.1885545897
310.214330231,79.4348148551
309.656139136,79.5509947193
308.500249277,79.4800467103
307.640333767,79.2345170089
306.779255285,78.9629170131
305.517262051,78.5505299225
304.592179394,78.2647423011
303.325230527,77.9040309612
302.370642464,77.7779154159
301.621579913,77.6025695768
300.902395174,77.2245327192
300.168176971,76.9021385426
298.346571663,75.9738008171
296.83894146,75.0830135301
294.866035667,74.3176378358
291.524773642,73.2486621655
289.231298999,72.6375119172
286.932417409,72.1542091688
283.563416427,71.270718212
281.36614559,70.7408262471
278.173599896,70.0652579039
276.284966045,69.7312746104
273.464055189,69.2580866005
271.529568421,68.9650901323
269.614212626,68.6544907834
266.445509066,68.2731182549
264.213810109,68.1392844317
261.22980134,68.4545020018
259.73539721,69.054611047
258.565431322,69.6741620527
257.071014785,70.2790618001
256.113723542,70.5204218357
255.081459844,70.6604511833
253.333510008,70.811810734
252.142916816,70.9403988222
250.681218376,71.0370648864
249.8543582,71.0531641565
249.308860776,70.9793522738
248.678556534,71.0711764515
248.396411956,71.2038306397
248.087617527,71.5690658465
247.849832294,71.7183626541
247.526632381,71.9532081837
246.929511505,72.303970258
246.284906675,72.5969063328
244.623068894,73.2209673025
242.997790745,73.6406094375
240.945438324,74.0170298238
236.943767168,74.4663804057
233.577922717,74.7467514918
227.495662311,75.0668346795
222.702113853,75.2987192637
217.718224263,75.4637800502
210.276667009,75.6691532136
205.520255778,75.8287538196
198.793171579,75.9408423066
194.772688325,75.8346782023
191.141654425,75.5372899778
185.749409143,75.1480363899
181.438862196,74.9821319015
174.57385751,74.7760020706
170.711854016,74.6293670209
167.651886606,74.669769672
164.169406199,74.8809424946
162.375056367,75.0340501826
159.952616398,75.3763223061
158.358664802,75.5599634879
156.69272851,75.6771950244
154.092332602,75.6461893147
152.506437879,75.5157549777
150.29821394,75.3261081431
148.905818971,75.1616464678
147.653551763,74.9759587374
146.100642302,74.6907960692
145.23145478,74.4868384543
143.860376693,74.1812362174
143.049233524,73.9113503125
142.220389369,73.5998081394
141.110691118,72.8670182081
140.414726864,72.3335215648
139.721916638,71.3567121458
139.372293089,70.6495605166
139.282189286,69.8291655624
139.394514744,68.4440490324
139.798676174,67.5884598734
140.370473047,66.9471430144
140.842973173,66.6145821769
141.280693232,66.491090153
141.855442356,66.3547982999
142.223414431,66.3061815966
142.600057333,66.2467316591
142.781792482,66.2689103453
142.750345062,66.247704613
142.775514647,66.1954195085
142.65787404,66.0757463813
142.604562232,65.9518124598
142.66383968,65.8906377588
142.853893074,65.8503187727
143.302288067,65.8291726217
143.565231457,65.8930426629
143.792949397,65.9408666788
144.055247816,66.0467863997
144.157658032,66.1020936673
144.345798083,66.1647982479
144.472103524,66.1992467382
144.77607543,66.2519204038
144.999150221,66.2992586612
145.12777901,66.3376726795
145.266715371,66.3716287982
145.226920098,66.4060630401
144.578699143,66.3978640309
144.292616614,66.3684541424
143.999896498,66.3832713084
143.451092696,66.7659752516
143.003340772,66.9104719918
142.104048887,66.8722864519
141.332604891,66.7014466227
140.217108394,66.4969815519
137.726553541,66.2202891895
135.51134848,66.2431486912
132.948017706,66.3371535222
128.776157793,66.5600229187
125.700746817,66.593691648
120.909269908,66.7564986087
117.766531001,66.9249113793
114.750871761,67.1779090266
110.17850026,67.7748804137
106.970391445,68.1935632949
102.113699338,68.7694078333
98.9634757233,69.1914336458
95.8601919946,69.8466698475
91.2247506189,71.1460010643
88.2102988368,72.149099292
83.6892303054,73.9083495167
80.98304244,74.9427116774
78.8263668668,75.8515365568
76.1876226832,77.1382453752
74.6506735489,77.996835624
72.6753931002,79.0020893708
71.6198920182,79.6138488056
70.883610035,79.9290924161
70.1258270152,80.4926688117
69.7702064117,80.7374365473
69.384923166,81.1011148234
69.1933109612,81.2558120802
69.0159305617,81.4170295809
68.9792472815,81.4199986101
69.0578194763,81.2964115956
69.3899989968,81.3065004892
69.723456789,81.2011985067
70.1838803194,81.0923505172
71.1935241273,80.8202169664
71.9974179774,80.6243421196
73.2201777481,80.6064122406
74.2346055324,80.7416659878
75.2256368545,81.3434168883
77.4674879273,83.4036871955
79.1215617198,85.0561006245
81.5530107791,87.4353533262
83.4059822435,88.9448779562
85.3896726831,89.7090128349
88.2978827335,90.9840219709
90.1140381864,91.620683236
93.1007258208,92.405184758
95.2560655882,92.8139128786
97.4140880019,92.9593520639
100.575753352,92.9397114478
102.459137845,92.6880913384
105.683609517,91.5905858301
108.037627698,90.3799554125
110.677539193,89.1272253951
115.193501949,87.6602741803
118.543121708,86.9390262697
123.334563375,86.1745285284
125.852273459,85.9118088354
128.313674226,85.6296879534
131.46031439,85.2775231772
133.561645706,84.7425723178
136.942022093,83.4344239588
139.496714796,82.3842848915
142.345084018,81.0708794918
146.656011882,79.5584397924
149.416182748,78.4339149045
152.981809448,76.7242277009
155.225483807,75.9657036455
157.274573358,75.4429753496
160.117199014,75.5498684508
161.726598293,75.5097695697
163.687598352,75.6234318565
164.744342083,75.5230839783
165.97075442,75.5359185075
167.914436842,75.5777979658
169.126109156,75.5910484127
170.871486292,75.3504169564
172.033746361,75.2620900746
173.204829784,75.2192191809
174.961023081,75.3671809025
176.182501306,75.5647964533
178.188078761,76.1368809599
179.333868901,76.7399894726
180.378163454,77.1835653998
181.578706057,77.6281625561
182.313758933,77.7938397479
183.410450725,78.045615251
184.227141102,78.1573085927
185.278082315,78.1448491119
187.611794126,78.2366120835
189.65523334,78.4831013719
193.197895212,78.5066888759
195.997862876,78.4038005482
199.083981657,78.3823442416
204.212024806,78.5274634447
207.711296532,78.6688552293
211.282945936,78.8672782647
216.308098456,79.0721061275
219.350349707,79.1966532546
223.750005512,78.9970718049
226.80337403,78.830208006
230.026957334,78.6111380406
235.42160978,78.3024293134
239.163956496,78.1144722963
244.544502096,78.1638217487
247.692730169,78.238423362
250.447023083,78.40919868
254.324920724,78.5443534934
256.936297037,78.5805097427
261.256162377,78.4295734703
264.13697069,78.4318975297
266.826233032,78.5428346417
270.668213724,78.8212224125
273.09867846,79.1779748765
276.37071383,79.6586339142
278.33930552,79.9009220062
280.263876561,80.0635837237
283.621168655,80.4977186065
286.094434863,80.81493131
290.307028004,81.1869676616
293.469059983,81.2853472187
296.805428621,81.2365771209
301.241145478,81.0041811561
303.307433587,80.6786874703
305.567376281,79.9074826124
306.876741164,79.3487635757
308.239499146,78.7698526028
310.845738514,78.0012336585
313.111059224,77.5796741426
317.277995469,76.8041319837
320.241969334,76.2785731634
323.13028696,75.7069926574
326.967530411,74.8207408334
329.280921981,74.2533995799
332.612404527,73.5141245337
334.807007349,73.1210783638
336.750664629,72.7812787155
339.166056992,72.3212209895
340.271862671,72.0861710106
342.304226355,71.941311215
344.035110941,72.0110621886
345.875249985,72.1797746251
348.533718641,72.6200987444
349.918737702,72.9996640588
351.780949132,74.0428019909
353.161968752,74.9406126405
354.629125522,75.7827260896
356.912297063,76.6534387491
358.619996354,77.0122011398
0.184891474552,77.5285188492
2.27374943865,77.636792197
3.44648125797,77.4755407891
5.18937562505,77.2834639671
6.31574877026,77.1344397796
7.72959640685,77.2951853643
8.62470073872,77.2794008555
9.3023965091,77.3370767534
10.1288524173,77.031981348
10.5645830126,76.7598495001
10.9776029051,76.3434554431
11.0423372604,76.1922593875
11.0938737209,75.9467703713
10.6549001443,75.4442470237
10.0364737685,75.1141282854
9.09944258817,74.5391044221
8.33889095616,73.7697419608
7.79868111156,72.4990487077
7.12036559393,70.3752301239
6.72455113301,69.0550979062
6.04976918992,68.0471667484
5.28697829045,66.3779997489
4.66704216277,65.5817534093
4.2744082536,64.131610756
4.39669475327,63.0485256645
4.13238428837,62.5533561327
3.83882470618,62.0543364945
3.73981201285,61.7647693371
3.96691533421,61.2302383669
4.11662872365,60.8862986417
3.99021122577,60.5401225072
3.99266107814,60.284077112
3.64859053196,60.204668672
3.03686243207,59.9624470451
2.69524898331,59.6976529733
2.13038913129,59.5685274079
1.15289691884,59.8364838452
0.538958958549,60.3232488454
0.0587661679664,61.0855173708
359.683930543,61.36018257
359.216222192,61.2962726473
358.097500926,60.8947697872
356.828683419,60.5402480063
354.272717165,59.5676164516
352.206507548,58.7105522299
349.579124885,57.8658325384
344.294472114,56.4545691873
340.801041538,55.4099150766
335.160079763,54.1264575502
331.545440628,53.8730708778
328.252927849,54.033148584
324.255519579,54.3860743666
322.267107689,54.5859351345
319.756277532,54.777827394
318.39872944,54.8572327881
316.951881148,55.178168333
315.094426077,55.5414328748
313.817145668,55.9351189566
311.907284138,56.4298368661
310.728949011,56.6473229143
309.731734886,56.7831385598
308.430992052,57.0393257308
307.707741764,57.2127787515
306.844416686,57.6628049992
306.323965209,58.0362699801
305.925196928,58.4510083184
305.298754907,59.0611238747
304.842998483,59.4880589793
304.123826234,59.9051976651
303.623105204,60.3399375074
303.074715103,61.0129385358
302.25763578,62.2516600554
301.819289018,63.2169456015
300.95500029,64.9662804068
300.210979363,66.1076815042
299.493941143,67.2076434596
298.384715239,68.417842214
297.639119549,69.0208142922
296.578025057,69.5624184677
296.00585271,69.7338977712
295.629068414,69.7825341599
295.134217605,69.8163331398
294.886262645,69.89925059
294.67419421,69.9540498883
294.570378254,70.0195490798
294.466764234,70.0240383709
294.28394125,69.9995582682
294.098950654,70.063209832
293.720027131,70.2341233529
293.431967826,70.3799364799
292.938647597,70.5333823735
292.057822677,70.7784698388
291.185481148,70.9255536142
289.537489263,71.3228185811
288.088306791,71.7864725947
286.314447088,72.2514140843
283.314184274,73.342856352
281.215178139,74.2958210025
278.053213947,76.3592946282
276.087555257,78.1800792915
274.346404937,80.2813080617
272.184256392,83.4396262095
271.019871399,85.5606565128
269.677140486,88.1966582845
269.005678413,89.5813425224
268.455811509,90.985892793
267.529918489,92.7959031549
266.858632102,93.8085143225
265.660079091,95.057382159
264.851465223,95.8385781763
264.020978683,96.6658381936
262.692230394,97.7357403192
261.935064611,98.521326776
260.919681063,99.6726473653
260.284384723,100.411933309
259.620774638,101.150834742
258.470582537,102.22597717
257.659116132,102.903643357
256.175240075,103.495824465
254.944241193,103.773524955
253.717080868,104.110116935
252.433481052,104.435751987
251.858006463,104.583478843
251.543258612,104.529089285
251.623295824,104.444508151
251.714083386,104.516381489
251.630086747,104.692481285
251.726349544,104.715341453
252.108579647,104.583679589
253.032043867,104.313145128
253.685982123,104.183311852
254.522843682,104.078629278
254.861066304,104.091214245
255.070265754,104.121964118
255.330275891,104.149363929
255.649945799,104.157823279
256.834389626,103.913016488
258.267063294,103.604069124
260.019200372,103.241803034
262.708611613,102.562466453
264.390853341,102.167609482
266.582222426,101.80723612
267.87525536,101.70989687
269.127252803,101.678067994
270.780224976,101.745681838
272.033635804,101.873259553
274.499764931,101.813929092
276.454350463,101.799214216
278.753713642,101.851998117
282.500094475,102.324602327
284.986496451,102.890289436
288.372837111,103.752426443
290.202346267,104.406382725
291.721762236,104.980255407
293.82122635,105.949958132
295.261680485,106.459064278
297.82066819,106.929059382
299.794270124,106.512923489
301.562957296,106.083691312
303.827329224,105.109908068
305.061002714,104.380602104
306.648438606,103.144004575
307.709212413,102.351278215
308.718891904,101.672291336
309.835722663,100.673546601
310.316757514,100.062900597
310.731574992,98.913680455
310.730178073,97.7632924132
310.655583532,96.4400239845
310.227507507,94.2199596504
309.836172749,92.6383430568
308.906294705,90.228795577
308.16724428,88.7399180663
307.514045859,87.0589590212
306.956570601,84.4399888216
306.924916889,82.5176400059
307.450350607,80.278920963
308.109839764,79.0104844686
309.26102328,77.8982110086
311.822032815,76.1146837737
314.449661634,75.0591106302
318.89901963,74.2015733047
321.614057633,73.8734676877
324.089082675,73.4993614464
326.843132291,72.9882833804
327.958150583,72.640550267
328.893714295,71.9393767593
329.270050715,71.4637617071
329.708489938,70.9200243048
330.674919303,70.2852481815
331.471128882,69.8535914505
332.495698392,69.3712442493
332.964617323,69.150210675
333.360486256,68.9374176039
333.863111468,68.6149910159
334.142827063,68.4833540708
334.580611113,68.5522110663
334.946010026,68.6579875592
335.306577316,68.813321467
335.831484049,69.0798490598
336.206048656,69.0926947814
336.71688654,68.9204629305
337.050632171,68.8292844121
337.414432092,68.7750581243
337.93568834,68.935225291
338.192206252,69.0387267649
338.446702772,69.0764847805
338.575162654,69.0476116248
338.680866382,69.0154001472
338.816541521,69.0201575009
338.851105794,69.0575814606
338.838638408,69.0956736989
338.229700293,69.2712398298
337.341734216,69.50694469
334.150776284,69.7139389227
330.119685977,69.6409211519
324.836849525,69.35400581
316.228218867,69.086517417
309.960753634,68.9872351306
300.289721925,69.281008525
293.78660824,69.4246126998
287.482739919,69.5053697656
278.309967642,69.7074080776
272.405858965,69.8154016856
264.717971374,69.5354973036
260.314548324,69.3031044509
256.458069005,69.104501464
251.216507532,69.1857581478
247.51283778,69.307249979
243.426583287,69.1094440174
241.813132163,68.9526380827
240.918874316,68.97342277
240.733811541,69.2454334498
241.153935627,69.4439252535
242.187579091,69.7937573296
242.775967714,70.0091671716
243.336513106,70.1248942549
244.019406686,70.2001935176
244.42858484,70.2064315673
244.691715649,70.1885953159
244.925451322,70.0439954684
245.072626217,69.9763536642
245.079389287,69.9350466701
245.013936836,69.8356108428
245.00599616,69.6699755653
245.141639237,69.5282163799
245.398772555,69.4104041658
246.10128358,69.1595960561
246.536852016,69.0898386514
247.142101028,69.0091542748
247.569042242,68.9564150593
248.09842498,68.7274408262
249.103738816,68.1279358228
249.970493156,67.5089704589
250.976004245,66.7815531744
251.540508874,66.3738852021
251.895997352,66.2550375586
252.403074464,66.1013608584
252.428823074,66.161286514
252.734152298,66.1929927851
252.762857938,66.2180182944
252.847437045,66.2510734432
252.910367668,66.2816089231
252.959924676,66.2482348393
253.077419138,66.1856400551
253.203696128,66.1175301341
253.431591653,66.0462632192
253.811215919,65.9657465203
254.155028908,65.940736893
254.644640244,65.9877897247
254.991274429,66.0212418177
255.109095648,66.0439475093
255.23991008,66.0306249472
255.330199443,66.0215719796
255.413470753,66.0055952303
255.454365467,65.9978018241
255.48245057,65.9659817767
255.532426467,65.9321330264
255.599726612,65.9212674234
255.707280633,65.9154440559
255.772211292,65.8907573535
255.843820686,65.848720806
256.001725387,65.7838892905
256.07768734,65.7460134641
256.159011628,65.6904011966
256.178226735,65.6812306201
256.164775723,65.695358984
256.15911141,65.709651052
256.158195439,65.7185576393
256.185773726,65.7309675624
256.22500953,65.7621835837
256.255615149,65.7795058057
256.296614682,65.8076389701
256.325487207,65.8010915926
256.351419407,65.781046129
256.374243495,65.769850312
256.403139055,65.7604987908
256.502858374,65.7112712189
256.592078611,65.7085559955
256.678520918,65.7072702697
256.782350227,65.691786778
256.825481198,65.6688847567
256.875895028,65.6351005352
256.893006861,65.6203318179
256.919628647,65.6093857671
257.002198261,65.5774088046
257.071443836,65.570381161
257.182397911,65.5751935535
257.284144956,65.5940919667
257.365430978,65.6149798561
257.518477781,65.6478106713
257.745506084,65.6852063688
258.865543474,65.7827424246
259.752556478,65.800833462
260.816316049,65.813430812
262.48374716,65.8474922732
263.545161983,65.9773209491
264.742514039,66.1840742774
265.352128723,66.2682906605
265.789763063,66.2900195345
266.215354228,66.3438466257
266.412057461,66.3186907128
266.752675243,66.3539472404
267.226712246,66.3349938287
267.864534141,66.4616013578
269.633433196,66.9084674381
271.571592993,67.3991877955
275.927985428,68.5311938257
280.011006976,69.3730392294
284.598804038,70.1664851824
292.358543515,71.2973601767
297.841805172,72.0214525232
306.168999695,73.1977889612
311.626862443,73.9001124234
316.846685814,74.4435187599
324.43783008,74.9538914955
329.296943739,75.0332335331
336.570162054,74.8560963431
341.356498885,74.6220138967
345.914713514,74.4599691273
352.366794773,74.2953259453
356.230563731,74.0937812162
1.19195444676,74.0181475652
4.20024641116,73.8895696797
7.09779592752,73.7550731665
10.9525727963,73.7118529316
13.0458520322,73.6059856824
14.7615929582,73.6657906599
14.8414778406,73.7955754102
14.4311374322,73.7925022446
13.5041007558,73.8365648251
12.8934250241,73.7997661852
12.2109903937,73.6750565967
11.8669320894,73.3918342376
11.6822095164,73.0066738987
11.5751451349,72.571311081
11.6963640028,72.4124575183
11.7019935239,72.2381166675
11.5545479376,72.1720040649
11.277690966,72.1182778107
10.4162045758,72.2960767574
9.69349505352,72.3427835923
8.07146805847,72.3442025312
6.74649942555,72.4005996384
5.29147679868,72.4856579072
2.63522015558,72.7662039991
0.521230102538,72.989153476
356.914977151,73.5318440081
354.437889443,73.9058450453
352.237230123,74.2706774992
349.128079387,75.0233433595
347.584498225,75.8257822882
345.928425156,76.6906079214
343.533565532,77.8188800409
342.030413456,78.412190599
339.734843209,79.4913788552
338.367466331,80.1693654128
336.38506309,81.2375613325
335.305945834,81.8353264827
334.237918019,82.4220552176
332.82045904,82.7935691257
332.182532304,82.8744379001
331.296865682,83.0053961736
330.764470562,83.0192215056
329.948494212,83.1618787835
328.243184915,83.272497625
326.775453463,83.3846381708
325.128231173,83.4232418844
322.133921765,83.469679958
319.859820542,83.3408063156
315.993224476,83.1011111018
313.097167017,82.7742293554
309.941077709,82.3821568826
304.976049475,81.7266939002
301.534640438,81.3792288358
296.455186965,80.8145024362
293.00745971,80.50551774
289.695156614,80.3526746032
284.723235642,80.1052943954
281.690703009,80.0480537927
277.229440302,80.0683631045
274.251856463,80.2006266852
271.356197784,80.337073652
266.835269156,80.6081261809
263.777509209,80.815271351
259.150220367,81.0506065619
256.110001789,81.0786148637
253.125700942,81.0303516234
248.631348132,80.8847758915
245.716278951,80.7208908236
241.337929393,80.566930099
238.426161612,80.4404165357
235.502573897,80.3253934659
231.009832487,80.1314583464
227.969861477,79.8216497817
223.293778376,79.3134339129
220.005827585,78.9607255018
216.641808391,78.6406053459
211.235580502,78.3976407449
207.688246441,78.220986206
202.850571065,77.9240175426
199.781979381,77.8204430743
196.872740428,77.7830311198
192.700265183,77.7487462758
189.92934315,77.79627093
185.40115749,78.057613979
182.608480968,78.0479427252
180.104883564,78.0418542873
176.90248538,78.2051688526
175.163550601,78.4001479846
172.963979644,78.6489527476
171.694553688,78.7036223322
170.532186871,78.6759142075
169.136154833,78.6367692728
168.275413032,78.7153054368
167.246480529,78.8875493746
166.408772964,79.096001475
165.571249063,79.1802373292
164.189984992,79.2084045507
163.28764236,79.1043098399
162.06587888,78.7948796121
161.301960311,78.5943826759
160.701318879,78.315485918
159.993300365,77.6945412282
159.619191118,77.2514583661
159.026201545,76.8460613462
158.629783628,76.5718498693
158.311534902,76.3205766583
157.857047173,76.0053731629
157.669429302,75.875363617
157.339179155,75.7727351258
157.127527704,75.7683554053
156.958842883,75.7929523816
156.747100355,75.8298810299
156.620701182,75.8165071562
156.367588036,75.8207630865
156.279145222,75.8289829037
156.151070464,75.8246781188
156.065228617,75.73931465
156.030559093,75.6445190663
156.011878269,75.4951006523
155.993437183,75.3716518049
156.052777074,75.2496188916
156.201085048,75.1295527854
156.500405872,74.827501175
156.999904263,74.5052411234
157.405794761,74.371134658
157.782034779,74.3277273067
158.416598559,74.4423254819
158.95765882,74.4848545057
159.59713147,74.4296658638
160.793761591,74.2581125635
161.468684611,74.1320541282
162.351391664,73.9215620286
162.787887697,73.8196917736
163.258125465,73.6605521
164.117079767,73.4139472891
164.903587268,73.3060161468
166.048011764,73.4767980536
166.829937894,73.6786585109
167.647226982,73.7490490703
169.073100461,73.6491093727
170.044993703,73.6139874748
171.748108043,73.5246954819
172.905152861,73.4319282537
174.215849722,73.2616203581
175.981997009,73.0757155409
177.117848925,72.9469965936
178.436466053,72.9813411883
179.253247504,72.9906821628
180.076495404,73.2163681242
181.323512934,73.6573296402
182.345123887,73.7253290595
183.860480596,73.6148149605
184.886173931,73.4222723752
185.851490061,73.0268563929
187.144522696,72.2294973126
188.026581323,71.7250067418
189.452995578,71.1617841421
190.500868137,70.8376524801
191.726519708,70.4286293162
193.533023896,69.6540684353
194.834726312,69.032700794
196.738441529,68.033639189
197.982207794,67.4826924872
199.168277034,67.0269408134
200.796780424,66.3764788515
201.747646602,65.9102548727
202.795733381,65.5070154596
203.243911735,65.2485289041
203.357381349,65.2076326893
203.109515228,65.2895737366
202.629621847,65.5183523364
201.55004189,65.8998251803
200.719265687,66.1647917786
199.648809312,66.4890176283
197.650254445,66.9624666564
196.18060355,67.2339304224
193.781143977,67.674171013
192.058429207,68.0580646265
190.143805464,68.4310383828
186.984242672,69.0582798719
184.597244966,69.6614062783
180.908903183,70.4248834807
178.382644556,70.883269319
175.778714471,71.4293083197
171.904036442,72.1513981795
169.267188971,72.7604412995
166.610313244,73.436611967
162.613353194,74.3773176653
159.92364486,75.0106410893
156.100316466,75.7139266353
153.63653614,75.9496355908
150.066502428,76.0233401145
147.827948627,75.9693856278
145.607991911,75.8459087167
142.475111367,75.5596104628
140.502432392,75.4314897202
137.387538003,75.2797882485
135.370250983,75.129287796
133.308139697,74.9548134021
130.011124756,74.6952120321
127.663243469,74.4263540861
125.173276491,74.1802845965
121.427762731,73.9214659078
119.026621086,73.7420639814
115.46642733,73.5585823494
113.123597649,73.4145410971
109.724044299,73.3342493506
107.672545213,73.2667245995
105.924243266,73.2194746731
103.563610835,73.3398009161
102.004562565,73.4538173252
99.7565333343,73.7306868635
98.3695619648,74.019281255
97.1893183697,74.3127588926
95.7635056434,75.0104987713
95.0365400101,75.5646944718
94.3945597925,76.0630756844
93.4360537455,76.7260596075
92.8847191341,77.1000366672
92.1880130498,77.5701203517
91.858542138,77.9080988141
91.6026191564,78.1917773067
91.2778826556,78.5171736519
91.248935384,78.6040721752
91.2819907,78.7435585552
91.3472426608,78.8394664008
91.5867389441,78.895954247
92.0584617082,78.8192897961
92.4238371492,78.6977758687
93.1272472115,78.3957853083
93.6391751752,78.0677235753
94.6684675325,77.4856958369
97.4466453534,76.0625342579
99.6543849805,74.8945813022
103.520495662,72.7259797113
105.672143131,71.7439712158
107.717077572,70.7415201898
111.116645571,69.2583031354
113.610320478,68.3289945991
117.793032668,66.9748678521
120.548396465,66.3326039836
123.558239264,65.7233549198
128.658520795,64.8923197457
132.073840118,64.5316127543
137.005603295,64.4648241395
139.856562521,64.5172288507
142.710807666,64.7642475486
146.549887518,65.0620455727
149.034372377,65.1164897599
152.615484691,64.9914092465
154.91992189,64.6930703699
157.010030976,64.2795309857
159.512918034,63.6500581597
160.840303265,63.3342041992
162.825115177,62.8552515346
164.228729876,62.5462049207
165.748629048,62.3006810891
168.443761168,62.1012283578
170.615871184,62.1318212907
174.756826161,62.7392567694
177.967500004,63.5295610634
181.524304562,64.4259270187
186.996149702,65.7048275729
190.529372407,66.305206672
195.748897171,66.8542451398
198.858707916,67.0776851806
201.815646433,67.2237736053
205.873978319,67.2515497862
208.301789981,67.1749693802
211.651841914,67.0530266235
213.659278518,66.9632220892
215.692471242,66.9256442964
218.501572019,66.9186432446
220.075649245,66.9659595959
222.367497796,67.0595917734
223.884736222,67.2125022678
225.297443967,67.4980544024
227.444394222,67.9774909993
228.774822924,68.3607432782
230.477645804,68.8380571403
231.357885292,69.0896096701
232.117877463,69.3031584966
232.974157071,69.6376225645
233.410648682,70.0653319212
234.249045964,70.8346269261
234.804298002,71.314297332
235.193244768,71.684920045
235.662322299,72.0803795586
235.846665731,72.2235980705
235.969276719,72.3586597036
235.944162674,72.3752088396
235.966614165,72.4458454779
236.119849956,72.632943264
236.349817972,72.7333885011
236.817665922,72.897384716
237.215508014,73.0660658934
237.624225321,73.2420546975
238.319804691,73.5689082884
238.619477774,73.9015433224
238.862993949,74.3162050278
238.844813889,74.584038475
238.747748343,74.8521786535
238.371841824,75.2654506657
237.839977872,75.6072500696
237.074203364,75.9176339955
235.702307772,76.1790699702
234.963419304,76.0949039393
233.789796326,76.014697471
233.053094887,76.0278551298
232.152557411,76.2213008561
230.540056264,76.6254143092
229.248075236,76.9962632034
226.894886356,77.6873591801
225.186831898,78.5585252437
223.585210625,79.3474156682
220.655635202,80.4332128971
218.511696372,80.9539421126
215.097398438,81.6040945689
212.445700253,81.8417922029
209.580406824,81.7354602134
205.193721703,80.5593137127
202.438161635,78.8159505762
199.05144846,75.418394923
196.670566874,73.4914683007
194.506677974,71.9705263003
191.019414078,70.9470241359
188.741677718,70.661208398
185.186397798,70.7807533309
182.646005693,70.8780432131
180.084895169,70.8481848859
175.814129466,70.8173474465
172.745655861,70.7203183522
167.438857651,70.5131561776
163.529743664,70.2223775387
159.355461017,69.9058240598
153.073045933,69.4769866231
148.855768499,69.2168422821
142.809103962,69.0687867163
138.979397718,69.0519934816
135.173185775,69.1726648607
129.778123584,69.455673518
126.437896118,69.622612731
121.776130397,69.9126187636
118.725088548,70.0322695149
116.120752081,70.1395842053
113.038241045,70.3838987757
111.741162306,70.5006759602
110.711474616,70.6506708481
110.288211648,70.7468928453
110.050393659,70.9021930214
109.857200552,70.9989865716
109.627893642,71.021958095
109.574311933,70.935062071
109.55781627,70.9050665098
109.622151799,70.8628280872
109.798621368,70.8185472398
110.077221582,70.8013708476
110.433273811,70.7279833999
110.763742944,70.5835320724
111.203063173,70.4682754503
111.743058864,70.2398086167
112.181904202,70.0937724303
112.840690884,69.8357495832
113.242792958,69.7093562838
113.681253376,69.6527333621
114.130067438,69.5950524191
114.502422918,69.6032219498
114.842496434,69.5677765955
115.097146538,69.5876763535
115.249949864,69.633801731
115.502968012,69.7932450001
115.626736259,70.0436112484
115.721252708,70.4954327399
115.763818255,70.7319547151
115.814065044,70.9305598571
115.884447757,71.1159868413
115.921430203,71.2208416575
116.001289994,71.3251292402
116.085653959,71.3982052089
116.186832054,71.4611002589
116.307869456,71.5591638845
116.341635629,71.6145508192
116.410677002,71.6948100927
116.452794587,71.7346127411
116.516455105,71.7502398667
116.70829545,71.69125948
116.881432488,71.6115012202
117.239127981,71.4665855043
117.499522272,71.3896959022
117.70502337,71.2883530776
118.074484925,71.1863774358
118.22469295,71.171106215
118.361805502,71.1831371468
118.625189748,71.228340553
118.79169434,71.3564220999
118.935928969,72.6272395452
118.733699615,74.8626007735
118.679395807,77.7754087616
118.819801515,82.4664567715
119.122821985,85.3161482091
119.759133534,88.7909320611
120.169059418,90.6758929307
120.547047953,92.490663912
121.063966018,94.5043175619
121.481703849,95.5611136458
122.1920414,97.0709376982
122.741324417,97.9484902654
123.31963347,98.7546274605
124.215481334,99.8197481648
124.834095554,100.499003871
125.702088298,101.492102496
126.257255298,102.108760933
126.837975199,102.794809529
127.609993972,103.70241976
127.990877075,104.109157352
128.246646543,104.603670364
128.218832741,104.96967027
128.165855409,105.148265258
128.135467806,105.280265693
128.204514097,105.257305477
128.375508338,105.184605072
128.589660164,104.973546991
128.901769518,104.692472598
129.496404615,104.247540718
130.041735104,103.960158898
131.066577252,103.504486748
132.048324537,103.154180141
133.390703953,102.6682216
136.114557839,101.64796068
138.309190252,100.763152341
142.253952821,99.0527679183
145.437646952,97.8588189489
149.049032266,96.6583472916
154.68144943,94.3838324679
158.207521821,92.7042322915
163.102476694,90.2647475665
166.212951048,88.7470321484
169.302769322,87.293556517
173.739849478,85.4483465708
176.45353638,84.488750054
180.555223761,83.2887117173
182.828372554,82.3641620979
184.895240074,81.4394150374
187.297551715,79.9446404619
188.627925355,78.9071743306
190.351326939,77.1328281292
191.368397605,76.1693724268
192.37232922,75.1935349701
193.690034906,74.0856272034
194.48865601,73.3080342651
195.574679145,72.2007500477
196.081218672,71.5276144612
196.502898968,71.0711262379
196.934781252,70.5661899859
197.099567417,70.4246049341
197.103438567,70.1808785282
196.937367657,70.1526338066
196.540150184,70.0644849174
195.665409923,69.8258908981
194.971646925,69.5962477661
193.873576424,69.3287869985
193.193186945,69.1063022996
192.537745694,68.8962522671
191.353230046,68.4587367788
190.681367569,68.1800657077
189.702685982,67.6283884868
189.206368242,67.1268827029
188.898364474,66.3700127067
188.406713745,65.2286199478
188.16461774,64.5955393829
187.416428294,63.8385173605
186.612790032,63.4381768852
185.523052207,63.0016237593
183.912900933,62.5602978267
182.765094686,62.1992361632
181.265691835,61.8010385293
180.129652719,61.4127335892
179.130846794,61.0544407017
177.497290659,60.5324232442
176.46911147,60.2323323306
175.645399453,59.9142578629
174.706145551,59.4001422073
174.248600439,59.1179095312
173.795127515,58.687245969
173.669376957,58.2633340513
173.838406431,57.7481166268
174.261448405,56.8388854467
174.665742411,55.9641252221
175.636241007,54.6571370524
176.149514636,54.1807213437
176.677066187,53.9343157022
177.40445433,53.9545295746
177.937263913,54.0848266204
178.290007717,54.3702699075
178.603551808,54.4863879844
178.877985063,54.5351077808
179.443979055,54.4229337318
179.741019137,54.2057002549
180.163203654,53.8924611179
180.340200456,53.7827097346
180.400878786,53.7345560379
180.385730202,53.7517914509
180.332945452,53.7873852277
180.067128897,53.8846115437
179.764231488,53.9190062791
179.427004848,53.8726572641
178.578400023,53.5618707396
177.932378173,53.2781386355
176.657676813,52.6809924595
175.684280404,52.1458169531
174.692914801,51.6571120371
173.070958745,50.9728029412
172.211465425,50.723030068
171.564227961,50.7561272991
171.689375167,51.1081943314
172.111397924,51.7803764337
173.185962127,52.8963598436
174.295121907,53.772127571
176.319695529,55.3530382356
177.789879558,56.7929344422
179.36214854,58.4093016468
181.879120076,60.5310230929
183.312070221,61.6325724803
185.369956643,62.9249216446
186.611681145,63.5952373964
187.764618389,64.2174977701
189.499088607,65.0979306964
190.792241805,66.1208002514
192.944279068,67.9522637407
194.3627668,68.8844264218
195.563353029,69.5713579019
197.162641474,70.2102263901
198.147306715,70.5477169201
199.710388393,70.8914258733
200.631649908,71.0779607399
201.625434095,71.2285093439
202.889153237,71.395750868
203.613186131,71.512004918
204.698249794,71.5638915408
205.314467083,71.5593966102
205.906367393,71.3615550549
206.57295314,71.1528706828
206.968798162,70.9711846652
207.466812243,70.8153924603
207.743742047,70.6680252246
207.913337373,70.5573365133
208.168773507,70.3153857444
208.246322827,70.1509900691
208.316258384,70.006260824
208.352437452,69.9287322975
208.362438474,69.9066165343
208.302011905,69.9441197878
208.197860443,69.999171835
208.001247257,70.0395978526
207.82332801,70.0560934881
207.656859863,70.0542668065
207.457842201,69.9821997081
207.350363567,69.9677762888
207.250238645,69.9550182374
207.20217534,69.9228194751
207.139138095,69.9033982799
207.058502752,69.8851799472
206.956161957,69.8634766561
206.831467419,69.8445567688
206.671351215,69.8211967496
206.535152881,69.7902494372
206.205356662,69.7059489655
205.91387222,69.6018165151
205.455965312,69.5326553316
204.787137513,69.234084696
204.222851098,68.9887589318
202.734004426,68.0516406222
201.24632343,66.8690966951
199.428505784,65.4326531223
196.561984352,63.1181955274
194.857309218,61.6562298536
193.08689148,59.9867159146
192.144851131,59.1175481573
191.500280447,58.5071581937
190.914364521,57.9704005913
190.849943279,58.0836451734
190.868741548,58.2488926601
190.90528487,58.4830520048
191.071600401,58.7835557979
191.243323139,59.0783239648
191.25165199,59.2359391458
191.242470211,59.3527606681
191.237993881,59.4846958804
191.120633475,59.6688866141
190.465606338,60.0037236272
189.743278425,60.1064361989
188.177166656,60.2629509757
186.671707541,60.3403267288
184.79387926,60.4949767128
181.3925394,60.6098315571
178.76402738,60.5618996574
174.214995205,60.1466772741
171.01473121,59.7058213722
167.758197127,59.3102407919
162.882755478,58.9294342554
159.702552531,58.8825122118
155.081909691,59.147639241
151.924807957,59.4549188569
148.638666025,59.7128994893
143.322040636,59.6351508935
139.570334714,59.3798898098
133.409301168,58.839129951
129.815824652,58.5982634136
126.99239812,58.6301949859
123.733182629,58.6902533314
122.045236752,58.8094610786
119.724569272,59.2090638594
118.308416875,59.5443736709
117.034904186,59.9056211684
115.399980478,60.3303666381
114.436899461,60.6316414203
112.849180452,60.9989221549
111.793338737,61.2603762472
110.713832951,61.6061231317
108.808226017,62.3166724158
107.2682632,62.9843225183
105.046903424,63.959509718
103.447347353,64.9774594996
101.829180538,66.5467256092
99.571997093,68.4551803321
98.1246697626,69.590857488
95.9613711754,71.3457966493
94.7212066056,72.4219560538
93.3706709996,73.4321433097
91.1725548931,74.9686245851
89.5266893106,75.8733840791
87.0317048576,77.0834582535
85.590087015,77.9029981639
84.3560313922,78.6492900939
82.9076025854,79.8013744219
82.3977380724,80.3823197095
81.9370187393,81.4237960981
81.4400742826,82.2053354412
81.0899441439,82.6989807071
80.297370849,83.3677117153
79.6726020521,83.7382648621
78.9900773676,83.9435117709
77.7921743492,84.1190589926
76.9366910247,84.1936121284
75.6354223589,84.3999793298
75.1722057658,84.7475898828
74.8706833296,84.9130644038
74.2593672414,84.9353737131
73.7919742099,84.8075035704
72.9182093072,84.4298454862
72.4822706698,84.2598891452
72.0023074055,84.077230535
71.7922104461,84.1494547637
71.6091094859,84.3080970199
71.2279005144,84.6233891279
70.9513997267,84.8258427847
70.7027720884,85.0969830402
70.2759644994,85.4054498572
70.0297140212,85.5047667131
69.5722344894,85.7528379118
69.3541880964,85.976141866
69.2367556362,86.1557067641
69.4241496036,86.5103706197
69.8301024501,86.7128822851
71.2006132361,87.0819311968
72.5042865221,87.3141865621
73.8863960864,87.7825545132
75.8805178167,88.4072207498
77.1067976488,88.744744926
78.8787183499,89.0691958334
79.9764419839,89.115144097
81.1215405364,89.192221597
82.5796209456,89.281346391
83.6150091693,89.2974427101
85.0808468209,89.1023637304
86.0816854529,89.008154315
87.1067102595,88.9342254263
88.7202845607,88.9269032359
89.7196899949,88.9676010682
91.2012546791,89.0919686264
92.2790541251,89.0895290635
93.5343899579,88.9762875761
95.259687165,89.0713246633
96.3844621344,89.0884860087
97.7067945358,89.2235211327
98.6217648443,89.1872319294
99.5298754453,89.2138205503
100.973652075,89.2779096399
101.984601669,89.3701400097
103.653822501,89.582419682
104.914348203,89.6035980337
106.261580284,89.4808496304
108.500861965,89.0896827399
110.137727283,88.7042170895
112.847529717,88.2005798889
114.874672359,87.8101865276
116.961020215,87.5207461843
120.234886777,87.2093634659
122.324178394,87.045584005
125.484782827,86.624562251
127.579520075,86.3737128357
129.681860881,86.0617005303
132.800795043,85.5328439623
134.93146105,85.0944954619
138.016129306,84.5743552086
139.971582194,84.1482314325
141.925100256,83.7142427791
144.882867516,83.0292541927
146.9108153,82.6229711244
149.995926937,81.9841408049
152.113748019,81.5527477562
154.233256761,81.2589214205
157.182073823,80.9261545862
159.008573991,80.7421734164
161.627677692,80.5218864184
163.394656614,80.2554085386
165.16110379,80.00561611
167.882739521,79.5228667255
169.663387543,79.2624656353
172.228384381,78.7759074279
173.939309278,78.4607042237
175.572278859,78.1248119061
177.991357994,77.6774792312
179.574899408,77.392660499
181.822414599,77.1166101193
183.251244615,76.9998154741
184.610322924,76.8906798679
186.412862927,76.844272994
187.53203123,76.8935806398
189.029880236,76.9226769851
189.942082487,76.9929190418
190.805388446,77.0501422685
192.069945449,77.0706331819
192.864590867,77.1269044545
193.812442672,77.4518133831
194.256513889,77.9104816355
194.606179687,78.4306277685
195.079898304,78.9366132087
195.453162299,79.1434277315
196.151028794,79.3973510049
196.768455838,79.5122759697
197.617788902,79.6201420198
199.447048928,79.7454721343
201.184282323,79.8871118384
203.279935318,79.9854608411
206.989334687,80.4670229906
209.480703192,81.0283439121
213.036060249,81.910765184
215.329209016,82.4042890009
217.499057045,82.905275154
220.674275272,83.5548789831
222.823363906,83.8622026155
226.065784411,84.0923040172
228.245975304,84.1035874363
230.509576581,83.9964715558
233.817789056,83.8508679188
235.935330358,83.8222048548
238.795896565,83.7373530019
240.571355389,83.7574027775
242.243872605,83.7415769819
244.70466453,83.7464612814
246.35161458,83.6426063565
248.747654458,83.3267897451
250.272910808,83.1261511792
251.828300587,82.8198479406
254.15099292,82.4340058899
255.734672644,82.2145050981
258.164429029,81.7364844744
259.762637315,81.42145183
261.137215382,81.1655816513
262.662947463,80.7910014831
263.369766172,80.5630463535
