179.832468311,83.7809840933
179.909726594,83.6189843537
179.939707056,83.5292111447
179.960534754,83.4864898367
179.961928182,83.398437782
179.958951234,83.3643341868
179.958309263,83.3107726939
179.959222963,83.250778102
179.975577145,83.2101270298
180.004912824,83.1980899349
180.036168638,83.2103917958
180.052061497,83.2214759204
180.069952988,83.2362404472
180.079529764,83.2543099474
180.097759439,83.2906916681
180.106383549,83.3484555812
180.124818556,83.3708244153
180.163327052,83.363607379
180.185191616,83.3697496104
180.198953231,83.3630180306
180.174034755,83.3924315006
180.147932458,83.3965394728
180.089547298,83.4335818125
180.066811338,83.4563799064
180.054406205,83.4792074823
180.054052828,83.4904454507
180.054287804,83.5030483982
180.061662713,83.5248306154
180.061444447,83.5502647328
180.055999266,83.5850255687
180.023257461,83.6402286594
179.983369352,83.6766958962
179.936368749,83.6845714397
179.89764749,83.66462952
179.876525414,83.6391109121
179.848116935,83.635971609
179.827854319,83.6418190871
179.826970947,83.6547912208
179.827126842,83.6627214623
179.817230219,83.6341013025
179.780788033,83.6023452067
179.756903628,83.588356073
179.74335367,83.5252770104
179.726023216,83.3457749798
179.708796827,83.2096439862
179.791533291,82.9142954705
179.905419238,82.4780532418
180.027139988,82.0616632069
180.232961691,81.4498124219
180.315986897,80.9224861684
180.387034563,79.8715802907
180.306160582,79.379567091
180.146985197,78.9507501197
179.78039829,78.1204999023
179.4524619,77.3882074321
178.875285584,76.2788800829
178.565261951,75.481384818
178.340862605,74.541253821
178.173257572,72.6861480341
178.158419827,71.2545788561
178.087955395,69.0785575301
177.966129347,67.9597341408
177.816389256,66.9007773785
177.587482861,65.734840876
177.490014787,64.7471054876
177.152092778,63.4391767746
176.859348383,62.9512592024
176.57063698,62.7703356398
176.359475095,62.6698565547
176.309426913,62.4463557763
176.360418783,61.5966292302
176.432873559,60.9059756702
176.417295467,60.482659768
176.222603843,60.1812767982
176.213637459,60.1089421198
176.327629839,59.6116513163
176.667611704,59.0220199771
177.00301464,58.4223178892
177.258795132,57.8565453447
177.309525492,57.6252842546
177.444412759,57.1375831041
177.73604134,56.4252312372
178.337610467,55.3521934244
180.113844875,53.2478262489
180.814880638,52.5096556047
180.814043155,52.3379211531
180.973824373,51.9514572411
181.331007672,51.37602591
182.322550829,50.4199110651
182.787019305,50.0836476334
182.852939061,49.9648300434
182.806335159,50.0175983702
182.804665945,49.9966247841
182.762829853,50.1150576907
182.613823301,50.6476511388
182.464702173,51.6212927861
181.57585215,54.4412347041
181.056674244,56.7006219729
180.063161684,60.5445200098
179.415433939,62.9710579196
178.954959042,64.8823873728
178.053216147,67.4244445181
176.979332511,69.415675657
175.230647206,72.4525022698
174.148445618,74.4971371463
173.176227288,76.0536270832
172.366658323,77.8912516962
171.888078008,79.0405837793
171.362582897,80.2768393223
171.22046291,81.0040104489
171.080561543,82.0241426233
171.381243229,83.2599143805
171.987526878,83.8033168111
173.614310335,84.0471175239
175.239178175,84.1751507824
176.9231237,84.4014405484
179.524373926,84.6483563003
181.138515108,84.8621772075
182.502831378,85.2792076931
184.420683641,85.7072898027
185.62261633,85.8202811708
186.971756012,86.0752290716
187.455823043,86.2877835808
187.722173781,86.3912917204
187.627568734,86.4392006407
187.566930334,86.4827195241
187.334359772,86.5836193856
187.237447433,86.677114036
187.202153101,86.7449712627
187.281743511,86.834460239
187.408283281,86.8035496177
187.654040459,86.6896604097
187.828167805,86.5970046884
187.981426966,86.559685731
188.155738619,86.581696544
188.232437991,86.5934885837
188.272815639,86.6361011696
188.237276427,86.6637777488
188.150532775,86.7159879719
188.044407603,86.7772371148
188.013242813,86.8130628817
187.999192863,86.8478405661
188.064620974,86.8452392506
188.143518419,86.8306124843
188.280085703,86.8225453881
188.354699878,86.8291048228
188.42243804,86.8457466383
188.432281634,86.8739149018
188.423857986,86.9046389247
188.414196399,86.9411333114
188.397750254,86.9517540575
188.387212482,86.9573094643
188.44094448,86.9268327412
188.56996304,86.8744568429
189.288407296,86.8875775302
190.400211292,86.929949093
191.605385948,86.9898511273
193.255395819,87.0087922769
194.298835256,86.9588745628
196.155602595,86.9258982003
197.446751064,86.9742298888
198.711979731,86.9634619944
200.540720475,86.9900466331
201.592211733,86.9814158659
202.96510561,86.9765081579
203.600661534,86.9925516223
204.151677731,87.0242995409
204.73716416,87.0104005174
204.770295608,86.9403670026
204.819444535,86.9285067611
204.830549174,86.9125689788
204.774733168,86.9092577789
204.642758525,86.8986012522
204.595393686,86.9065460817
204.575868879,86.9092149067
204.568330097,86.915391715
204.564384407,86.9250954556
204.513331713,86.9103634495
204.456053423,86.9021271633
204.342086359,86.8961905097
204.255504016,86.9178701476
204.179545524,86.936086008
204.097985963,86.9485185591
204.024787093,86.9880167318
203.996592042,87.0113259264
203.971937966,87.0420054814
203.937209449,87.082327865
203.92164025,87.0973669272
203.92935903,87.108268979
203.92979508,87.1234544542
203.927653742,87.1498121302
203.906388534,87.1712771692
203.893027354,87.1806987312
203.873708004,87.2325720825
203.859301391,87.2547065996
203.856388671,87.294685455
203.862980399,87.3023832067
203.875298033,87.2916471454
203.890527725,87.282851841
203.898988598,87.2812729818
203.917851049,87.29279682
203.918627513,87.2969310627
203.88869427,87.3007962778
203.860309489,87.3050342953
203.830627,87.321511793
203.791297927,87.3779092836
203.748789369,87.4134392443
203.651395065,87.4561004334
203.591033234,87.4513559618
203.532185459,87.440962713
203.432301543,87.4485445477
203.319315676,87.4802052613
203.138716096,87.5050274342
202.964931977,87.5330608306
202.83378699,87.5493906756
202.711767317,87.5626992577
202.677958049,87.5821399579
202.723491161,87.5853384813
202.831042594,87.5577239269
202.937488292,87.5366381446
203.038667894,87.5271990537
202.86420074,87.6107071064
201.28270174,87.7220922052
197.007831606,87.0988527473
194.172649435,86.9092336853
190.328287948,86.9947220861
187.776262443,87.1581902505
184.580106613,87.1108534263
178.269989907,86.7492555078
173.752728834,86.3537065911
167.792648822,86.1691557517
164.601130479,86.3572298154
162.069882663,86.5154114875
159.078154365,86.9049151344
157.502987078,87.0403180796
155.521341257,87.065980545
154.557473657,87.1131760563
153.769456974,87.0571701739
152.849078609,87.1108315734
152.320098604,87.1097395353
151.682001168,87.0345363828
151.41920748,87.0712123478
151.172783945,87.0535627512
150.939611603,87.0956316351
150.674187332,87.1556773669
150.330006164,87.2057223832
150.10378829,87.2173921549
149.879537072,87.1913630482
149.645821351,87.1573765427
149.475423793,87.1540587162
149.316207567,87.1506203068
149.035551422,87.1381641599
148.851702818,87.1577913903
148.374621415,87.1785542541
147.97235357,87.1450580373
147.421246739,87.0609910826
146.537669749,86.918430695
145.833798075,86.8029111805
144.59844906,86.660772821
143.501927585,86.6131340621
142.131078798,86.9013697905
139.786416824,87.4202541926
138.027453074,87.36172386
135.035942721,86.8059159342
132.890550267,86.1257223584
130.726840781,85.3503275694
127.513785104,84.546851294
125.451548295,84.2163125215
122.411078445,83.8420372092
120.561451241,83.5440146121
118.711281658,82.9435437131
115.846218231,81.3465177395
113.892772192,80.2314706529
111.014104981,79.3641392581
109.179309434,79.207727364
107.673910649,79.3214305995
105.894420771,79.6511611745
105.098475167,79.8244772442
104.437649444,80.0761927865
104.225793818,80.2112330898
104.302132598,80.2698627024
104.254935188,80.4373493703
104.232956189,80.5267330356
104.092410928,80.6736155008
104.049585383,80.7232734278
104.1065979,80.7895868744
104.695065873,80.9933207181
105.47194622,81.1596895336
106.385626429,81.4680461531
107.879362438,81.8811219446
108.837185257,82.1243369953
110.186886883,82.3260130963
110.862394922,82.4409364042
111.642381962,82.5221160674
112.886497891,82.7270871332
114.010420062,82.8649581275
116.294368607,83.151893937
118.295661108,83.3599461385
120.212849486,83.6350669312
122.999808802,83.8436866404
124.563167173,83.9296510778
126.855713355,84.0390150011
128.310338814,84.1496581897
129.822242698,84.2804355725
131.879688662,84.6150822446
133.39024813,84.746550834
135.646001975,85.2181067529
137.111593307,85.4403532136
138.521289713,85.6693750935
140.430618696,85.7880260193
141.311353903,85.8353389583
142.267081081,85.8879110653
142.732164907,85.9375203878
143.134765119,85.9571060771
143.965417845,86.0207975447
144.698057594,86.0832436127
145.9601759,86.3191290924
146.892740146,86.4834464288
147.731403872,86.6100873086
148.861095155,86.8053611343
149.497881506,86.8930981079
150.216049574,86.9286885933
151.453486809,86.9974269947
152.467568764,87.0585551911
153.647437405,87.263804883
153.475365095,87.2682006672
152.980206403,87.1573952292
152.640113355,87.1241936978
152.744112206,87.1942630354
153.367565304,87.5039490418
153.864407075,87.6769183073
154.395477518,87.8114063582
155.383662604,87.8660665451
156.377673778,87.8289705541
158.460269797,87.8412337042
159.766952577,87.856783377
161.029806932,87.83910646
162.884018076,87.7509544444
164.225304915,87.6943133835
166.097876665,87.6699313206
167.658988726,87.5864609662
169.647392883,87.4091688912
173.584076663,86.9749507844
176.736340195,86.4601219942
180.115469039,85.7693815918
184.387957959,84.9794353348
186.761188213,84.5748222129
189.718501849,84.1759894774
191.51847453,83.9163919847
194.207276868,83.4395851714
195.99584851,83.2065631237
197.621940498,83.0772121201
199.557240428,83.231116041
200.610743798,83.2900550268
201.603082187,83.4221877849
203.154870923,83.505009984
204.313787669,83.4961433399
206.180521568,83.3209255405
207.268517048,83.0272170718
208.281504691,82.3870930413
209.72209268,81.5866878567
210.769180233,81.4480380455
212.776623185,81.3510159074
214.400959697,81.3570909753
215.98115371,81.3455432856
218.221987833,81.4673483436
219.580027489,81.5243111442
221.478288384,81.6391688551
222.718347385,81.6763807709
224.055978355,81.6774139121
226.094512806,81.3489159417
227.535457228,80.9885978965
230.264585889,80.3021050318
232.553902465,79.8551005128
235.146455714,79.4205600623
239.221529118,78.9931674971
241.955044128,78.9029811956
245.682543473,78.9843049267
247.833124222,79.0646743954
249.649355372,79.195831498
251.999438032,79.3629980718
253.399066373,79.4517121794
255.629807458,79.6001007569
257.261046024,79.7486289402
258.858479197,79.9017787513
261.086816022,80.126431405
262.446230381,80.3118761457
264.34116442,80.7565486295
265.553107386,80.9617271099
266.758058833,81.2150022871
268.421487061,81.5462545796
269.564479988,81.7104690564
270.604742006,81.921641059
272.114939686,82.2819874894
273.086573253,82.5203504111
274.513501819,82.9998728083
275.367035545,83.5762258114
275.947166926,84.3709879825
276.776841758,85.0454106557
277.481801389,85.257841756
278.766864202,85.5762938634
279.763452053,85.8021255085
280.763212478,86.1051985421
282.454722518,86.6955435042
283.710475817,87.1144849892
285.572707689,87.4964867712
286.788332459,87.7882333266
287.949417452,88.1582229126
289.688532911,88.6593902968
290.748514353,89.0294629864
292.212834483,89.447213017
292.942644031,89.7056478992
293.351511102,89.8114411148
293.398120461,90.0308143547
293.330584512,90.2022792851
293.223953758,90.4189038262
293.185427306,90.495813723
292.990497142,90.554406635
292.340977647,90.5122592233
291.969592296,90.4256602455
291.311328494,90.4069567305
291.034412212,90.4278106284
290.722021286,90.342323349
290.386783239,90.15190722
289.868664621,89.928132896
289.334278933,89.726402244
288.043563443,89.3875759075
286.955533267,89.1864971413
284.912197818,88.9157620405
283.404700084,88.8637001889
281.607840846,88.7643069805
280.676195312,88.7299539118
279.779557981,88.7236776414
277.987927149,88.5734195897
276.462286564,88.4748390454
274.541362359,88.3260375728
271.466807261,88.0906367769
269.52083517,87.8592873652
267.318556565,87.5579684552
265.804360357,87.4139783878
263.778043142,87.2011284839
260.319441336,86.9259622235
257.961734164,86.7836318478
254.501448193,86.5180541639
252.488982216,86.3398282089
250.630318606,86.1162646053
248.32018529,85.8559602237
246.877267387,85.7465011103
244.600323004,85.4559790114
242.892327199,85.2775226657
241.089696823,85.1153823095
238.344102136,84.9061171583
236.287771338,84.7193313314
232.79502753,84.4098321677
230.482057258,84.0901097762
228.228557056,83.7688329509
224.621898519,83.5536326124
222.249801022,83.6670669353
218.896201291,83.918025974
217.386186569,84.2300523962
216.887825204,84.4981815832
217.304593286,84.5476269816
217.488386902,84.5294336103
217.643901759,84.4455927691
217.745281753,84.3562367506
217.787980672,84.3306560429
217.726088658,84.3979117377
217.535841803,84.5505497239
217.251851525,84.7113029881
216.576268417,85.0621161829
216.230775773,85.2849730828
215.674902188,85.6137014289
215.275925675,85.7967774968
214.926990802,85.9580600555
214.621439324,86.1057307689
214.45409162,86.2240518275
214.367334819,86.3447853824
214.50640486,86.4601069774
215.143452557,86.6640562153
216.014569763,86.9095051568
216.369683812,87.0652177263
216.414704813,87.173185558
216.442470233,87.2726486176
216.419006262,87.3800539712
216.422617114,87.5872615355
216.439515242,87.7549723041
216.370916279,87.926770193
216.171749714,88.0041708918
215.801128289,88.063448969
215.044757538,88.0851122889
214.528021252,88.0994784947
213.538091051,88.0353879372
212.862187589,87.9421279921
212.010515739,87.8680653166
210.505005853,87.7716501726
209.231189122,87.718101489
207.68158996,87.6926371327
204.966545477,87.8240735618
202.746024508,88.0819479952
198.664879737,88.7952728872
195.476488803,89.2817601655
192.141493038,89.5307159542
187.35224443,89.5817318889
184.573880668,89.3847250478
181.423623894,89.2237061865
179.824840677,89.2107740086
178.491206854,89.1947534749
177.056592054,89.1321524554
176.228680854,89.0864220748
175.182908394,88.9775220886
174.554231609,88.8684992458
174.011197677,88.7466467724
173.364288378,88.6614514412
173.099485763,88.6429542015
173.045045887,88.6615629926
172.876079752,88.6598935921
172.6960291,88.6880765262
172.324326194,88.6486968341
172.058033044,88.5598640558
171.471322214,88.3228774758
171.15707501,88.1578227364
170.778915102,87.9981926878
169.928990789,87.7438927162
168.801350167,87.4277061928
166.455332431,86.7308280756
164.619011293,86.2356292073
162.834314154,85.8461158143
160.238370276,85.3585722102
158.742844904,85.1387524542
157.335850999,84.9701915314
155.226842879,84.8628012782
153.688546022,85.0215593897
151.606459738,85.2578185207
150.437000621,85.2797085672
149.44688448,85.2711332069
148.431761785,85.2842684384
148.003673521,85.2364351547
147.738102929,85.2316685627
147.746456409,85.2770387976
147.781441923,85.3488667393
147.874180074,85.4662138803
147.923818148,85.4708384935
147.89465984,85.416510668
147.862614197,85.3337441495
147.819744197,85.2310507293
147.780529901,85.2154262907
147.68507237,85.3044067326
147.452538793,85.4865392927
147.223802803,85.5873460015
146.948693478,85.6155662959
146.187598899,85.5714948989
145.527271315,85.4369254486
144.395082019,85.0196931661
143.623897547,84.7422453731
142.898145004,84.4452071085
141.968327321,83.9863911293
141.490720094,83.6861369132
141.032094745,83.3103648815
140.815331077,83.1545505846
140.727281071,83.0577789799
140.255959541,82.9042194761
139.646740797,82.8835363035
138.560138027,82.7101523796
137.864657736,82.5130624207
137.307477158,82.2474817175
136.929972305,81.8379207727
136.930486961,81.7023753277
136.959509281,81.615786744
137.018479059,81.4871554176
137.055726105,81.3994844576
137.078074645,81.2927822803
137.08191254,81.208522804
137.103200988,81.1583794734
137.176352562,81.1172324292
137.228751724,81.1110316598
137.308553549,81.1169882962
137.355187771,81.1150076962
137.377743726,81.1063435855
137.403832124,81.1012665156
137.404521499,81.115454009
137.419510276,81.1885307312
137.444330863,81.2515584835
137.48068204,81.2943884869
137.571698924,81.3411832968
137.611655487,81.359109484
137.642097337,81.3975793963
137.636193517,81.4172196395
137.604910195,81.4351617113
137.564622655,81.4474817645
137.542143747,81.4421609071
137.559036204,81.4302535109
137.601150781,81.4390404474
137.656486357,81.464409759
137.713926917,81.5061553147
137.728667492,81.5308170166
137.71517698,81.5661741585
137.688419249,81.5908622059
137.674540161,81.625131664
137.675152644,81.6526288136
137.694946785,81.6630101182
137.723611982,81.6753935427
137.770234525,81.6774300969
137.793630153,81.6908098669
137.813220672,81.7204242762
137.812041894,81.7356460895
137.816246822,81.7354460251
137.802377263,81.7286908341
137.79064593,81.7144684014
137.763389215,81.6784331652
137.755666607,81.6652721728
137.780350695,81.6544046354
137.837900954,81.6377088817
137.882867654,81.6335346381
137.905025156,81.639911022
137.909570555,81.6447147341
137.905996685,81.6768573129
137.892318351,81.7245995221
137.883287839,81.7413327351
137.900447158,81.7583440179
137.948105227,81.766084303
137.999249796,81.770768655
138.056394195,81.8122196542
138.063789286,81.8433336212
138.054796368,81.8837135234
138.055915653,81.9112168588
138.071702399,81.9271716872
138.089548658,81.9381895295
138.091655774,81.9664077793
138.118834535,81.9760711045
138.154232628,81.9683785116
138.196912063,81.9643778531
138.247347402,81.9587215907
138.275099102,81.9628965721
138.277298001,81.968642027
138.262701963,81.9846045478
138.263978188,82.0033818374
138.294018082,82.0328262687
138.317149915,82.0395352158
138.344561013,82.0378735534
138.38369396,82.024738182
138.395047193,82.0047440724
138.408539994,81.9780143864
138.412428997,81.9595438546
138.403977065,81.9407269643
138.362499771,81.9340198939
138.3376357,81.9424362416
138.347681211,81.946980508
138.365912267,81.9463167693
138.386454695,81.9465329458
138.42340477,81.9180239934
138.427490653,81.8981540704
138.432143827,81.887837567
138.438238531,81.9001682741
138.4483365,81.9133704367
138.466220605,81.9396825819
138.487326086,81.9680715209
138.502491114,82.0068610285
138.508472664,82.0282472618
138.511275828,82.0411375872
138.50586869,82.0375233139
138.506896856,82.0245660565
138.528967498,81.9985008048
138.541609525,81.971404255
138.554886804,81.9615836015
138.590751909,81.9422448971
138.638657289,81.9286067331
138.808308851,81.8858738011
139.112058814,81.8961339524
139.619870675,81.9535406423
139.941693914,82.1340576598
139.972479203,82.2218085713
139.998561681,82.2998377894
140.290794828,82.3826129355
140.893711049,82.4118675203
142.381160299,82.7421028175
144.035806606,83.2978404089
146.015229708,83.965617244
149.246764561,84.7520220538
151.596098067,85.021772632
154.777474478,85.3284043779
156.742918323,85.3060637743
158.327260951,85.2164016693
160.149567255,84.9980100426
161.141395841,84.862021844
162.686266795,84.8167926998
163.77418766,84.9241581604
164.963644876,85.1249566981
167.024627951,85.4666103597
168.651130669,85.7666508261
171.626747524,86.0036117945
174.093347229,86.1367043235
177.054151021,86.3297423365
182.540283836,86.4147003292
186.403712612,86.3002804375
191.428201432,86.2521272186
194.602598672,86.210696003
197.513657821,86.3118577023
201.365754577,86.3541882607
203.592371106,86.3170105167
206.006142521,86.321253013
207.23458617,86.2885630013
208.084558583,86.2254965644
208.890540023,86.2562289297
209.13334924,86.2736121274
209.121442196,86.2429486631
209.130242861,86.2049408558
209.108675168,86.1522510992
208.872557739,86.0970852199
208.710554592,86.0718498176
208.539388233,86.0655729023
208.314975608,86.0885595133
208.183107892,86.0866222021
208.029537617,86.0912064325
207.964614483,86.1086867596
207.927308196,86.1468247315
207.994559859,86.1837988725
208.091370442,86.1709271127
208.264641828,86.0649564248
208.418605861,85.9740701791
208.621785066,85.8853892227
208.988244508,85.7861997825
209.192911349,85.7759991268
209.478146308,85.7678543396
209.609816521,85.7559323702
209.649193192,85.7958248105
209.440746933,86.1081425919
209.146963738,86.1760219195
208.745717545,86.0813208477
208.735016319,85.923255192
208.856200923,85.645222254
209.289499148,85.4373036995
209.887343913,85.3487711531
210.136674444,85.40501613
210.271648397,85.4060132164
210.291130959,85.4008534895
210.166233581,85.3872149548
210.063224246,85.378528781
209.919235776,85.369853671
209.838186508,85.3825607638
209.780156994,85.3883601004
209.734280683,85.3983680161
209.719264928,85.396829405
209.712222909,85.3903915862
209.70195135,85.3936550521
209.694723015,85.3891569102
209.690856686,85.3946928237
209.685086657,85.3998594182
209.681545561,85.4012219705
209.669310447,85.391147745
209.661405477,85.3830224492
209.633983174,85.3963901681
209.610811611,85.395952253
209.5888191,85.3864677957
209.557137392,85.3835395679
209.545638648,85.378681862
209.540873195,85.3471016611
209.548206217,85.3400148351
209.557931602,85.335414385
209.566916084,85.3390153022
209.576910422,85.3353596305
209.598267834,85.3282363786
209.62620318,85.3209409682
209.645190442,85.2874440429
209.665170732,85.2730310878
209.679427315,85.2727344198
209.714938622,85.2792543531
209.741884964,85.2986297961
209.765265734,85.3301021863
209.800113641,85.3852299376
209.812060966,85.4237585183
209.817910194,85.4751102812
209.83157119,85.5056002856
209.82127935,85.5541376795
209.810574872,85.5733144027
209.79914892,85.5664838865
209.787345228,85.5787593272
209.780387994,85.6140398463
209.760141594,85.6513231234
209.69376746,85.6930558776
209.667509911,85.7110846327
209.651304649,85.7335592818
209.660891639,85.764226105
209.682558414,85.7703302485
209.736554071,85.7441475541
209.787516293,85.7310166712
209.826479022,85.7283709955
209.866600595,85.7367930259
209.883625164,85.7468809364
209.909185617,85.7544875912
209.920632912,85.7554229578
209.930007558,85.7595014763
209.970642478,85.7745805823
210.025983574,85.7922584258
210.07588624,85.8070362985
210.1365104,85.7867461858
210.204597944,85.7717502302
210.321750137,85.7732820777
210.394084846,85.7865938279
210.477896537,85.7714877313
210.529182299,85.7461831332
210.599422413,85.7134452448
210.703221792,85.6379896887
210.802022945,85.5825943449
210.97627719,85.4774595016
211.17148138,85.4158196847
211.4511753,85.3701535652
211.954812315,85.3667573418
212.360748788,85.4229123186
212.990781059,85.4612600597
213.378848451,85.4830049576
213.749177052,85.5249949131
214.311936803,85.5542319534
214.756317579,85.599000705
215.137170508,85.661304871
215.609269115,85.7867452551
215.924007404,85.7518214819
216.262456266,85.8069629883
216.380533681,85.8151849926
216.557872782,85.8454593201
216.735027952,85.8215347047
216.895019683,85.8239802093
217.187800067,85.7927710876
217.302426252,85.7806698298
217.419268728,85.7646555742
217.574671746,85.6817299714
217.638762041,85.6493849522
217.686621933,85.6503403546
217.707672133,85.6392877225
217.696299689,85.6162186769
217.599404516,85.5768238295
217.530604003,85.5383825916
217.355641154,85.4826253271
217.25706057,85.4541311632
217.120630316,85.4149045654
216.920981113,85.352871025
216.783817204,85.296363745
216.59348266,85.2863512708
216.415759356,85.3212839228
216.255220673,85.3351178286
216.014937407,85.3532346367
215.884430822,85.3794362869
215.75816561,85.4209725221
215.668836684,85.4669943345
215.59659496,85.5073069332
215.51739022,85.5438220132
215.469769987,85.5670073967
215.441070903,85.6143808954
215.436847174,85.646122232
215.433007263,85.6727634451
215.422056879,85.6912431846
215.36927027,85.6065197475
215.29029722,85.3648737377
215.147451443,84.4576623974
215.10372474,83.2673230294
215.444976241,81.6718470732
215.86329943,80.5279250262
216.335566439,79.6977242634
216.970914009,78.6302535001
217.253693576,78.0030021465
217.509456217,77.2324164729
217.597753224,76.7476688487
217.744851848,76.2813712172
217.942930689,75.7900615792
218.012486053,75.5974668106
217.967293753,75.4705534523
217.900897893,75.3962038717
217.841243312,75.3604969492
217.71128179,75.2803560836
217.704581177,75.2408634914
217.850986464,75.1403888163
218.204624549,74.9757054016
218.751686371,74.7466674781
219.573605503,74.6125136787
220.059255463,74.7156621304
220.51381826,75.019004279
220.545806661,75.2787143475
220.50118597,75.7249791862
220.135348805,76.7795329011
219.721004359,78.038956723
218.333705906,81.3253332144
217.514392851,82.9307771181
216.848851334,84.2135409158
216.033532126,85.2230489396
215.882558988,85.4189079853
215.209568932,86.014871251
214.085574791,86.2658648953
212.943088951,86.2908367624
210.109643594,86.1215175269
207.026238011,85.749471287
202.348405584,84.9689943383
192.968599738,83.1578172037
186.042670004,82.0871816084
175.601359914,80.8666770136
169.093450071,80.439315918
162.819722751,80.258951501
154.544314739,79.9414436871
149.497544275,79.7192859067
143.02065934,79.3814168141
139.651790228,78.8564405768
137.295463683,78.7869876276
134.749359529,78.9166051256
133.683659846,78.8805059638
132.691527942,78.9014515322
132.111315929,79.0385576038
131.588984927,79.1167839547
131.102559618,79.2765603813
130.949997511,79.3700122422
130.901641825,79.5662751271
130.981935596,79.7918371873
131.570912001,79.9943833667
133.722415722,80.2503646412
136.057310993,80.3339566197
140.633260106,80.3904121601
144.747234286,80.3310777891
150.468524748,80.1058448345
161.527599661,80.3655857327
169.80651712,80.4481498492
178.443658396,80.5604189869
191.422094429,80.4136356155
199.489428378,80.2480297668
209.064036621,79.8607126206
214.440248699,79.3385181483
218.958056664,78.9240513036
223.856020237,78.7429189699
226.113723051,78.7232513688
228.266971385,78.6522803188
229.133150848,78.5227137782
229.559307996,78.4025549876
229.680490206,78.3398988803
229.572863858,78.3017661188
229.428831529,78.1364374203
229.184533362,77.7267788066
229.097233166,77.3881480927
229.04275868,76.952291392
229.039995043,76.8149441451
228.923585723,76.9600484697
228.764313867,77.0886971326
228.56595967,77.2516804439
228.336621939,77.5450285234
228.270299981,77.6972921833
228.180950097,77.8107969664
228.064579924,77.8547956373
227.82215423,77.8893624308
227.20608394,78.1492966298
226.624715894,78.5480264629
225.317745827,79.7817825971
224.242415116,80.6451055203
223.133379269,81.5124623293
221.663211507,82.8020646805
220.823877816,83.6443401516
220.011833038,84.500021583
219.699186378,84.8601394473
219.491076038,85.0916002814
219.39431729,85.1732466975
219.352979358,85.1738012956
219.32346326,85.1636597196
219.250345095,85.1091297562
219.20019075,85.0825856211
219.103537184,85.0765359415
219.031648383,85.0822424331
218.926316171,85.1119801775
218.763604869,85.140283093
218.654492424,85.130878596
218.547371511,85.1314739225
218.521275343,85.1382333402
218.536090747,85.139607022
218.68720137,85.0872376344
218.809630282,85.0565395786
219.146948372,84.9601801154
219.299910893,84.8965157171
219.467758343,84.8105724839
219.698313108,84.641978803
219.85493107,84.5455458764
220.091672435,84.4175014105
220.220553236,84.3635733851
220.326666913,84.3251431579
220.480208756,84.250163638
220.584483063,84.1926052444
220.723801389,84.1406174781
220.910190815,84.0943991033
221.053181162,84.0420100065
221.291892957,83.951620565
221.441287907,83.9415162499
221.578624938,83.9207959241
221.73522665,83.9187385158
221.81853097,83.9392919701
221.883985131,83.966540321
221.889947792,83.9888007537
221.886199826,83.9912411432
222.073073191,83.9428566137
222.839928357,83.7356555489
224.791381151,83.4750925992
226.794478391,83.6760817378
229.8911766,84.9152562174
236.4907726,85.8106815359
240.682702459,85.9766304595
245.59579697,86.1112717028
248.028988139,85.9678644497
250.036628022,85.7218373229
252.175838868,85.5347785576
253.217576235,85.5061816428
253.955478331,85.6356987807
253.982028377,85.6044893354
253.786639247,85.6043843973
253.060729264,85.4388695122
252.003156057,85.3693713066
249.13087829,85.4114430899
246.799604975,85.3297706457
244.294402659,85.3769307806
241.089853199,85.3917620515
239.540252272,85.1954913986
238.518810623,84.7804236707
238.197146452,84.5897613615
238.222090137,84.5310451821
238.099806285,84.4953417227
238.004036099,84.4744558783
237.763587006,84.3865521018
237.604785068,84.3569130114
237.398866123,84.3015760588
237.111975546,84.2518492668
236.945651057,84.236328906
236.632355187,84.3523719801
236.443147989,84.4347321487
236.260884234,84.5232500663
235.972312082,84.5982729211
235.809523579,84.6283380202
235.694513114,84.6315124031
235.61407537,84.6323682912
235.572558293,84.6228449445
235.524501755,84.5924125489
235.487655771,84.5253389517
235.466047945,84.4507956706
235.412282369,84.3516969826
235.371713657,84.3165052671
235.30040496,84.2879791419
235.258981328,84.2880415193
235.221923978,84.2964075293
235.16514861,84.2763132732
235.139711522,84.2640143628
235.12342089,84.2566974129
235.114441804,84.2604272037
235.1108178,84.2496532749
235.104625969,84.1891511313
235.114986465,84.1399567651
235.141592471,84.0675804031
235.186145652,83.9888889599
235.208363897,83.904105553
235.227498829,83.7363861285
235.225833251,83.5569454608
235.241700267,83.2551441313
235.292447932,82.8493417655
235.235124764,82.4128429271
235.224534825,81.1823480761
235.109244534,80.1973572789
234.954984657,77.9457358342
234.782179064,75.9726122005
234.470152978,74.5618679733
233.987063388,73.0769987277
233.699358689,72.7620158641
233.468464182,72.6042050137
233.332282211,72.4791302495
233.334394192,72.3506451768
233.295052268,72.0491506315
233.289554261,71.8674758918
233.235405453,71.8263797086
233.130206997,71.760702841
233.102073054,71.6800227781
233.092451412,71.5109701897
233.126481902,71.4362613474
233.186256669,71.3694395782
233.34405491,71.3351936608
233.417947139,71.3565313562
233.490141535,71.4015853467
233.519636189,71.4267319485
233.53636818,71.4038168779
233.573791524,71.3098755695
233.606746713,71.2688843053
233.680116656,71.2187473332
233.759887324,71.1913484265
233.848922908,71.218089527
233.936184018,71.2937771781
233.973136302,71.3022599623
234.020474741,71.3314216129
234.054784047,71.3425171927
234.11804692,71.3370560591
234.231945247,71.3024849091
234.360435998,71.2675759878
234.703913202,71.1653442295
235.151341534,71.1092611499
235.910404208,70.9269898867
237.78654573,70.2791596952
239.20203557,70.0338534157
240.332197443,69.9734092801
241.727935463,69.708092495
242.451354856,69.5049031728
243.254371657,69.344296392
243.64644525,69.329914855
243.982250103,69.2389979252
244.094741419,69.204252215
244.053104452,69.1723105784
243.927773966,69.0340385883
243.734301569,68.9476429691
243.527746039,68.8863752657
243.26038781,68.7995582549
243.181930793,68.7530897261
243.115987864,68.7083056882
243.093001429,68.7044936473
243.076391756,68.7003698811
243.024201464,68.6807460727
242.960886354,68.6648264059
242.836938726,68.6193167883
242.754363413,68.5933972459
242.653552313,68.5953350818
242.412730644,68.6230637974
242.21862947,68.617022641
241.997689119,68.5986762908
241.823380354,68.5432510682
241.676826552,68.4905179852
241.528332835,68.4146501072
241.372652073,68.3757443248
241.05637227,68.4781535807
240.444500689,69.067667616
240.104541961,69.3529546924
239.456753821,69.4134313662
238.905366864,69.3738736484
238.007257402,69.3245865876
237.396738783,69.404630983
236.867726501,69.545901537
236.195060089,69.6171987118
236.031701133,69.6617560388
235.955395309,69.6523450786
235.82666147,69.7188031399
235.757945369,69.8004770138
235.663662706,69.9414366256
235.596093763,70.027829773
235.476099523,70.1033839011
235.308410202,70.1648658023
235.156966032,70.231496314
235.013505461,70.2852988564
234.971405431,70.3302130481
234.947485919,70.3575943555
234.967563332,70.3780283001
235.000556214,70.3963961648
235.056561794,70.4129619555
235.097259136,70.4129966857
235.129948721,70.4081568493
235.153748455,70.4006490187
235.167768532,70.3688487458
235.181352912,70.3369131911
235.183372995,70.3471712664
235.170386117,70.3647878942
235.136447863,70.3812141147
235.138578007,70.3690115312
235.162620362,70.3424248822
235.189157956,70.3138025867
235.204520373,70.2953434832
235.232740386,70.2804991911
235.242281798,70.2770971424
235.24064627,70.2784216156
235.233929154,70.2754139152
235.218558289,70.2864746503
235.170165311,70.3253045967
235.12020482,70.3327425913
235.038399576,70.3383235972
234.884595398,70.3356145166
234.721022168,70.3386127968
234.541421917,70.3133885117
234.390433212,70.2881566144
234.20594945,70.2753043617
233.932625481,70.274806828
233.7815473,70.2909384019
233.548801661,70.2829854458
233.433995754,70.2923372258
233.335457058,70.2955353902
233.226553078,70.2833760111
233.195647122,70.2815813994
233.197167832,70.2689293988
233.225586368,70.2539020114
233.269954615,70.2447208757
233.343214243,70.2461506836
233.387501554,70.2573901746
233.441350468,70.2842221364
233.473996262,70.2946458149
233.534540197,70.2612501346
233.896434146,70.0119715561
234.259760421,69.7857179558
234.538035829,69.6171414274
235.080615911,69.2893265232
235.524903028,68.9905415955
236.281800381,68.3570070253
236.780836753,68.0062885289
237.375168703,67.5515348522
237.701796959,67.1744253732
237.9067621,66.7268838283
238.154652296,65.9971585577
238.408845108,65.5360318076
238.795325405,65.0537527583
239.085301094,64.8701507149
239.337413299,64.7114216247
239.710592174,64.5173413839
239.966508997,64.3052487965
240.131854137,64.153101852
240.270880288,63.9947945394
240.272931851,63.8985852666
240.315457822,63.7951052831
240.306318956,63.7085520783
240.311151928,63.6532147366
240.364221953,63.5704228652
240.380750118,63.5500613931
240.37738905,63.5642680835
240.347223894,63.5876167387
240.324699311,63.5800961252
240.291396621,63.5811414153
240.327366476,63.5558670813
240.440716994,63.521799757
240.484834667,63.5132535289
240.507707046,63.5254822298
240.370776989,63.6140817423
240.210033165,63.6680976819
240.088357858,63.7057512918
240.037877447,63.7042392496
239.979322522,63.7311833231
239.898400311,63.7768205534
239.873543357,63.7988493763
239.821690268,63.8285803741
239.778890812,63.8475301151
239.733894833,63.8764488324
239.695770328,63.8896745273
239.689473963,63.8993210483
239.683249279,63.910152191
239.679616908,63.8980494003
239.693293314,63.8661404594
239.73299735,63.7688437169
239.774378117,63.6946862021
239.872138476,63.5915623726
240.136285382,63.2408086192
240.374147428,62.8414967661
240.77774854,62.1586851388
241.047937034,61.9282347319
241.273284031,61.7312019153
241.591434223,61.4474064011
241.880913058,61.1388230176
242.126375776,60.8012541362
242.154970312,60.6582373549
242.120425365,60.5046607114
241.702223605,60.232177706
241.089770979,59.8797556425
240.526561592,59.6805600516
240.569503621,59.649057996
240.562426624,59.5917730479
240.682531454,59.5659956746
240.775281419,59.5532522349
240.852036215,59.5307307762
240.8850144,59.5277579623
240.900081983,59.5356055414
240.915358486,59.5711022298
240.922201089,59.6178887982
240.830224885,59.8259659333
240.761400096,59.8956848622
240.712363047,59.9740575055
240.664497153,60.0150269061
240.610829503,60.0499903175
240.541384715,60.1089271577
240.462928674,60.1347972245
240.372903497,60.1588774086
240.285264267,60.1802643994
240.234524438,60.2047793567
240.180737569,60.212960607
240.123591279,60.2279850492
240.103352713,60.237796023
240.074044487,60.2500457783
240.055912607,60.2360951269
240.046553766,60.2281364986
240.007539539,60.2248198065
239.982876287,60.2191300075
239.950906542,60.2040812862
239.922611192,60.1897802868
239.88711998,60.1925873204
239.885735713,60.1567534601
239.912233622,60.1292034175
239.929537999,60.1166967752
239.921442129,60.1157727742
239.906088461,60.1064559605
239.890500431,60.0798162132
239.866711794,60.0751911723
239.83652341,60.0765989496
239.825709848,60.0987704222
239.806726829,60.1231969736
239.785742374,60.1424319048
239.783813377,60.1485513045
239.801810486,60.1498153832
239.809692245,60.172178855
239.816773014,60.2012708909
239.809099574,60.2406817026
239.791369338,60.2555659431
239.77625051,60.258894657
239.795504315,60.2606516775
239.824161914,60.2745778661
239.84357225,60.3023365501
239.858077194,60.3063846367
239.8780299,60.2986050102
239.920524253,60.2829373646
239.95250664,60.2939645897
240.028340216,60.3107266889
240.060433571,60.3221892241
240.065252767,60.3149698113
240.025477153,60.2953911901
240.003115421,60.2901733681
239.988426506,60.3166752935
239.978343529,60.3323040373
239.967775185,60.3348481332
239.959862237,60.3238692344
239.948412039,60.3243272103
239.90631082,60.3560144402
239.861082295,60.3565304938
239.839689802,60.3608775673
239.77163815,60.4592826084
239.664688675,60.5446035696
239.421870989,60.7096607198
239.167319142,60.8624120609
239.009991572,61.015675847
238.784652388,61.1669821567
238.682230765,61.2683200482
238.536038932,61.3906222694
238.463237828,61.4843310969
238.367815733,61.6254529123
238.147430985,61.8587800744
237.99840019,62.0882121801
237.726730273,62.3295750866
237.609026249,62.5007110274
237.395856304,62.669048934
237.069094003,62.9876454732
236.767926334,63.3074854505
236.18265009,63.9542794209
235.717335143,64.6535125254
235.150885309,65.5640476191
234.218682298,67.2781130936
233.565990186,68.4711399028
233.009608858,69.6747098836
232.24872269,71.2079777375
231.633219548,72.4200860795
230.736937109,74.3208171286
230.074904034,75.8532086952
229.411907254,77.5624271461
229.011930588,79.7180068676
228.975617433,80.9626499131
229.366786969,82.1689369904
229.713822023,82.7842501035
230.194225614,83.3582609588
230.90035009,84.1354469838
231.3714324,84.5148935926
231.879965896,84.9186739269
232.082986696,84.9897064192
232.129350634,85.069619609
232.062009459,85.2518300943
231.956029975,85.3499011447
231.830347875,85.4011139571
231.79316535,85.4122490383
231.778825352,85.3965391767
231.960113158,85.2948368894
232.211988414,85.21101564
232.785356258,85.0327781833
233.204106719,84.8316320723
233.576454897,84.6878908706
234.15412332,84.4711344151
234.899602236,84.2996952428
238.147657523,83.9555229965
242.125757474,83.7479792626
246.547955256,83.590561046
252.676169118,83.5756530549
255.75867189,83.6409038573
258.380099353,83.5161741999
258.885165077,83.3940777057
258.722108741,83.2298044736
257.804028523,83.0652299251
256.895255245,83.0630830393
255.296110533,83.355758121
250.265992037,83.9109090615
245.105318365,83.9204509359
236.115171043,83.6722756583
229.083196727,83.0966501563
220.375032616,82.9484569609
207.264899176,81.7236456188
199.630261636,81.6953528947
189.400407821,82.393462707
183.471546245,82.6819204497
178.137277611,83.0859629851
171.202162483,83.9035002864
166.742577157,84.6251431745
158.744045495,85.7350402127
152.779833076,86.2527734822
147.139537204,86.5961196544
140.406413686,86.3491977412
137.544882,85.9554519395
135.112383903,85.7134463004
134.118026904,85.5622613943
133.228512309,85.2547536519
131.568542595,84.8058923409
130.179954622,84.4235432108
127.346614582,83.6782967968
125.146379213,83.1361141634
122.79855538,82.4469693719
119.479417481,81.4735038746
117.532417494,81.1339048086
114.990042818,80.6173080644
113.491589352,80.2247618364
112.240187251,79.8883792478
110.412831044,79.4809341538
109.181094626,79.1645930963
106.828130148,78.6785724543
105.051233857,78.2898229114
103.374639814,77.886486315
101.910837576,77.3021288326
101.466647564,77.0108552628
100.595711001,77.1739728916
98.9045461885,77.1481413168
97.8863301041,76.9839475645
96.6331281798,77.0973694721
95.8154845052,77.0786791651
94.9307615315,77.2029357861
93.6008244796,77.3437813788
92.6609082448,77.6564900816
91.0849032441,78.1370515273
89.9833559963,78.2500236628
88.9307952609,78.4085245354
87.381902905,78.264858163
86.4131876181,78.0982805652
84.9902548184,77.5542980576
84.2849591015,77.5367543223
83.8496118367,77.6230501181
82.6679728957,77.6643650089
81.9503559472,77.5209920517
81.1421409984,77.0555906101
80.7360006337,76.8172946911
80.3053153191,76.4532529042
79.5710021472,76.109582317
79.0962246345,75.794769985
78.1077122263,75.6486312791
77.5440399514,75.6148261282
77.1076487627,75.6515299909
76.8413501182,75.6328383491
76.7962518183,75.6519808451
76.744132061,75.6677071957
76.482873461,75.7514151945
76.2280720551,75.7348836551
76.0891765919,75.7179550433
76.0451711334,75.7366466916
76.0232023925,75.7573515473
76.0023781865,75.7943405294
75.9201980569,75.7949622457
75.765255999,75.7898395009
75.7686056587,75.7763874793
75.8975793236,75.7057701619
76.1783083628,75.6689125976
76.3461342997,75.6287230544
76.4910863617,75.6381733797
76.6353841587,75.6741823728
76.8062624211,75.7585162548
77.2299993826,75.8152995221
77.6655184442,75.8602360698
78.2938152202,75.9627993088
78.7222100288,75.9107210818
79.1809369425,75.9673880636
79.973038908,76.0707576094
80.4400587354,76.141955691
81.2728062106,76.08177856
81.7954683335,76.0342960722
82.4591493912,75.8534804656
83.5379379005,75.446047428
84.4181377174,75.2415691262
86.0521083826,75.0243774886
87.3520875541,75.088750148
88.7725637022,75.1885899098
90.7380454422,75.3918849835
92.1996332475,75.5019826942
95.5601208256,75.8063782101
99.1470144967,75.8610083405
104.882358926,76.1372388209
119.762114233,78.1149102952
132.524766823,79.9538550746
144.264675975,80.800391875
161.001005738,80.8139697744
172.027725369,80.5575917282
187.098890959,80.7871155476
195.909922035,81.3059995386
204.036466492,82.153084048
215.417644813,82.5348265011
222.24561148,82.7828971841
230.134066678,83.1056670216
233.864663936,83.1166181435
236.690034392,83.0392417048
239.594004122,82.9332283247
240.727992084,83.0971446861
242.103870925,83.3364183426
242.794073468,83.6118467504
243.644332725,83.7565362908
244.922687514,84.2656686531
245.586104184,84.6756817375
246.391744347,84.821134539
247.146374494,84.9799415645
248.143997115,85.0972655554
250.245282498,84.9055756392
252.15800748,84.7530455827
254.839629642,84.5490326955
256.465552232,84.3959030172
