181.388083069,94.8147033821
181.432050738,94.7319534818
181.465797012,94.5575684069
181.494487524,94.3774181445
181.51443384,94.0823787614
181.596784832,93.7396282015
181.54475356,93.5727150145
181.385482231,92.9321406227
181.314115506,92.783832475
181.477683112,92.5093900431
181.72065813,91.6947295251
181.69587879,91.278923586
181.844139957,90.9890284532
181.924841054,90.6970048183
182.128088756,90.5474317725
182.508745591,90.0726062032
182.889484679,89.7271392624
183.494505237,89.4723837567
183.702136516,89.4614064174
183.800077948,89.3822205439
183.989998629,88.5827289981
184.058311419,88.314589195
184.231680014,88.2427627949
184.360225935,88.1781524686
184.392474032,88.0890386101
184.22096579,87.9152025248
183.942056028,87.8399422267
183.387302894,87.8371549291
182.9797835,87.8031536543
182.424760817,87.7680784534
180.85095326,87.7193203002
178.53872537,87.9508905575
174.672057881,88.2697603596
171.93605094,88.2949508515
169.187874799,88.3266056451
165.595153739,88.1174518346
163.428140192,88.1183194503
160.354090084,88.249414362
158.36578446,88.4081735154
156.565004315,88.4988631144
154.236396045,88.5453796386
152.771494972,88.5806876204
151.147275554,88.6580625723
148.428540811,88.9760814673
146.406227034,89.4434477091
143.128226641,90.0652819934
140.93220163,90.6706140038
138.791426728,91.232805239
135.662389603,92.2761729397
133.806677135,93.3017256095
131.357599427,94.8479757875
129.782630964,95.8436243886
128.337345157,96.9608083949
126.222013869,99.4239145891
124.812396051,101.607299137
123.061974135,104.214395897
122.056691383,105.693783236
121.045814037,107.124493761
119.728202206,108.507117499
118.864913386,109.02434971
117.570597745,109.881120346
116.674644647,110.540865961
116.01989979,110.838012561
115.508944126,111.092042427
115.324913918,111.360794067
115.212986864,111.485950338
115.055578421,111.619271021
114.953318474,111.724413765
114.906910114,111.789844716
115.385715398,111.489473607
117.366109072,110.388562682
119.45969161,109.64414365
121.823348644,108.926185902
125.49421379,107.851879553
128.1813497,107.04513082
132.746574817,105.868198437
135.791350157,104.872319425
138.663089329,103.6494524
142.397231047,102.045020894
144.330984986,101.764982895
146.04567358,101.400287106
148.2819263,101.207140301
149.602051892,101.011221531
151.012947004,100.650505267
151.630825902,100.2405432
152.048143277,99.7289621504
151.913501233,98.8918018311
151.293591614,98.3578704811
149.463462614,97.5810737396
147.650835784,97.1353457782
145.247160205,97.1169231421
141.086364086,95.9239158415
138.878483058,95.0726860983
137.309766132,94.2040569175
137.175319397,93.9671067572
137.643824743,94.1316454664
138.678003648,93.9434753757
139.238513947,93.8844867854
139.954942536,93.8475948347
140.552312276,93.6357059379
141.619645253,93.530009063
145.987744879,92.8998266292
150.900562976,91.9187407768
159.130385402,90.7282177647
164.470077774,90.3517569919
169.118944858,90.3706673402
174.394965568,89.6981061162
176.488961199,89.0256729766
177.919867579,88.7326930323
178.707266114,88.7489125044
179.419797939,88.7109762078
181.090480692,88.759892721
182.598473786,88.5938208064
184.09746679,88.2048411902
185.681084666,87.0421449237
186.288862643,86.3075040036
186.943269408,85.6945054172
187.301765681,85.1453205363
187.789554375,84.9514105084
188.678685452,84.682704089
189.555252905,84.6642353886
190.933184209,84.3932005244
191.684762202,84.1757639123
192.255628207,84.0488133656
192.95389634,83.660696453
193.545313046,83.1883033139
194.618290966,82.1086079828
195.435213147,81.0586572992
196.340948567,79.7057706847
197.977760408,76.7958316186
199.516874434,75.0545461971
202.775167254,72.2437909244
204.95535184,69.9984874799
207.230787511,67.9912280454
210.778169079,64.5771990373
212.775705933,62.7864113328
214.876291454,60.5531428557
215.13917941,60.449232796
215.199744985,60.7603100032
215.249087263,61.0515329308
215.682090055,61.4165437129
216.507036968,61.4094735382
217.10544529,61.3871671366
217.613438408,61.4701576895
218.364423638,61.7280617286
218.95995067,61.8580415192
220.465637323,62.0267191433
221.655126453,62.0759565066
223.116171322,62.1447362654
226.332979114,62.268016538
228.721313319,62.3120897281
231.089496964,62.2746881001
234.998678123,62.2251744865
237.998852563,62.0426506529
242.69848719,61.6262345353
245.658880756,61.4635190572
248.405422316,61.4926483365
252.05175573,61.3344370818
254.023273273,61.185063584
256.554787582,61.0922728559
257.992804308,61.0765657129
259.460322558,61.1898734406
261.818128742,61.6269021827
263.866491228,62.509926951
266.998593058,63.8060340526
269.07353716,64.4665320496
271.211957925,65.2144598425
274.582503288,66.6490904493
277.299375093,68.0633272761
282.145783351,70.6022291746
286.084949683,72.2899951816
290.483244788,73.7433210871
296.814136002,75.234009034
300.492866629,75.8928068468
304.713765646,75.7757444366
307.248806957,75.8044688424
309.553736823,75.5959212844
312.61700358,75.9956558297
314.282591154,76.374021841
315.519758434,76.5390763585
317.266508672,76.6747778294
318.270954375,76.5175785633
319.778320557,76.2335010064
320.565453814,75.9501543527
321.223949816,75.6344058514
322.121937877,75.0108990019
322.789140941,74.2526517407
323.851379016,72.1679374611
324.352148095,70.7049501318
324.735506868,69.7197173968
325.180901651,68.6074276474
325.534536444,68.5056718566
326.271176523,68.6523535559
326.57722022,68.7674132299
326.635672711,68.7597353912
326.545431511,68.6177270809
326.565508466,68.7827885833
327.034028862,69.5905219193
327.219710983,69.959396307
327.319148918,70.441604718
327.565251328,70.9108954636
327.754077908,71.5884160653
328.103048727,73.3782441828
328.088419194,75.3642418371
327.673529253,77.2621606982
326.937276071,78.7666089512
326.781360058,79.445115348
326.887348114,79.8243996554
326.977139295,79.7382333613
327.075870174,79.7383031687
327.19816619,80.0198426103
327.072387501,80.2796362121
326.8910132,80.6618376234
326.807355572,80.931336294
326.739415412,81.0426250767
326.720821609,81.2993802974
326.78934315,81.5226687707
326.888958517,82.0126193193
326.948700616,82.689701684
326.997414516,83.1879778949
327.398296311,84.081583982
327.713529845,84.911384021
327.691902128,85.5404625922
327.741482708,86.4164712928
327.836193942,86.9540875711
328.033357881,87.5339484807
328.166847542,88.722064189
328.129225382,89.5367059582
327.864784539,90.4137460294
327.445293187,90.8765705527
326.825301396,91.5990012982
326.40856276,92.2357553202
325.754157625,93.214483103
324.619889186,94.4791759818
323.929576557,95.2689898245
323.14618426,96.7342411941
322.606624661,97.0236526964
322.077870447,97.3390713307
321.492951318,97.6222917506
321.260554201,97.7525640828
320.916972237,98.0463169948
320.828405362,98.1835042405
320.819433615,98.185902256
320.858031429,98.3774239331
321.001814997,98.4841333322
321.239460335,98.5010460358
321.33851001,98.4582888453
321.5261191,98.2951928934
321.790470623,98.2199963685
321.876698487,98.219388229
321.942256941,98.244233501
321.943578124,98.4214148441
321.850917808,98.4961171818
321.653542742,98.7198257778
321.509946887,98.9219381885
321.339960925,99.1066328985
320.849775551,99.4657782983
320.479214297,99.5539661535
319.747169882,99.6783014194
319.32176629,99.800961467
318.835679348,99.9039728552
318.176268034,100.315051139
317.535623474,100.651715235
316.17213986,101.648195712
314.958721158,102.455956192
313.622469368,103.081651174
311.580433887,104.222605681
310.49495152,104.934687986
309.115631075,105.554065262
308.192733681,105.951222709
307.355664275,106.258797971
305.919050931,106.731719683
304.720979748,106.992330039
301.588827342,107.714885052
299.500247161,108.398087896
297.882410704,109.084637085
296.174078871,110.157487895
295.068800399,110.772887842
293.376783143,111.339175732
292.428088264,111.706873537
291.777111843,111.849752344
291.196015613,111.926822875
290.966300256,111.905289221
290.713544435,111.641081318
290.145968239,110.719771378
289.401764483,110.072304208
287.623878446,109.612624748
286.007274587,109.461820734
284.599810724,109.382715472
282.726850367,108.885264462
281.595339959,108.679114268
280.451158595,108.160107996
279.551023053,107.769474917
278.533613914,107.342766216
276.789185842,106.81800496
275.911620649,106.694114102
275.006182896,106.45808738
274.696180863,106.26941278
274.363030696,106.053744838
273.513030549,105.838180533
273.073640343,105.757693627
272.38442044,105.736376079
271.97737569,105.725730865
271.5496075,105.701458288
270.375654125,105.094215345
269.49490828,104.529704961
268.394414406,103.523083332
267.820598135,102.849574562
267.326892565,102.501797728
266.603823408,101.571827168
266.108699578,101.016287204
265.62455046,100.397698554
264.930839365,99.5728584279
264.432159259,99.2462256713
263.556953951,99.1760305976
262.881853319,99.1748633873
261.824011014,99.1563111461
261.236475942,98.9394546841
260.833053725,98.5999521932
260.519502263,98.3283415188
260.489766619,98.0544989281
260.479722688,97.9750743019
260.439384648,97.8187835877
260.408210089,97.6217287336
260.410563672,97.3501392545
260.576209597,97.0943205865
260.689875216,96.9950137993
260.950230219,96.9034319443
261.08099135,96.8770673668
261.177875418,96.8737966804
261.229343344,96.8502437756
261.222021747,96.8001945963
261.145497064,96.6467471543
260.911413397,96.4283982113
260.673062227,96.2646899971
260.532134455,96.1086539127
260.437556862,96.0204054307
260.314586518,95.9841316514
260.221212998,95.7911138087
260.112818843,95.6296035279
259.903896458,95.5532228506
259.540884493,95.6023952239
258.960195664,95.6489471158
258.700872041,95.5996886782
258.527621089,95.5960820247
258.399005703,95.5817023465
258.216443591,95.5560445285
257.529999362,95.5343268935
256.933209853,95.4441315165
255.799401053,95.1270383299
254.904725973,94.8586497535
253.92947257,94.5235800079
252.335511899,94.1847551422
251.139734466,93.8378209209
249.75242892,93.5864385847
247.553336527,93.1416700293
246.158066867,92.9535454803
244.112747014,92.9315178947
242.824584306,92.8719488104
241.434657061,92.7371298223
239.264156358,92.5192549492
237.681309896,92.6022236181
235.217222503,92.7026857408
233.94736518,92.9192572349
232.86131182,92.9802202347
231.488984635,93.0256204688
230.603845173,93.1032003153
229.602940947,93.2853638644
229.166933627,93.3557974945
228.440990478,93.4045984644
226.901091958,93.6473872958
225.640567962,93.6825366564
223.499322715,93.7896167061
221.577757301,93.7401357938
218.989384287,93.6146423471
213.981568355,94.3105135575
210.240746168,95.2156766504
204.740376092,96.4857190068
201.529035589,96.9531238774
198.770041761,97.3295006747
194.937062315,97.3737677945
192.263740548,97.4057091772
188.748850294,97.8665058868
186.596671945,98.0088463694
184.793740477,98.3384273726
182.974715054,98.8612189663
182.354365317,98.8937536416
181.735472033,99.2065054937
181.119002551,99.2860054984
180.450317909,99.3685977098
179.327003552,99.638151739
178.562174556,99.5387293185
177.691736856,99.4047607895
176.364217164,99.1545185245
175.625500204,98.9591789738
174.757019667,98.8010259436
174.292442022,98.6373426563
173.843753204,98.3001459984
173.012819441,97.7530930565
172.362501594,97.5398199737
171.41484991,97.1347156821
170.657398932,97.0632829806
169.936163661,96.9573039642
168.91799944,96.7310798843
168.262917763,96.7271932063
167.409518954,96.6123252062
166.812385229,96.5016079854
166.025592098,96.4975026129
164.213565012,97.1564953785
162.654871403,97.7401123529
159.685288559,98.5814206816
157.274440763,99.0033819953
154.776939042,99.2438932685
151.134425711,99.3782374228
149.130450277,99.3858348935
147.181323164,99.5187365772
145.863617964,99.8895373433
144.551660782,100.49873484
142.387066821,101.193897836
140.329260717,101.77483509
135.483802013,102.816353039
131.895962442,103.554049124
129.082528212,103.988653699
125.761353627,104.018196352
123.654720904,104.170241748
121.674053491,104.345809952
118.93525527,104.472404848
117.325522885,104.73612276
116.20801917,105.13547311
116.006364229,105.627940416
116.309603923,106.314867645
116.68373997,107.914396351
116.876404628,109.495597135
116.881877544,111.942588088
117.018669251,113.174160812
117.174494746,114.201035604
117.611605683,115.280644204
117.702372387,115.700166596
117.377683092,115.898305687
117.331173338,115.885159289
117.349043396,115.830004018
117.654358427,115.715438967
117.936433933,115.745566776
118.353897437,115.70028449
118.805308834,115.786590925
119.246190163,115.851061299
120.247196578,115.997100237
121.384681856,115.901929404
123.112001045,115.402531763
126.606262675,113.071446121
129.233955453,111.182873862
130.980857386,110.282910326
131.846702205,108.819055425
132.577269776,107.531514027
133.276579029,106.632402158
133.876313679,106.084606629
134.857248333,105.105212645
135.374200149,104.635498102
135.951138246,103.798219801
136.410662832,103.336188255
136.508223042,102.96964527
136.312101464,102.394144807
136.107690466,101.991565201
135.944801336,101.7186561
135.724647354,101.431270692
135.591204192,101.241124342
135.36028619,101.084722819
135.126998079,101.06432358
134.626573497,100.960206438
133.55214806,100.604056277
132.484238941,100.321690695
130.49324758,100.764048373
128.061452312,101.44942193
125.284143818,100.876788422
121.919335821,99.5690406034
120.242235351,98.7025169017
118.205732363,97.4416902871
116.976677783,96.7511752433
116.024661684,96.2146210949
115.155997975,95.853782221
114.692496619,95.3778361923
114.32220634,94.9115456298
113.801719486,94.3026631877
113.259014488,94.0934977629
112.215978952,93.6103604447
111.19423659,92.8983734799
108.941960114,91.6373921821
107.220840775,90.8772508937
105.571206294,90.2231956797
103.820610128,89.6704668085
103.264825236,89.3901039488
103.127831027,89.1433846418
103.223935476,89.1702815032
103.25177601,89.1665561882
103.345163136,89.2477335213
103.36158349,89.379156712
103.393875688,89.4405828904
103.583299091,89.3920931014
103.762225388,89.3815571915
104.018374331,89.4476072773
104.135650754,89.4968116781
104.340275783,89.487420767
104.689513915,89.3994464796
104.940280412,89.3525215018
105.299516492,89.4528500905
105.640391869,89.5916519737
106.244161058,89.7419379259
107.550189022,89.7476482496
108.802781298,89.6267746373
111.168796968,89.5730101439
113.355958966,89.2887828861
115.676011021,88.8584575275
119.798535967,88.1491709847
123.287788202,87.5713701288
127.97237881,86.7955551777
130.675779774,86.3429570738
132.904551581,85.5081019136
135.853564773,85.0808978497
137.235067254,85.5631624921
138.905333465,85.7702166056
139.774171746,86.0859420443
140.553126413,86.2945777914
142.106408639,86.3112352285
143.68089904,85.7407114275
145.56534819,85.1099847045
148.193444326,85.2591304532
149.657108448,85.1296532106
151.728680127,85.2244193916
152.999176432,85.3790206865
154.250196222,85.6576259628
156.209901002,85.9568217256
157.488891084,86.2015805317
159.697148133,86.4769760196
161.575714111,86.6661141608
164.038459668,86.8420120199
168.909165376,87.0731016754
172.053421229,87.2856741283
176.315429559,87.7915273657
178.719219249,88.1146826842
180.497518739,88.1577742225
182.651575322,88.5341642523
183.810977885,88.9639838772
185.266091378,89.3401898916
186.383051203,89.5513544505
187.591094943,89.5634963622
189.311472579,89.338459266
190.417787761,89.3005175331
191.99332287,89.216867808
193.038131333,89.2731321611
194.113863835,89.5548398822
195.544794091,89.7488358668
196.266103452,89.9206257986
196.844943972,90.0647710724
196.907839977,90.0512317088
196.899342773,90.0389939136
197.26353016,90.006386871
197.828813369,89.9990945147
198.439547905,89.8872144347
198.822674781,89.8507460566
199.083746524,89.7868597092
199.337622773,89.6636332408
199.428464776,89.6446483875
199.545416744,89.6663955244
199.74569634,89.697117708
199.867417113,89.790264947
200.069813481,89.8542305887
200.137781382,89.8730234168
200.179611721,89.9042504976
200.133239983,89.8952606762
199.968095724,89.8577150936
199.555961662,89.8436896446
199.34642025,89.8189138704
199.056982237,89.7426419795
198.702025201,89.7471592829
198.523528532,89.7382374105
198.186217407,89.7531243825
197.96776003,89.8085515373
197.744725474,89.887921235
197.475263144,89.8732967168
197.31087297,89.7994366154
197.154094008,89.8430820631
197.076070416,89.9589195482
197.061928587,90.1087233328
197.583073667,90.7022896285
198.41755668,91.0697029673
199.324029409,90.9598769228
199.521590222,91.0292196057
199.424921228,90.911211952
199.194617872,90.8282787028
199.322709856,90.8789829032
200.345314859,90.8201183282
201.177318217,90.7841287138
201.961965831,90.7061759594
202.868118703,90.4346164835
203.037067684,90.3053769504
202.586953583,89.9376750213
202.529462246,89.9769614746
202.756200302,89.9938068507
203.760317111,89.7802887293
204.478821689,89.936124777
205.422047103,90.024613548
207.121561813,90.009175722
208.279816975,89.9540632081
209.940827703,90.1525184363
211.063945494,90.3650214782
212.343966841,90.6071392247
214.538140686,91.06524098
216.098321352,91.4508943282
218.293718909,92.0702354564
219.663974818,92.4879025904
221.029343195,92.9680990909
223.192862691,93.6155627478
224.623835012,94.0408938719
226.490465595,94.4242666538
227.310403834,94.3797082807
227.926956284,94.3574015263
228.796802915,94.8142853087
229.454221249,94.7283440503
230.289974732,94.3466022721
230.71715917,94.1834467623
231.14934766,94.0365489225
231.724725971,94.0477623764
232.258343191,94.1196089625
232.799780438,93.9977982557
233.111570578,93.8824298486
233.360271296,93.651858208
233.499380505,93.3321842247
233.608301187,93.2024560717
233.741740712,93.080804753
233.866021412,92.9897563886
234.061061092,92.8352572227
234.23712605,92.6601016709
234.271401373,92.5535360829
234.316684955,92.4819543071
234.396226843,92.3608153988
234.510648708,92.2225900893
234.722625993,91.9507464795
234.860718484,91.8162666524
234.968109878,91.7646769849
235.202668266,91.7109375166
235.358038981,91.7131805843
235.592455813,91.7304961147
235.692478993,91.7472269148
235.773991556,91.7057182958
235.898769311,91.6591301117
235.986093401,91.631323822
236.106761677,91.5912457475
236.218921516,91.6117429357
236.346841416,91.6264273675
236.529347443,91.6389197253
236.660807859,91.6206410724
236.849701346,91.5450007737
237.02093571,91.4219725
237.137207654,91.3613902849
237.366767792,91.2765921825
237.555945429,91.262429278
237.968594907,91.1581255055
238.330858604,91.0061055203
238.612822741,90.9078818967
239.188149675,90.7934620903
239.464384859,90.7489139921
240.043116714,90.6997512516
240.369916389,90.6717750461
240.639871595,90.6971279906
240.946295854,90.6949575293
241.035522133,90.6939605542
241.171809946,90.654921816
241.314135497,90.6699456223
241.643949697,90.7437187253
241.971541543,90.8484655815
242.155849927,90.871546548
242.295508273,90.8292011077
242.462514801,90.7119417323
242.481843633,90.6521743551
242.205954518,90.5181355831
241.631693904,90.4203796057
240.950986312,90.4220379301
239.179693482,89.9454085329
237.142308086,89.5123189183
233.045730614,88.9542474492
229.592260906,88.7510832025
225.890227984,88.6930987466
220.295960767,88.5896424167
216.733542812,88.5332890987
211.329264227,88.6121829721
208.063610458,88.7665831118
204.946907604,88.697381244
200.422171201,88.7932195855
198.075086657,89.0572875153
195.213857863,89.0264628187
193.834863264,89.1996975232
192.527163236,89.5300464278
190.724236719,89.8527662442
189.66610912,90.0408705946
188.177080914,90.047650557
187.266000584,90.1117623604
186.474248968,90.2308503412
185.32730582,90.2836622261
184.627275733,90.4284457476
183.740940123,90.5290217644
183.254523179,90.6113057665
182.836765262,90.6262088978
182.49824852,90.5499111928
182.373151679,90.5653215818
182.105881835,90.5034549232
181.593043116,90.5660470303
181.402601653,90.7229675456
181.34895672,90.7606419484
181.367554537,90.7838933126
181.495943147,90.8147927976
181.758828853,90.8296989679
181.909450461,90.87874927
182.149143181,90.918052099
182.283042826,90.9293236751
182.454272014,90.9348186003
182.714497269,90.8800863524
182.864768634,90.8067530239
183.149285344,90.5663868035
183.226100693,90.483047238
183.264740247,90.4135808902
183.260449144,90.3436452085
183.189932107,90.2829617157
183.081939856,90.0860210781
183.014011398,89.9413048588
182.949467503,89.8106380332
182.896157475,89.7583394225
182.857723936,89.7454926231
182.794559037,89.753272065
182.744684713,89.7495151517
182.675998636,89.7535582589
182.48153236,89.7561740741
182.399271928,89.7888818535
182.259548137,89.7942709529
182.176076987,89.8408807421
182.079529096,89.8654957525
181.894125678,89.905849877
181.749096946,89.9447107076
181.538654641,89.9574059361
181.446301616,89.9457832808
181.293030794,89.9271493952
181.115513981,89.9216545219
180.97848883,89.9572759094
180.855610687,90.0008064496
180.708397285,90.0446527612
180.584606869,90.0748684947
180.349424269,90.1492377302
180.150287166,90.1688598082
180.024262863,90.155810037
179.727524031,90.171863945
179.430650808,90.1057417519
178.630850002,89.9214474206
178.018701425,89.8293233582
177.277881669,89.7210340877
176.069137355,89.6134979423
175.139722915,89.5856974007
173.570873294,89.549075615
172.384021736,89.5388437443
171.14174676,89.5330671212
169.425310783,89.4805766781
168.349607807,89.4630703009
167.118710455,89.4748342375
166.394193649,89.3845943243
165.768079881,89.3424339362
165.181254922,89.3598367947
165.145437846,89.4024272822
165.024038053,89.5309554505
164.790807431,89.7379077457
164.609241458,89.7869991807
164.088269191,89.8140859402
163.834283321,89.7912095921
163.410726418,89.8260123864
162.825800558,89.8711584847
162.505483585,89.8767108617
162.062040726,89.83180109
161.839850833,89.7993833022
161.722390373,89.8032044596
161.547551403,89.7769770944
161.465308632,89.8098176843
161.325882317,89.8496397852
161.227259607,89.8402323326
161.101412213,89.8076680514
161.033250728,89.7995143786
161.076059692,89.8144012436
161.274081018,89.8062878286
161.428863361,89.7974901281
161.497558781,89.7950472597
161.579794506,89.8065646946
161.598600517,89.7946693376
161.661290871,89.7511075804
161.757882507,89.7484747286
161.921961182,89.7330191683
162.161235182,89.7250574577
162.270463139,89.7737435231
162.380578606,89.8272857005
162.438738137,89.8711293284
162.487852857,89.9037921786
162.612457406,89.8752721569
162.707236802,89.8342317893
162.827433874,89.7991327999
162.908438291,89.8028325831
162.982554297,89.8036819363
163.041022662,89.8266159995
163.053517656,89.8324383876
163.046269942,89.8331349159
163.049374207,89.850669145
163.042301325,89.8109237701
163.050028982,89.7777780767
163.022699253,89.7543236633
162.934414424,89.715876931
162.698856414,89.6311544357
162.518672511,89.5529650056
162.283277647,89.4482376813
162.087705022,89.424380243
161.879373189,89.3974960767
161.532648885,89.3794101229
161.30350791,89.3870236369
161.004846992,89.3910766962
160.836101073,89.3995053687
160.649062489,89.3928539704
160.384447884,89.4132883833
160.235728427,89.3338462025
159.9105669,89.2408323473
159.57312679,89.2199095703
159.224054642,89.2580333908
158.665133889,89.2765759546
158.210708873,89.1646110229
157.403054779,88.9247667706
156.457184707,88.7096055255
155.050148694,88.6066575114
152.11321509,88.191209363
149.625678341,87.9578295651
144.949999566,88.6920991641
141.396311385,89.5704945054
137.999045442,90.5811423498
133.276695707,92.5007394491
130.626948069,93.0288175155
127.651522111,93.7290305088
126.443130449,93.8279904991
125.782032623,93.8550702576
125.26583706,93.9586511151
125.404625635,93.8355549166
125.36897331,93.8148080154
125.342166563,93.7484523849
125.305650027,93.6837509587
125.04788429,93.6903801757
124.889282452,93.6874658576
124.755393639,93.7045694545
124.600604392,93.6742222418
124.569775007,93.6620204122
124.581318415,93.6958200308
124.642066794,93.6501845682
124.694278508,93.630742793
124.756767577,93.559281008
124.795800618,93.514849756
124.947469072,93.4405472433
125.060447108,93.3718711441
125.164039943,93.3332211262
125.304472376,93.3257295747
125.415874477,93.3537078005
125.657187815,93.5054876264
125.843576848,93.5421734799
126.004609595,93.5458834659
126.295247523,93.5167254327
126.432209667,93.581224492
126.647378717,93.5965910603
126.792791402,93.6222136195
126.909766762,93.6447162496
127.088206708,93.6914609911
127.216246964,93.733269413
127.408626,93.6793677173
127.555500831,93.6285037251
127.660944949,93.6298339393
127.74198482,93.663073651
127.803672984,93.7038183431
127.862897088,93.7158353947
127.914080201,93.6883683336
127.997764651,93.660227105
128.117287485,93.7522905281
128.08828735,93.7841443882
128.063723481,93.8558535137
128.498737486,93.7826284736
129.16205276,93.6750199459
130.188095676,93.7093281169
130.941431103,93.753930672
131.771224205,93.6359221513
133.454082897,93.4111307428
134.647762159,93.3786228312
136.674869456,93.1753074717
138.268482098,93.0643704485
139.852321065,93.0417417722
142.28624761,93.0001109283
143.862410031,93.0593975472
146.242190674,92.8209458162
147.771634722,93.0591183054
149.159196539,93.0923975321
151.101773804,92.9755706128
152.349899521,92.9658248484
154.075533221,92.952718528
155.005329649,92.9915631889
155.778499564,93.0235891526
156.741071743,92.8681253464
157.404764084,92.7497681574
158.449508289,92.5097250654
159.104412641,92.4236924203
159.732551769,92.373218085
160.525787263,92.3494797124
160.832658878,92.2700177972
160.968744063,92.1650776876
161.174027714,92.0989910548
161.545800148,91.9630371828
162.035026433,91.8746151838
162.224960184,91.884993838
162.329628048,91.8453964738
162.535913902,91.7081570735
162.635933494,91.5907769293
162.739331222,91.2967031312
162.77435646,91.1308959969
162.778780767,91.0463132357
162.67220149,90.9045370656
162.625662788,90.8013797859
162.660973577,90.6664559854
162.749585542,90.5256940892
162.853936217,90.410599085
162.926936879,90.2842562514
162.909593188,90.2245349926
162.752119884,90.1574344703
162.53306384,90.1147242571
162.328931708,90.0886908598
162.104950281,90.0475820787
161.952963035,90.0317088148
161.740588768,90.0494668334
161.614166296,90.0630760425
161.495765291,90.0460700269
161.311055535,90.0285978873
161.176261604,90.0141658927
161.055471342,90.0511698297
160.986833024,90.0385027932
160.968319897,90.0507525042
160.97216541,90.1083310198
160.968783249,90.149198806
160.946967151,90.2176591316
160.939028535,90.2270012119
160.932056845,90.226147387
160.951896671,90.2547496803
160.986895572,90.2972383784
161.086785118,90.3417083381
161.178554626,90.3600813639
161.251780011,90.3672234573
161.364374443,90.3811767493
161.474698969,90.4087832833
161.618700354,90.3832061748
161.856486506,90.3096253106
161.963004749,90.2548670808
162.110125672,90.1891658254
162.162247549,90.1642474793
162.19354697,90.1481128869
162.204962569,90.1207327219
162.203703112,90.1033337695
162.247657942,90.045147592
162.333038802,89.9783700079
162.438233247,89.9157001296
162.800385456,89.8027910037
163.257673187,89.730283959
164.165457276,89.6040096218
164.731544451,89.4917792896
165.37574811,89.4099703203
166.518058748,89.2625370269
167.601446445,89.1651285779
170.231430004,88.9025914947
172.34146727,88.5916631783
174.527974644,88.3809193543
177.574375245,88.1913651742
179.689969375,87.9647631876
182.530047069,87.5159810089
184.266173458,87.4214728103
185.966565299,87.3182779633
188.440175565,86.9118188884
189.986017563,86.9098265539
191.15424062,87.1146454522
192.422317744,87.6479480616
193.06191581,87.960430673
193.816331394,88.153220796
194.378780829,88.3961601418
194.998775293,88.4869045248
195.121371348,88.5341009329
195.306097178,88.7231470421
195.604793581,88.9148320912
196.024144431,89.304623147
196.776830431,90.3176160946
197.907591792,91.5792571889
198.548705634,92.9642358705
199.544052389,95.0774665184
200.143133288,95.7326500884
200.571095344,96.2912737164
200.934023922,96.8419147046
201.105522199,97.1671913816
201.271045317,97.2916046051
201.436223396,97.2919325195
201.624155925,97.2574188471
201.911994666,97.1471381072
202.302436938,97.1036014047
203.195116541,97.254585561
203.831037346,97.3816357182
204.347649621,97.4675933812
204.919622806,97.583336381
205.379005778,97.74505173
205.831961407,97.5273065976
205.711173587,97.3869573425
205.517018789,97.3556607794
205.139818357,97.3706101789
205.032426653,97.3715159034
204.969396045,97.3504575261
204.852902808,97.2436208033
204.772888799,97.1574216611
204.69060232,97.1254333797
204.601229275,97.1182116992
204.505408863,97.1440040778
204.470298783,97.1748359562
204.453332426,97.1640303554
204.441838421,97.1353369158
204.450314292,97.0804691755
204.507239291,96.9849703957
204.651973554,96.8185405784
204.767683358,96.7258916185
205.130608094,96.7380056892
205.669799658,97.2284360712
206.428831197,98.0822038732
208.292298449,98.9083515485
209.553201533,99.4498361375
211.235398667,100.268480326
212.234666882,100.722234824
213.068312621,101.177075139
214.014547401,102.100184757
214.379023153,102.43322499
214.412894356,102.948600083
214.271629883,103.47941696
214.087180451,104.04103444
213.676345877,104.516282979
213.196714849,104.798036344
212.370385284,105.047939694
211.79962837,105.056898879
211.112912975,104.789409742
210.037423957,104.51046019
209.456591372,104.299335786
208.774637573,104.164749791
208.424405484,103.980426735
208.028408181,103.689373584
207.314691967,103.26100432
206.835661117,103.052384551
206.003146504,102.132260243
205.414208898,101.580742458
204.639463165,100.73183927
203.046757292,99.8724327333
201.806097452,98.9751459463
200.551224753,98.2940658529
198.329089049,96.7960393564
196.7605254,96.1281449768
194.466015967,95.1474365539
193.204732228,94.6087181675
191.871827411,93.9941059234
190.009171754,93.6056970076
188.815684529,93.1907537722
187.217215203,92.9190248663
186.406980017,92.7032531637
185.625010075,92.5028922271
184.722205997,92.4373348107
184.379448618,92.2981631359
184.16476433,92.2348697062
184.129200028,92.2088225055
184.071531748,92.1393810266
184.038495089,92.1423928931
184.05252723,92.1454867139
184.076788843,92.1410885063
184.063383407,92.1554499241
184.035271967,92.2022021728
183.937526318,92.2503434345
183.800878745,92.3331031901
183.533971737,92.4441533531
183.064213463,92.5037805529
182.753173387,92.5182222564
182.520970109,92.5018839993
182.431105911,92.4505863118
182.354253336,92.4308356185
182.316891614,92.4096356242
182.283347495,92.4089752876
182.211368535,92.4078725532
182.162981164,92.3839734711
182.081976553,92.3059131177
182.008905226,92.2678004757
181.959413142,92.2440707644
181.8754949,92.22395445
181.845048385,92.2075913705
181.810766601,92.1879195723
181.762419333,92.1419720254
181.732317035,92.132987513
181.694113342,92.1282582185
181.67862112,92.1006000514
181.669896538,92.1039950629
181.640078121,92.1123718771
181.623100045,92.1395307161
181.615654957,92.1763103946
181.622227307,92.1751558282
181.616845543,92.1638725283
181.613287437,92.1382189639
181.599650918,92.1117417925
181.556584412,92.1192196488
181.54212397,92.1456759269
181.542990393,92.1648814384
181.560000479,92.1819311484
181.588446608,92.1986206729
181.625361844,92.1403330209
181.651945939,92.1128863324
181.652486031,92.1057976827
181.573442363,92.105561464
181.481014882,92.0991585841
181.323117028,92.0379438905
181.172145049,91.9486150172
181.030076955,91.8832591945
180.505578992,91.6644869865
179.796096761,91.3624461036
178.053222635,90.4128551769
176.321746825,90.0005585144
174.453933899,89.7519911336
171.571047387,89.2089089137
169.520769071,88.7172545666
167.254706717,88.2263868694
163.685600136,87.9172422307
161.550269869,87.8315967766
158.757802169,87.8710218936
157.191482572,88.0135821554
155.732031024,88.1706862009
153.41749291,88.5339320763
151.676579614,88.9141691207
149.250781252,89.7166756302
147.860698676,90.0434911221
146.609212509,90.3237083198
144.927062694,90.7109632798
143.88489393,91.0537541495
142.501692846,91.3157634358
141.577549378,91.5144996829
140.821205395,91.6100797548
139.888861004,91.6721199023
139.339193315,91.8655293299
138.562203786,92.2877098264
138.082075407,92.4911728528
137.783023263,92.6008905022
137.488711828,92.5874345908
137.422940511,92.5476789729
137.17494859,92.5276677966
136.987785026,92.5371343771
136.821195932,92.473354042
136.731691392,92.4823692257
136.746622307,92.3827203956
136.894526099,92.2877540928
137.101928234,92.2220506094
137.347059549,92.2231214262
138.155500012,92.2496285246
138.859360542,92.1230583713
140.35124346,91.9361938523
141.605718563,91.7261298439
143.287297773,91.4101729526
146.066087055,91.2931497966
147.914576437,91.2554265144
149.598886748,91.3394186358
151.910389768,91.4233503141
153.405207277,91.5420715704
155.68879596,91.443058363
157.373562526,91.3487700342
159.068335873,91.1391412916
161.803826052,90.7322563946
163.320666764,90.8737233073
165.432820673,90.7876721591
166.669241033,90.8282982725
167.81497079,90.7466034975
169.514970831,90.7362687947
170.587128433,90.8380446526
172.201318762,90.9423533928
173.202205518,91.1027873765
174.198179378,91.1963332787
175.64568045,91.4376503315
176.452043225,91.4299236285
177.650141049,91.4104011164
178.343680622,91.3095995525
179.003944905,91.2066688948
180.021223197,91.1946360002
180.77863958,91.219555154
182.150441068,91.2755109768
183.044133364,91.2546308034
183.861098667,91.2177432873
184.711548736,91.2237389383
185.128249943,91.2401467968
185.59142425,91.2108720862
185.944064601,91.235957046
186.285208189,91.2346403981
186.744787183,91.1746371203
186.978271869,91.2431665873
187.14777133,91.2316260608
187.279845185,91.1858049308
187.368785025,91.1593097412
187.491475486,91.0954198995
187.55169844,91.0627402999
187.63028701,91.0368274602
187.759448437,91.0027583116
187.837759695,90.9682875832
187.909011511,90.9100864436
187.9457951,90.8619980857
187.961595765,90.8538802307
187.963221061,90.8137520299
187.94012019,90.7512574594
187.893723667,90.6548944172
187.849862816,90.6172586034
187.806392808,90.5757562273
187.741605502,90.5153253053
187.718441812,90.4731361765
187.698432158,90.3713128344
187.711973843,90.2993825056
187.761029214,90.2486831927
187.980968154,90.1957115
188.249112015,90.1993424113
188.75070896,90.178559524
189.100301068,90.2318628076
189.50082729,90.1825141728
190.180777064,90.1902168499
190.669936396,90.1796588809
191.496065148,90.1304910562
192.089277605,90.1436163341
192.670055237,90.1589282284
193.723832993,90.113235404
194.482331314,90.1299015225
195.916579826,90.2668892573
197.577055926,90.5413596861
199.901225654,90.8688717992
204.214024382,91.4501379631
207.134693423,91.766914907
209.862561822,91.9050792548
213.249303746,91.557767426
214.936806766,91.350992642
217.421775506,91.4528360964
218.764017317,91.5338249686
219.918193153,91.6893590186
221.499206252,91.984783201
222.292182562,92.1268949625
223.48286281,92.3752748225
224.127603978,92.5603936484
224.751789725,92.7516953149
225.715280509,93.0757252891
226.313501233,93.2115010313
227.078490578,93.4212901656
227.542135701,93.5447461212
227.966420698,93.5130041652
228.478745134,93.4570491017
228.742119926,93.4443939874
229.041806727,93.4125165756
229.207772065,93.3918091076
229.287813322,93.3420936007
229.4546942,93.2413413488
229.556897892,93.1709552147
229.690160748,93.0572258666
229.764280668,92.972799119
229.835864036,92.8828156706
229.94110645,92.8084251341
230.020323036,92.7955179649
230.09379071,92.8560653035
230.179843188,92.8935880585
230.228124614,92.8895490868
230.284598664,92.8754510227
230.347373138,92.8322906757
230.421747876,92.811213322
230.586733219,92.8161774606
230.704502708,92.8227049394
230.890209336,92.8472577301
230.978064378,92.8772963822
231.052215912,92.9043136831
231.125337372,92.9233503912
231.149616647,92.9539881358
231.206166712,93.0694507642
231.250864619,93.2360708032
231.325206401,93.3635093002
231.456197994,93.4561977173
231.530712171,93.5136320619
231.567527673,93.5603536107
231.537623873,93.5785656417
231.484508746,93.6021286817
231.443877293,93.5897398612
231.449961965,93.5653752087
231.463376644,93.5398143567
231.473448099,93.5518954585
231.492137778,93.5612681981
231.519116205,93.5518041671
231.49133599,93.5302600274
231.363087763,93.4815204569
231.275488523,93.4627701443
231.190876868,93.4448702806
231.092299471,93.320421456
231.028537641,93.2547346454
230.912691116,93.2187019643
230.812320533,93.2159287077
230.696545161,93.216582006
230.537805608,93.269903799
230.442598136,93.3298393135
230.121938829,94.0319379435
229.835981723,94.9654889387
229.464762792,96.2305682522
228.62774408,98.9566720603
228.218216721,100.149854767
227.937544939,101.22982335
227.520344209,102.753359383
227.261984215,103.558297483
226.97596248,104.477347166
226.781956006,105.206808708
226.566479603,105.800715307
226.198429478,106.753335293
225.867405408,107.460307494
225.340188368,108.461663011
225.045406304,108.766177226
224.879849713,109.002292271
224.706897891,109.437264908
224.622476974,109.663448502
224.248797626,110.387485806
223.885536355,110.886181336
223.422827571,111.30003115
222.493881946,112.154731346
221.500500487,112.800994857
219.398454646,113.888466256
218.093931174,114.582580013
216.982271832,115.115850161
215.208418168,116.09025705
214.322501072,116.600970235
213.060825846,117.136829735
212.054381744,117.41633008
211.036160535,117.489355448
209.677571724,117.336663781
208.900841013,117.198919171
207.533193429,116.850025561
206.415623271,116.518299274
204.750923453,115.939153126
201.218332321,114.572899737
197.912183522,113.145761565
194.09739655,111.884347324
188.665578162,109.704322053
184.826676462,108.289520979
179.598531518,106.70173835
176.600572331,105.531034098
173.950671038,104.696732904
170.528166041,103.57959429
168.504084625,102.965149263
165.823097612,102.099449294
164.179907126,101.745303295
162.75599813,101.463410115
160.954848338,101.077611328
159.98310232,100.901096872
159.142995764,100.612437122
157.980570314,100.234735256
157.381748536,99.9341001409
156.640138851,99.6529974816
156.382156859,99.4990521957
156.179944227,99.2064383741
156.307408972,98.8420649921
156.410104313,98.5814071968
156.346849173,98.4695777488
156.256326156,98.4734636986
156.174202369,98.4369429429
156.111677842,98.3274120473
156.137308859,98.1044044562
156.275877397,97.9550569284
156.426987922,97.9551697582
156.862949115,97.9274002573
157.185953921,98.1004693458
157.556870862,98.0495744844
158.175391301,97.3594390704
158.512061018,96.8645619672
158.640882319,96.4412994723
158.624467867,96.2709834313
158.523596987,96.2626372662
158.415594679,96.190941954
158.338464009,96.1223568937
158.287184289,96.0572391005
158.270026442,95.9278687317
158.272290746,95.8429123907
158.282741267,95.7094607629
158.285922224,95.5634633997
158.220053301,95.3766945207
158.069270437,95.1519672775
158.027403044,95.1132394796
157.988739104,95.0768829355
158.049495073,95.1040242317
158.162255228,95.0998839977
158.339982541,94.9928607266
158.392615932,94.9342767337
158.506949974,94.8963326639
158.566962834,94.8698757378
158.581411953,94.8448838875
158.536306308,94.8221678413
158.522775777,94.8544862266
158.678977311,94.8776136901
158.880392923,94.8160809912
159.123523509,94.774010546
159.222856107,94.6965488572
159.209330152,94.6102274507
159.071957008,94.4100603639
158.911350196,94.2401260706
158.756606943,94.0939108089
158.408284847,93.8445681432
158.201788937,93.7320609877
157.775896505,93.5439940656
157.591340579,93.4800238659
157.442886164,93.4352606965
157.303440321,93.3830759226
157.27791025,93.292150023
157.246840815,93.1997168547
157.295751352,93.0471687689
157.381246018,92.9707545489
157.489390405,92.9721977601
157.531428819,92.9881774975
157.544283063,92.9779783737
157.516113069,92.9516737264
157.488359618,92.9385299572
157.472815611,92.9253762994
157.480336924,92.9198821174
157.492040868,92.9288730233
157.471457732,92.9528215906
157.466309207,92.9832598954
157.456514195,92.972092553
157.444644949,92.9572846429
157.411134489,92.9448234344
157.240939942,92.9415657661
157.123891893,92.9872154313
156.922412992,93.0344328698
156.809171657,93.0306369628
156.730319004,93.0012766202
156.659038581,92.9018308059
156.61757426,92.8531319923
156.494914507,92.8529392602
156.407382614,92.8447772807
156.2918648,92.8346604569
156.247370235,92.8663135362
156.248173544,92.8527662715
156.305200464,92.8234724036
156.30446749,92.8175776192
156.272928853,92.8144156772
156.221293235,92.8089230582
156.211600661,92.795751217
156.217368364,92.7636378573
156.247400957,92.7016682499
156.26598301,92.688484292
156.321735878,92.6708282917
156.371724323,92.6682596364
156.413456566,92.672527813
156.482324714,92.656512087
156.530395512,92.6706049749
156.642261159,92.676033198
156.724631175,92.6650673486
156.803159313,92.6513964181
156.854853076,92.6326061836
156.820228494,92.6484990349
156.790145589,92.6354112042
156.848984673,92.5881524667
156.941301861,92.5398188468
157.11102539,92.4926370261
157.262384328,92.4751259502
157.560085544,92.4242105318
157.869634516,92.366718049
158.203938322,92.3074793265
158.684129014,92.3729367109
158.990501596,92.3213770072
159.500009405,92.1683755543
159.900455687,91.9832236274
160.276416655,91.8942446477
160.761819224,91.8990776678
161.220607861,91.9215819762
161.690347353,91.8376424545
162.259325396,91.7997123113
162.303469307,91.7985722944
162.579128003,91.759507364
162.751977205,91.7461678556
163.417284864,91.6269783991
164.069542661,91.5121854317
164.764077875,91.4257000149
166.266310794,91.1237840972
167.66945516,90.8634581406
169.898238754,90.4508528097
173.858049502,89.0900932443
176.272335184,88.9033154586
179.409982831,88.9188321305
181.339857458,88.9091997943
183.234668688,88.8857039205
185.604578056,89.0241532245
186.997880346,89.2839164777
188.454543866,89.6548630381
189.081937201,89.9756701973
189.414887185,90.222062363
189.388087487,90.4553855413
189.367184587,90.6027612374
189.314868478,90.7058582977
189.259618353,90.7371790405
189.226727432,90.7819552537
189.182270937,90.8079511454
189.137916006,90.8603204328
189.099720577,90.9499770347
189.104067907,91.0091983847
