186.282582737,81.4021985708
187.002968422,81.4435864673
187.083597674,81.627812706
187.141359794,81.6579674598
187.300332342,81.6283657641
187.813454343,81.5771820701
188.131671219,81.6640742162
188.391807171,81.7831581304
188.536414925,81.8472458851
188.695811998,81.7764750622
189.040429058,81.4218802449
189.257424131,81.1135919775
189.634714254,80.7355480018
189.863477904,80.4556567113
190.081705146,80.3099617083
190.386617561,80.2082146539
190.623080101,80.1109959058
191.179375205,79.8010052402
191.653726727,79.5472951028
192.14746174,79.3462774483
192.929629053,78.95750559
193.516928667,78.8179917351
194.447793683,78.6789357262
195.172830525,78.5415993937
195.982469703,78.337678142
197.456678175,77.7370013543
198.609448895,77.2429720791
200.372634765,76.3182027868
201.552619276,75.7034061159
202.592242311,75.2142291954
203.89403014,74.5684004747
204.477277003,74.2963459528
205.18787376,73.9882077963
205.649322242,73.9070877646
206.117516292,73.8228042862
207.074862665,73.6177993661
208.186352042,73.4975575342
210.796558706,73.2687555744
213.010136443,73.2891243926
215.404500378,73.5004473075
219.28091353,73.5584575102
221.797128878,73.909798018
224.261584616,74.3125612087
227.532293676,75.7144291403
229.293568137,77.0248484566
230.985934449,78.3075684047
231.694628065,78.7316855828
232.311921684,79.0665244297
233.303272827,79.311064821
234.118824076,79.4253901563
235.285503933,79.5782533025
236.114340683,79.7826098184
236.927949243,80.1557760128
238.14157989,80.9721785871
238.976135925,81.678799893
240.154385116,83.0643922361
241.025554588,84.0656239355
242.055738821,85.030271819
243.473758987,86.2679027474
244.269162752,86.7615962233
245.341683551,87.1529517642
245.74911027,87.1351596524
245.982279072,87.131757616
246.005251946,87.0877376556
246.042572182,86.9479604132
246.001282532,86.8621214361
245.948093875,86.845068066
245.849500928,86.8376893617
245.397988532,86.808967551
244.630694305,86.6992991897
243.223248582,86.5448124824
242.014927627,86.4640811773
240.859097117,86.5766691291
239.058636848,86.7308140359
237.651684289,86.735677962
236.260150673,86.6549082193
234.20347051,86.3689200263
232.618183489,85.9316841109
229.784707572,85.5995685129
227.645034722,85.4400654837
225.219902335,85.1866555225
221.755941124,85.0728056367
219.55159085,85.1220684022
216.300896898,85.0426616704
214.063107288,84.9327173556
211.71357965,84.8831150191
208.113438269,84.846192317
205.871728887,84.8917802061
202.984467177,85.1041968259
201.350333641,85.2913078611
199.89815892,85.354925618
198.008736223,85.5327851057
196.746086375,85.7291615571
194.960632135,86.052255982
193.966551202,86.2785334645
193.055011658,86.497092262
191.950285502,86.6898891559
191.320006639,86.8021766071
190.459057496,87.0579070374
189.965295364,87.2586391999
189.516110874,87.2751226796
189.262971736,87.2115771634
189.242411298,87.2075859977
189.012041751,87.3022773948
188.663324497,87.3325296794
188.026929273,87.3456760521
186.82007521,87.4084427616
185.821707255,87.5377918843
184.325869049,87.9341126416
183.277378286,88.3788426117
182.143878015,88.7015204677
180.206190527,89.2677124308
178.681733384,89.7390795602
177.06204111,90.1762599661
174.590960485,91.0505226588
173.112048558,91.5381411507
171.105298567,92.3474488184
169.832728745,92.8567631604
168.491846776,93.3615220645
165.970644766,94.0755409119
164.408764715,94.4758565729
162.586945427,95.1667759535
161.847320701,95.58953712
161.212586006,96.082662294
160.152905994,96.7877705365
159.258401784,97.1804697625
157.812096316,97.6793704823
156.738404722,97.8338445526
155.714905215,98.0048553939
154.611117329,98.3267561535
154.069592928,98.6175693259
153.693302831,98.8507632437
153.404922218,99.2368149439
153.346678202,99.4058966329
153.16829774,99.6277281327
153.162046307,99.6808374334
153.126038733,99.7858774456
153.118061927,99.8049517361
153.129913746,99.7881374895
153.150853318,99.7180082589
153.16252829,99.6312538577
153.162662927,99.4902362415
153.192597573,99.323329118
153.25088514,99.1810796773
153.380873002,98.9909686203
153.507149271,98.8207563442
153.688583226,98.6597733075
154.149689044,98.3994580781
154.654989788,98.1640601603
155.842578134,97.8551111995
156.950091336,97.7050457265
158.357529289,97.5675123419
160.274476171,97.5090637749
161.029763414,97.7516123202
161.868523064,97.6626553768
162.358582997,97.6165526014
162.986928504,97.4549072685
164.237983448,97.1546283918
165.034796098,96.9485311593
166.377725117,96.608184656
167.388321786,96.3575796223
168.62155582,96.1553462502
170.56236844,96.0503908336
172.029716932,95.9009486099
173.722990718,95.6593784674
174.522478304,95.4795568169
175.064836782,95.1779431248
175.980506137,94.5798427616
176.840220475,94.2929786791
177.780337752,94.0606384274
179.906927969,93.8569756423
181.869013336,93.7557397221
185.541413337,93.273033321
188.486131335,93.0257596781
193.222412072,92.768384852
196.338992892,92.5958506935
199.481006187,92.5200541959
203.597637625,92.1989779683
206.175443138,91.7828345094
209.903905684,91.3974486981
212.576160958,91.3868002746
215.852697309,91.8388950968
220.698867329,92.8768063938
223.85617408,93.4523671343
227.020831786,94.2688466073
231.199185341,95.2607774495
233.800559886,95.4873056399
237.915311095,95.4332172558
240.946828191,95.5899025195
244.353493767,95.8785972027
250.154449863,95.883187036
254.313415045,96.0599141578
260.521209839,96.1442975795
264.430492624,95.818960752
268.055678464,95.1987864164
272.578390669,93.3637085043
275.437726923,92.0895145615
279.391687159,90.7241292151
281.934289642,89.9581914113
283.993713392,89.0769325627
286.488365602,87.9849665251
287.884223965,87.2890757455
289.724918567,86.2860597549
290.931213253,85.6267041356
292.125477085,84.859494726
293.696317142,83.6729695575
294.468607936,82.8148834026
295.52858477,81.7857890525
296.367662127,81.2309501109
297.171210895,80.7840757756
298.406079632,80.1133994407
299.251255366,79.7533638689
300.103436001,79.3851092988
300.336611203,79.1185013247
300.468646562,79.0903512924
300.608423728,79.0718776274
300.813101791,78.9752111273
301.070604408,78.8468882803
301.352937459,78.6088007133
301.537206109,78.4956378751
301.620184324,78.2024621355
301.150752783,77.8684459132
300.410565164,77.7821919068
299.053618121,77.4754105094
298.013231437,77.3257417879
296.3209303,77.4701934075
295.364553847,77.2162660293
294.777262249,77.0043274027
294.508357951,76.5109906864
294.550612785,76.3505276873
294.518121729,76.2603296179
294.373871156,76.095799893
294.069116833,75.9510185911
293.29343515,75.724534801
292.800378092,75.70436421
291.967378526,75.73005577
291.417437177,75.640425148
290.864517062,75.5783551055
289.758531489,75.7934183397
288.903149491,75.9381396867
287.259983047,76.6152240791
285.816029833,77.4200734788
284.160136783,78.5768743593
281.010535592,80.0974097193
279.007098325,81.2063888869
275.970821338,82.4276792532
273.994775395,83.2293925862
271.738345923,83.8687387056
267.965986804,84.8235363003
265.187651156,85.3835160576
260.768502438,86.3180216587
257.757653371,86.9250518733
254.373534471,87.7252100769
249.05451698,88.8694972391
244.619222943,89.9398669063
239.538739679,90.6943941306
230.948335488,91.5127075775
224.920765944,91.7145002211
216.260057588,91.4998735102
211.145073493,91.3843110224
206.37229891,91.5684451035
199.817266909,91.9301263428
195.966176877,92.1405422733
190.441974181,92.2963431086
187.575812786,92.4399620247
185.193515988,92.8096784816
182.987890396,92.7961092922
182.159693445,92.3976467227
181.114112306,91.699300742
180.014732188,91.4983339035
178.736708439,91.2904924167
176.739637752,91.2019823417
175.792606194,91.2254519718
175.102694489,91.5158534195
174.901243256,91.6228971751
175.020075646,91.6697048122
175.099343563,91.7676627204
175.227063663,91.8354843246
175.828607356,91.8145644216
176.573526546,91.5299237725
177.539761222,91.2814061825
178.699110546,91.0139612707
179.34760892,90.8326370343
179.941296034,90.266593945
180.098474782,89.6316477449
179.944787614,88.9557703671
178.666859492,88.1417527914
176.786328962,87.8383831236
174.202856163,87.6933819297
170.397604323,87.363980172
168.453058901,87.2245740751
166.777692766,87.3485747795
166.269273063,87.5757184489
165.863874398,87.8853776779
164.791872319,88.2512000815
163.865406553,88.3665351126
162.662347213,88.388492617
162.149928071,88.5266363249
161.775950022,88.7761317922
161.590473381,89.0861573007
161.307936089,89.3065256453
160.598136057,89.6613285262
160.016022405,89.9598883468
159.357242301,90.2887572742
158.048544951,91.0074157699
156.985795515,91.5252747312
154.704942237,92.5120807135
153.122199117,93.3469304243
152.103235851,94.3405046295
151.376367278,95.8188458272
150.901184463,96.7627229427
149.713096946,97.7076111989
148.724939845,98.4125204925
147.856453292,99.0310906579
146.400883958,100.094284165
145.322600866,100.568853534
143.811381556,101.524946477
142.889393902,102.127297899
142.025773582,102.714335201
140.642899147,103.513277574
139.612649249,103.858254145
138.506546839,104.012233269
136.955559356,103.821106374
135.960037155,103.327763856
134.202996959,102.431452709
133.047286826,101.801241269
132.001625089,101.256971463
130.643763649,100.57782965
129.794391917,100.364762787
128.643122698,100.270911185
127.660656358,100.217755669
126.710060845,100.232626079
125.324683556,100.372942614
124.504575989,100.490162866
123.155759022,100.595263148
122.264186877,100.561963107
121.465804393,100.480748823
120.503233403,100.585291259
120.108771277,100.765031463
119.804517951,101.537183239
119.629507462,102.227393439
119.428009873,102.968182845
119.214399494,104.163684198
119.186089748,104.990735529
119.519865273,106.137808264
119.922297522,106.392619495
120.121190894,106.269912246
120.084912934,106.355734805
120.029601546,106.372943427
120.104034546,106.454660542
120.620273933,106.493659495
121.390193687,106.394301161
123.262307113,106.256065399
124.883492868,106.24471456
127.728677671,106.394562
130.018967123,106.402757259
132.209126154,106.394429495
135.979166758,106.209044381
139.389161893,105.701564239
143.523146434,104.987007183
149.920881449,104.242846528
154.142659044,103.651727114
160.318844868,102.848721777
164.104504826,101.92511495
167.844069633,100.935989166
173.688105163,99.6477516671
178.054210037,99.5971950217
185.05482373,100.171137135
189.27014938,100.145661741
192.782870584,99.754334492
196.865940856,98.7299338594
198.968459934,97.9452019732
201.996862106,96.9784996773
203.621243033,96.6498198296
205.005545939,96.4320043577
206.030846512,95.7434857299
206.265453478,95.0928447958
206.168345071,94.0928361482
205.466416998,93.4871497468
204.482957851,92.8663085291
203.022932354,91.9813518413
202.37296204,91.1282399554
202.050891235,89.6392701041
202.013194487,88.6774914674
202.016315594,87.7096699202
201.877294131,86.5231277411
201.809676387,85.4880678258
201.503826945,84.5852290835
200.91664843,84.3626065228
200.193520069,84.33196283
198.978221157,84.7103020835
198.393823976,85.3030924344
198.134389293,85.9796692387
198.118394536,87.0163668839
198.094259881,87.5565981526
197.977148332,88.236623565
197.986034998,88.3965361276
197.867210268,88.1869256016
196.842672491,88.059637984
196.024770894,88.0938214941
194.962856424,88.2456929824
194.595052277,88.4033614121
194.481346581,88.454211619
194.510354419,88.4576406334
194.491712329,88.5906927601
194.547260826,88.9604607591
194.724165004,89.2041765625
195.172156393,89.3646279033
196.330517396,89.3779968191
197.035403714,89.3128228077
197.825666729,89.1685837114
198.361488091,89.0408720282
198.91750232,88.8306957361
199.829774704,88.4590279994
200.536200242,88.1655764282
201.845602428,87.9676046376
202.701188493,87.9916959466
203.385778538,87.8241512267
204.061499568,87.3163972435
204.355153308,86.9959223245
204.485823687,86.659159277
204.4717235,86.6503225889
204.446644118,86.6310362127
204.213463712,86.5707647795
204.084238231,86.5350537231
204.002325807,86.4980879709
204.125112018,86.5259736448
204.49556654,86.5517736908
205.224083011,86.5433969473
205.526886824,86.5621381004
205.8408674,86.5681175877
206.288318912,86.6584206258
206.837448587,86.5943423902
208.071243955,86.5218414544
209.246173068,86.3734166939
210.677958819,86.3573975599
212.855686694,86.300008891
214.241511696,86.488741104
216.022774042,86.4399545918
216.759882763,86.1476863733
217.290176826,85.7435967256
217.727976889,85.2356004969
217.69518732,84.9464732018
217.582165737,84.6522276247
217.662064188,84.583284475
217.863383476,84.5347400292
218.721428331,84.5688832052
219.330682464,84.644757605
220.278796999,84.6392728347
220.933522487,84.4883286388
221.644213075,84.3101618716
222.941739469,84.1188765237
224.097671835,84.0934571756
226.221964879,84.069614156
227.999006796,84.1133989086
229.908806635,83.9798453563
233.177308516,84.0035074149
235.526938961,84.1192318147
238.832713554,84.0801234364
240.752222512,83.9301837166
242.443842134,83.6712407586
244.799468023,83.2411891332
246.231374877,83.0662489463
247.445580177,82.8710700075
248.926477996,82.5940400823
249.6995254,82.438042484
250.570911596,82.1171211079
250.971968514,81.9971063358
251.205407992,81.893101697
251.300478608,81.7948996922
251.332751481,81.7263518145
251.429868769,81.5993306994
251.532547795,81.5543261889
251.578187401,81.5459277287
251.580439846,81.63079689
251.61113131,81.7396266541
251.576924476,81.813590114
251.532743571,81.834038511
251.401424274,81.8341210296
251.060049362,81.7476755629
250.752290733,81.5998422814
250.435184886,81.2920930644
250.21099816,81.0365068414
250.006289432,80.8764502577
249.744227161,80.6788715121
249.566284238,80.4765745487
249.29193348,80.0905373274
249.137761426,79.88392863
249.031245357,79.6106210903
248.890266677,79.3359689706
248.843750839,79.1203311333
248.943667155,78.8558706223
249.07126156,78.6345245992
249.249774472,78.4324290273
249.465063544,78.2975435317
249.619562734,78.2041594213
249.688400763,78.1227708834
249.844340856,77.9208403268
249.964512127,77.8132155682
250.232266781,77.6171402771
250.392687158,77.5023603325
250.555875926,77.3462937545
250.757456938,77.1531806397
250.840186978,77.0452223159
250.813100643,76.8528496585
250.690135407,76.6499149942
250.603711678,76.5355687417
250.513551734,76.4832663346
250.493523378,76.4920765466
250.480872634,76.5545046821
250.4656878,76.5950031124
250.430117539,76.6314178195
250.285167997,76.5460508767
250.165502899,76.3839515672
249.949717578,76.2754875193
249.751771061,76.2633841381
249.518719407,76.27757572
249.087359351,76.2587025379
248.82167574,76.2108167834
248.525822438,76.1814418424
248.200732694,76.0890954133
247.826070374,75.9378085544
247.318968788,75.5813556832
246.938660729,75.3018366735
246.411852632,75.1902253808
246.033587113,75.2846522678
245.628176899,75.4843726878
245.042846209,75.6423964945
244.679034909,75.6677996754
244.193681133,75.686452975
243.932944161,75.6982203264
243.74752021,75.6875237211
243.462725811,75.61674196
243.226486992,75.5255344825
242.934004223,75.3917663625
242.055540585,75.3749543348
241.386168985,75.4702711693
240.178636523,75.5966852998
239.223071783,75.6632323533
238.135137691,75.6731284922
236.096492103,75.7738879973
234.507349558,75.9640034509
231.895156035,76.0621777049
230.087599899,75.9942657978
228.297270172,76.0673009753
225.924944079,76.3670687047
224.512379332,76.4513959705
222.733132076,76.1592043467
221.695738795,75.5864499034
220.797370325,74.803950775
219.513449239,73.1926240108
218.745030451,72.2445571689
217.725636634,71.2536863459
216.997758978,71.037507628
216.256016314,70.9725971702
214.714743803,71.5808370684
213.756066467,71.7853110919
212.626720515,71.647038027
210.59427673,71.0746386855
209.349039753,70.7877307032
207.802076416,70.6863314618
207.087774742,70.8140425776
206.22041434,70.9408032435
205.623496571,71.0532410419
204.861422281,71.1288770521
203.345913998,71.1286908594
202.062452301,71.072919734
200.64353227,70.9862938183
198.648581191,70.8898290323
197.516169268,70.884832612
196.045076253,70.9632374231
195.16380119,70.9859897768
194.290107019,71.0312817406
192.614240392,70.9185113855
191.023023291,70.6425547092
187.509427504,70.3337815216
184.897581712,70.2668147185
182.518584172,70.2650183809
179.50973754,70.4525443611
178.023957841,70.6734459282
176.085515115,71.1324858085
175.019182334,71.4464453561
174.03262359,71.704157451
172.62894331,71.9788704851
171.58764515,72.1098469759
169.735500533,72.3533287856
168.422705742,72.5608574817
167.179346305,72.7747703666
165.722515745,73.2925880602
165.120523033,73.6092080674
164.23288778,73.9773555816
163.634251681,74.0867728506
163.049525418,74.1480853229
162.330215044,74.2665537045
162.016074028,74.3927452384
161.91345569,74.5504052535
161.731678675,74.8546081844
161.571117712,75.1330633155
161.46970672,75.3095847037
161.461413667,75.3740013481
161.498906902,75.4834191277
161.557244451,75.5851858583
161.620177511,75.6406820673
161.732096822,75.7253218527
161.813296522,75.7715495505
161.863867672,75.8171772713
161.856255101,75.878611109
161.8012611,75.9133831268
161.63070123,75.8922791472
161.408572976,75.8641157603
160.9053697,75.8414871798
159.896647238,75.9175263302
159.062818953,75.9999375088
158.024248058,76.002605688
157.628229681,76.0305804828
157.471922398,76.1235789317
157.185169094,76.3786054528
157.036785536,76.4000267169
156.873600894,76.3730651933
156.82505599,76.3091268807
156.811796163,76.3116598868
156.785816806,76.3685900282
156.763348842,76.3930226243
156.756569782,76.4302531288
156.813976825,76.4387238929
156.888247379,76.4566908201
157.052187051,76.4637327065
157.161826034,76.4788322383
157.255406432,76.4861617883
157.322521181,76.4623835596
157.401227925,76.4316220572
157.471529736,76.4167524877
157.496958652,76.427792513
157.532499608,76.4144859416
157.600401634,76.392312784
157.636248348,76.3749714008
157.435866765,76.4402912907
156.97042383,76.5481560503
156.122531662,76.7958666953
154.379932413,77.3011718024
153.057020461,77.8547812563
151.960848564,78.3531029484
151.769054234,78.7594295158
151.772230367,79.3267133062
151.495686862,79.9604551328
150.914230066,80.5233924438
149.244546566,80.9126222438
147.813740041,80.9979263763
146.567386634,81.1747155347
145.79296469,81.7127742006
145.7901999,82.2032243793
145.810389144,82.7424324225
145.486895773,83.1215102168
145.309650122,83.1398646081
145.279833995,83.2745113462
145.352665186,83.3766397565
145.610868535,83.4705462395
145.670679241,83.4669160729
145.691729764,83.4780865587
145.667497938,83.482319419
145.756242027,83.5085814081
146.181981833,83.5652410637
146.519075955,83.6078171003
146.995735724,83.6141342618
148.01313528,83.6690894153
149.138255973,83.6274059157
151.577318663,83.6782912224
153.463505034,83.6975081437
155.381985046,83.6994609688
157.751894482,83.6920956772
159.23610886,83.5315705465
160.38329314,83.5986622736
162.85679249,83.5714482066
165.374619695,84.2340849829
170.079669584,85.0902809606
173.025553602,85.6152543367
175.70594636,85.7138746298
179.379480906,85.6869883633
181.7132941,85.7511769951
184.840753796,86.2328270428
186.892007844,86.2171725725
189.10902879,86.3250492639
192.292391114,86.5243919276
194.257935728,86.7999659438
196.880718788,87.0006844009
198.57860472,87.1808429915
199.98463546,87.3145141725
201.986929934,87.1212215481
203.247761928,87.0290833153
204.85716952,86.8809239994
205.928013846,86.7517872814
206.989285653,86.6750961196
208.293141536,86.5306607964
208.995270587,86.4264638724
209.927010894,86.3289068502
210.563810773,86.2603945882
211.260765322,86.1586858352
212.346579189,85.918596892
213.122450588,85.6754760838
214.183308481,85.3205916196
214.856695158,85.0223155025
215.494785956,84.7714225671
216.312538339,84.5420216627
216.901520519,84.3567750224
217.880012344,84.0484248033
218.616374206,83.897899571
219.309721,83.8499518265
220.460192483,83.7612796883
221.263873447,83.7171978604
222.109751655,83.6304687776
223.526615405,83.4684797295
224.50067795,83.4479859737
225.904689699,83.2960092366
226.749721299,83.216277435
227.508184337,83.0790048509
228.54287947,83.0023444737
229.133377843,82.9996846543
229.824760033,83.011547919
230.222955003,83.0003019837
230.543376149,82.9196550714
230.939976446,82.8460217056
231.188146685,82.7837520287
231.648910754,82.7269762007
232.026304765,82.6645177419
232.472455677,82.5364401789
233.053324942,82.3859817944
233.40714573,82.3134612028
233.715856991,82.2302404525
234.005781431,82.184235935
234.221776151,82.1466105793
234.498806342,82.1011545553
234.604315471,82.1351504919
234.692062384,82.1750598006
234.731763981,82.1850599056
234.75470934,82.1471236666
234.823284162,82.0217666207
234.872602224,81.9767680444
234.968995491,81.9498720474
235.046175243,81.9292285563
235.18630222,81.9006466738
235.58608126,81.8795323821
235.997482723,81.9150049459
236.425624566,82.0208259114
237.184791423,82.0432103243
237.772648817,81.9880955374
238.585670067,82.0772533865
239.061371164,82.0859480103
239.512837826,82.1399583884
240.232586675,82.2361878843
240.746188517,82.2607759006
241.697216947,82.2251654344
242.382468815,82.2581573059
243.145495156,82.3239387904
244.534805147,82.4974479561
245.478362153,82.6210749142
246.703456292,82.6892169935
247.397697333,82.7145790272
247.99593612,82.7400730914
248.565278965,82.8588359881
248.963789101,82.9421661467
249.489967278,82.9946913038
249.767140254,82.983063677
249.96142243,82.9818478112
250.150372865,83.031514522
250.226845947,83.002899062
250.27790396,82.9455913367
250.28564637,82.8696669443
250.239662206,82.8022243361
250.156239854,82.7378492453
250.088226911,82.7129441924
249.908232118,82.6234003461
249.765476898,82.5457563561
249.613584181,82.4811093967
249.393325651,82.4102164289
249.288941718,82.3651930086
249.198571736,82.2868343002
249.181949104,82.1849593737
249.160164536,82.1153689833
249.03163771,82.0354106191
248.884251341,81.9889328509
248.748998935,81.9610811091
248.62479629,81.8803292269
248.518777943,81.8186628983
248.341527851,81.8019900132
248.192722905,81.8157012987
248.039877097,81.8091643225
247.837231877,81.7759580145
247.762691079,81.766712762
247.658251132,81.7876251739
247.591672845,81.8372144622
247.527959749,81.8756865914
247.454855331,81.8751013333
247.422613209,81.8389591473
247.359524514,81.8257622961
247.334099091,81.8291694414
247.273141929,81.84482047
247.194278429,81.8357777052
247.149541929,81.8255560985
247.053101284,81.8832490113
246.953987579,81.9603590239
246.859758832,82.0411479469
246.735276256,82.0961219731
246.666939717,82.0940771211
246.58703016,82.1179552807
246.538202056,82.1439250293
246.520251778,82.1827116794
246.551457779,82.2052449579
246.614616376,82.1478403502
246.727325245,82.074021844
246.764355918,82.0431405856
246.816168039,82.0082416744
247.227890834,81.902279009
248.052739039,81.9529204767
249.193302982,82.1510286972
252.175923575,82.9193047531
254.439971429,83.3353441883
257.270927833,83.7811372269
258.924770508,83.9737652091
260.944726629,84.3370389973
261.986177576,84.4860596246
262.7568636,84.5715399361
263.390811729,84.5215743721
263.550201425,84.427206063
263.698639917,84.2870181804
263.769009749,84.1506260385
263.835436589,84.0490330907
263.871182959,83.9235569708
263.906900572,83.8207673096
263.945540812,83.7514974859
264.003596951,83.6312397123
264.00717962,83.5829986516
263.983078111,83.5419887265
263.951519626,83.5161420714
263.898726655,83.4870474581
263.769436426,83.4702055756
263.706903886,83.463893807
263.639655402,83.4728923752
263.608088648,83.4776523446
263.588207148,83.4777730331
263.531037409,83.4640385534
263.47833053,83.4573927161
263.430503624,83.4488048966
263.340541344,83.4143308713
263.270741706,83.3654578667
263.185994973,83.3041696194
263.145918677,83.287868188
263.145416606,83.2938880855
263.162583903,83.2922921044
263.165754057,83.2662544694
263.095941448,83.2132769509
263.021586332,83.1833701235
262.917222769,83.1623868131
262.836290178,83.1480099528
262.796432034,83.1112364106
262.742606612,83.0540221285
262.694049037,83.0143128983
262.644318241,82.9912940881
262.575489957,82.9149857745
262.522075794,82.8705145257
262.436743198,82.8025637589
262.402247655,82.7876930122
262.383703679,82.7804724588
262.34284362,82.7422154796
262.296879151,82.7066300993
262.129968217,82.6851119536
262.026742354,82.679009295
261.944884908,82.6926546203
261.881000152,82.6771674946
261.869356825,82.6662851279
261.816667813,82.6674779275
261.784152579,82.6939174315
261.784036342,82.7054128391
261.826617385,82.6939432441
261.82631416,82.6967646622
261.738598893,82.7127572613
261.669023109,82.7507391635
261.660398588,82.7837426443
261.66294655,82.8059480808
261.652030829,82.7988209709
261.41541429,82.9812598634
261.079071949,83.2083492185
260.625651437,83.3927906962
259.89779119,83.5497462295
259.24867593,83.6016100808
258.597310482,83.6728375938
257.563700742,83.8457315507
256.854992448,83.9831196502
255.023222743,83.976852733
253.313125127,83.9554809457
251.323924984,83.896677775
247.930868657,83.8850251938
245.363895592,83.811024478
240.895592368,83.7150340087
237.816539268,83.7069595691
234.641690938,83.6239200692
229.825127655,83.6422167743
226.720910438,83.6230273382
222.665372481,83.6174726148
220.133814039,83.79804929
217.665437216,83.9085062657
214.218729913,84.1338704297
212.257912063,84.3127143967
209.509437822,84.5173997652
207.345802541,84.532974136
205.53275873,84.4449528793
203.281103412,84.5087305141
201.94261609,84.6393509178
199.98838663,84.7773051687
198.738985376,84.9155026217
197.460225811,85.1862676348
195.346855231,85.5689358771
193.825016524,85.8574586908
191.789887145,86.2806348872
190.506150685,86.4174096662
189.388660875,86.54831068
188.138692286,86.8659895047
187.444384176,87.0257488449
186.866866108,87.0833561016
185.875602462,87.0196531249
185.141864311,87.0779829195
184.327607033,87.2250224087
183.939020163,87.3387111486
183.648695611,87.3831503958
183.5650187,87.3392115092
183.46833889,87.301122493
183.3625993,87.3034342507
183.338064306,87.2912775943
183.317064671,87.2413577687
183.308659575,87.0840495268
183.241637472,86.9888707189
182.90950363,86.9590116919
182.203092766,86.9481604594
181.521183386,86.9027723895
180.712781958,86.7305879255
180.38433464,86.6979531727
180.213563639,86.6959876472
180.156068349,86.7257093991
180.126501043,86.7285271893
180.144892281,86.6176568787
180.162294129,86.5208841958
180.149589504,86.4260747536
180.141164785,86.3983563675
180.125782129,86.3595398183
180.192534425,86.2373762931
180.264457091,86.1876807633
180.360508761,86.171185896
180.404439786,86.1882597504
180.41050564,86.1934918707
180.433150895,86.1261652773
180.464841992,86.0463605988
180.531206839,86.0012766183
180.583351328,85.9968063821
180.623829004,85.9892377728
180.700833121,85.9246362362
180.763049046,85.8934254149
180.81542178,85.9038702383
180.885225396,85.9777509513
180.929353291,86.0092750397
181.014364248,85.9674172376
181.066647715,85.9268023481
181.117484558,85.9014831778
181.176818725,85.8786972573
181.203411429,85.8495638182
181.25085934,85.7406327989
181.289317393,85.6196090907
181.304870437,85.5742294598
181.277365937,85.5510157298
181.245170849,85.5487537864
181.222208745,85.4981530486
181.231252585,85.4407617249
181.244326525,85.4100919093
181.243831337,85.4033236755
181.233603938,85.3920919058
181.224223391,85.3060601268
181.224771105,85.2549144411
181.228116064,85.2486372172
181.186224883,85.3278994343
181.142935464,85.3716102087
181.119214391,85.3535459385
181.146205549,85.316936239
181.206860069,85.2921135522
181.284022358,85.2607142034
181.346410274,85.2286983455
181.420566555,85.1723794422
181.489501416,85.1706122467
181.511195102,85.2116490715
181.535455135,85.3299177483
181.57847988,85.3840846124
181.661009811,85.4189988178
181.847628869,85.3854932582
181.984964356,85.3778025317
182.168746644,85.3661992453
182.273393331,85.3494662376
182.357930914,85.3162010855
182.502677899,85.2370968169
182.607776799,85.2007681868
182.898939236,85.1941982104
183.271999053,85.2200117749
183.866324223,85.1880668302
184.918772741,85.3452330116
185.497160433,85.5837242323
186.162851086,85.8235891735
186.47747589,85.9385970375
186.655461891,85.944632657
186.994106182,85.9528376143
187.174658581,86.0198244772
187.43052922,86.1121697594
187.522406482,86.1710004019
187.564151107,86.1765487524
187.613007672,86.1924036249
187.614186716,86.1873654696
187.595372459,86.1647638751
187.57696416,86.1337604161
187.569435639,86.0796765066
187.563875095,85.9738551456
187.56002624,85.9178741276
187.536588039,85.8844478113
187.492530995,85.8952129606
187.434681266,85.9216203878
187.353908113,85.9675229706
187.299314239,85.9829999192
187.26557571,85.9895472458
187.236494447,86.0111854214
187.230289212,86.0090058626
187.213039654,85.9694650238
187.172232054,85.9435287692
187.094780201,85.9659191232
186.931765447,86.0933229307
186.814317934,86.1652061976
186.704047115,86.1545340825
186.657161149,86.1385273083
186.637549422,86.1707610394
186.618910061,86.2266626299
186.609878583,86.2494500265
186.642099807,86.2139375435
186.713767551,86.1405739762
186.794862118,86.0996073161
186.889949481,86.0855047221
186.926479451,86.0854943915
186.986073097,86.0499349924
187.034445183,86.0060861193
187.096435164,85.9744660517
187.19925868,85.9939049662
187.255628326,86.0129906663
187.333294226,86.0106027852
187.405584704,85.9545424243
187.480646944,85.9247111122
187.59804634,86.0092795981
187.655587871,86.0738804199
187.763903225,86.1212277119
187.876619872,86.0908771726
187.996743331,86.0534518583
188.22094571,86.0308632586
188.338312278,86.0470202198
188.496545984,85.9803839608
188.619410337,85.9063669229
188.727490122,85.8662400697
188.874743014,85.8771863199
188.934806664,85.9205944333
188.996502402,85.9512262175
189.074399632,85.9399352618
189.126287782,85.8820778461
189.19729205,85.8455941654
189.214970732,85.8510850175
189.240547112,85.8611134225
189.310395083,85.8368187697
189.35654385,85.8161260886
189.417097685,85.8293110171
189.430561101,85.8485113429
189.402742538,85.8777333085
189.315378499,85.8891598907
189.244861874,85.88473194
189.107035807,85.9342157221
188.968866352,86.0172113654
188.865346534,86.0555462757
188.722200375,86.067140874
188.638019461,86.0467028488
188.513969687,86.0687750566
188.432655395,86.0941409057
188.347917676,86.1205380577
188.240541844,86.1308223009
188.216280758,86.1078715697
188.229796819,86.0556857866
188.260021941,86.0386761499
188.281377813,86.0362825199
188.304152299,86.0141360159
188.316849315,85.9964672152
188.355888448,85.9987999947
188.382466051,86.0232117624
188.405154606,86.0071006442
188.44856929,85.8831436502
188.478752868,85.8241295001
188.509687889,85.7819995907
188.506188433,85.7911983709
188.472812679,85.8185498235
188.423633713,85.8518891446
188.394528097,85.8887653874
188.388422208,85.9164582059
188.389628981,85.9212561782
188.405795418,85.8707302777
188.453346157,85.7931742054
188.505449583,85.7656149598
188.525638164,85.7662949191
188.527369446,85.7790341301
188.522220222,85.7747361564
188.522840642,85.7833257248
188.536098333,85.7944965479
188.551994795,85.7854895908
188.586184416,85.7556574081
188.631611291,85.7270807939
188.703412171,85.6820344869
188.733417759,85.6759548639
188.758504518,85.6738456718
188.770867953,85.7060244859
188.765320811,85.7325620543
188.766550081,85.7424594701
188.789149276,85.7148915928
188.821534691,85.6998183122
188.870582038,85.655049345
188.886851984,85.6203844239
188.924649175,85.5658845018
188.938925491,85.5304470037
188.959415541,85.5087978739
188.994311507,85.4807509399
189.006048943,85.4578852742
189.020137998,85.4134285178
189.036645878,85.3843849321
189.048625596,85.3690102655
189.074888478,85.3527690338
189.087877654,85.3487050379
189.107213096,85.3324319387
189.129727616,85.3144148888
189.133536898,85.3084458788
189.128289057,85.2937624808
189.126378723,85.2957525288
189.124358322,85.2947604437
189.133470943,85.286725317
189.150159625,85.2896591026
189.161660064,85.2870467138
189.169336817,85.2786518881
189.177152785,85.2701021269
189.197330231,85.2603566805
189.208316929,85.2562845243
189.223954518,85.2549184137
189.222232144,85.2541551353
189.208031423,85.244499117
189.203345845,85.2282906382
189.21247761,85.2165271195
189.249971841,85.1981370492
189.285385422,85.1872818009
189.308041308,85.1882187174
189.346582445,85.1430593814
189.386186158,85.1061323882
189.477729054,85.0368780658
189.551176112,84.9748499747
189.768553654,84.8217143264
190.470264048,84.1600985633
191.046880745,83.569608436
191.925346781,82.7113465301
192.451980499,82.3279716372
192.86034971,82.0033954665
193.42780054,81.906776757
193.769573942,81.8816459511
194.513004066,81.9090065017
195.246055228,81.8162120594
196.19385052,81.6375840627
197.749354578,81.3577249923
198.848700898,81.0863997989
199.959841164,80.7807391872
201.498945488,80.464094738
202.388596759,80.2563760094
203.381552775,80.2045168573
203.864104433,80.1679709358
204.163075924,80.256878948
204.299339537,80.3321647414
204.348255288,80.3657153592
204.372186741,80.3933812953
204.32174127,80.3937938019
204.229402376,80.4020768448
204.044837622,80.4364866001
203.976504493,80.4970831675
203.86885289,80.661583114
203.814636041,80.7952761472
203.763792537,80.9531910675
203.712952856,81.3563125709
203.949294625,81.8599238108
204.647792205,82.6576610031
205.428456275,83.2908592586
206.41396122,83.8531209333
207.956251581,84.5839798262
209.028821396,85.01635895
210.456308468,85.4279197872
211.212806821,85.5751769264
211.916895484,85.6620926533
212.691352488,85.786316985
213.121680911,85.8159520218
213.533837223,85.8703856968
214.069677223,85.9111216985
214.315092299,85.8634854009
214.542914387,85.8413899737
214.626447836,85.8332146398
214.70346115,85.837293536
214.712750386,85.8244953652
214.669759842,85.7793418064
214.591931436,85.6920485111
214.549575782,85.6592012596
214.525828355,85.6439630252
214.454073156,85.6260182202
214.237176809,85.5943375199
213.383628374,85.6247400538
212.708478762,85.6377278356
211.9667041,85.6654296855
210.899486317,85.6709665993
210.359972765,85.6932883447
209.706060775,85.7509526745
209.243937125,85.8116603573
208.828365795,85.8476222602
207.985095732,85.945206994
207.221786339,85.9072600951
205.74452269,85.8403592044
204.612481518,85.8742778268
203.511049354,85.9278527639
201.759799358,85.9798160766
200.659039452,85.9655371605
199.046284033,86.0657006129
197.822261924,86.1896736832
196.502194728,86.3314391074
194.216503049,86.3409652415
192.711677795,86.2239292365
190.856260522,86.1039354579
189.963375421,86.1670675138
189.243935118,86.2464801401
188.480778546,86.3404075298
188.15553157,86.3274603339
188.034597189,86.3201407206
187.914161234,86.3952248126
187.906298654,86.4324472063
187.920516857,86.4494925871
187.972863278,86.3655133811
187.998349044,86.2864172666
188.000187216,86.2424402845
187.968141435,86.2477644654
187.911238215,86.2517642697
187.897025715,86.2423031438
187.898053141,86.2453442206
187.892627597,86.3321380337
187.84153155,86.4544845595
187.696709628,86.5493543999
187.628221055,86.5473822227
187.587289425,86.5486879361
187.549039241,86.5981306783
187.537579354,86.6475009694
187.523665101,86.6571449288
187.525682267,86.6188017429
187.54704159,86.575500223
187.604416908,86.5995640373
187.658184436,86.6241894906
187.716979266,86.6156792003
187.753089185,86.5534281865
187.781416739,86.4931889293
187.807133681,86.4878740708
187.815627797,86.5149215317
187.810265743,86.5295251071
187.82668541,86.5118697212
187.861619194,86.5172114938
187.895478667,86.5840033247
187.88763472,86.6385709606
187.87476752,86.64204068
187.895128492,86.5986789035
187.923391233,86.5930257305
187.936687071,86.6465689303
187.9098289,86.6797737463
187.882459415,86.6816126734
187.878926816,86.6557044678
187.915820104,86.6442679112
187.976105923,86.6540994047
188.002540459,86.6231570287
188.045691733,86.5261445354
188.101265492,86.4345599682
188.122882203,86.4133302297
188.105359529,86.4278410347
188.078205885,86.4360641508
188.060154309,86.4442900252
188.064945702,86.4820844273
188.075219463,86.5281850414
188.080645795,86.5248259868
188.093427266,86.4949723948
188.115056854,86.4663498623
188.157808917,86.4516504085
188.185008132,86.4363929967
188.20836832,86.4201789645
188.216148192,86.4159813224
188.221610379,86.4159324181
188.22415705,86.4305742789
188.222151122,86.425492073
188.22970476,86.4344445135
188.234276454,86.4343762107
188.22760189,86.4427343623
188.217680264,86.4325756589
188.221031183,86.4150531035
188.232125101,86.4086850104
188.224880157,86.4111341773
188.20494424,86.4254835863
188.178668541,86.4259518896
188.180651048,86.4352501738
188.192251026,86.4307153301
188.216979835,86.4442831874
188.219147209,86.4429444199
188.214231877,86.4260886341
188.219498284,86.4151803507
188.238013898,86.4082549651
188.270077643,86.3792933983
188.281044792,86.3625380374
188.291102868,86.3420766857
188.281707221,86.3344083206
188.273262434,86.3143162104
188.282648023,86.2978265457
188.300002829,86.3097685357
188.324847213,86.3248650283
188.334516813,86.3029544441
188.34767686,86.2735923809
188.403810504,86.2664916405
188.438290509,86.2762311458
188.483675181,86.2985689998
188.499613208,86.3008218682
188.515037383,86.293212283
188.553607522,86.2792317363
188.588618141,86.2717561666
188.637751352,86.264325229
188.662794189,86.255040189
188.683939241,86.2592011955
188.699925625,86.2725783979
188.713012578,86.2797677726
188.748991617,86.2894209519
188.766730731,86.2933912036
188.7843719,86.2890840809
188.809920476,86.2810376166
188.826042618,86.2712124107
188.859965614,86.256564084
188.88112436,86.2560910339
188.899792329,86.2734576048
188.926290716,86.2550618327
188.924272184,86.2503990069
188.917379585,86.2517730782
188.904940504,86.2683854477
188.909200638,86.286834565
188.900715616,86.281838075
188.901673669,86.2733771212
188.902112972,86.2674019468
188.917991873,86.2602517574
188.932289558,86.240036532
188.963219534,86.2285279184
188.978092262,86.2298878614
188.989292727,86.2383859323
188.999300704,86.2476676061
188.99595294,86.2407361107
188.98666586,86.2163581828
188.987803574,86.1955402362
188.990645999,86.1809068155
188.995774002,86.1807979258
188.992110681,86.186983479
189.000951292,86.1642109246
189.001021503,86.1620407406
189.009627786,86.1597549499
189.015697076,86.1741103491
189.012445519,86.1726722042
189.020564335,86.1604526978
189.03611751,86.1454705815
189.061794852,86.1400301956
189.113823955,86.0967148288
189.150613354,86.0583822642
189.206879808,86.0129671639
189.241009374,85.9914968198
189.268860842,85.9795551613
189.287390744,85.9738420816
189.289008683,85.9712437722
189.288959561,85.9650445117
189.295566155,85.9650947978
189.309773075,85.9616196011
189.354055566,85.940327932
189.385111059,85.9207743809
189.420503605,85.8916213204
189.478280719,85.8812303843
189.515524993,85.8908872661
189.572773506,85.8700288342
189.589989771,85.8493656068
189.610371644,85.8340050685
189.633567045,85.8185465795
189.656268285,85.8068260071
189.682949542,85.7918729673
189.694488546,85.7815909614
189.701534265,85.7685674884
189.700955979,85.7605685726
189.69704392,85.7624626279
189.707673044,85.7713184377
189.71629882,85.7800197932
189.717927824,85.7862634636
189.723720805,85.7955640894
189.730426975,85.8066466715
189.728539715,85.8148403161
189.74604443,85.7775517016
189.761367886,85.7607385303
189.779831974,85.7423977923
189.778629815,85.7592920407
189.760203369,85.7916712118
189.743569868,85.8108023669
189.739307244,85.8212184408
189.756846082,85.8457825351
189.758326989,85.8675629871
189.759996143,85.8714788188
189.740626851,85.8711979648
189.723709143,85.8787226425
189.711868979,85.8829310491
189.710734935,85.8859050513
189.699346444,85.8959704481
189.676358402,85.8979947401
189.655809941,85.8869941252
189.654645046,85.8884421006
189.664114611,85.8949637871
189.655035859,85.9001621827
189.654264655,85.8886779251
189.649760894,85.8875876297
189.652324506,85.8799441148
189.64915306,85.8891954259
189.645423281,85.9055854235
189.648501482,85.9147746572
189.647140766,85.9206682249
189.666246301,85.9358494912
189.675654523,85.9521271138
189.684501228,85.9539684197
189.682894111,85.9355647121
189.684485146,85.9236419749
189.694821588,85.9060911012
189.699001731,85.9007085268
189.690111076,85.8968910246
189.665513739,85.8934565583
189.650615061,85.8912200868
189.650740391,85.8922150278
189.666878802,85.8795601774
189.678888977,85.8738765123
189.695859723,85.8658044944
189.690135452,85.8652850713
189.686095659,85.8655483696
189.69550418,85.8552552117
189.69609879,85.860450676
189.694204237,85.8733278948
189.694307316,85.8926419554
189.69182342,85.8936695391
189.707219087,85.8826122628
189.727787623,85.8748639821
189.756360107,85.8692910888
189.765749542,85.8563344993
189.768894928,85.8389971842
189.789913889,85.8184319478
189.819567403,85.8075320963
189.867614667,85.7889908749
189.890723204,85.7786795664
189.903741993,85.7773643206
189.903840117,85.768850891
189.897461426,85.7629087791
189.907181213,85.7508676542
189.928710832,85.7503898651
189.939030103,85.7464687268
189.943556556,85.7404873539
189.942871377,85.7333015843
189.958382425,85.7158026312
189.967957326,85.712663209
189.980240002,85.7174698709
190.012485223,85.6868670963
190.018151574,85.6675698677
190.023220151,85.6681849321
190.024338184,85.6863485286
190.029745202,85.7004967106
190.057283953,85.7092368888
190.078808924,85.7168965766
190.111046399,85.7226902006
190.122970988,85.723871808
190.117671873,85.7160496783
190.105642759,85.6992916001
190.105013132,85.6929108891
190.122742882,85.6902653571
190.134906122,85.7015026297
190.117746658,85.7105036049
190.070704644,85.7248586749
190.058004778,85.7304227451
190.049398382,85.7247368522
190.0661977,85.7182469786
190.084144193,85.7128633707
190.097437775,85.7050001002
190.09706915,85.7201709399
190.074949985,85.7448585691
190.040858613,85.7813935402
190.026877615,85.759791129
190.040963548,85.7416086432
190.069862966,85.7330041559
190.085975761,85.7364142411
190.086692909,85.735786914
190.076564875,85.7439917132
190.054834503,85.7653656549
190.043816585,85.7841932484
190.042657131,85.794652482
