181.037695435,87.0229341497
182.601515268,88.1066887883
183.643103751,88.7329870506
184.287273558,89.3036629573
184.370640389,89.7578615415
184.025525637,90.2490940868
183.837185407,90.4425514083
183.403597517,90.9408579415
183.084595881,91.3068965829
182.632224296,91.4495025929
181.670331004,91.4797106353
180.748841789,91.6443689186
179.086365993,91.64178487
177.722257245,91.5045400722
176.336156044,91.1350416382
174.690904029,90.9110730773
173.471928653,91.1088904144
172.139646013,91.1057636137
170.079971232,91.1087012769
168.235834525,91.1743584902
165.290932805,91.3521612434
163.840796868,91.6392271639
163.20272523,91.8087606265
163.811681724,92.1339248878
164.992490345,92.2305131446
166.866479213,92.3732992056
167.856112432,92.3807052822
168.566440014,92.4076937999
169.08067816,92.8328093136
169.029785782,92.8843503795
169.014010123,93.2459271402
168.936479197,93.3375574336
168.967180348,93.325989205
169.112739115,93.3053425204
169.31295877,93.0443211929
169.770913391,92.649012035
170.186671701,92.3659076475
170.775721465,92.1152677618
171.776875221,91.9693236529
172.442929259,92.0784651166
173.335186248,92.361402332
173.583763755,92.521035789
173.442640848,92.7360326433
172.485194028,92.9056687796
171.417782803,92.9162624234
169.175703033,93.045977459
167.029440708,93.0122692591
164.349351842,92.8669578543
159.13072149,92.651140589
155.123614624,92.6999453142
149.022000087,92.7759607518
144.718750947,93.0300866557
140.0375188,93.1563176687
132.631917194,93.53643662
127.474990724,94.2593626655
119.943387842,95.6975315402
115.165741405,96.5886232005
110.895383862,97.2706927263
105.725827667,98.0426541665
103.381797124,98.2990088581
101.803508009,98.3283305918
99.2833076189,98.4196918801
97.2519365621,98.5860909229
93.2897675782,98.784718091
90.8057052696,98.5824000072
88.3226346799,98.7000830543
84.2367412154,98.7899167951
81.1551287524,99.1340770346
76.1981414246,99.5053411145
73.7590916567,99.6069740935
72.204264251,99.8126487009
71.4252956785,100.086719693
70.2132052574,100.056864678
67.2926690295,100.126895112
63.9687026648,99.472361005
60.2775985126,98.6250070576
54.7315058387,97.5403967778
51.3470856135,97.4594198297
47.1324373295,97.6080848315
44.4693082823,97.718377021
41.9797171229,97.5015421557
38.6823490375,97.4178157474
36.4259309339,97.4836561034
33.2918162522,97.4253114314
31.7609484506,97.4416947445
30.9182471768,97.3477196667
30.673197264,97.5914119243
30.539715012,97.7332229237
30.446549275,97.7808428511
30.6381791131,97.70252424
31.071717376,97.8279120321
33.0244762661,99.240359808
35.2127220212,100.456816046
37.2014415245,101.725646021
38.8659817427,103.575935875
38.2338817147,103.266670027
37.2350459867,102.812325141
37.464739118,102.891859458
39.0003469381,102.759348066
43.5184649757,102.21179151
46.8829294968,101.875365227
52.125068756,100.646708812
55.93199103,99.7010254067
60.6650177128,99.0793957024
70.7298422312,98.0045550772
79.1944900683,96.5408011131
93.2964412966,94.7005563548
101.378624543,94.15281452
110.040936722,93.0405680745
123.642962363,90.8713262684
133.124581633,90.1566771063
146.154001735,88.6257074694
153.377468717,88.2952759294
158.666066905,87.956318297
165.644359937,87.4776161066
169.240921905,87.0373797878
175.750849592,87.2583724921
179.498688666,87.7144136315
183.248455237,88.2207714574
188.956122656,88.8486230338
193.09558448,89.0566544552
198.956136262,89.6973953004
202.671949904,89.8496814091
206.113439367,89.7654995769
211.876657322,89.3077211317
216.427579238,88.6515910733
224.453515887,87.6233928752
229.710398479,86.5013396584
234.101960673,85.5325888
239.046461394,84.1481418915
241.563171975,83.3855166486
244.039548411,82.8630036395
248.570619779,82.0904110938
251.750703744,81.6507572837
255.176842655,80.8217211651
256.909534597,80.2541043673
258.380500049,79.8114382256
260.149595057,79.4589708983
261.202752163,79.2585218613
262.906116313,79.0910330292
263.94179488,79.0416787899
264.907539447,78.8390762043
266.684824272,78.5453352613
267.813943142,78.3073669843
266.839884711,78.8683551949
263.672047753,79.5401825887
258.608695124,80.4183813723
248.166110468,81.4751759168
240.314189521,82.231289812
228.575850473,83.6109956373
221.149094789,84.373052505
213.646028786,85.3405419498
202.241874041,87.7154077848
194.680895299,89.3163326665
184.529788043,91.054947715
179.018754686,92.0548310054
174.118909932,92.8008387625
167.957526662,93.5127040416
163.920158305,93.8501113492
160.382176303,93.6396973153
156.715233532,92.8503697247
155.100973747,92.8377409931
153.466875548,92.708475141
152.785582202,92.567573504
152.331001159,92.4394171043
151.50650679,92.2279553404
150.759406868,92.1620136077
149.144255693,92.2666298667
148.000737662,92.441126433
147.012035385,92.6135384417
145.458793877,92.76418982
144.366753316,92.6524785168
142.778849926,92.4486921437
141.736264252,92.4072931526
140.612103698,92.3230914375
138.643152895,92.3066139458
137.333976154,92.3190962734
135.412566339,92.709993073
134.137628592,92.9535875386
132.891278686,93.0984329337
131.459912351,93.5581899963
130.851672887,93.9371695789
130.473158704,94.4642415511
130.30346237,94.8634185989
130.117709737,95.1401566228
129.769154573,95.3427513329
129.411678946,95.3162098447
128.66945018,95.1092885735
128.090216883,94.9800007755
127.454095762,94.9684199019
126.805685634,95.0454353957
126.816393732,94.9600939395
126.979150215,94.7092735946
127.503404903,94.3128711387
128.253228504,93.8769859144
129.087007595,93.5106676995
129.524087662,93.3379211518
129.795746788,93.228086161
130.292908746,92.9769938984
130.74365472,92.6558918527
131.736850317,91.9277729891
132.847134166,91.5435370878
134.50949877,91.2819673588
137.579790259,91.1170823999
139.624260981,90.8606811605
144.612098787,90.6361308987
148.573057009,90.9855866243
152.306853089,91.3949135548
157.658095257,91.3879380102
161.365545654,91.3038627515
168.015946768,91.6645922019
172.968521941,91.6336867079
178.01087985,91.6423775434
184.177355445,91.545374847
186.936640817,91.4250269312
189.771524105,90.9488087851
191.227630034,90.7836666208
192.485346901,90.7163245676
193.990070679,90.9734691671
194.756331381,91.0000939291
195.425561667,91.3305476131
195.692091042,91.7408546695
195.747771439,92.2420580711
195.615427475,92.9080517697
195.276176183,93.1092749196
194.904173893,93.2463705134
194.378342817,93.3902529878
193.896907387,93.4873999889
193.368458215,93.7641616772
192.960068583,93.8820438359
192.688811962,93.9798653006
192.365283011,94.0395302683
192.143851228,94.0302270405
191.547884106,94.0379738238
191.066982051,94.0816790124
190.490967175,94.1767901343
189.626831267,94.2814600944
189.091663181,94.3310260367
188.118277955,94.4591432677
187.280578799,94.4635089433
186.043361197,94.4367763201
183.915954531,94.3108913816
182.609356028,94.355441963
180.508359472,94.3780157249
179.109088991,94.4551065303
177.444881184,94.5567083754
174.546766694,94.5054012711
172.157982257,94.6335585712
167.455338794,94.4538555132
164.305335484,94.3104736975
161.400589474,94.3497620253
157.732413418,94.4088583054
155.914342448,94.4575305053
153.817239023,94.4810590788
152.730993648,94.5021976213
151.895693726,94.4545446189
151.236933767,94.3819416107
151.145882164,94.3752060537
151.168955722,94.3354491535
151.15840504,94.3071695657
151.144144585,94.2539264489
151.017891084,94.1080193207
150.916756822,94.0117720168
150.845060997,93.9337789563
150.548309589,93.7907920412
150.277791221,93.7001598388
149.905091962,93.6525884267
149.673769248,93.6664008916
149.491299099,93.684160264
149.345970397,93.7012539166
149.336124014,93.7424404347
149.42888156,93.7699538293
149.676017019,93.7268895466
150.257421863,93.617279612
151.378822265,93.4862052719
152.253897436,93.4487124394
153.995985723,93.1589745211
155.859522383,93.0071243366
158.537676633,92.7591505894
164.535698033,92.588608782
169.385411659,92.4684304245
176.254087835,91.8914708825
180.417661191,91.2902086379
184.330522335,90.7469779724
189.994750873,89.8264653148
193.737778321,89.189909248
198.681375612,88.2791611281
201.648896103,87.4984541066
204.479372973,86.7740163252
208.65912723,85.8179361742
211.573487329,85.3070168011
215.730886272,84.6638908916
218.075427398,84.3222361711
219.803455264,84.1441929031
221.272842791,83.9751188701
221.255790783,83.889698749
221.134038123,83.8982805243
221.26296572,83.9082646801
221.371317726,83.8627656226
221.389432358,83.7477794409
221.24963848,83.7545497148
220.597208089,83.9253902691
218.920535884,84.3855770926
217.352107777,84.8148786719
212.94113264,85.6975069871
207.029555489,86.2334330775
200.071476711,87.119487346
189.924922572,89.4108143634
183.87218077,90.7165506775
176.176617552,92.7839171325
171.055835137,93.8774795829
166.123456117,94.6730459225
158.455647519,95.1947705848
153.305343529,94.9113718496
145.900531034,93.5991884752
141.78908546,93.4261694558
138.185616878,93.651175282
133.799675792,93.777703924
131.872074294,93.5237571785
130.554235121,93.0799855581
130.765315398,92.8889552675
131.400690003,92.8123417817
132.985895641,92.4300508937
134.453685916,92.1640415448
136.362698398,91.8355371368
139.424646825,91.2753693857
141.83919434,90.9658184215
145.946074317,90.4858388564
148.60105875,90.1561941683
151.037910108,89.7860754405
154.705201923,89.1815155977
157.155173801,88.8352087023
160.733390941,88.3650749004
163.39258755,87.9702636589
166.001981677,87.6181886646
169.682753191,87.0476711995
171.770453158,86.8872277643
174.051949269,86.7061424509
175.336488833,86.7265066993
176.546508433,86.8970611698
178.229167177,87.0542279428
178.831691772,86.9957782442
178.928983692,86.7805867645
178.792265146,86.7530779854
178.428011079,86.6607100269
177.996673923,86.7992674909
177.93340945,86.9166519167
177.866967141,87.0732468
177.841906795,87.2049739707
177.434783285,87.4639477125
174.531342959,87.8919895733
170.785341713,88.0130254369
163.166083101,88.801729647
157.473298553,89.5210227984
151.655605197,90.4016352569
142.491291622,91.8165582497
136.227555098,92.7298803508
128.033125328,94.0063689454
123.560703858,94.9270299215
119.7282735,96.0752793624
115.646906804,97.2006119344
113.535470263,97.7423947139
109.42752237,98.7363991667
105.372048543,99.2964556959
99.729341143,99.9343766433
91.0201582581,99.7534064959
86.2547600958,99.5808515452
81.7194291662,99.2884081206
75.3159681245,98.7808609626
71.7539569774,98.4110153008
67.7644123697,97.8719683643
65.9110575638,97.759603767
63.8710135819,97.322719591
59.7092593354,96.6599919074
56.9243736094,96.0642245286
53.1489928488,94.7911353812
50.1556803359,94.8782147834
46.9292391515,94.4434654555
42.3776685892,93.8047982218
41.1007338971,92.8653450088
39.4043973665,93.5947333499
36.8782343214,93.976354826
33.9781483226,94.1884466623
32.2014762222,94.3439140393
32.8709220764,94.7176275709
34.3815241402,93.7776169094
35.431127535,93.4173091826
35.3691913703,93.3779378868
33.8302744353,93.06237311
33.2543249313,92.5585673632
33.6915025081,92.335897417
34.0350540628,92.1371578267
33.5878674485,91.6350099536
31.4780820858,91.1201934535
29.8799396219,90.1351578005
28.2178501,89.8539807927
27.8198207264,89.5761538494
27.6062526282,89.1155951178
27.1144624058,88.1977421388
26.9635812258,87.6129960864
26.8077318807,87.2244626875
27.2407134159,87.0310161673
27.8863510907,86.6270944135
29.7317449878,87.1305765463
32.273651357,87.3260008643
39.3719943778,87.8300323317
46.7918061625,88.4512948891
55.6370571673,90.8469830284
69.7135295853,93.0991876165
79.6984478132,94.0134463716
89.7278415864,94.8660810774
103.804627266,95.4680572084
113.027075756,95.2246109173
126.542563354,94.7330871453
135.128850115,94.4095387884
143.253601395,93.8265928601
152.695112386,93.1273586199
157.859579854,92.8115408581
164.523248471,92.4837203874
169.295088409,92.2711454078
174.156588241,92.3527954816
179.195706069,93.0427992821
181.395292753,93.3460282582
183.414436559,94.0929710319
184.31816576,94.7016155637
184.92779115,95.5067103718
185.669598461,96.9007485666
186.141619376,97.6630615243
186.957263322,98.9720760212
187.649182734,99.5974077292
188.223233473,100.492720041
189.027853539,100.707879259
189.133297127,100.837651799
189.120976555,100.940431254
189.12048288,100.732794986
189.60837364,100.124405367
190.740258798,99.0600934305
192.058554646,97.876198336
193.56309848,96.6610032634
196.52056946,94.8466282919
198.590119915,93.8601255595
201.663031403,92.6463340216
203.087702529,92.2277685227
203.953136948,91.669110927
203.934104209,91.2913281422
203.207400644,91.0277242773
201.815375499,90.9351299412
200.460188627,91.1086857869
198.571082815,91.2346733013
194.977609195,91.422662627
192.668643442,91.5035855932
189.013219837,91.776414988
186.655812097,91.9948573579
184.014070169,92.1726844633
179.761565391,92.379258623
177.092187077,92.4788641498
173.515503591,92.9160591208
171.52321337,93.287523213
169.927707022,93.5895280188
167.701092837,94.0265378083
166.255770459,94.2280081219
164.282630672,94.505175166
162.936824856,94.786829399
161.443334937,94.993459702
159.212188003,95.1631625084
157.772543209,95.1931218486
156.101402995,95.211346292
155.367199083,95.3371525781
154.879447936,95.4996052633
154.783443555,95.7940684178
155.044918169,95.9895166311
155.424918056,96.1915186835
156.117762763,96.380912266
156.600344934,96.4301419467
157.417482669,96.5434019452
157.91419905,96.4867309726
158.410223101,96.3943902247
159.118737793,96.2995740319
159.862609902,96.1596569663
161.953847018,95.8057945714
165.251309377,95.4346833559
170.079022818,95.0716651979
178.701597474,93.7123489246
184.81607878,92.3220737676
193.599728594,89.9274158536
198.993855652,88.4112643844
204.158066297,86.9460923546
211.053104893,85.0737439206
215.274415206,83.7067156368
220.811852605,81.9253884113
224.006617932,81.2293211105
226.953648574,80.7148330521
231.340637837,80.4249544212
234.524031619,80.2792498114
240.029238337,79.9051821369
243.236211052,79.3623481048
245.581006263,78.6798188561
247.324402916,77.7249685811
247.731634556,77.3499005769
247.701805299,77.2555322642
247.185719665,77.4915361279
246.397543678,77.8204294088
245.126070578,78.686249866
243.337454877,79.5120117044
239.770252495,80.6921474496
237.141664199,81.7019590533
234.850247681,82.7357081328
230.490500731,84.1728116313
227.277707458,85.2632514501
223.290030511,86.5266212904
215.694689293,88.3786906854
210.029620998,89.5497736809
200.682834194,90.9229957297
194.45200144,91.3841584597
188.64545683,91.7971219273
181.34913762,93.1046246764
177.276735763,93.6210396542
172.054563738,94.3874312986
169.324562587,94.8453524558
167.135544274,95.2194895618
164.454504778,95.2989648882
162.980020435,95.2251018931
161.058164252,95.2781914457
159.849803495,95.2354538693
158.797933381,95.1731852167
157.753415601,95.1112645596
157.207728587,95.1356444781
156.672111782,95.1253865925
156.445702569,95.0236658486
156.10293179,94.8686992664
155.532713754,94.7368062246
155.167406615,94.8233183162
155.292966326,94.939549373
155.972613882,95.0971444537
156.818381519,95.1977671079
158.077448334,95.2209442887
158.899123111,95.1537259787
159.85370948,94.9954424869
160.232312362,94.9087591446
160.498619799,94.8934003498
160.475222823,94.9686459896
160.333253271,95.0169862095
159.608509484,95.0046259092
158.165029255,94.9957945989
156.635499369,94.9355819824
153.810768214,94.8208737713
151.769160296,94.8640968782
149.439669201,94.9092216461
145.298341545,94.8333159186
142.241138863,94.6739221357
137.783552728,94.5821125025
135.42201104,94.5816484903
133.448101139,94.7936910619
130.641710136,95.4345910396
128.895579834,95.7635897398
126.251477495,95.9933103813
124.607605699,95.783510674
123.249098478,95.3474242819
121.760696912,94.5652901567
120.669395908,93.6674761124
118.82301213,92.5454857177
117.839912927,92.3848366696
116.881056533,92.540554825
115.910020981,92.6670942877
115.713330146,92.6532365231
115.896052744,92.6933911011
116.244277198,92.6554104887
116.809470005,92.5354671677
117.437499421,92.1951107193
117.73735755,91.9566288265
117.902617434,91.7197384278
117.886998988,91.6337443853
117.803460946,91.5595283093
117.544269229,91.5492268003
117.283462989,91.7515989534
116.869533364,91.9790527765
116.427052448,92.1636880372
115.78115745,92.3395841823
114.763439574,92.5786858356
114.330577543,92.8220393693
114.176266922,93.0584216045
114.590090543,93.3192010012
115.542175676,93.5700631311
119.331933601,93.9830357366
124.433913524,94.7583984341
130.944884996,95.6819828369
141.135266766,96.1641051132
147.336487495,95.9579774098
155.852420279,95.3842974487
160.822515215,94.9240692837
165.553712518,94.5106112455
172.399653417,93.462948253
176.991099789,92.7061595555
183.572499018,91.4525098948
188.146338647,90.2373413497
192.992080057,88.8633597718
202.265342369,86.6033147347
209.789901715,85.4195322891
219.442508115,83.2079601099
223.825371923,81.8606056296
226.076387218,80.7170757452
225.864079553,79.7005578319
224.42379182,79.5756557585
222.00482855,79.7966648444
220.756190341,79.9865839047
219.345180418,80.3694391979
215.488654798,80.9834189431
211.547147797,81.509351096
203.368638449,82.6254489397
196.773355309,83.7803801614
189.210697956,85.2187625106
176.620863347,87.9074049684
168.301206361,90.1242384322
160.306568872,92.620987468
149.136761163,95.3509208544
142.408446004,96.5700247368
132.924467246,97.8182161321
127.32922391,98.5325835827
122.367196117,98.9555951982
116.488532328,99.1619683974
113.896874198,98.7795181219
111.517266889,98.0429080328
110.463994522,97.7201959999
109.684538003,97.420472456
109.08281878,96.9943138915
108.775930227,96.8313578342
107.657557582,96.7767652719
106.803155555,96.5867945249
106.139958134,96.3392184863
105.623098353,95.8127320162
105.560899877,95.673844032
105.901872573,95.4366533883
106.281727645,95.1238251932
106.63137842,94.9014399955
106.45135859,95.4061839995
106.051090768,95.8338435369
105.282368304,96.6817785531
104.633279319,97.300944828
103.945646259,97.7589719744
102.929717914,98.5410996704
102.311014976,99.0772907958
101.220864431,99.5184199049
100.455413195,99.8006270904
99.5641269144,100.036176838
97.4642739584,100.661392083
94.8506160095,100.9176295
90.8230089181,101.048508347
83.1611404846,101.411238873
79.0092815395,101.63307926
75.2259285307,101.818210138
73.1865221551,101.775505187
70.4737641791,101.952367833
65.3306357203,101.73605266
62.1024414489,101.30528318
59.1097930039,101.116162249
58.342344668,100.96892028
58.671448751,101.088740989
60.5664099368,100.950485258
62.6498048457,100.755099623
67.9675780438,100.138034509
73.7282909749,99.0789818553
80.336040021,98.1188391652
90.0361325311,96.7644749843
96.4011656057,95.4743119417
106.18619679,94.3756256067
113.038569899,93.4588722405
119.778568776,93.0600739552
129.209528402,92.462579419
134.049497264,92.0841148446
137.892920137,91.6946023597
142.508440612,90.8638487765
145.158172505,90.4169886318
149.522547701,90.0239324955
152.430182429,89.540697021
156.47397417,88.9519120842
159.195079116,88.5964916568
161.88546494,88.4121131946
166.522653967,88.2859998295
170.276001171,88.0635455252
176.693032896,88.2202383287
180.458786963,88.2356916362
183.868922873,87.9393840367
188.480351541,87.4880665597
191.223308598,87.1749471597
193.918481817,86.9618234718
197.373081309,86.9524320921
199.097640993,87.0040934225
201.322055277,86.784113328
202.278928149,86.7083710148
202.914085146,86.848832801
202.946041447,87.4221178444
202.46624304,87.8841765539
201.616848986,88.5272818023
201.269428496,88.9065169301
201.493300139,89.2271297848
201.948181017,89.5773296091
201.916472825,89.65590894
201.526199275,89.4833052753
200.904735085,89.3844271439
200.125139234,89.3679977717
198.715694769,89.4211436472
197.603758668,89.5140565411
195.378222578,89.7400423744
193.638882286,89.7575473393
191.773794275,89.8255035819
189.483666448,89.9561864303
188.049857181,90.0184429075
186.337545087,90.3110176703
185.584522904,90.4520825767
184.967589475,90.6703726873
183.83200484,90.8962036894
182.948992314,91.0086510817
180.747107065,91.1645333883
178.777954893,91.2096077788
175.700133009,91.223163226
170.462760757,91.0551768473
166.628781275,90.9452398076
162.984714496,90.6336294979
157.737544007,90.6817416248
154.301450394,90.6818359541
149.78057038,90.9546580702
146.856800556,91.0275680215
144.588586191,90.8837389458
142.793702554,90.8851545792
142.84100723,90.6589330432
144.712219189,90.9194155298
146.576273262,91.2010571029
148.3631992,91.4413080049
151.121203086,91.6328986831
152.656782385,91.9027220611
154.368614307,92.0883159591
155.258029338,91.9694900935
156.019239188,91.8685282096
156.985315049,91.7286973444
157.770035383,91.614538345
159.353980368,91.2558819876
160.776665532,91.0411299503
162.382351135,90.8111775886
165.089664606,90.6786803259
166.797895526,90.8853295711
169.288217717,91.2602753343
170.888016599,91.5585226417
172.473836094,91.7200263687
174.899768435,91.8798887418
176.808992517,92.0484444168
179.837914553,92.5984548401
181.855920463,92.7766772423
184.174813979,92.9101834894
187.853086322,93.0610050399
191.296133709,93.1643142461
195.184001965,93.1965159098
201.22957431,93.0300750071
204.722937162,92.8904192809
208.667192897,92.8555785081
210.408557067,92.946311138
211.787588136,93.1407943984
212.765576285,93.5100376389
212.851240261,93.6108482403
212.4983342,93.7989372982
212.252081528,93.844992444
212.117403981,93.7739411104
211.762588376,93.8775282949
211.336467964,94.1038558419
210.216555405,94.467542172
209.121575598,94.6969867933
207.371384583,94.917788439
203.500279605,95.3907497798
200.327500853,95.8252872316
193.831261401,96.586325937
187.94103043,96.9252370886
181.677167439,97.0465150962
172.944010045,97.1368536603
167.138642813,96.932314971
158.929342006,96.4248992211
154.208309404,96.2697912459
150.230088603,96.0693857616
146.230303854,95.9259424305
144.355873618,95.7869591789
142.301347797,95.7131275568
140.78512919,95.4859076328
139.187946045,95.1720886557
136.980172311,94.4820811611
135.795852941,94.3068199761
134.240307697,94.3406718028
133.281301711,94.3137471608
132.517799396,94.3587581623
131.704882252,94.3080782266
131.358931114,94.297918709
131.44935612,94.2526947877
131.665665011,94.2530540856
132.087483026,94.2139809384
132.653067548,94.1265441465
132.996627594,94.0079651862
133.315728242,93.9533353226
133.769184616,93.9527147029
134.054607772,93.9893327165
134.380478523,94.0538576965
134.493204785,94.0595636198
134.646350364,94.0536145157
134.814284144,94.0070107501
134.920877427,93.9616802655
135.048570278,93.8602364678
135.243018156,93.8050520632
135.49575733,93.7125329585
136.152225775,93.4917660056
136.644775661,93.3252462283
137.520297083,93.0225289761
138.193877552,92.6815273406
138.983510541,92.1917149201
140.573612392,91.7503965954
142.044789054,91.5432345698
144.870333826,91.265052987
146.863292262,91.0667695383
149.01200082,90.7869913392
152.48201346,90.0797816484
154.834456091,89.6316553734
158.819212632,89.3037621252
161.33650962,89.2077915814
164.116763639,89.1606433842
168.297196799,89.3154046842
170.808137964,89.346570039
173.149853663,89.3420900632
176.337551034,89.2584445002
178.036660757,89.048258815
180.126251993,88.4403507976
181.273503884,88.0842376126
182.314914629,87.7688319702
184.281740548,87.8713062891
185.798016698,88.1496287249
188.25001909,88.5244258192
189.660320519,88.6497727588
190.976544917,88.5692355722
192.676809029,88.2890667572
193.756597175,87.9902095344
195.375913484,87.6597590639
196.362365809,87.5003979888
197.303992459,87.404601698
198.654591108,87.3534705908
199.38533833,87.345123687
200.360952784,87.3798137516
201.091143916,87.3837153711
201.744859758,87.3443450149
202.937349029,87.251091881
203.769857394,87.2433888991
204.992005476,87.2230810902
205.555050703,87.3012350121
205.9246094,87.3245328964
205.997687035,87.33499523
205.921453215,87.2603879566
205.496875834,87.1622076172
204.836381515,87.1364690941
204.006083276,87.176895685
202.365431432,87.3275747939
201.002124092,87.5437431741
198.281219115,87.8152440406
195.771791872,88.1002382413
192.116565719,88.3156443296
185.574811604,88.5076246094
182.021692056,88.7855108239
178.927483613,89.0775893164
175.045864245,89.5549121484
172.694642338,89.904609803
169.998709361,90.3796562418
168.300436179,90.8157025365
166.71654574,91.0265349857
164.687247767,91.4588043983
163.429156528,91.7801850261
161.622202907,92.1104667617
160.568001925,92.2935805693
159.63585765,92.5378012284
158.518734952,92.9402658601
157.935572707,93.2531149216
157.101925796,93.7023128714
156.523314429,93.9292745384
155.994074279,94.0975081488
155.367167556,94.3635887279
154.97383222,94.5671462869
154.725471258,94.6437161926
154.621450175,94.6758896936
154.612116506,94.7024010574
154.672553236,94.7783220464
154.855509666,94.848539453
155.215079896,94.9948840497
155.468930468,95.0740078475
155.843017991,95.1797679539
156.594876989,95.4172683025
157.217224423,95.5459592489
158.324090778,95.8270133528
159.262159571,96.045267459
160.101124949,96.3007888912
161.271950769,96.8113261031
162.111762107,97.1841275718
163.76190012,97.6573841762
165.415150998,97.8776753045
167.771959658,97.9860075635
173.001588393,97.9601130479
177.387814048,97.7510826492
181.82699527,97.4250892814
188.445123568,96.2701835015
192.497365935,95.7256807642
197.253241368,95.0150639481
199.474522173,94.6945745467
200.839124736,94.29241884
202.017383308,93.6814892314
202.773855437,93.1653456128
203.974400619,92.4935778413
204.703350803,92.0180982818
204.849068968,91.7895158324
202.133200489,91.9006274389
198.432039786,92.1055425401
191.814653012,92.8133691616
187.056340389,93.3750084155
182.699771508,93.9650566627
175.911869552,94.3885281923
171.201909027,94.3027568471
163.610623614,94.1179871588
158.600000115,94.0409349285
154.142460529,94.5067179436
148.346121084,95.3191005956
145.203118086,95.5081693975
141.65198795,95.4629233611
139.893415481,95.376524747
138.447229642,95.3806363203
136.548551995,95.3199558598
135.471874206,95.1072797359
134.404174646,94.794139209
133.199364212,94.2265663719
132.607297188,94.0422755965
132.003074054,93.8022223213
131.54174427,93.5764605778
131.013791957,93.3276085118
129.970834958,93.1140141796
129.070291984,93.0168110848
127.442711901,92.9154697781
125.941913026,92.7637664939
124.531964955,92.6372418913
122.594849631,92.5016178052
121.533430496,92.4057904211
120.369073117,92.2545935801
119.771431538,92.202730458
119.29605863,92.2938503449
118.398343629,92.2854713554
117.764751028,92.2701594972
116.66220479,92.3849687288
115.909480804,92.0949323003
115.112458326,91.7898431395
114.104820867,91.5007608057
113.571063763,91.5925525659
112.983580228,91.8545139402
112.678222966,91.9224895042
112.370781333,91.9797674297
112.032763718,92.0640549441
111.850914381,92.0574430253
111.595936787,92.0031342782
111.54451229,91.9552744026
111.492668151,91.9155884193
111.426008097,91.8457431607
111.458414121,91.7971915094
111.66925953,91.7675509199
111.902492933,91.8135431637
112.182177498,91.9171192767
112.515834074,92.0284166576
112.627615456,92.0611629968
112.796632031,92.0775152147
112.997031177,92.1424227975
113.092440793,92.273118444
113.270490171,92.5560233287
113.412525147,92.7338199364
113.706354597,92.9386126681
114.384289109,93.2458939589
115.011166728,93.4142252303
116.731627676,94.1038213784
118.796207883,95.1336288659
121.450469461,96.2131150392
125.503938997,97.4340621393
127.890343427,97.9305815008
130.816160164,98.2078637803
132.56359552,98.3852062275
134.053861685,98.3009476816
135.684494772,97.9214261251
136.5332071,97.5633049536
137.9826171,97.0304938009
139.300825657,96.7903259796
141.195755064,96.5124258723
145.564605296,95.8427608629
149.191723263,95.19115783
155.409634131,93.7414223511
160.047907576,92.4605650931
165.07844503,90.9600154271
173.117604142,88.4618883482
178.696223853,87.1827585516
186.350452971,86.1858733631
190.533259373,85.6041111006
194.193937066,85.0456733063
198.797702697,84.6156052992
201.296588322,84.5153558675
204.058229609,84.3685161382
205.561066608,84.3386353896
206.612522403,84.4344091429
207.779741665,84.7038608213
208.266378477,84.9022591805
208.532244651,84.9634086229
208.453571267,85.0625528847
208.318624343,85.1555866162
207.968633665,85.4771178556
207.212228607,85.897522895
205.534441738,86.3081874964
202.065052495,86.9680905624
199.311473735,87.4732862122
194.614822062,88.1840192923
191.611618514,88.6831305252
188.341620845,89.2263700166
183.015882764,90.0504752059
179.977889103,90.7369637966
175.960462138,91.9598372348
173.66961628,92.7390562025
171.607684154,93.701514928
168.908783293,94.9921987947
167.306892351,95.589195977
165.111428947,96.2856901527
163.925603624,96.6966095586
163.03076673,97.0847597273
161.788391479,97.6837236534
161.105685231,97.9076572281
160.292725077,98.2131412252
159.739048091,98.3339378797
159.150897019,98.4159812484
158.194493936,98.5275771918
157.511434023,98.6063649356
156.368890842,98.5945779243
155.71371298,98.486667614
155.051673851,98.3880988333
154.117336975,98.1838955922
153.530227267,98.055605645
152.981263218,97.9749803171
152.055649828,97.9087405096
151.204240783,97.7728185084
149.350721539,97.5693406393
147.494316865,97.405915943
144.58989399,97.3219164544
137.67739202,96.9754629101
132.32775629,96.4680763803
125.126185017,95.6014467035
121.023416564,95.220688688
117.438872555,94.9059767265
112.853608172,94.496833179
110.648565424,94.4295474891
108.014081515,94.1674881867
106.246232489,93.908035754
104.01429294,93.4827115413
98.8450924998,91.6737189423
93.9074259826,89.4392635008
88.5237768131,87.9320521247
86.6892566569,88.329103449
85.5990653673,88.9219921628
84.3703709737,89.4673753873
83.715417381,89.7679658056
84.0224310968,90.4749450456
85.2808086737,91.0993547284
86.9963364457,91.6773843523
90.577092346,92.289768684
93.6502070204,92.609201679
99.7089612771,92.9895615135
104.713802482,93.0408565832
109.788416284,93.044631385
117.219392484,93.1380435619
121.377261569,93.1428575096
127.070399244,93.1397139836
130.449400045,93.1252838519
133.620629447,93.2413490882
137.672500616,93.256658547
139.598207541,93.4071499689
141.359246884,93.3880387093
143.560658556,93.2545810296
145.194548513,93.2643104925
148.070891265,93.2266238319
150.253137319,93.3440602501
152.150934655,93.3705377595
154.678532459,93.400771114
156.123405107,93.4775673205
158.018790597,93.6524134477
159.921641351,93.79002148
160.527290124,93.8416904454
161.80892707,93.8876405535
163.723812216,93.7813382173
165.702532027,93.5986004365
166.946578459,93.438767569
168.165961347,93.2206750064
169.852693331,92.9138901733
171.10791625,92.5670694222
173.110033887,92.0984933499
174.900011432,91.6444080607
176.652412538,91.2509298859
178.933212158,90.5500081181
179.816808828,90.2650741815
180.200859125,90.0610729625
180.060563449,89.8921851103
180.016464923,89.8330843288
179.977944713,89.837248549
180.07690808,89.9040007144
180.775672951,89.9197078921
181.383679165,89.9642371989
181.909686265,90.0210542232
182.18787205,89.968090803
181.839490201,90.0511145353
181.053697347,90.2147708194
179.080175548,90.6839220727
177.63035299,91.0421787568
175.57758204,91.6780869317
174.338925139,92.1970915424
173.224672332,92.6961991146
172.048465029,93.3564061565
171.428244554,93.7224679362
170.744228448,94.1056404673
170.328191729,94.2880973251
169.870157538,94.4747308973
169.172538835,94.6885739877
168.824466359,94.8698556406
168.015176511,95.1400488653
167.447038931,95.2010489899
167.116959047,95.0983991787
166.906933109,95.0632781631
166.858399959,95.0341314047
166.813234296,95.0115375024
166.832269395,94.9843148544
166.873359407,94.9190820422
166.895328244,94.8430675502
166.880652815,94.8077350817
166.795022746,94.7649466871
166.773160527,94.7448985889
166.78505358,94.7331057508
166.768839382,94.7516416782
166.700087861,94.719373184
166.480869276,94.7478427988
166.177759059,94.7701716658
165.664284746,94.76790823
165.142278541,94.9231054546
165.030382919,94.7937827073
164.959375367,94.567063232
164.848514862,94.4654170014
164.781498354,94.4243423204
164.65155129,94.4025209698
164.582299239,94.4030451907
164.518758845,94.3978375457
164.470837205,94.4131887669
164.570999525,94.4440716646
164.804229897,94.4743215561
164.919406349,94.4563177285
164.994566407,94.4505898893
165.113485776,94.4134596199
165.156642391,94.4094732785
165.104735498,94.4664675086
164.858019547,94.5840785544
164.568126286,94.6623429895
164.417320433,94.7489525043
164.418347981,94.7548044547
164.691803452,94.7218733553
164.955673507,94.6145718778
165.176064821,94.5485293238
165.518524155,94.4541160286
165.729830671,94.3907671529
166.06454438,94.2922389067
166.278599528,94.2571638346
166.543454657,94.1636491776
167.299519546,93.8912084271
167.999022258,93.6588657264
169.243306587,93.3675312223
170.158812989,93.0706711843
171.133473718,92.7924205888
172.508846187,92.3078952877
173.407052722,91.935331922
174.182330496,91.5188703493
175.366293091,90.9669203528
176.166542762,90.621569994
177.300736761,90.1303129378
178.071319799,89.7793209334
178.755818696,89.4773336044
179.695491352,89.2016275236
180.327365936,89.0488932839
181.428297341,88.7847231942
182.361113042,88.6612174125
183.564841854,88.4622724562
186.951203492,87.2730380577
191.560203453,86.4512519278
198.620777266,85.1142249003
202.449681623,83.8180636375
205.141630263,82.8633655262
207.077899095,81.954397607
207.539253799,81.8629482367
208.282016358,81.957683687
209.089548384,82.0051627051
210.526423428,81.9714845502
213.690186201,82.0288926728
216.226951757,82.3172765575
220.619961689,82.7317858477
223.82059816,82.9363144089
227.336294025,82.8278736304
232.863741593,82.1065603924
236.324667894,81.3931330963
240.003056518,80.2622752776
241.867496016,79.3709336869
243.190405401,78.6904703124
244.874476039,77.6816059285
246.206800254,77.226479086
248.23666505,76.7054899352
249.402213965,76.2307112413
250.386984912,75.8673962835
251.275252112,75.6159660022
251.343857683,75.7435267681
251.056139699,75.8703986464
250.597975765,76.3468372377
250.283406413,76.4233548912
250.179090555,76.4364229237
250.098968991,76.8851220292
249.233518975,77.5091028141
245.99490858,78.8501798465
242.907128385,79.892644559
237.837482518,81.8534098954
233.15314104,83.3206417085
227.320729006,84.8783401877
217.787167387,87.1124540534
211.216948712,88.4899122025
202.852094709,90.5968332788
197.461657759,92.1026899798
191.680724465,93.4739011598
182.011803685,95.4842204433
174.625879514,96.7804362715
165.047208956,97.7382549198
160.399683437,98.4384205339
156.974299451,98.7343092964
153.469643371,98.5537593142
151.55050438,98.652438242
148.680158469,98.5120145713
147.23136947,98.4177732195
146.029290647,98.5818485919
144.299969941,99.0678457289
143.398708728,98.959030026
142.191207392,98.6956586506
141.519937239,98.5783697375
141.073909688,98.3288797074
140.849495732,97.9434421648
140.906885201,97.6935170952
141.297949334,97.3802240653
142.240788722,96.9757462166
143.126318651,96.7702753598
144.850344168,96.2016592862
146.082878301,96.0511939911
147.135124576,96.124660142
148.239197025,96.4890023989
148.776303488,96.8815577543
149.514919246,97.4105349867
150.029664819,97.8299998564
150.559692824,98.2479399498
151.231161418,99.1553666186
151.748927617,99.7568216731
152.761783305,100.301105413
153.558445596,100.440748876
154.395258447,100.557011739
155.506099591,100.535354382
156.139356763,100.455329832
156.950140928,100.359496833
157.53249562,100.240075062
158.00703144,100.071564794
158.590513614,99.8016901206
158.838300798,99.638804785
159.13437583,99.4987813113
159.243691588,99.4224097597
159.385911177,99.3292285178
159.616081769,99.18249767
159.814190905,99.097367868
160.027268396,98.9631018942
160.150259854,98.8269079624
160.286758515,98.6489051848
160.594077668,98.432969833
160.850725706,98.2897419031
161.376453614,98.0456912534
161.720428019,97.9596097301
162.005836021,97.8630998311
162.379587068,97.7142294646
162.451610824,97.6394764061
162.458957564,97.6020778845
162.147060452,97.561130813
161.928546462,97.5248461427
161.571754033,97.4985339742
161.285316372,97.5590540961
160.96241846,97.5842728466
160.40074189,97.6878101118
160.011823565,97.7470287746
159.266119807,97.8592082923
158.813204352,97.9661659423
158.375325572,98.0201438871
157.762504071,98.1614837795
157.383337379,98.3097102248
156.848089067,98.5047934553
156.562898567,98.5768591783
156.193726772,98.7577651875
155.624713993,98.9955346654
155.138346801,99.1302061719
154.2476083,99.3073170264
153.535246258,99.4075905467
152.780979879,99.5926736003
151.467222591,99.8375283854
150.527193115,99.9350880381
148.881969568,100.071931328
147.638487374,100.131820355
146.395614098,100.16706832
144.446806727,100.144993756
143.286493021,100.074595076
141.557953369,99.9795497354
140.549140957,99.8840487573
139.614175585,99.7681071312
138.324278889,99.6668131943
137.543248413,99.5144451922
136.779907795,99.3043359239
135.597426884,99.0713190124
134.702614597,98.8615954773
133.121320049,98.5690803442
131.82394511,98.4580436508
130.375805994,98.1228925236
127.908188894,97.7091221323
126.397407494,97.5318347332
124.74338737,97.3311696695
124.139100775,97.2647450347
123.762875329,97.2128232971
123.235297368,96.8837567836
122.661070466,96.7113233617
121.094465826,96.196669578
119.548887405,95.7543510399
117.877904451,95.3824713334
115.476961401,94.8652086592
114.028809149,94.6764117508
112.160076146,94.6386047051
110.936198318,94.6490838515
109.637638061,94.6066273683
107.463329336,94.4461597257
105.848676219,94.2924011276
103.309610849,94.1357313108
101.492413288,93.9177078233
99.6355942584,93.6314001114
96.8071166451,93.2468433982
94.7909770824,92.9600994457
92.0242142951,92.6789061748
90.4576424893,92.4828360093
89.1743996356,92.3319572608
87.5900325542,92.183261382
86.9236890877,92.1198798183
86.5660363243,92.2056907717
86.4243290414,92.3786547027
86.2777946344,92.5667082857
86.0367969559,92.7590281083
85.9168996553,92.9000804043
85.8840956735,93.0750177818
85.965771171,93.2476031723
86.0850162268,93.4170263662
86.3883981969,93.5795712727
86.5253587439,93.7083243114
86.6991685787,93.8084513253
86.890927114,94.0317859457
87.0428203523,94.1862434876
87.2154137387,94.5089668607
87.3192389057,94.7185389674
87.5703638413,94.9624325639
87.9226844027,95.4382994978
88.2271411718,95.7467771426
88.6491854664,96.2289208497
88.9707981984,96.6114462342
89.3486801208,96.9995489943
89.867400419,97.5157447521
90.106186249,97.8514316145
90.3943947021,98.1770481516
90.6011174764,98.3908579497
90.6964047586,98.4502580669
90.8455783296,98.5439394928
90.9870862403,98.6144941621
91.2745399511,98.6943088332
91.4751818819,98.7336120193
91.6653859094,98.7962799779
91.9703665286,98.9507672738
92.0925723134,99.0143605394
92.1773175979,99.0361913414
92.2369248937,98.9573696126
92.2745914566,98.8524410647
92.3704609648,98.5904861757
92.5802981898,98.3103822927
92.7856702424,98.166457413
93.1775565373,97.9545215768
93.3281541657,97.8965189324
93.5414923685,97.8100811915
93.6446326492,97.7668695923
93.9488107528,97.672377235
94.7715313022,97.4143478306
95.8906059924,97.1294108222
99.0805304554,96.6887466639
102.300929629,96.2351632996
106.106939966,95.8261444953
111.797009607,95.0907866365
116.068333328,94.6481455419
122.034108533,93.9613729993
125.811679762,93.6144500489
129.159286465,93.2298741574
133.471692118,92.849218635
135.246539577,92.6543046118
136.630384262,92.4721123635
136.548547946,92.3867144127
136.159554934,92.4637963311
134.427891806,92.6338626099
132.870036645,92.8608652439
129.81528078,93.3116739124
127.493245708,93.4399264501
124.980294828,93.5182540256
120.379814512,93.4490073266
117.411615027,93.6146050766
113.983950697,94.3437487323
112.241522773,94.7784578522
110.88793805,95.2586738146
109.609215759,95.9485273442
109.009571623,96.3271508715
108.388263029,96.6206582607
108.191129251,96.5607407712
108.126078548,96.1443471294
108.114522646,95.4925384523
108.097374086,95.2786330682
108.10999213,95.1867468721
108.017602896,95.290792008
107.828648459,95.3944224794
107.237036151,95.6952218865
106.898821226,95.9685225093
106.576951577,96.2046702739
106.431826139,96.5293406053
106.524441761,96.7567805524
106.730619757,97.0353611863
106.789224688,97.1931506478
106.887337711,97.3546522975
107.540650213,97.6079277265
108.273821885,97.445626471
109.095565131,97.1196152142
109.524338287,96.8842368399
109.823714679,96.6747219912
110.122267182,96.272902912
110.176260356,96.0199413562
109.927326606,95.7605995377
110.009997019,95.6090402972
110.442467365,95.423849771
111.353683653,94.9209874463
112.145149401,94.4529564843
113.455666551,93.711638881
114.511560468,93.2386641595
115.544887594,92.7196406431
117.223473548,92.1318350695
118.360455356,91.8056407382
120.063377546,91.5458839611
121.064504545,91.4552320214
122.033234445,91.3975984254
123.083347791,91.2363516523
123.681722142,91.1203341839
124.314671454,90.9889248374
124.919953719,90.8028823422
125.187795394,90.7230422882
125.218397135,90.639343177
125.276854019,90.6041059164
125.43484232,90.5866688138
126.165329457,90.6046484723
126.913709272,90.6477343065
128.277134826,90.7004565144
129.343672777,90.7746080242
130.525894713,90.9598255094
132.452222812,91.3630361805
133.79080228,91.44682867
135.713959657,91.6133861923
136.920300235,91.5950451861
137.901895899,91.5134917966
139.219550013,91.3054278832
140.14525049,91.1383384361
141.598157917,90.8707010007
142.718273,90.7182263541
144.032295417,90.5473649974
146.188752512,90.2721194187
147.603521308,90.0381457223
149.702312532,89.6995770248
150.989110089,89.4769875243
152.258824016,89.2310794806
154.076391147,88.8899642813
155.284793609,88.6998981611
156.968245404,88.2502071538
157.932939729,87.9909545431
158.765403933,87.7566104701
159.60499538,87.4936020434
160.125154773,87.3748092795
160.517533364,87.2834752037
160.851201345,87.1854776647
161.001530121,87.1390701996
161.184240753,87.1171752214
161.420563319,87.0526011056
161.644043728,87.0347818331
161.958401134,86.9699263193
162.233006038,86.9042646221
162.683818139,86.809439235
162.906056657,86.7802829775
163.176782696,86.7599582151
163.552615993,86.7431695613
