114.000400002,94.6481486162
111.696727222,91.8678198131
111.213119404,90.6792661438
110.777381619,89.4881903048
109.884141276,89.0657486314
109.185464932,89.13202606
108.032684634,89.1571367037
107.382874342,89.0861780825
106.845265692,88.9340352313
106.122235932,88.6948506305
105.676171265,88.6108751912
105.410215382,88.5576778366
105.234507152,88.4082067749
105.236877892,88.2809539587
105.644031523,88.092990127
106.213452646,87.9312518757
107.016729114,87.8562799988
107.036239672,88.0499618546
106.709830029,88.7927667957
105.666045463,89.4879606443
104.80073763,90.3049277047
104.140169301,90.6623756655
103.4901686,90.7954832669
103.12347572,90.8431051033
102.25471524,91.2810984714
101.533956678,91.3584397092
100.428090986,91.3293431914
99.6924176015,91.2079914519
98.8451183024,91.2064929787
97.3519453919,91.2150501941
96.4300660415,91.208779834
95.6570500816,91.2437218001
94.8104749788,91.1628026941
94.4525445148,90.9845182084
93.9617193527,90.7946804063
93.5965477765,90.7182876742
93.2360171154,90.6042245614
92.8863251835,90.5094276532
92.6731235904,90.405724491
92.3867078792,90.2553707364
92.2199193247,90.1680263786
92.0996461575,90.0560351587
91.9162428743,89.8656043455
91.7915100208,89.6990285924
91.630858529,89.3741039125
91.5599871585,89.1968444802
91.4910543799,88.9734851169
91.4188974881,88.5241003916
91.2829336384,88.8259352341
90.8846430848,88.9204307594
90.6983791265,88.7012691971
90.6073467286,88.4148037289
90.4713445125,87.6858070367
90.3081627016,87.1398553474
89.9594455789,85.8483044943
89.7141951389,84.8451918969
89.4094781816,83.6914759067
88.6910726988,82.2482978233
88.0795166702,81.4324736276
87.5155665783,80.7805878692
86.7788031994,79.6967122882
86.3154520231,78.9186220886
85.7574122665,78.1381576338
85.4078633465,77.8720433308
85.1694707718,77.6063028899
84.877640001,77.2105768875
84.6340539255,76.7779237433
84.1591836057,75.8975084647
83.7416228657,75.1628232704
83.3250229639,74.2744930088
82.7020293358,72.6943693556
82.234057264,71.3003936984
81.6239239738,69.2284838417
81.2492070989,67.7724471798
81.1106213496,67.0226885275
80.9624962829,65.8996569797
81.0220314576,65.2566394511
81.1009220491,64.3488907289
81.2436767612,63.997261953
81.2717515603,63.5387445549
81.3145638606,63.2987054088
81.3473654119,63.1674398342
81.4571113173,62.9202722969
81.4287074199,62.8075569567
81.369586493,62.7136795253
81.1632154077,63.0334429244
80.9737146235,63.334370965
81.0841364071,63.511367646
81.3437578937,63.49479691
81.8154610426,63.3497866375
82.4635975089,63.4384427194
82.8487178174,63.8156442422
83.768913804,64.6282601761
85.0820091987,66.1504256817
87.5216818508,70.3066144815
89.648875514,75.8108234728
90.4846110776,77.877491713
91.5031844567,80.0914196216
92.9458864014,82.895021454
93.8094382644,84.8646554213
94.5424580081,86.7281861926
94.9341576615,87.4257934287
95.253250721,87.8157789038
95.7431916729,88.2749622271
95.9986026238,88.7622752845
96.3241334298,89.7398733074
96.4602412333,90.1985659782
96.5938811255,90.3808675508
96.6886576857,90.5772618818
96.6908195982,90.7073447767
96.6745850081,90.9930059819
96.6934054209,91.0018113838
96.7445666266,90.9961062854
96.8681501842,90.7833998425
96.8919079135,90.6703652847
96.8967224584,90.5675874162
96.8801294282,90.5069265738
96.8604276132,90.4331290603
96.8989773172,90.3337096509
96.9847199974,90.2861950616
97.2431117287,90.2365865186
97.5587652659,90.1724064925
97.9083042261,90.0588722294
98.200413396,90.0436052601
98.3714704041,90.1107236809
98.647972328,90.148103154
98.9281065453,90.1472681347
99.2602371713,90.1817132225
99.9381098602,90.1855591758
100.381326367,90.2282626865
100.974810936,90.3184239264
101.352717895,90.3556026666
101.747048902,90.3835792664
102.415866265,90.4540711873
102.985363006,90.3371486303
103.746834616,90.164971354
105.316541995,89.9190472796
106.520309783,89.6947289629
108.245926975,89.3666257658
109.340980526,89.2422327112
110.325195361,89.0777667949
111.781276221,89.0203503275
112.810103859,89.0371212512
114.484570756,88.9104966097
115.846234837,88.7607442717
117.625204717,88.5393630489
120.804310091,88.1033467866
122.914303769,87.8845927488
125.88380307,87.6306559801
127.81314457,87.5428707706
129.920345614,87.3801391112
134.515128127,86.9755458221
138.602302593,86.5025489238
145.223646829,85.7732140269
149.576266174,85.5890608759
153.331102875,85.5040857754
158.414034664,85.3530603004
161.373138126,85.0888101747
165.14755281,84.5618355516
167.35289559,84.1614243394
169.332930616,83.6243615518
171.778432304,82.2957466227
173.155929718,80.8075484799
174.621002949,76.9433068754
175.005995321,73.051771023
175.009323462,68.8497027887
175.218211143,63.1856705848
175.629657589,60.5223701628
176.633508432,58.6095476574
177.904443316,55.9731322737
178.820349325,55.0603992361
180.421042286,54.2759774092
181.322078221,53.7195595984
182.156160991,53.1676813657
183.522177171,52.8022927506
184.448826673,52.7336184364
185.764220649,52.7767511221
186.339211436,52.6697893886
187.110904201,52.6795218673
188.259214136,52.8226445745
188.991804697,53.0375145544
190.24354976,53.2927146642
190.970282461,53.3666800693
191.548293205,53.35733173
192.088551868,53.3883032613
192.282671116,53.3590733773
192.531407417,53.283328099
192.617224419,53.2442021958
192.716662647,53.1847365829
192.871209299,53.1384806004
193.010429083,53.1500777214
193.099987778,53.0568287779
193.156064913,53.0263854597
193.196968058,53.0030980725
193.226020975,53.0006954899
193.220226953,53.0142422653
193.135618837,53.0549793488
193.040239134,53.0951755553
192.982019477,53.1373965894
192.922851572,53.1905988695
192.91386751,53.1944152198
192.892989,53.1576515871
192.831986983,53.1041908415
192.751324356,53.1065655892
192.573116268,53.0442578573
192.439254347,52.9738190671
192.372313054,52.94362384
192.328731508,52.9044335686
192.290021221,52.8701071371
192.207174051,52.7975154846
192.1204361,52.7388727289
192.020302188,52.6723631782
191.928443872,52.5720217607
191.857430994,52.4935802122
191.77395466,52.3812364882
191.704434076,52.2981297496
191.619374961,52.1908663547
191.512852053,52.0480317539
191.4539379,51.5541106607
191.124318425,50.6481183588
190.856652736,50.0939565294
190.678542139,49.5226695788
190.598970233,48.7094079284
190.603695985,48.3560549376
190.639286445,48.0814363333
190.658807031,48.0287426265
190.761485127,48.0555354013
191.047531494,48.1438042534
191.169247676,48.1521155726
191.301714212,48.1433538531
191.356109865,48.1379093517
191.375056448,48.1484952276
191.388016147,48.1140941326
191.435596525,48.125449924
191.621503357,48.3062942511
191.777684266,48.4419197315
191.899990589,48.5606366629
192.031074472,48.620145303
192.079635235,48.6355910054
192.062799068,48.6664189043
192.003963069,48.7143495116
191.978697516,48.7157949031
191.959290888,48.7173197715
191.953627854,48.7431600174
191.99248259,48.8445066876
192.050824308,48.9019541891
192.050502339,48.9448526421
192.022184153,49.0354684323
192.033338377,49.0660400664
192.06352469,49.0671881634
192.097014801,49.0317673296
192.075607124,49.0205565091
192.047256521,49.0188377459
192.039165298,49.0241747316
192.034685963,49.01175861
192.043220485,48.975026574
192.041169925,48.9660152471
191.974434287,48.9747052287
191.958825984,48.9986666592
191.903750181,48.9477220574
191.880875246,48.9198402803
191.841281473,48.9513384779
191.750663585,49.0474208198
191.691941169,49.0949905302
191.686981002,49.1288991997
191.719955305,49.1632585128
191.710689033,49.2088667021
191.654338821,49.2670904077
191.590172083,49.2824560921
191.55122977,49.2995965379
191.471839902,49.325690706
191.473815172,49.4222003933
191.473823793,49.4743764324
191.480797934,49.5300931266
191.509592095,49.6077969398
191.515300888,49.7658328541
191.516243794,49.8612728657
191.588697387,49.945068544
191.468792467,50.0404389769
191.298905998,50.2561047948
191.189436457,50.6201839526
191.198256674,50.9325806323
191.415446638,51.6354362484
191.684760453,52.4805222777
191.672359329,52.877566361
191.304152318,53.4204146617
191.106708454,53.7889165746
190.827529126,54.1359956061
190.237056623,54.5324155479
189.816634296,54.837701063
189.101939388,55.2302249253
188.544705144,55.4042978119
187.865670705,55.405196675
186.226789032,54.8854821963
184.824002261,54.2599677518
182.932855986,53.8439909521
181.871338935,53.8337583834
181.02538084,53.9107472903
179.723811103,53.9917587462
178.912728798,54.0399886098
177.633635952,54.0959769998
176.702131084,54.1013030063
175.739424633,54.0270261218
174.035863749,53.8225442723
172.828539862,53.7360117746
171.774933838,53.806995494
170.29881655,53.9393747814
169.435293061,54.1404039696
168.089112066,54.6315311622
167.208781788,55.272203884
166.357005613,56.0989547366
164.911430204,57.3590965123
163.859359084,58.2358542499
161.922541676,59.5270025598
160.623202387,60.5256820398
159.366458693,61.6760359349
157.837382466,63.8687985442
157.711165184,65.9265314354
157.320730914,69.4860459666
156.235823061,71.4431642665
155.221728737,73.5949690317
153.726245033,76.6944447619
152.784885268,78.6135806405
151.330791817,81.0563712712
150.342773769,82.6881398804
149.545677739,84.3589218659
148.409197738,86.2801331803
147.681784298,87.4068907977
146.635151072,88.9940710192
145.800116577,89.7311641301
144.777989456,90.3490462315
143.257618638,91.0765990237
142.067617077,91.6943999856
139.854697075,92.7887205352
138.438714661,93.3249846085
136.943347117,93.5542445484
134.668230921,94.1058627107
133.0874583,94.4732399184
130.87555641,94.9621688691
129.714847238,95.2088177622
129.067069113,95.3272401611
128.89451174,95.4544437418
129.181379891,95.6261419485
129.59228908,95.844881687
130.209103892,96.6347768013
130.681560679,97.356719089
131.152619538,98.7560661587
131.208056021,99.8706027642
131.331319332,100.896200343
131.634595032,102.121189069
132.062998317,102.568213624
133.179050127,103.093045335
134.276341789,103.554298766
135.684207229,104.389289087
138.010596823,105.603946175
139.517015574,106.549313955
141.575465381,108.042101721
142.740686863,109.084857747
143.814562003,110.126888527
145.227950957,111.380912154
146.132795789,111.763806059
147.229563452,112.359739035
147.837994166,112.757378683
148.423083708,112.977656931
149.495351267,113.092285031
150.380018218,113.142702511
151.864464681,113.025833447
152.936120259,112.855429964
154.183905382,112.883921001
156.15528816,113.120759708
157.545718191,113.481416231
159.572343787,114.390545203
160.90532107,115.217697265
161.987715653,116.254712944
162.957894341,118.042207516
163.209253157,118.930769962
163.158251858,119.658166544
163.140012582,120.675843658
163.156763749,121.148946053
163.714440194,121.979244683
164.473815924,122.612011616
165.365086442,123.338590225
166.533868525,124.115848916
167.064951747,124.4357632
167.896881388,124.64574317
168.550603816,124.823588033
169.351991763,125.031655049
170.824626152,125.276595402
171.847458412,125.392619289
173.219459379,125.46043209
174.083308898,125.506618523
174.990269525,125.599076568
176.375240601,125.772361319
177.337291959,125.914455612
178.735070935,126.121446726
179.549673853,126.461642605
180.317896663,126.999500078
180.891412716,127.99001613
181.091838812,128.680288954
181.270066651,129.712818391
181.475192749,130.278082084
181.443823507,130.74727464
181.326060971,131.530609855
180.906612298,131.875753332
180.548420085,132.119612298
179.98079792,132.282252346
179.58720861,132.419610534
179.021769398,132.593824131
178.577437119,132.725486786
177.953474023,132.805756189
177.92432976,132.82205918
177.948310845,132.793628826
177.906288935,132.88154686
177.817361702,132.852636737
177.654178276,132.835196618
177.464059798,132.79595607
177.385387001,132.790875728
177.283311086,132.821106653
177.272550075,132.850496298
177.299753676,132.876137386
177.386603115,132.912960419
177.552421285,132.924788806
177.833787875,132.960646477
177.971201169,133.026643777
178.027120078,133.103435268
178.169342984,133.203021624
178.157778704,133.287029495
178.298814293,133.390952642
178.466895028,133.430910203
178.659597356,133.487166933
178.966732483,133.537366598
179.188842636,133.582450323
179.847303224,133.679534237
180.674285911,133.85136156
182.130971821,134.422845949
186.10972173,135.693202012
189.255740302,136.853538692
192.810468538,138.24317254
194.065163636,138.400316863
194.135857538,138.174363956
192.815703723,137.469878678
191.736818624,137.02187221
190.388129008,136.588567928
189.82178035,136.439503699
189.406512499,136.401122728
188.998175121,136.285405098
188.620782521,136.225651714
188.252013209,136.15143501
187.556322095,135.890554759
187.1783491,135.695136452
187.038878215,135.502039086
186.80315715,135.208420748
186.470118076,134.616731489
186.214452787,133.761675294
185.959736668,133.357879558
185.921886862,133.35722717
185.941391263,133.232318647
185.875186718,133.147646738
185.809645847,132.944734846
185.603627809,132.683725927
184.754403303,131.668915232
184.002283611,130.701564654
183.484221573,129.572164594
182.54438268,127.702970185
181.450525031,126.185145692
179.469004846,123.310221286
177.774174182,121.293007579
176.080179021,119.249889631
173.18822269,116.128599409
171.549846947,113.423002379
169.114239176,110.220942507
167.965657979,108.385555729
166.91448547,106.816846529
165.236565974,104.919030947
163.994585469,104.197491484
162.501593604,103.174070889
161.5135313,102.643912362
160.314336486,101.988414517
158.365917131,101.278541123
157.319036639,100.823013519
155.831477801,100.173149496
154.81239792,99.8138784935
153.569781984,99.479458297
151.493298271,99.0936708668
150.037173883,98.8735758376
148.640341331,98.6073493995
146.345047313,98.2837558682
144.895113265,98.0778272949
142.675337712,97.8463686109
141.220026677,97.8696853776
139.969705711,97.8203550756
138.208841662,97.742974537
137.182976698,97.7042624824
135.494584203,97.8943170325
134.329555097,97.9637342459
133.174019587,97.9941424715
131.364196914,98.1793803829
130.206793618,98.2053505121
128.579648794,98.3722215822
127.453373934,98.6891134495
126.349951467,98.8339900477
124.734651921,98.4963306016
123.629799882,97.7940338063
121.755990606,95.8102276319
120.111106764,94.1704364963
117.931520898,92.707458547
114.279519833,90.7079218474
111.665637011,89.755181283
107.871741064,88.9201134575
105.698518704,88.2241451957
103.535730445,87.9521364178
100.581640259,88.0711201527
99.0620489896,88.321105733
97.2097118266,88.9540156377
95.9937832054,89.4057936465
94.7629291722,89.9572751922
92.7434284861,91.4965624022
91.1781945488,92.6386632144
89.8456312113,93.4276991836
87.843223367,94.5422595942
86.5941739911,95.1924596967
84.4917820821,96.0421059597
83.300367518,96.595018807
82.2736637496,97.2230273719
81.1101890404,99.2339064169
80.5852572208,101.883167719
79.9528923895,105.122989835
79.6997360258,106.461078411
79.3285162492,107.58843178
78.4542724334,108.736460166
77.9398447104,109.204071407
77.5659296258,109.927002322
77.7387576166,110.414119619
78.0579906641,110.906395141
78.5413937825,111.613636466
78.6563573206,112.127590624
78.8030441166,112.923938043
79.0344143017,113.396987519
79.2688894258,113.906626149
79.7426341499,114.667787994
80.1410091014,115.202448854
80.8940511858,115.944699585
81.4661758339,116.268193666
81.9485206539,116.472072585
81.9687029307,116.612658132
81.8095110179,116.684269228
81.6799410805,116.656906925
81.643957631,116.476329299
81.7025768966,116.429607041
81.9944255781,116.54054067
82.4314815698,116.585766602
82.8755818776,116.750518805
83.0429434586,116.897749299
83.0532330867,117.008453563
83.0722944707,117.165229045
83.2097310934,117.25828281
83.6430242828,117.363700141
85.3723116774,117.674033463
87.5964605219,118.015371252
92.2984896775,118.958040048
95.9837371376,119.768600383
100.03870353,120.575807409
107.111790729,121.680403573
112.327050086,122.603235021
120.343714766,123.921193456
125.432574985,125.019925686
129.966959956,125.776007086
135.471510267,126.527106744
138.131258341,126.912653913
141.529809629,127.285830902
143.440877982,127.439979138
145.062963243,127.511794965
147.065249876,127.559730235
148.279143219,127.396475698
150.400692892,127.073019015
152.272643792,126.848916262
154.460122843,126.750219602
157.583568236,126.467187191
159.336333782,126.277936521
161.434476199,126.101571512
162.592932086,125.956961394
163.794067505,125.831054395
166.060123338,125.607180963
167.893369919,125.371410801
171.256544609,124.961439538
173.778304402,124.774351023
176.721507207,124.593886851
181.986513834,124.410540538
185.630459923,124.193961216
189.132472284,123.951302842
193.614329714,123.541486644
196.326267428,123.147961097
200.209652963,122.432779739
202.712210842,121.948547858
204.988821247,121.466454667
207.772435709,120.743131264
209.233796426,120.29614628
211.023068806,119.755219835
212.244698798,119.475877613
213.504900534,119.174930914
215.279779709,118.856389402
216.323324101,118.618165419
217.679060759,118.339641518
218.450049086,118.162574235
219.115836931,118.002327087
220.058202451,117.944407029
220.720994069,117.822682013
221.668101566,117.71087691
222.186718947,117.654867763
222.506514014,117.698182849
222.891844276,117.787175414
223.043342643,117.874414435
223.114652174,118.186005427
222.881414645,118.748846027
222.358903445,119.663443346
221.68843187,120.798347146
221.125213656,121.388144454
219.883225097,122.286013012
218.657249627,122.804350745
217.075077789,123.339444304
214.052264952,124.1344436
211.804816648,124.597710971
209.76294813,124.958213357
207.445855179,125.575735632
206.591108639,126.1127627
206.147904698,126.895008584
205.914150949,127.459727908
206.000337,127.865401965
206.408684284,128.128472301
206.537659995,128.297961134
206.963503968,128.599184196
207.359703539,128.951250925
207.836597401,129.357354363
208.704531402,130.160652556
209.546624336,130.503126969
210.568936357,130.593219456
210.857080367,130.517473921
210.954932052,130.348439137
211.250805498,130.037991574
211.579743749,129.868439982
212.485672531,129.614712074
213.046132619,129.561373007
213.422719277,129.484332576
213.745657627,129.388014238
213.993207851,129.344578579
214.714194615,129.342196674
215.512759007,129.440965769
216.483467321,129.692498684
219.07452578,130.177438256
222.045213808,130.781628612
227.968550813,131.776951834
231.803140284,132.195842125
234.773541987,132.330051371
237.569687556,132.227072991
238.657689441,132.048672582
239.651568542,131.899969988
240.15263573,131.835267072
240.483831823,131.697986935
240.828870037,131.628551254
241.083608422,131.510001671
241.212534588,131.373202515
241.362239369,130.868357647
241.581908845,130.499861695
241.975188415,130.130138997
242.182994121,129.908987177
242.509737247,129.702423184
242.754643934,129.315263493
242.817947291,129.102131261
242.886203122,128.67912321
242.88987996,128.47599828
242.796686088,128.041130025
242.057445816,126.85829828
241.137929007,125.756431766
239.062641002,123.428252149
237.437209845,121.894548059
236.30893233,120.44757224
234.944229939,118.175834015
233.914813859,116.884325097
232.01539253,114.976014035
230.500878285,113.601064486
228.917005347,112.108115716
226.388446843,109.904058414
224.611633932,108.271839201
222.341589621,105.593686596
220.730631276,103.371287246
219.050117425,101.234685902
217.104633893,98.3478295882
215.981074316,96.1608642568
214.766824141,93.530081288
214.220691605,91.956662916
213.526769363,90.232519661
212.520859765,88.3817144752
211.835513565,87.4027219485
211.229019349,86.5542714422
210.487566965,85.4439185985
210.25230527,84.9019855041
210.275675612,84.0392297276
210.415150363,83.6218912447
210.623225708,83.4628032441
210.870264712,83.2366749691
211.016646401,83.205423629
211.036570126,83.2575053365
211.026648889,83.2706498559
210.846527631,83.2683007337
209.981995375,83.3268928945
209.27922589,83.3895048698
208.012721734,83.4123018671
207.08947474,83.3117926696
206.121244185,83.1081704299
204.676776928,82.7963420937
203.681037622,82.6297924259
201.961840588,82.3765710496
200.794246296,82.3559091196
199.585184184,82.2473715576
197.713650539,81.8883989449
196.378421262,81.7022691078
194.379997656,81.3582762287
192.979210298,81.1327168588
191.576156112,80.9749055784
189.505990306,80.9018497418
188.175453002,81.0175258753
186.353082761,81.2077154891
185.256331178,81.3297527853
184.222275567,81.4020086945
182.724162116,81.5550909581
181.66755715,81.6448648177
179.957426565,81.7264111445
178.722559485,81.6667389885
177.33223619,81.5663816341
175.23330402,81.3932553685
173.75996461,81.2332279231
172.125520162,81.0204593766
169.157309532,80.7068973409
166.76579701,80.4541243122
163.213887123,80.0977731788
161.126063601,79.8100017083
159.309414889,79.466906109
156.864336853,79.1040549914
155.35301625,78.9023998264
153.232692911,78.6748176206
151.895405514,78.5375647021
150.580326583,78.4080504009
148.72451259,78.1615358043
147.515928428,77.8730968404
145.598282701,77.5340663891
144.322809633,77.3075038537
143.0474663,77.045616616
141.242316516,76.6459200241
140.040837347,76.2877027694
138.127000379,75.7168638542
136.679866842,75.3278870839
135.124942431,74.7794529313
131.862779444,73.5321926086
129.006949838,72.9686322584
124.710578911,72.9667719267
122.419723485,73.0678711858
120.511016145,73.1006285727
118.1666545,73.1367356034
116.943045927,73.1411642182
115.157871008,73.0438477452
114.223833049,73.1399032583
113.455355709,73.1344819087
112.335373778,72.8869998116
111.602799826,72.7230557717
110.861843071,72.6460274404
109.78431122,72.6406739012
109.171288003,72.5553719847
108.44971359,72.2959878859
108.036194066,72.1285573648
107.507285947,71.8818436222
106.725288415,71.8333165387
106.17253358,71.7509575312
105.418989055,71.5328193542
104.988354282,71.3897796001
104.543721731,71.3197006279
103.896504826,71.166571752
103.462441641,71.0844927903
102.987801758,70.9363040867
102.700107399,70.7898710466
102.546723175,70.603012635
102.144597329,70.1006272204
102.017178057,69.7313611333
101.647051671,69.4133622544
101.332533591,69.2413151647
100.976868846,69.1152485706
100.53935766,68.9232651766
100.357191874,68.8423227094
100.195701113,68.7847302698
99.9313866216,68.6877364348
99.7772340686,68.634014056
99.5944662976,68.5398932941
99.4251529135,68.4582730188
99.0870934584,68.3985504508
98.8287759148,68.4024672467
98.5862891219,68.4966987758
98.2293965503,68.6474158264
97.9676031646,68.7860637448
97.7719203308,68.8966393277
97.2388632896,69.196372812
96.9409414932,69.3958914598
96.4422377925,69.6130891864
96.0293190087,69.7658212248
95.2005346866,70.1453361212
94.4680577487,70.4051417077
93.610285189,70.7780268237
91.8107390631,71.2908770939
90.201192924,71.598677698
88.5108953136,71.9445014069
85.9979920645,72.367449644
84.4711330768,72.4388068958
82.4703812329,72.3731778171
81.4079199295,72.2183851318
80.4334539438,71.8543334475
79.3691491818,71.4003207227
78.9590532609,71.0101303898
78.445377164,70.4692692177
78.2405523972,70.1265659834
78.0903228644,69.8793346205
77.9578413302,69.6242467513
77.8756014527,69.4501897909
77.8312888131,69.2714122157
77.8591932455,69.1394009953
77.9267256121,68.8794189309
78.1774304883,68.5075776252
78.5354402657,68.2149321511
78.9562386429,68.1996118737
79.4351230225,68.0201672863
79.897539334,67.8020237088
80.863784833,67.5086907736
81.5780861418,67.3289922983
82.6842944981,67.1267794126
83.7692671947,67.0387629466
84.9857445559,66.7739359954
87.2275996589,66.2399840224
89.2158950657,65.9373070101
91.7051603737,65.3382298487
95.3771248638,63.976184541
97.7122365463,63.4158276521
100.720580796,62.7710158081
102.396378016,62.3998749118
103.838477016,62.1133219265
105.360604898,61.8069455213
105.990427957,61.8479348538
106.177835562,62.0436718892
106.019397221,62.1947523323
105.721272593,62.403889594
105.285745218,62.500752733
105.146794433,62.5036119721
105.071668394,62.5662827324
105.035499413,62.5651075404
105.045102215,62.5127214568
105.059737973,62.4394185589
105.053892758,62.415207471
105.05770815,62.3792005358
105.088359775,62.3263741562
105.143105937,62.2649140572
105.365942637,62.2170875353
105.73929546,62.4712863539
106.944659858,64.151815446
107.731094176,64.7040163093
108.252318518,64.4040548663
109.489370244,63.8307558644
110.382235344,63.6623964298
111.474133475,63.7881957019
112.108355588,64.0095593891
112.760338382,64.1983585782
113.845149897,64.4595514044
114.675614197,64.6313005671
115.594818896,64.8077125328
117.067778003,65.1429356424
118.122904352,65.3986218719
119.676766503,65.7662928677
120.672486102,65.9792869895
121.750509972,66.1100695886
123.838279705,66.4256561412
125.467591427,66.6316447467
127.960864149,66.7071494163
129.732612298,66.7783125705
131.397530225,66.7079592662
133.382509925,66.4229219656
134.585915011,66.4245105068
136.65321419,66.9881063471
137.909566418,67.0548141267
139.043205095,67.121164819
140.56775925,67.0587467596
141.507908692,66.9487696885
142.847846688,66.653682085
143.879145371,66.6186469716
144.876188413,66.7617914462
146.095962159,66.6233797055
146.93127915,66.6527744869
148.496872111,66.7293329064
149.868641427,66.7874936185
151.282338593,66.7633496871
153.323567914,66.6911102577
154.509226693,66.7295407966
156.088926673,67.0261689234
157.030744221,67.1875585383
158.030595326,67.3536087072
159.623656169,67.5379629823
160.824819593,67.5321225556
162.664739443,67.458634357
164.018968691,67.4136699679
165.519845744,67.5684102459
167.582650043,67.7267922604
169.031485637,67.8208851221
170.473419341,67.9318227633
172.481134419,67.6509593431
173.819833689,67.3450083056
175.695738756,67.0712173229
176.956260401,66.9081804841
178.185076412,66.6729984232
179.904152264,66.3958333631
180.99438098,66.2613719577
182.711342122,66.1373533654
183.701742606,65.8245875793
184.661437719,65.4309966028
186.016573916,65.0070291677
186.853549675,64.7539986559
188.014158761,64.5400725932
188.724562252,64.2993801242
189.357359086,63.9841548596
190.099321218,63.5612733701
190.455644662,63.256904976
191.173548496,63.0460048605
191.668673929,62.8794646286
192.04412708,62.6596270771
192.687341188,62.3962567769
193.081214504,62.2508783968
193.597838258,61.9363101852
193.939513832,61.6689221575
194.335651816,61.502707644
194.963753626,61.318773663
195.358017037,61.1590023687
195.71687322,60.9184362048
196.028599894,60.825406218
196.381215431,60.7689354072
197.316136457,60.6074924631
198.348429555,60.4866419465
199.696588594,60.2354621165
202.00127308,59.7620020766
203.397858547,59.6028533772
204.981689111,59.3449637226
205.941623579,59.332757873
206.700508941,59.343348749
207.512378107,59.3968043708
207.71907165,59.4767488323
207.674288889,59.5882962197
207.643003267,59.684555455
207.564886345,59.7777959852
207.505265477,59.7488607872
207.523316387,59.713299274
207.626811057,59.5937366839
207.72805539,59.523920334
207.897813666,59.4635689991
208.128486745,59.3025887875
208.324250427,59.1698363254
208.668874987,58.9972785558
208.920862718,58.9032644278
209.141418543,58.7891598407
209.355390391,58.6378008337
209.50523316,58.5399846254
209.917941274,58.3761058656
210.310381418,58.2956901574
210.881043097,58.1654952337
211.723836038,57.952419069
212.71552644,57.6754055149
214.588704148,56.9873638641
215.321852062,56.5671746068
215.716190673,56.2291374951
215.79456996,55.9045296633
215.572400806,55.8709769461
215.394550115,55.7713720031
215.377292494,55.6016052419
215.547857968,55.422420251
215.797231666,55.0908532319
215.90843005,55.0336987433
215.945806561,54.9319393899
215.979799165,54.7887068217
216.071177424,54.7146746844
216.103980167,54.5061178988
216.162585142,54.3940176092
216.20341537,54.2511820643
216.227825245,54.1435074103
216.226435688,54.0976774938
216.212503676,54.0125186073
216.232961903,53.9803162892
216.294328431,53.9381495384
216.451672677,53.9040261779
216.570821087,53.9015229483
216.659411149,53.9081717825
216.655716597,53.9233997068
216.576790513,53.9479957656
216.418529349,53.932842762
216.352734139,53.9364445002
216.291485673,53.9500350153
216.294378101,53.9588660899
216.331215757,53.9479433939
216.523967263,53.9091913489
217.020360181,53.8462147884
218.64724445,53.9010917852
220.946572487,54.3209266296
224.429567672,55.1111295061
229.786373731,55.6982426765
233.140808859,55.7191713972
237.110968858,55.5050092176
239.149300149,55.68536755
240.687375334,55.8902558504
242.391620108,56.0754514396
243.062121831,56.1673384019
243.481350168,56.2565590926
243.569983832,56.3723275723
243.35514702,56.3929847166
243.150147406,56.6188730884
243.349952898,56.7586224287
243.571083456,56.7678197145
243.859478992,56.752801426
243.885593568,56.704532543
243.544112528,56.7185203939
243.419582192,56.8341059669
243.408606171,56.9577800131
243.621940371,57.1106459383
243.768809018,57.1474816221
243.86845016,57.1945580779
243.88759402,57.2324380812
243.891800852,57.2576584578
243.903037023,57.2942522046
243.888142869,57.374707942
243.500180502,57.6291682239
242.94433906,57.8578719396
242.376632094,57.9662648848
241.402106929,58.0949013175
240.711775335,58.1776972873
239.527195017,58.2018749421
238.595109797,58.1841863114
237.545319908,58.2858590546
235.500191244,58.4466431703
233.753142707,58.7067432759
230.948605152,59.3322416166
229.104775814,59.740292712
227.340768555,60.3227967074
224.725237402,60.9952378343
223.07160815,61.372618081
220.580752068,61.7324956979
218.816346895,61.9417608602
216.676263133,62.074695157
213.713282743,62.5985010828
211.754555044,62.8426772595
209.928822104,63.0602643134
207.286867623,63.3855207615
205.672002777,63.6352671259
203.159083545,63.9003103734
201.416694824,64.0734390399
199.419172255,64.2092164377
196.533396811,64.4647083924
194.697852891,64.6785268287
191.959398424,65.0678360892
190.216934506,65.4218219486
188.438026981,65.7191364863
185.913892847,66.2104235897
184.224782735,66.5591677458
181.504104757,67.2066693254
179.662555601,67.7049803515
177.693797802,68.2295311783
174.675695343,69.3009071916
172.557013996,70.1022816246
169.100020753,71.5246746263
166.927240965,72.5209965662
164.846990964,73.6407086069
162.268493504,75.5898962051
160.924602981,76.9768225176
159.141082872,79.3670031824
158.151039982,81.3877692774
157.198726511,83.2562040364
155.983607318,85.710545805
155.324110699,87.1768207291
154.754760031,88.5940209464
154.054445714,89.8868169852
153.687822818,90.2913927895
153.045849105,90.8864530723
152.63261078,91.0347424827
152.226568301,91.0405935634
151.572368624,91.0192412177
150.830353907,91.0594299922
149.390737173,92.1214554363
148.507624545,92.7125640785
147.434467391,93.0957322831
145.693264224,93.6406585349
144.382758255,94.0684715667
141.876601004,94.7997107344
139.920551649,95.7867961115
137.798343072,97.3908120676
134.556896856,99.7542893521
132.689992065,101.1425962
130.209667569,102.980237715
128.97281078,103.383410446
128.084135945,103.244028402
127.203578102,102.32095629
126.584292865,101.783373708
125.567759867,99.859840944
124.598278699,98.688044861
123.437777598,97.7962617932
121.219486482,96.8781891566
119.759447213,96.395087816
118.383177399,95.9717535096
116.437444118,95.3929191797
115.220744213,95.1819572166
113.562644537,94.7686228565
112.282402301,94.5060122754
111.124419623,94.3683178461
109.408968602,93.9269344163
107.941720011,93.4613875238
105.059847895,92.914725735
102.494443794,92.4940209554
99.2662873541,92.509893249
93.7832266135,92.5214420004
90.5113625733,92.5515390656
86.1698778102,92.7762534672
83.5754443428,93.1843279218
81.4833026344,93.577317662
79.3297558617,94.0500614042
78.3942050703,94.2146965318
77.4671067178,94.2947038866
77.1641346692,94.225146767
76.8568918459,94.2059788827
76.4634111297,94.1440858525
76.2424377366,94.0790441396
75.844493167,93.9624832409
75.7568788221,94.0450737949
75.5952776613,94.4116439746
75.5871699235,94.37753514
75.4890396259,94.2257064293
75.2694742839,93.9371205889
75.0555101184,93.8768430458
74.8229856841,93.8027808814
74.7270490699,93.7679424203
74.7267355159,93.5882337793
74.8839063934,93.2867413821
74.9498103705,93.1996975083
75.0098421082,93.1085565393
75.1957277224,93.037617093
75.5093389453,92.9943905452
76.1354585154,92.796595922
76.4210006768,92.6364698811
76.5708912879,92.4939442368
76.7970726296,92.2468008979
76.8711465591,92.1591304191
77.0821863223,91.844632753
77.2492029907,91.6124149707
77.3759043903,91.4138942355
77.889638026,91.0021713535
78.4234517193,90.6922150951
79.11950463,90.3171739136
80.1694691773,89.8780828613
80.7467421479,89.6210508056
81.1089819879,89.3659651097
81.246497959,89.2078542367
81.322587357,89.1040121079
81.66616536,88.7888442025
82.1171462566,88.580972747
82.7596604142,88.2434057512
83.1589216402,88.0843593494
83.3633640654,88.1316336132
83.8318838069,88.137098707
84.1555670296,88.0699179098
84.661590728,87.7939814731
84.9514984153,87.6379101603
85.0841140566,87.5930743999
85.1234318345,87.540034229
85.2162869464,87.5472622184
85.3422266594,87.5016511461
85.5105119641,87.4035343661
85.6144040841,87.3472726124
85.7708784041,87.299382075
85.8368174817,87.3302527804
85.8960075239,87.3966519519
85.9209695607,87.4350774813
85.9460533183,87.4612154787
85.9281844675,87.4136749267
85.8295900729,87.3988603368
85.584475036,87.453307659
85.2920623566,87.6016096903
84.6452987516,88.0717297584
83.3941596193,88.5645821853
82.6233159745,88.6899557543
81.91782378,88.8154732164
80.9865957053,89.0321630989
80.4759340735,89.0243221381
79.8541164578,89.0529758812
79.6263459277,89.0368150594
79.5927423099,88.9984412286
79.5082759058,88.8873895067
79.5049600535,88.812450582
79.4793749039,88.7652160956
79.4128128579,88.7410830816
79.3378819846,88.7039051052
79.2950349213,88.6232828201
79.2945360137,88.535250731
79.3098685648,88.4460669722
79.3127752043,88.3900691761
79.3298914607,88.3468206558
79.4071721995,88.2937798801
79.5867432728,88.2764111484
79.8727251146,88.164033733
80.1249152142,88.1260854685
80.2774000779,88.1253212565
80.6437478414,88.0946533148
81.0583606023,88.0305953185
81.8704636181,87.8255986282
82.2295620863,87.6361053418
82.1271115735,87.6104918458
81.8573683583,87.5398759961
81.6763576317,87.5158088234
81.6694414662,87.4262445725
81.8672302568,87.1668144993
82.0228831731,87.0435243814
82.152906464,86.9502766982
82.1875112905,86.9327111829
82.2554650023,86.9569800622
82.3715086845,86.8906353767
82.4512724482,86.8375281402
82.528589159,86.7407455218
82.5596755015,86.6563150666
82.5268742883,86.5877716964
82.4200988247,86.5043992644
82.3852172137,86.4226906805
82.3949321967,86.2803425425
82.4273592805,86.2094485034
82.450453503,86.1585543095
82.4584138182,86.0640205787
82.448610657,85.9679405176
82.4398402769,85.8267731787
82.4208568668,85.7247524528
82.4083477978,85.6793700539
82.3986270611,85.5445711842
82.387082966,85.4524089361
82.3796168532,85.3362962581
82.4247926789,85.2691620994
82.5290815452,85.2202913122
82.9463052278,85.1419676023
83.5608265783,84.9051927798
84.5990989352,84.4605487042
85.1410546464,84.3445371519
85.5697122439,84.2497648168
86.0376502648,84.1692789053
86.3515896469,84.0540789761
86.8392570495,83.9216593518
87.0385736161,83.8757046637
87.4456253745,83.8857388544
88.0917084426,83.7964225369
88.600049867,83.7480519495
89.5261115233,83.5565198237
90.3116104161,83.2474388902
91.2792481854,82.807111617
93.1005762508,82.2559354544
94.2327838372,81.9662444407
95.4472581713,81.6384001067
97.5997992364,81.2418685275
99.116410859,80.8361760471
101.290927709,80.368655297
102.598575258,80.0033334183
103.889476152,79.6648472699
105.801627088,79.2926231476
106.999382976,79.0404288728
108.599658088,78.748108389
109.539790307,78.8282899463
110.33725085,78.8655770914
111.24220117,78.9427890291
111.694342513,79.0554043247
112.291440082,79.2234332097
112.665459901,79.3552743493
113.044168193,79.498246309
113.757094497,79.6500342456
114.303902108,79.709505828
115.281292556,79.7351490762
115.978037317,79.6530430425
116.723439274,79.6458854737
117.855462706,79.6309547628
118.617894961,79.6164841886
119.767357889,79.6201533306
120.502626444,79.606441059
121.223972295,79.5466859546
122.244761678,79.4209422546
122.852641597,79.3227228881
123.821914758,79.2176102809
124.528993492,79.1333270674
125.294389822,79.0103817839
126.569344185,78.7919921441
127.555744449,78.688581036
128.546044468,78.5948772179
130.030103798,78.6023846247
130.977768749,78.5606080413
132.340156746,78.4485172024
133.292908999,78.3898542551
134.254392051,78.309123228
135.733447183,78.120595308
136.661528782,77.9312280616
138.026665001,77.7004001586
138.941835994,77.5692228725
139.797966451,77.5357769493
141.220756685,77.4937861769
142.189082647,77.4619228459
143.546339586,77.3969824209
144.447068448,77.3356109133
145.283084878,77.3426263848
146.590541129,77.2491881423
147.505208455,77.2372542048
149.003481217,77.2333234672
149.988728187,77.2031497208
150.977850241,77.2032892056
152.444902905,77.2047178209
153.365688475,77.1675751276
154.696514299,77.0857539263
155.550723434,77.0923955954
156.36112018,77.1030326296
157.50130941,77.10387047
158.210149809,77.0715894694
159.292037531,77.0591375705
160.016613385,76.9926533484
160.732868703,76.8748739236
161.816602342,76.8116419825
162.503493003,76.7279555559
163.503824739,76.6480788062
164.161191689,76.6334682317
164.862538312,76.5933526963
165.961608007,76.5251747752
166.70339735,76.5513908242
167.479614863,76.559230128
168.638097376,76.5923275501
169.417866221,76.6186095508
170.55075123,76.6171350973
171.403374293,76.6971374391
172.202810297,76.6869084156
173.632371944,76.7087856957
174.721866132,76.8048570531
176.184623329,76.9556986046
177.037215069,77.1359661516
177.945242762,77.6342632304
179.173569137,78.2969827919
179.985727337,78.7167528059
181.13829987,79.3945775851
181.887799552,79.9924191477
182.520105323,80.6423850049
183.222216862,81.9514266051
183.588372987,83.4219838041
183.878661954,85.1292605724
184.096747927,86.1151242855
184.432167709,87.0422224995
185.044821689,88.1349510243
185.50592269,88.6306468178
186.413708375,89.1025688299
187.156466008,89.1608019567
187.999172266,89.1197998174
189.819139144,89.1767630792
191.392351127,89.2685677824
194.326271332,89.5136477893
196.851682725,89.6087227383
199.276750108,89.9144310344
202.967308095,90.2208252923
205.062575817,90.0513476399
206.878374373,89.8403942156
209.1057202,89.5212785402
210.283303169,89.3629328804
211.530267635,89.1281937276
212.018204547,88.8637831116
212.29871307,88.6352065499
212.677701316,88.3645671367
212.858944031,88.2313045356
213.404011579,87.8534228522
213.809344848,87.6903602902
214.375885977,87.6190398605
215.310131317,87.4006346881
215.909828549,87.2911182356
216.940489324,87.1569240443
217.779848098,87.0831707377
219.108040644,87.0195830353
222.652917652,86.8263578384
225.988062148,86.4800361795
231.542517015,85.6925542009
235.311670192,85.5091768485
238.852561003,85.3236871287
243.598970071,85.1331818126
246.391257446,85.2049988804
249.040288111,85.2524223902
250.098476754,85.3039957295
250.834191851,85.3974278897
251.19978555,85.3884015333
251.0621433,85.41683045
251.107581371,85.4652162464
251.083688033,85.4599649318
250.980894904,85.5029798185
250.952582564,85.618115945
250.963511468,85.6601357822
250.945845788,85.7928254013
250.939507395,85.87322067
250.945087459,85.9449736905
250.933309824,86.0472819299
250.857330522,85.9947866403
250.674184744,85.7578177493
250.120457129,84.8562641331
249.346121367,83.776661276
247.628299824,82.3558385158
246.706209872,81.6777782043
246.121766432,81.2732286042
245.728096305,80.6482762681
245.530898786,80.0606821172
245.096750338,79.4520657237
244.24338271,78.8765520231
243.353551045,78.5562271537
241.381276445,77.772238893
239.03069464,76.9050462849
233.196492901,76.1068436621
228.163943095,76.5136673715
222.978011189,77.6446907189
215.289353412,79.6559529045
210.233443897,81.1108797351
202.290131419,83.7592231687
196.244424359,85.9124533796
189.977530543,87.991627863
180.236236778,90.9117189765
173.408097684,92.2570161583
161.599132937,94.4103416814
153.994619961,95.4913789821
147.34502275,96.3203912602
139.656970505,97.197940129
135.87722191,97.3724210231
133.014404243,97.0102789192
129.793485385,96.1847153839
128.179640286,95.3846946949
125.663702712,94.1281759017
123.9339937,93.6571916437
122.321871297,93.5275049097
120.265597736,93.5240528043
119.103123626,93.6130099163
117.577064425,93.7299266576
116.583761454,93.7870182725
115.535760054,93.9130658319
113.926452098,94.1790721505
112.887517418,94.4034143291
111.372054492,94.4773587597
110.351075608,94.5338882226
109.332872849,94.5263157014
107.837944836,94.5865009517
106.740170784,94.4541357429
104.982185754,94.1802177868
103.804910646,94.0961003872
102.637085808,94.05355119
100.989793984,93.8769831383
99.891646749,93.7469346962
98.2525962497,93.3938011132
97.1180941283,93.1389116299
95.9391142787,92.9624786381
94.1203615067,92.7554218578
92.9636726443,92.5846109477
91.289225728,92.2253771073
90.2784994567,92.0737202965
89.3129065761,91.8765274381
88.0120767302,91.7593989677
87.2373409785,91.7226612788
86.2677487505,91.6971254668
85.7674415099,91.6828885435
85.3244036447,91.6703788045
84.6491387921,91.7331760678
84.2668331307,91.7565257263
83.9073361812,91.7741002796
83.5594881598,91.7925252634
83.3853603592,91.818578021
83.2571323135,91.9521914806
83.3271434096,92.0301560738
83.9217747755,92.2227560752
86.306906942,92.1833572254
88.7023975901,91.72768946
91.9186631856,91.9381052534
93.6433218398,92.2261261249
95.0145620229,92.4704106741
97.0800166658,92.5074488754
98.3199160908,92.4934956678
100.253809877,92.5006737462
101.244374107,92.654033446
101.942444111,92.790259701
102.483402246,92.8565542812
102.608420075,92.9422075227
103.058803219,92.8976316945
103.887552187,92.7621102239
105.367225757,92.3582860578
108.00904467,91.7890170999
109.216160274,91.930158495
110.336099394,92.1674539204
110.732655908,92.3677412124
111.081385409,92.5241787276
111.715890532,92.6885320428
112.178002421,92.7000438503
112.928426251,92.6161969462
113.482452621,92.5421081235
114.086133851,92.507415354
115.170864925,92.569926219
116.077744181,92.6811466548
117.690593405,92.8271034402
118.689267288,93.1524476812
119.437453424,93.4566758189
