180.270386764,90.4640263753
180.295169643,90.4777672881
180.315123961,90.4987625199
180.310013096,90.5512308523
180.290125009,90.5692464005
180.242957734,90.5610806468
180.199039961,90.5824024691
180.167169271,90.617387457
180.150014108,90.6236249774
180.138478608,90.6267701063
180.130736461,90.6158985298
180.13099364,90.6210859712
180.137599359,90.6491600017
180.168847793,90.7120809111
180.176780294,90.7205888689
180.186484473,90.7277403797
180.183612042,90.754705464
180.156314108,90.754545142
180.120494335,90.7469880229
180.092523477,90.7439034394
180.095302263,90.7244085051
180.128998639,90.7226449252
180.168692832,90.7223859295
180.184330651,90.7367479792
180.180947753,90.7508073187
180.129560483,90.7557272317
180.097434235,90.7626593705
180.063374289,90.7755505519
180.049194649,90.76363588
180.09242112,90.7317648443
180.219066879,90.7340944463
180.315906033,90.7552093823
180.41239782,90.7871589501
180.518499969,90.7927989837
180.564179941,90.82303163
180.613417007,90.8114687183
180.674345529,90.7626503118
180.737444252,90.803882871
180.76011119,90.9426810025
180.739716993,91.0288173127
180.647952063,91.1491064715
180.549701635,91.2031914405
180.443545512,91.2477798515
180.329964176,91.3939471454
180.246570324,91.5311734221
180.189058245,91.6014629473
180.170863285,91.6101223339
180.159852884,91.6205983003
180.15134896,91.6192756009
180.133995379,91.5989048751
180.106258931,91.5822572558
180.078919645,91.5532150649
180.042762187,91.5274176881
179.978572202,91.4562808116
179.913583803,91.4343049715
179.836609298,91.4084199657
179.803969241,91.4023649909
179.784533429,91.332250071
179.763452784,91.2947343476
179.741920031,91.2682380837
179.715698817,91.2305409336
179.702835291,91.1675139551
179.69899128,91.1108946375
179.741444988,91.0439186258
179.785323146,90.9930217117
179.809583628,90.9644362035
179.801588304,90.9232122657
179.778604395,90.917850323
179.740095005,90.9113423863
179.725943981,90.9072855457
179.714485613,90.8941228277
179.691126183,90.8699148957
179.697972735,90.8601374389
179.698403025,90.863585951
179.686897363,90.8684634327
179.660257309,90.87768544
179.609443825,90.9038084871
179.574148922,90.9151022167
179.497985877,91.0130647492
179.420131486,91.0869484069
179.306088013,91.1517134328
179.122994733,91.2193527215
178.99680746,91.2783640696
178.755615687,91.3643254818
178.610197892,91.4331513849
178.4622073,91.5189049079
178.272160622,91.6329728663
178.161824513,91.6976854677
178.035410518,91.8324236346
177.970168265,91.8811198316
177.896192678,91.9158742528
177.804081755,91.9736414679
177.73392889,91.9959260541
177.618201915,92.0108564653
177.526710325,92.0393064504
177.471748223,92.0848060367
177.433497881,92.1260343967
177.44658773,92.1468731863
177.475743074,92.1528853259
177.512671016,92.1924056753
177.517314495,92.2010825546
177.476094364,92.2166654936
177.435208576,92.2143208517
177.36004454,92.1981317945
177.28330868,92.2009269679
177.249805489,92.208632967
177.192571863,92.2524655873
177.155743576,92.2818436875
177.110538058,92.30551491
177.053661187,92.3343186935
177.005201818,92.3289804914
176.963628534,92.3280117554
176.96567355,92.3340588225
176.982097447,92.3469042008
177.001149997,92.3958189792
176.992477082,92.4282010397
176.939112675,92.4926800318
176.879373993,92.5121266143
176.835019274,92.5413871128
176.794060513,92.5847064584
176.771187101,92.6410354087
176.660074814,92.7071330998
176.281992686,92.7092854215
175.602614216,92.6858987879
173.699436482,92.5198402324
171.79340024,92.4799592656
168.359265033,92.4613916973
165.769848949,92.43977656
162.931920614,92.4297425921
158.489008347,92.4336512053
155.50856723,92.4024987414
152.595089616,92.4165919275
148.614033726,92.501003058
146.231373449,92.6203396418
143.042729069,92.783380287
141.136832082,92.8362410147
139.549948413,92.9822442891
137.589288806,93.1193551992
136.560213336,93.2378064271
135.249595814,93.4244325141
134.556181983,93.4758591683
133.803568471,93.6291134137
132.922043623,93.8713390594
132.457867884,93.9917317074
131.92787588,94.2213109158
131.465943975,94.2921191047
131.022336188,94.3911504226
130.391206573,94.420139259
129.982141043,94.5599122791
129.408326039,94.6032386261
129.106118692,94.644958456
128.780002296,94.6299190805
128.259886584,94.5824368491
127.873227674,94.5549050432
127.235535726,94.6251055034
126.824006049,94.769171746
126.451658809,94.9174737525
126.215702012,95.1170297631
126.139616334,95.2474413654
126.20131828,95.3815480937
126.264477821,95.4559499259
126.226029065,95.5694962125
125.92103311,95.7634661331
125.535923472,95.8552709813
124.931277954,95.7170825087
124.635046057,95.5854284533
124.407684414,95.4990659458
124.146710856,95.4658809764
124.052064392,95.4659933722
123.936023553,95.4789067488
123.791930611,95.4811934607
123.702378037,95.4885892526
123.640643011,95.4925405493
123.646064285,95.4961765041
123.675590415,95.5170685673
123.777884041,95.5213011275
123.866500897,95.5411192039
123.989298911,95.6248009051
124.050905957,95.7187360724
124.108963517,95.871319568
124.152278046,96.1342323996
124.181936369,96.2737272305
124.262350404,96.470080255
124.316364062,96.5608791875
124.376228936,96.7461388485
124.468894249,96.7987233482
124.58772957,96.8645485959
124.694974927,96.9306364801
124.757062611,97.023426475
124.800509161,97.1524120407
124.831744733,97.2426204646
124.828231494,97.3404487618
124.839571081,97.4044807305
124.878607455,97.4266710263
124.9245186,97.4284941561
125.023176739,97.3690695425
125.107232779,97.3441813525
125.216898731,97.3036755446
125.28729969,97.2735631765
125.348247895,97.2500794804
125.441708571,97.2385614767
125.488032707,97.2113908567
125.585816536,97.1683283567
125.696632289,97.1419757702
125.835009997,97.0905802817
125.940612685,97.0683414902
125.951160782,97.0252733437
125.844875041,96.8297996671
125.438469233,96.4650906398
125.016035922,96.1908029056
124.121563893,95.8896798791
123.112862816,95.5395270289
121.606225936,95.1414568326
118.469497299,93.9655803192
116.478253542,93.1749866798
114.020285784,92.5290957428
112.852915422,92.1048817258
112.045370759,91.7640301206
111.411090968,91.5963389281
111.172798505,91.5301020821
110.933665474,91.5057890478
110.672710049,91.5221990398
110.242616044,91.5896750201
109.391602938,91.5952063818
108.830085027,91.6071960448
107.941264271,91.7227781531
107.468428301,91.7655187224
107.01448477,91.784733272
106.422929952,91.8115564492
106.027043854,91.9060072119
105.588874011,91.9047314395
105.347288958,91.9613241932
105.194399632,91.9833945222
105.01741322,92.021667715
104.900833413,92.0415019965
104.876743356,92.0435040066
104.888647083,92.0553547306
105.060278972,91.9715887948
105.312524598,91.880748527
105.57529454,91.8422577547
105.826228481,91.8467902178
106.120572619,91.869170499
106.172044029,91.9143066548
106.206426428,91.9839601402
106.152736037,92.0421879369
106.10869832,92.096373079
105.942828854,92.2921761182
105.821625576,92.4274731118
105.597042508,92.6005533467
105.483061249,92.6413007937
105.350386484,92.7140917159
105.25909336,92.7775745842
105.237934186,92.8237119088
105.274158346,92.8655206481
105.326139542,92.8905412694
105.358329554,92.9050506595
105.416614287,92.8962437348
105.454642807,92.8920355408
105.524232473,92.8880058706
105.562383183,92.9081223493
105.610974453,92.9214334853
105.656325509,92.9430298771
105.702624058,92.9677230404
105.763681496,92.9956711469
105.793052725,93.0176701395
105.82236788,93.0345554449
105.889871701,93.0378788434
105.928349083,93.0465142855
106.074266527,93.074451968
106.155650164,93.0477830405
106.254846187,93.018033328
106.488429161,92.9850018176
106.69960885,92.937038598
106.896636934,92.8981287155
107.16260478,92.847860519
107.369947878,92.7963293117
107.718103393,92.7261274827
108.015248344,92.6794552465
108.488628163,92.6608068088
109.602536604,92.7542953791
110.925117481,93.2011847977
113.494002278,94.068904773
115.173623624,94.8433208011
116.73950575,95.3681091265
118.686294801,96.4695009228
119.706027572,97.1262728908
120.599149631,98.1790771834
120.960385696,98.7580347594
121.196886157,99.2388586776
121.766178329,99.5242583604
122.01383699,99.4949398765
122.494210893,99.5190681189
122.774794193,99.6709588006
123.054048406,99.8474174894
123.341698453,100.025216412
123.448594825,100.115045559
123.497571763,100.173370139
123.484572163,100.197431322
123.496328621,100.232969172
123.709112379,100.366081286
124.145000868,100.635298103
124.879752835,100.926953438
125.364962891,100.947987923
125.776554702,100.769899362
126.019988203,100.325860299
126.259877753,100.251977847
126.503230428,100.276633864
126.954799342,100.40392323
127.383451477,100.502818684
128.279818071,100.611760342
129.034348749,100.559480332
129.922810671,100.571629456
131.110364613,100.477012714
131.889209327,100.439635604
133.103688444,100.198480225
134.026845297,100.046371568
135.090757068,99.8698953707
136.895311544,99.576996449
138.214933368,99.3870551281
140.303281654,98.9865755426
141.662841732,98.7872636505
142.869537788,98.6115580328
144.295206893,98.3627011446
144.874175805,98.2348783124
145.496214704,98.2928244005
145.687405347,98.3441934493
145.901416649,98.38804326
146.554196478,98.4979271523
146.829987386,98.5228415912
147.193435447,98.6815926767
147.542121142,98.6281001468
147.876020732,98.6094034803
148.453775284,98.5684922322
148.884237709,98.5114172729
149.572132921,98.5337562987
150.045807741,98.6011619241
150.447593442,98.6957669585
150.941100471,98.7809115565
151.135982704,98.8936903904
151.273404395,98.8599296869
151.357497098,98.8583055594
151.509145513,98.8352884654
151.897188653,98.8076378772
152.175370519,98.7861679235
152.570762681,98.7572761191
153.338162696,98.73143105
154.045835534,98.8263551345
155.639362348,98.9268165269
156.928545827,99.0440538263
158.198501819,99.2107468981
160.102330806,99.5852150514
161.435439777,99.7277870746
163.631111373,100.080127819
165.206891856,100.266886828
166.736049048,100.466541539
168.790015355,100.404835971
169.946468033,100.438929428
171.479225405,100.470228327
172.397370815,100.580591273
173.26263675,100.646400579
174.313325473,100.613559423
174.837401459,100.575008989
175.488231768,100.546779078
175.824487317,100.537564398
176.107022717,100.503076464
176.397581964,100.550438514
176.540985138,100.517851772
176.727160925,100.499296872
176.964630785,100.409637158
177.067234059,100.425227545
177.095377878,100.935508003
177.043292003,101.291600327
177.039026957,101.407159311
176.98979974,101.460103994
176.922636314,101.505764662
176.833487799,101.499796235
176.779586568,101.518123302
176.705570307,101.548971071
176.600080089,101.555067058
176.520778744,101.547123174
176.388090321,101.485514731
176.312204974,101.469034043
176.267155576,101.454173297
176.215227221,101.488398258
176.229682994,101.509536213
176.360520048,101.513962154
176.596794064,101.511454503
177.015981978,101.520883264
177.963758775,101.577748596
178.695010352,101.702822066
180.017103699,101.739867606
180.861368153,101.853293846
181.668574574,101.915669873
182.713015575,102.147996171
183.324014357,102.37695207
184.13466961,102.803377836
184.584349008,103.016518086
184.925245347,103.154094715
185.40239377,103.276042011
185.668778652,103.231636179
185.847252454,103.30473734
185.896800188,103.265851605
185.94419829,103.239739519
185.935676659,103.153841594
185.918278528,103.106469412
185.894469045,103.085784763
185.907629996,103.062878328
185.946659908,103.098879081
186.010998772,103.087359867
186.098455142,103.083338114
186.179178434,103.068024575
186.330877495,103.027165744
186.366226483,103.064619542
186.400161837,103.073865508
186.397529099,103.058928822
186.403813851,103.000808717
186.435394825,102.9435825
186.52432924,102.886607544
186.62999054,102.845993072
186.733523937,102.802027204
186.847067599,102.753404802
186.972961016,102.693875528
187.084048921,102.653411681
187.174354048,102.593814549
187.305755241,102.5280394
187.450204339,102.530866586
187.719338444,102.560979989
187.900769492,102.586952077
187.993859172,102.610537324
188.023518024,102.605175797
188.029820048,102.602996072
187.994989155,102.569550784
187.96165209,102.579525674
187.889061681,102.577550286
187.852187481,102.573067235
187.824868615,102.538316055
187.846486375,102.516742046
187.916868562,102.50484269
187.994830268,102.501337656
188.022235857,102.516590652
188.041877761,102.52200712
188.038570697,102.522962119
188.014634855,102.540777794
187.997946162,102.556502723
187.99894135,102.553086851
188.001888455,102.589309524
188.039428089,102.629200523
188.061671231,102.678672821
188.060987245,102.69278176
188.081626104,102.73036874
188.091144623,102.745124661
188.169695277,102.739166531
188.494927658,102.643339087
189.193329974,102.423546304
191.595703385,101.742771409
193.7631298,101.203966129
197.352442226,100.098184184
199.594353768,99.0898303431
201.734209561,98.1032428051
204.598471585,96.2896198732
206.33357597,95.2421510541
208.381329876,93.5523201677
209.393841939,92.6812686745
210.218951935,91.9661284215
211.055948822,90.6973580701
211.389912483,89.9451057121
211.438892213,88.6047928616
211.241555513,87.6175230928
210.950164519,86.6536616303
210.681468502,85.6573510166
210.629940596,85.1880008827
210.821152275,84.7433025166
211.00417108,84.4702267956
211.099230616,84.2097055596
211.17645854,84.0295731435
211.196890354,83.9506096818
211.117280404,83.9625521356
211.015762378,83.9219532399
210.895168297,83.910395793
210.703126566,83.9001413213
210.590111116,83.9089699591
210.480916809,83.964009272
210.371343481,83.9641492296
210.327465963,83.9719015826
210.284597518,84.0274178401
210.294637117,84.0940778023
210.299121169,84.1443892294
210.307539997,84.2348072771
210.322901802,84.3082301879
210.317220406,84.4584129072
210.27491082,84.5715795746
210.214264158,84.6593690404
210.091714703,84.7444389866
210.002323992,84.7217702535
209.911207762,84.7326230718
209.872855769,84.7492012056
209.831176928,84.7930431414
209.833546272,84.9060204622
209.861648087,84.9455533377
209.948640582,85.0105128757
209.973027294,85.0315309163
209.976660136,85.0552823697
209.919321455,85.1326655219
209.838883123,85.1811839596
209.685532386,85.3292883363
209.604837207,85.3865997676
209.491367641,85.4566463091
209.320818731,85.5803513623
209.184731742,85.626427953
209.040799376,85.6728473189
208.98276847,85.6667881555
208.961424153,85.6574040954
209.222661511,85.3638649404
209.629809361,85.1419175258
210.381632623,84.8596335447
210.883486031,84.6467260924
211.585177344,84.407768197
212.658347439,84.1574478141
213.471849485,83.8818768682
214.318052758,83.5553890219
215.75724704,82.796364752
216.800306986,82.3967429619
218.219108008,81.9933074827
219.184739181,81.6885492234
220.106474126,81.4708323785
221.549502815,81.3417402151
222.47064205,81.2860906136
223.640276289,81.0888027647
224.274415924,81.043495717
224.808349534,81.0137315577
225.485927267,80.8921075102
225.881165182,80.8720907278
226.590420815,80.8805617291
227.206833784,80.8619145589
228.019341971,80.9522011216
229.42108707,81.1214929354
230.370241353,81.2393718666
231.84450486,81.4111736255
232.794243379,81.5319927651
233.759529205,81.6347817303
235.147545816,81.662937781
236.053937407,81.7191303752
237.315796402,81.8307580681
238.155046004,81.8664796697
238.958165302,81.9606939724
240.03639251,82.1019347543
240.62282962,82.1951072992
241.47124023,82.3123160519
241.939301409,82.3592252519
242.409018335,82.3892034819
243.055552088,82.4169945845
243.48724614,82.4670558264
243.880110493,82.5208535633
244.40603019,82.581329217
244.69111016,82.6279478459
245.04329517,82.6455685139
245.345702635,82.716839307
245.656552154,82.8383501425
246.154032751,83.0245976487
246.486555502,83.1352452358
246.950079541,83.2285887152
247.272984093,83.3052768333
247.476563383,83.3301312081
247.909385228,83.3753930329
248.257715814,83.4723938606
248.85730892,83.5257212962
249.290238087,83.5812632913
249.711937462,83.6239035318
250.431175235,83.8008363507
250.919935046,83.934541424
251.704737708,84.0966377012
252.216047243,84.1675936026
252.68870685,84.2280136196
253.33536469,84.2917366855
253.674691336,84.2902670415
253.925905131,84.2689489034
254.038910411,84.247976177
254.105291095,84.2457258768
254.154833284,84.2459916059
254.159777558,84.2345982971
254.183820884,84.2248076522
254.210536927,84.2211931977
254.27398542,84.2406068368
254.365614446,84.2319688995
254.412179291,84.2395298502
254.453255345,84.2635573623
254.466154275,84.2723069492
254.482900962,84.2793828822
254.501386219,84.2886846271
254.532040016,84.2964636425
254.577997512,84.3085475991
254.65640646,84.3275977834
254.755301745,84.3296451868
254.906817402,84.3399970235
254.956544255,84.3419950502
255.011299332,84.3410659566
255.035549379,84.3044748881
255.03256058,84.2789592536
255.039204528,84.2969365975
255.097461844,84.3339248216
255.214649735,84.3885884487
255.375539508,84.3953480486
255.59034007,84.3791051194
255.857092221,84.3279625071
256.080196495,84.2559631029
256.236105099,84.2157316066
256.455824634,84.1771923466
256.649958229,84.1791527366
256.836909638,84.187123836
256.977582254,84.1919703804
257.150930241,84.2145698917
257.307449398,84.2435164417
257.417281007,84.3034173326
257.471705853,84.3374856455
257.567925202,84.3128797629
257.638479002,84.2665403661
257.986360746,84.2901038661
258.423606552,84.4195213481
259.082202292,84.6003670599
259.518569026,84.6219941663
259.913065296,84.6158962825
260.502057563,84.5323113896
260.867045281,84.5039375453
261.166449457,84.5303869929
261.630959959,84.516987054
261.982782727,84.5427098172
262.515316525,84.5042972241
262.813691619,84.4764909536
263.166886244,84.4770704499
263.781409186,84.4880933965
264.196528529,84.465561004
264.856222325,84.523242159
265.359715824,84.5203385707
265.830114873,84.486706245
266.50432649,84.5109395678
266.885762059,84.5173342221
267.424837714,84.5380638059
267.730643563,84.5892401601
268.013436518,84.6948649737
268.445999911,84.838655367
268.780933703,84.9043118206
269.476964249,84.935939825
269.86072411,84.9536679933
270.231285296,85.0060991721
270.515722552,85.0292277009
270.744843622,85.076196712
270.921908782,85.1182886203
271.009106346,85.1463320988
271.149510703,85.185600427
271.342550384,85.2096447483
271.503461507,85.2183171159
271.765523093,85.1836592788
271.953743344,85.1410921584
272.106383562,85.0794851429
272.3333912,84.981450839
272.439136816,84.9318916341
272.604727828,84.8587462091
272.686293085,84.788473
272.772514946,84.7152924861
273.125484511,84.2803763936
273.466556395,83.8193870345
273.823786828,83.5092934702
274.472674837,83.3127323682
274.985408554,83.2425274259
275.80403065,83.0957014715
276.324257331,83.0563721186
276.811316315,82.9745281985
277.476232158,82.9214176209
277.877921736,82.8813736331
278.599241123,82.8385137712
279.073816863,82.8046649045
279.487252111,82.8239686732
279.473035635,82.9041645839
279.280216529,83.0699745425
278.743568076,83.3101903568
278.456170934,83.3830080479
278.246851995,83.4443538379
278.06712734,83.67564034
277.974223214,83.8706379367
277.794150621,84.127011298
277.605795483,84.2183945046
277.439905579,84.3295800563
277.166031747,84.4948131165
277.065104148,84.587608464
277.000455249,84.6582015634
277.005928115,84.6714918476
277.018609835,84.6789856542
277.026484994,84.6785593947
277.007732876,84.7169937408
277.012236746,84.7708419537
277.113342347,84.79972188
277.197556419,84.8100019819
277.515961114,84.7982434565
277.808280361,84.8393254677
278.249548918,84.9022691784
279.095731637,84.9126300607
279.889542127,84.8701358529
281.329725535,85.0318682132
282.418993302,85.2771185801
283.574476547,85.4745079645
285.125261071,85.7638727972
286.004170528,85.9171150745
287.108050387,86.0802531374
287.652779667,86.1651210051
288.180225902,86.1902733583
289.026698884,86.2871856086
289.649958423,86.2788296275
290.57538439,86.3212575108
291.233079545,86.2944013894
291.827664288,86.31061333
292.942731723,86.3551373547
293.641679093,86.5051495169
294.487909957,86.6208820162
294.769001083,86.6712222303
294.907157237,86.604462186
295.154333384,86.5833836929
295.353588223,86.467685681
295.664548044,86.452323613
295.98260799,86.4160817195
296.105874868,86.4069667899
296.347961321,86.3376278894
296.512424719,86.2840968722
296.772989358,86.1761765142
296.880546746,86.1435274236
296.93749528,86.1081531449
296.93700212,86.0844769135
296.890473265,86.0582663025
296.813284303,86.0617448719
296.727750316,86.0796646462
296.690225944,86.083993477
296.617401901,86.0906964435
296.571361147,86.1163562312
296.507073742,86.1431617371
296.386665201,86.1076955039
296.262850097,86.0858209714
296.082746775,85.9569888711
295.896940403,85.9430108309
295.553429582,85.863272669
294.648481103,85.7399413698
293.967984792,85.5795709313
292.979765365,85.4730520704
292.597992568,85.3747066779
292.575012879,85.3857318829
292.452589953,85.460821652
292.297742632,85.5863364084
291.81008368,85.7427059246
291.35754059,85.8107301542
290.870498667,85.882050644
290.188266758,85.8860225741
289.761829278,85.8467878104
288.975223201,85.7130595025
288.351584499,85.6369214227
287.612921814,85.5033009702
286.513144996,85.3435330254
285.806456926,85.2478751565
284.748632075,85.166050318
284.008420689,85.1432315937
283.134395651,85.1610951055
281.532831045,85.1915985393
280.021618007,85.0411740892
276.653774897,84.6570911408
273.544976804,84.4012397284
270.052407037,84.1654511138
264.56023281,83.7996549396
260.798564941,83.6353257027
256.650355628,83.5207113684
250.13642219,83.1093041378
245.334899047,83.075294169
238.235522758,82.713155643
233.656459519,82.6907465246
229.275631613,82.8173203968
223.453504342,82.8021535592
219.978488418,83.007556755
215.242279618,83.361051947
212.08785412,83.496327257
209.015761143,83.6479264172
204.655967135,83.6048794485
201.985465777,83.844993648
198.440964696,84.1526169846
196.176450149,84.2281231169
194.18951891,84.2352047176
191.506752736,84.1923725374
189.935382655,84.3886095169
187.816466587,84.4573162124
186.550737412,84.5105214147
185.492348778,84.4883473838
184.266646357,84.5198075899
183.606377354,84.7827399596
182.76149454,84.9317731726
182.213902082,84.9738893025
181.650227168,85.0595617755
180.964524172,85.1014621017
180.523063211,85.2466058044
179.916930427,85.3570001188
179.600615973,85.4108778968
179.256002498,85.5145401312
178.500706632,85.6067936605
177.947980735,85.7205682708
177.341072535,85.7576284373
176.393112012,85.9142457241
175.770866349,85.9586335118
174.875878916,86.043091878
174.370195825,86.140319376
173.790164086,86.1742739449
173.408210436,86.2584131676
173.181196404,86.3161125998
172.722626614,86.3415770959
172.485117973,86.4323179813
172.213803364,86.4476931956
171.796871343,86.3692842866
171.53796167,86.3693827987
171.105589342,86.3150224845
170.797748074,86.2750571901
170.348981685,86.1466212919
169.883651336,86.0761307065
169.528741394,86.0558861786
169.191493193,86.0706010958
168.91351398,86.0959741662
168.581651371,86.0920078458
168.088290944,86.0600933846
167.789609854,86.0376668916
167.452350179,86.000699809
167.239191673,85.9759697319
167.087451813,85.9294670497
166.929592847,85.8327754962
166.870975868,85.8051164851
166.79704835,85.7213585156
166.782148142,85.6078283668
166.78430595,85.5148421351
166.807535392,85.3414738727
166.838311903,85.2833816727
166.840991306,85.1727157789
166.825837034,85.0992071821
166.75692425,85.0059290014
166.62430328,84.8917688589
166.380948322,84.8593614666
165.790700957,84.683147051
164.362780038,84.4528519298
162.990458257,84.267073104
160.621723753,83.781604231
158.938353181,83.4944729759
157.087551887,82.6298608697
154.350861591,81.1294306201
152.789231498,80.4275018919
151.533561774,79.8554850936
150.223333988,78.902482377
149.732441507,78.4108370575
149.414021532,77.7940884502
149.438851379,77.3477438556
149.575007167,76.7536513539
149.818902344,76.22710416
149.971011024,75.7211128245
150.10761054,75.0953180823
150.148179674,74.7169750421
150.245081483,74.2008508467
150.282442054,73.9271081995
150.240810507,73.6803004565
150.11468567,73.3775467451
150.12087272,73.2434628956
150.21427806,73.1710862837
150.270353193,73.1667524415
150.359776588,73.1881648217
150.447664547,73.1849253187
150.501361277,73.1331690737
150.575232657,73.1424228132
150.621808103,73.1346437829
150.670876943,73.1559410963
150.689743303,73.1477333661
150.647802868,73.1294168515
150.518893579,73.0957812515
150.178263353,73.0658521244
149.884289978,73.0930978063
149.451891115,73.1061447609
149.21350922,73.1553459501
148.833240882,73.183189301
148.492703402,73.0862598933
148.375687466,73.0441815709
148.359481877,72.9993749025
148.395897194,72.9379167568
148.442193142,72.8903118368
148.652586715,72.8827112973
148.765440393,72.9002167778
148.913044451,72.9095060247
148.987296054,72.9144309394
149.064405816,72.9121002207
149.171157174,72.8914254327
149.251360764,72.9063297875
149.342547509,72.9306897857
149.386502162,72.9869161306
149.366567866,72.9921812949
148.992640349,72.7820708647
148.791821786,72.697058585
148.557722495,72.6877769372
147.955813852,72.7531502258
147.403140215,72.7190652885
146.728324937,72.6471829926
146.428059037,72.6000622563
145.928099828,72.5400588042
145.487119637,72.4744104847
144.974698414,72.3483838558
144.370015793,72.2029645185
144.099922189,71.9654189044
143.864614985,71.7350098588
143.688138665,71.5182397426
143.683690889,71.3230879383
143.611069658,70.832119571
143.644304039,70.6076397234
143.584992935,70.3122697073
143.628643651,70.0806911747
143.639891515,69.9198265121
143.677990545,69.6344302609
143.814318464,69.478970134
143.882099856,69.1734945528
144.259977947,68.8082003561
144.596875079,68.4390732302
145.048924737,68.1251641046
145.279985184,67.8930508688
145.502672862,67.6668904558
145.720084142,67.4387927001
146.129994071,67.2876845312
146.387376542,67.1501704935
146.587002504,67.0925887422
146.699069999,67.0655789148
146.846534642,67.1061250928
146.945750956,67.146715017
147.053318162,67.2345578027
147.077141706,67.3361027105
147.038731036,67.4285512884
146.782279345,67.7975953255
146.355281859,68.129185298
145.381044656,69.2190275867
144.240664961,70.3827513088
142.37588675,71.9492519237
138.885441756,74.8814941225
136.180770175,76.8703371277
132.362601885,79.0931035515
130.282402819,80.285055162
128.544047374,81.3474267847
126.641591277,82.847009764
125.623459017,83.6854175899
124.870090705,84.4833015519
124.173890085,85.4868518019
124.045692888,85.9098068675
123.918288077,86.2818534808
123.929259853,86.3299044418
123.928269523,86.3328598728
123.767610141,86.3999730757
123.606587768,86.4001591786
123.250771572,86.5515790231
122.846348993,86.5557048984
122.528134455,86.617697349
122.220403382,86.6506752292
122.153315067,86.7883587671
122.067341831,86.8640956095
121.952256709,87.0511595144
121.907022303,87.1388281475
121.797085993,87.2480200467
121.636028191,87.3160560923
121.332716287,87.326928373
120.954346396,87.3538929031
120.454374959,87.356983174
119.466767041,87.3767077174
118.591792506,87.4492623762
117.374906624,87.5187643483
115.012683412,87.6030314831
113.199589635,87.6649001278
110.829204123,87.761222172
109.448153094,87.8518351626
108.166897353,88.0057566142
107.804951235,88.15774619
107.598013455,88.5772106012
107.233933082,88.8775020597
106.728506661,89.1189328326
106.194723073,89.3414036181
105.163382208,89.6470653793
104.570765476,89.8908844627
103.695885013,90.1212900453
103.086181845,90.278177502
102.475520751,90.4184042464
101.760395521,90.419103159
101.419895267,90.3759201999
100.991679562,90.1977087431
100.821911674,89.7869954715
100.556921138,89.2358590089
100.354138804,88.3133646041
100.282445053,87.7982374348
100.25778637,87.3397958207
100.193623368,87.1398413624
99.9210571322,87.1663143729
99.1257620276,87.188075985
98.4190790853,87.2505641651
97.3730021489,87.3130756641
96.9640468901,87.4123317778
96.8139001681,87.4148831842
96.9380593218,87.4424141576
97.032532042,87.4206026554
97.0908906737,87.4296135332
96.9823038023,87.3978578512
96.8593710297,87.4056541547
96.5700775429,87.5482368321
96.3026359519,87.6590773125
95.6161099353,87.9858659955
95.076249678,88.3130622379
94.3961483747,88.7605599471
92.9899235657,89.354169137
91.7254818855,89.7054721799
89.6092227534,90.1574939845
88.1663670417,90.523469416
86.6956716821,90.9603562367
84.9858834535,91.9025685223
84.3999713645,92.4579990104
84.0951248157,93.0157152725
84.4029449593,93.5600965567
84.9107539432,93.5311908361
85.3345736891,93.8498674393
85.1498982098,94.0767331348
84.6809622208,94.4819052522
83.8722359874,94.9907758746
83.6581873432,95.2871096952
83.6854431174,95.5816728276
83.8339214849,95.7617328188
83.9074489651,96.0025459411
83.7778097989,96.3426409247
83.4049676333,96.5445338955
82.7529997638,96.7561926531
82.6948336574,96.7258184582
82.7073684407,96.7223378165
82.7923815652,96.6687594839
82.9080934973,96.6301388038
83.0808607168,96.4014904782
83.179745754,96.3328385631
83.4728223574,96.1677382654
83.890790145,96.0761640771
84.2404282957,96.0130718019
84.6896629997,95.9866535186
84.9637334426,95.9614830957
85.1908428871,95.971743965
85.3794010739,95.9256959862
85.7432526745,95.9181367734
86.4460823094,95.8263030738
87.3416214974,95.6176754254
87.9358620871,95.3476256324
88.4351705706,95.2397390742
88.4528937692,95.2049732827
88.4276414308,95.2067130134
88.3587257114,95.2582499603
88.1366656682,95.3873085431
87.8512233458,95.6597138646
87.7354725333,95.7559689379
87.6432387695,95.8928716446
87.3745808349,96.0068501337
87.0019266568,96.1571370943
86.5929369804,96.2908582794
86.4197113591,96.413405803
86.3231777132,96.5044962292
86.2220539563,96.7488620057
86.1943211581,96.7867516834
86.125497941,96.7399300762
86.0388932767,96.6609473712
86.0492664266,96.6797704168
86.4622398035,96.7804491735
86.9876257019,96.82702317
87.707550313,96.4298460376
88.1558907806,96.0533024872
88.5171983764,95.8273669877
88.8373253659,95.8614521346
89.2617336929,95.8101800843
89.4393966809,95.9123161275
89.501835776,95.9960740377
89.5096955273,96.1482241528
89.6750778153,96.0479929383
89.7946869801,95.9541676677
90.0135383622,95.9187831831
90.2011288627,95.7066263585
90.3179312894,95.3822962784
90.22101173,95.1090494425
90.0413045793,95.0459574306
89.366815707,95.2021600638
88.851137244,95.5124178682
88.2799146997,96.013167393
87.1762602386,96.6508411463
86.1439516006,96.9700224116
84.7942092811,97.2628270869
82.5571401438,97.2166932605
81.207747556,97.2485116552
79.6764994978,97.1579874867
79.0495397572,96.8414138843
78.2910869899,95.8764354004
76.5441584196,94.8260146706
75.0203682986,94.3150215188
73.4026136802,93.9703535201
73.0851944934,93.9423577567
73.1711284441,93.9688023115
73.6796364881,93.8523181165
74.2352690468,93.5721191547
74.7742273693,93.3968126309
75.1676070169,93.2929904054
75.5671960195,93.2393758499
76.1814210734,93.2282873643
76.2990981288,93.3122712125
76.5569784562,93.6031827465
76.7918309,93.7089469224
77.1248458508,93.9221810175
77.7033135994,94.1640440106
77.8295160559,94.3772820062
77.9492254401,94.6133482788
78.0518105482,94.7642644302
78.1213471012,94.8015505205
78.5545085234,94.8516159467
78.837204368,94.8318689494
79.4528679305,94.8470039209
79.8311115268,94.7911507478
80.3880996824,94.7405630153
81.1617231649,94.7375062173
81.7426062956,94.768139437
82.1057057052,94.9076236979
82.7286740459,94.9913748733
83.2060831004,95.0186617673
84.1684726484,95.0935799235
84.8913786477,95.1505772276
85.6810233491,95.2652076621
86.9124524898,95.391856448
87.6355378426,95.2671274471
88.4954166038,95.0987454407
88.9204613191,94.8617237816
89.2557037653,94.7436944915
89.6855788626,94.5040449823
89.9468472104,94.5832210735
90.4198060817,94.6970598133
90.8750737695,94.8448302906
91.2512539213,95.0341515416
91.7037493041,95.1213777104
91.9367031164,95.1958588453
92.4173735023,95.1632231845
92.8287886746,95.1116039509
93.3591233785,94.9915341695
94.2878921109,94.8475394134
94.9269493814,94.7563827536
95.6426567842,94.7374925422
96.0057775933,94.7237695768
96.2371887402,94.7178409034
96.7203777689,94.7493920224
97.2246625301,94.7107689373
97.9748304646,94.6981108943
98.4143811838,94.6797791684
98.856556174,94.7001249267
99.4964379492,94.6586238874
99.9311018833,94.6300357367
100.398228504,94.6593612338
101.099531946,94.6660914775
101.630299484,94.7174661421
102.411509546,94.6282609676
102.976828791,94.5881035392
103.544754309,94.5485185733
104.423298265,94.4735298463
105.00802,94.4721785822
105.8181719,94.5100465704
106.270674599,94.4766606634
106.698827554,94.4529272623
107.283540848,94.4201280155
107.718284522,94.4423295371
108.416846749,94.553192418
109.028886797,94.5065257454
109.753691401,94.4703167606
111.214868993,94.2992426173
112.574831777,94.2056652065
116.032014947,94.2002636632
119.754463473,93.9277696616
124.487851464,93.8617653989
133.112244432,93.3630041243
139.463313083,92.9222881174
149.126919229,92.370679386
155.24763099,91.7164818205
161.06983607,91.1740466463
168.882669093,90.5051994862
173.595701269,90.2935299775
179.197244061,89.2540635679
182.394801414,88.9598656654
184.987535267,88.6848871369
188.083994499,88.1337995971
189.379966701,87.8775782638
190.397082778,87.4293003586
190.805251038,87.3799156404
191.021483078,87.1977781939
191.175062953,86.7962096585
191.263794014,86.676671461
191.742151403,86.3944405702
192.566256941,86.3960736243
192.996317153,86.5520533971
193.042616709,86.5527009136
193.0292659,86.5968061548
192.827016553,86.7958149107
192.131360242,87.0931008252
191.711767898,87.2222576536
191.014151296,87.5404195078
190.484438135,87.7725806746
189.898886299,87.8954972724
189.111139802,88.2723570062
188.607397179,88.4077030878
187.96638494,88.6373194167
187.596606729,88.8221516691
187.236430161,89.0490572238
186.834180708,89.3842821825
186.721770093,89.3876390364
186.481578792,89.5956700768
186.336013965,89.7138426397
186.198344331,89.7682730955
186.025021333,89.9407044272
185.922421663,90.0450312953
185.805709425,90.1559733782
185.739960355,90.2743281996
185.696021659,90.3072711126
185.603775827,90.3829735653
185.534516812,90.4581270236
185.410331308,90.4801271999
185.279551881,90.4972547223
185.215118201,90.5177421951
185.050232759,90.5272579564
184.944371263,90.5526867878
184.886701185,90.5243388133
184.80135944,90.5435571044
184.750119689,90.53727269
184.667150003,90.5217306651
184.596067549,90.5388636876
184.521033123,90.5395477564
184.425960758,90.5942492903
184.361304765,90.6092120908
184.276562877,90.69450323
184.220636974,90.7669536456
184.15773889,90.8270182715
184.077941029,90.9081291927
184.026247336,90.9470470259
183.951970694,90.9969034794
183.910638557,91.0472607257
183.898670007,91.1150617685
183.867940116,91.2372715441
183.839520381,91.3026873854
183.769693509,91.3729895303
183.729777425,91.3836046424
183.681280937,91.4423155175
183.626764201,91.4795293958
183.606146347,91.5045340605
183.59876087,91.5316738646
183.597198821,91.5459197852
183.614811226,91.5383817784
183.665542454,91.540719107
183.694412879,91.5757280752
183.707742044,91.5749095722
183.720165354,91.5903619968
183.722603793,91.6102210951
183.726232632,91.5934308346
183.737541935,91.5981768142
183.793708613,91.603520136
183.837414145,91.6340427085
183.86402726,91.6770560656
183.876328182,91.7045292263
183.846543445,91.7223958406
183.655194522,91.6405251424
182.609503801,91.1734592372
181.668566031,90.8504528983
180.141728586,91.0860986233
179.325415566,91.241926775
178.666464141,91.4111067898
177.977013941,91.8518990108
177.659229604,92.1889321857
177.247743958,92.7713738723
177.05535574,93.1335038012
176.870216275,93.420966709
176.886619029,93.6564151978
177.023955022,93.9661700869
177.300031605,94.332104887
177.585940504,94.588697254
177.783872483,94.6503890408
177.94251261,95.0175762801
177.974223239,95.0591321677
177.992446464,95.0762713494
178.018528402,95.0334024784
178.076116647,94.9764289889
178.300242051,94.8408529601
178.538475747,94.7815105354
179.055730542,94.8954916544
179.411771923,94.9500165287
179.716875559,95.1083263042
180.089333563,95.0031859388
180.307087946,95.0426433059
180.424268992,95.0051480729
180.482671943,95.0012427987
180.493956613,94.9963280935
180.42871976,94.9701490363
180.38041231,94.9376751579
180.357301917,94.8900452958
180.378534143,94.8809270923
180.406535695,94.8807505481
180.479167411,94.9028426341
180.506756667,94.9232891113
180.520337793,95.0004612831
180.490627412,95.0310257067
180.430884506,95.0814878505
180.414833164,95.0757925964
180.403829153,95.1027933444
180.404835395,95.1369761316
180.411337572,95.1797068704
180.394737222,95.2131712115
180.356635708,95.1991047832
180.310206604,95.2060526652
180.256823144,95.1855359907
180.220493566,95.1772507912
180.218294185,95.1586435872
180.245349925,95.1854107615
180.278894168,95.2292720714
180.303334185,95.288882635
180.296779981,95.3785665317
180.263459524,95.4061873479
180.213464676,95.4515600564
180.165553201,95.4848644688
180.098823387,95.5329807876
180.010421773,95.5353137287
179.94883693,95.5497914902
179.747589605,95.5650534523
179.539756034,95.5800932909
179.086407578,95.6040898404
178.284162649,95.4972260715
177.709009692,95.4023676873
176.806861038,95.2749670728
176.213113535,95.1080804633
175.596625216,95.0804884605
174.841766783,95.0283027196
174.461376876,95.1114659938
174.409517929,95.1256406225
174.442201647,95.0987937057
174.151226618,94.8450761947
172.96771512,94.7179808568
172.273018859,94.617973491
171.817317674,94.6570758999
171.640540258,94.5183462691
171.705175902,94.3456885599
172.305173362,94.2623222577
172.941134367,93.8304054533
173.670990271,93.4354139428
175.110323409,92.6503291083
176.225649419,92.3059200612
177.327379806,91.696929738
177.821696666,91.3851193179
178.159277432,91.2823014312
178.395283955,90.9840199742
178.443418175,90.7840138406
178.521293286,90.4356309652
178.630906195,90.0963509578
178.711514495,90.0411776779
178.795259485,90.0031546789
178.912653854,90.0530170443
179.000226903,90.0300620978
179.084806292,90.0246176028
179.275323838,90.2305673096
179.690737087,90.3864710212
180.106068176,90.6303465242
180.475000162,90.7002408513
180.747222715,90.7909325581
180.910169936,90.7853714589
181.190290231,90.7698069234
181.431761129,90.8329819735
181.690220573,90.9229386631
182.19214497,90.9943959003
182.593515699,91.1057042977
183.199907967,91.1906965917
183.493681613,91.2534917963
183.761750885,91.2708526123
184.11511268,91.384184092
184.387585268,91.4006983313
184.84106806,91.4345277311
185.024775504,91.4294121604
185.196586459,91.4471081855
185.371931126,91.4446124294
185.486085728,91.4502241319
185.58933188,91.4407142048
185.621956613,91.4425116927
185.648997053,91.4541065833
185.676425559,91.4277194879
185.704576059,91.4089426588
185.706359521,91.3261923018
185.693238529,91.2466587164
185.664518669,91.1929907671
185.64848917,91.1251766301
185.641218829,91.097789207
185.605376113,91.0899325118
185.523198689,91.0734055332
185.421652422,91.0587919392
185.234152246,91.047918536
185.110457161,91.0492590744
184.958934341,91.0789913115
184.883373399,91.1068163339
184.78596843,91.1422263262
184.652694243,91.1712200188
184.615100372,91.1862345817
184.600210418,91.2085284847
184.598603342,91.1929086527
184.576278763,91.2147058391
184.519930141,91.2159889988
184.473689991,91.2524436169
184.418262865,91.3287502381
184.359470896,91.4303577194
184.318335457,91.4710447192
184.26123242,91.5555162758
184.24094644,91.5991665727
184.225235263,91.6174856323
184.237628372,91.630495714
184.289977701,91.6287722962
184.419235339,91.6039583465
184.494345728,91.5952098461
184.585203958,91.5955786822
184.734966704,91.6181385021
184.896592791,91.6226550974
185.098571242,91.6424527185
185.29982829,91.6105128903
185.459216836,91.5594819771
185.896548316,91.3785484337
186.371422782,91.2450787056
187.196552787,91.0564621967
188.251620204,90.8824239737
189.613053012,90.9225567705
192.217745121,90.9373810434
193.664933073,90.7928669226
195.583645203,90.5484611238
196.768295707,90.4452901438
198.083425601,90.3612291936
200.068888564,90.2714604468
201.369408849,90.2270913546
202.780764748,90.2496779671
203.350769711,90.1957489973
203.687833583,90.1028392586
203.775063495,90.0068202879
203.836219851,89.9880436106
203.874732671,89.982098404
203.866145319,90.0002298374
203.761146202,90.045622488
203.481054044,90.0603112154
203.318184246,90.0520433883
203.140493158,90.0580482649
202.906682306,90.0777813217
202.824874453,90.1010265979
202.763681877,90.1827058587
202.788357529,90.2577852648
202.869349669,90.3372660687
203.047184942,90.3944277302
203.181519382,90.4411776895
203.270349857,90.5118235655
203.269144828,90.5563785252
203.207171509,90.6020270496
203.08135164,90.662446301
202.948261203,90.6975709736
202.611987098,90.7933561322
202.1680815,90.8588034535
201.779075436,90.8663189904
201.555813137,90.9358939528
201.439095181,90.9763416507
201.288317188,91.0410366665
201.180171109,91.077739775
201.036242258,91.100792972
200.856757206,91.0818448012
200.745555262,91.0952025944
200.616503974,91.1054126186
200.529212826,91.1464616313
200.429224306,91.1872239196
200.272097145,91.2535401258
200.069209787,91.3055498873
199.889655953,91.3193673448
199.691020889,91.417676381
199.579535627,91.4801526201
199.431577796,91.5629525174
199.300626249,91.5993440685
199.197863496,91.6251845033
199.027836202,91.6779042467
198.882755496,91.6987786132
198.667032324,91.7497678536
198.55254072,91.7767705215
198.422042093,91.8008676631
198.297703263,91.8634200551
198.226149582,91.9137758637
198.147233608,91.9924820137
198.09467995,92.0562116962
198.045636158,92.1189666499
197.92441113,92.183162081
197.808333574,92.2288353724
197.652414644,92.2750198191
197.57976712,92.2931784709
197.484063965,92.3017558781
197.338698085,92.3047326192
197.239658517,92.325783466
197.123296027,92.3459654866
197.048112092,92.3843821699
196.981887732,92.4272880973
196.899667838,92.4677568505
196.863064536,92.475269851
196.829319998,92.497878936
196.816845323,92.5077214438
196.808580551,92.5134283122
196.790101413,92.5415696637
196.754464019,92.561654361
196.684740969,92.5930146488
196.645236376,92.6018418167
