173.650041855,97.6940624297
173.835124411,97.7443491856
173.979883234,97.7711580672
174.270012283,97.9019904565
174.590284761,98.1249876866
174.846246825,98.7063725594
174.891849856,99.1507768329
174.947125508,99.5783712101
174.884091731,100.150504935
175.035905638,100.403363111
175.482069388,100.606166805
175.965855619,100.609517135
176.602440043,100.586519877
177.579482186,100.413412279
178.214761941,100.28950256
178.809978797,100.162054492
179.557361157,99.8935761408
179.922117237,99.6592934032
180.15818443,99.0825745761
180.328617097,98.7377660156
180.673626784,98.6138756591
181.421743693,98.5765898928
181.918453728,98.6421106853
182.655583367,98.5454742946
183.228891961,98.1113417973
183.535413069,97.3918555186
183.869989625,96.8069060196
183.891665453,96.3215010229
183.396207824,96.0198560177
182.724880762,96.0665888629
181.943380798,96.3133651094
180.452698918,96.9388664502
179.179916764,97.3341821385
176.69499023,98.4129161812
175.355679146,99.5722570103
174.331334528,101.308351835
172.888237772,104.179472674
172.248066266,105.808104106
171.722528661,107.540918591
171.573533658,108.125042239
171.641358881,108.398880788
172.402605778,108.589843169
172.968069549,108.586156241
173.614001907,108.535758504
173.957756407,108.471891049
174.119748017,108.388313736
174.41869894,108.373684315
174.674022372,108.598241915
175.104832084,109.062433104
175.633980762,109.528589139
176.552519824,109.975924914
179.544725002,110.217796932
182.265293109,109.877094939
185.744426416,109.675418213
193.222029681,109.582377581
199.415333107,109.375390265
207.634709315,108.041110817
210.629648197,106.564655065
211.193977633,105.040604752
209.645710263,103.06385943
208.290797543,102.061536803
207.006621778,100.812671377
206.391826612,99.9106932313
205.912989223,98.9249632599
205.810721741,97.8112758603
206.007552162,97.3044191483
206.496898074,96.590097598
206.674111686,96.2378493626
206.389117876,95.9277816602
204.593902763,95.2507629452
201.855750988,94.6420044909
196.191001291,93.9183614494
191.908881768,93.364363107
187.830701518,92.7157812713
182.837590644,92.2498650571
180.504850555,92.1687133824
178.306647539,91.987190682
177.553794643,91.8842318866
177.254407584,91.7252570484
177.349406455,91.7015216339
177.438322491,91.6568607309
177.689338331,91.51414702
177.821448289,91.4483054993
177.908135943,91.3348152593
177.757977409,90.8502034506
177.449642827,90.3609215302
177.119298426,89.4380806612
176.831133742,87.4434964804
176.77482476,86.1508336655
176.754798841,84.3780000293
176.738907864,83.411316555
176.515819298,82.4869398456
176.035307399,81.5947857099
175.795229493,81.2081802668
175.545313105,80.6016291181
175.343531285,80.2054046377
175.183803019,79.8420505064
174.962828887,79.2878293941
174.88779428,79.0629600512
174.891465908,78.9069651031
174.936676716,78.8425717916
175.012267529,78.7790312453
175.171903063,78.8634348937
175.284688921,78.9135056066
175.74809831,79.3389262123
176.259412155,79.9365705536
176.873584493,80.9181884244
177.788822363,82.7816664995
178.263261196,84.039374929
178.545012037,84.8079721396
178.885527603,85.684041699
178.963444072,85.8511659968
179.030890633,85.9883110531
179.078814894,86.0216148004
179.238463893,86.1902393074
179.359889317,86.3260658301
179.48332177,86.4108953909
179.581073732,86.4453091317
179.631660611,86.4249913862
179.676681314,86.401638149
179.712099857,86.3110073939
179.723400031,86.2837534277
179.722206872,86.2884189896
179.68071677,86.3465266121
179.644826635,86.4317512679
179.551713236,86.5560823732
179.480357793,86.6438266292
179.43475673,86.7642699856
179.436253426,86.8376867505
179.465573759,86.9387997659
179.60734658,87.0689868307
179.729142783,87.0949050735
179.933269489,87.1084060876
180.0633654,87.0921219615
180.187000032,87.0986120148
180.341943836,87.1020297871
180.440674422,87.1226402439
180.604749742,87.0722250839
180.760017327,87.0200581019
180.908410824,86.9672897696
181.110984697,86.8940927335
181.231535263,86.8511730711
181.389227261,86.809719728
181.482770941,86.807224413
181.557908847,86.7970662919
181.641464297,86.7807014913
181.690445473,86.7596371164
181.75447825,86.7273081837
181.793498333,86.7050125781
181.836280695,86.6869127077
181.914285976,86.6587625577
181.95797115,86.6491153642
182.040283525,86.6261851624
182.09172544,86.610595804
182.127207848,86.605227574
182.115455361,86.6173105724
182.07924198,86.645755589
182.056834687,86.6731511544
182.043197624,86.7298585528
182.057375112,86.7492414303
182.081287164,86.790464125
182.060548512,86.810678446
182.036815783,86.8249946581
182.014233671,86.851557856
182.023270076,86.8588594818
182.055583785,86.8630480264
182.051339535,86.8736116101
182.027715777,86.8836236291
181.982552292,86.9020314942
181.978889831,86.9258838475
181.959013041,86.9636466665
181.946239491,86.9811025798
181.950826772,86.9887403104
181.980544416,86.97807594
182.014971585,86.9671589163
182.059593914,86.9511521188
182.086795417,86.9464481427
182.127725279,86.9294200464
182.208326983,86.9088336727
182.24297447,86.8748351506
182.269347258,86.8232982878
182.293608123,86.8004042385
182.33386958,86.7780964844
182.422515461,86.7529551587
182.507328321,86.7082839438
182.595996819,86.6366685304
182.652155747,86.580006316
182.706594706,86.5245649158
182.778039019,86.4543911754
182.842834862,86.388853694
182.885177716,86.3245884411
182.944476508,86.2521781402
182.965406235,86.2136622321
183.011678396,86.1345323178
183.050777635,86.1024703807
183.083545942,86.0762095555
183.121700451,86.057128422
183.160197471,86.0339171538
183.224560798,85.9918374986
183.304856706,85.9298209942
183.400906666,85.7852662082
183.443824502,85.6310630919
183.39880299,85.4242541172
183.309196438,85.0118888617
183.259603289,84.6955937518
183.259010496,84.2964622615
183.125017758,83.3926452322
183.004899008,82.5155247025
183.019295181,80.7146807548
182.982328165,79.5320403688
182.710038693,78.3422428329
181.768419597,76.6352164329
180.874719216,75.8974883244
179.163334836,75.1918708148
178.222127099,74.9485867117
177.546127517,74.872947722
176.989075173,74.8567344576
176.790779159,74.8934307331
176.33512879,74.6885513289
175.760745017,74.4033350569
174.898205631,74.0612567704
173.554726946,73.5725706225
173.044407993,73.1238995076
173.187221535,72.3787376672
173.691578217,72.2973183283
174.279889183,72.1673980411
174.870599415,71.9898928953
175.258425987,71.9939635823
175.898381306,72.0065248021
177.7991448,72.505805105
179.595265897,73.1277455048
182.322425708,73.8920303622
184.033284082,74.2740967403
185.530551952,74.5083182127
187.299462803,74.6189204909
188.190597761,74.6306364061
189.197057408,74.4785413495
189.606204219,74.4110572784
189.831680178,74.2539279543
189.800494772,74.1885776925
189.795772288,74.178191504
189.659814804,74.1149536553
189.541184226,74.0842007507
189.292940126,74.0409485633
188.320247713,73.5897909857
186.856984447,72.608071339
184.140113875,71.4475323765
182.042636959,70.8222011278
180.076423458,70.3674637255
177.308747612,69.941821122
175.494192899,69.7443657561
172.761957527,69.4835645077
170.869490657,69.2958924394
168.972506967,69.1573819923
166.027774814,69.173503781
163.993751464,69.1069031707
161.980664948,69.0152348572
158.937486624,69.0575138423
156.819348258,68.9865629306
153.426442354,68.6242535454
151.081849133,67.9447117287
148.90678236,67.3071748184
145.483237459,66.9033273844
143.392353706,66.7807935581
140.59696816,66.8517592303
138.778796727,67.0652696876
137.066912973,67.3486664735
134.662046541,67.6508915584
133.306054927,67.7988387468
131.439221289,67.9666002512
130.208169037,68.0476163496
128.968840619,68.1634209661
126.934440577,68.3958057232
125.638665079,68.6790528907
123.631343246,69.2054276279
122.223711905,69.6248644322
120.884911412,70.4877231216
119.014862531,72.74843288
117.638353326,74.616597845
115.293509471,77.8054915643
113.632787376,79.944119166
111.915006578,82.4439511057
109.021094508,86.4091820816
106.938555304,88.9441440263
103.371663818,92.6529003449
100.847798463,94.6446771084
98.3159634407,96.2802210175
94.6374990657,97.728622552
91.9091140618,98.373973189
87.63685014,98.2128080364
84.7484868096,97.9613627056
81.6704542963,97.8140520103
76.9106500665,97.466944597
73.8111971124,97.0493612417
69.2484783819,96.4639269675
66.2894926626,96.0816681804
63.2472919438,95.6470801407
58.0678091324,94.8823225697
54.5881356507,94.4701702883
51.5440352038,94.2625425122
47.7155638318,94.051302272
45.5707117663,93.9940918016
43.0028387585,93.9025683222
41.736449346,93.9204019248
40.9266378853,93.9649352943
40.3005063782,93.8916573062
40.1446759939,93.8326806952
40.2536771269,93.7540786155
40.5272396931,93.6543212089
41.2697396916,93.5575332189
42.3730621489,93.4544755799
42.9158188126,93.2930302294
43.8314558508,93.1742249244
44.7881576354,93.2728346823
46.1096757039,93.4671498029
49.4923679153,93.7995189669
52.5750131026,94.2624416151
58.7871314829,95.1376538017
64.6884832475,95.675808616
72.0157041781,96.3810466261
85.1003156695,97.5826906498
94.990318584,98.2825744499
110.655697225,98.7031599703
121.881687446,98.3750369647
133.648618719,97.5023542779
150.883552513,96.1171043637
161.762181571,95.072263743
171.503688913,94.2084947582
183.946416128,93.1923319505
190.625591421,92.6502727659
198.901182472,91.8013084581
203.634527642,91.4850148126
207.182872312,91.3750931129
210.688749875,91.0091718412
211.883678715,90.7419769242
212.410037555,90.6710675337
212.220660018,90.5850504583
211.763076117,90.5898410718
210.82296755,90.5043068374
210.240593946,90.3295673915
209.151033745,89.9762435018
208.618274819,89.5122585492
208.403755843,89.1581004026
208.981752151,89.0375289173
210.017477295,89.3788778475
212.293943661,90.0948007311
214.159730654,90.8551888418
215.867114597,91.2396931321
218.228216375,91.8874502929
220.439090147,92.2033629529
225.925682209,92.5868916615
231.252623246,92.6489527182
237.713594717,92.7319502476
248.586350189,92.8032411715
256.140656461,92.9085557425
266.612575599,93.3742070339
272.791832734,93.7258640123
278.436614837,93.883512766
285.988335846,93.8824707478
290.595930569,93.8245063551
296.442719297,93.9261355389
299.420641658,94.0400501808
301.715107198,94.0983404099
304.62056096,94.1805217249
306.639870183,94.2626814046
308.849589627,94.4306642537
312.753751695,94.8055293461
315.72451112,95.1621437464
320.716245232,95.5909895913
324.352408283,95.8853727002
328.055145564,96.0930915437
333.367805855,96.4699780507
336.310977077,96.5462691537
340.099392766,96.936505538
342.476397832,96.9638825509
344.637396165,97.0682583883
347.467671429,97.0545377493
349.195890502,96.9526644317
351.648733939,96.7509323432
353.249372137,96.6865428818
354.910179528,96.6073018242
357.518596974,96.5765478175
359.289560729,96.6052141337
1.96966244911,96.617006047
3.95920245196,96.5357722069
5.99225701169,96.5308414268
8.75740975264,96.7829645661
10.4351078859,96.9532793826
13.2146145569,97.2585094873
15.4142281276,97.4118653116
17.6984142738,97.4556691933
20.7164304607,97.3549723598
22.2977397488,96.9323220587
24.3254005417,96.6459150037
25.6511037111,96.5883193102
26.9703868861,96.4428292159
28.8732655299,96.7371393124
30.1333964694,97.2003348065
31.4114786172,97.5039968128
33.1730062444,97.3740407804
34.1931866871,97.1220773023
35.7458613054,96.7393856943
36.9727344575,96.6079565922
38.3298398979,96.7127014311
39.9772502107,96.8437613651
40.9252833094,96.8240139226
42.1053462652,96.6229483327
42.650359592,96.509621954
42.9841177573,96.5001689531
43.2112991677,96.4249821078
43.2002397839,96.5112178766
42.5225629572,96.7865201346
41.784130586,96.7029324612
40.9120707783,96.7662587658
39.8234514316,96.6549870517
39.225124877,96.5393528479
38.4184578872,96.3196261752
37.8176494748,96.0992820462
37.1627920072,95.9477128841
36.4434344501,95.8585176318
36.1217872301,95.771691621
35.7724361158,95.716951213
35.4756820229,95.5978047798
35.1678735676,95.303892793
34.6268095329,95.1441383635
34.2051666663,95.0795617486
32.9456527004,95.1051071944
31.7404789456,95.0047231501
29.9937839179,94.872684333
25.5126681559,94.2064158157
21.6827100879,93.4298327222
16.033651564,92.1766339859
12.4863997965,91.433183762
8.94680747093,90.9556154792
4.1399352304,90.4800644697
1.22850716937,90.1758614853
358.507812962,89.9357042542
354.68634068,89.7827563535
351.488541898,89.9540351178
346.357656591,89.4459043833
343.376431794,88.7138661082
340.578324138,87.9012042229
337.611582853,86.6780929436
336.315917463,85.9358961385
335.230337392,84.8840427833
334.777950413,84.2884180979
334.35238423,83.7332691631
333.848610899,82.6438273489
333.653267429,81.9450712569
333.507895106,81.1169832464
333.354349495,80.5460775734
332.991466363,79.8254366967
332.20204244,78.8724935884
331.278147852,78.0211712646
329.166686999,77.2360461473
327.554256508,77.1856687356
325.976812429,76.966316011
324.067571003,76.2359845843
323.410205578,75.4824564774
323.103797847,74.26507724
322.856573299,73.1815407291
322.757640288,71.858610944
322.693587714,70.9234121922
322.938514295,70.7164689239
323.824250404,70.8732950258
324.518376256,70.78814214
325.283374059,70.489967548
326.496840044,70.04987527
327.276949909,69.6308805746
327.867222877,68.6622473757
328.018253681,68.1024214236
328.214632406,67.7652460121
328.903765994,67.4952046249
329.282562123,67.3171847556
329.508771609,67.2268530059
329.424759689,67.234933628
329.29717416,67.3192101581
328.722489991,67.8966738868
328.264951225,68.4200389062
327.672516787,69.0118617679
326.706424335,70.4824788163
325.865488391,72.5272681771
323.761992516,76.4154820659
322.450033509,79.2428101766
320.984961801,82.6101152711
318.745508602,88.3081188851
317.252948369,92.1961041255
314.661863842,97.5529163387
312.992417117,101.603151703
311.099270995,105.35900059
307.886682226,109.302714449
304.87771505,111.118945039
300.239253461,113.707345964
297.245742647,115.148013017
294.531050186,115.954515358
290.52815174,116.894382265
287.75052161,117.400475837
283.395809275,117.449699003
280.15487989,117.485238041
277.093553905,117.446770695
273.314225256,116.548973237
270.618872688,115.500074093
265.124308694,112.637699012
259.546529988,110.280002245
252.409940408,107.18805371
241.067752069,102.220030698
233.538523677,99.2962534602
227.238179688,96.9056111081
220.594361,93.4537047015
216.550540259,91.8880363327
211.152696577,90.3472786332
207.951776581,89.8014421902
204.881602095,89.4565314973
200.959944387,88.8536133736
199.044197175,88.5808092114
197.138422618,88.2687045711
196.218973385,88.0737672316
195.62889939,87.8071746305
195.020905306,87.7066192688
194.857558159,87.5689397524
194.854479766,87.239215531
194.939908489,86.785197136
194.97056903,86.2197653578
194.941608614,85.6481292068
194.814520014,85.6385272844
194.788945243,85.7564084993
194.796303279,85.9160864102
194.814885689,86.0404093757
194.491828601,86.2172399924
194.205105143,86.2386799235
193.559311713,86.1891764605
193.167408854,86.0991152488
192.865499285,86.001453779
192.718498542,85.8827066057
192.713692972,85.7925007962
192.772367462,85.6453325781
192.83067469,85.556825203
192.880182964,85.4619873506
192.894588948,85.2651701774
192.878100595,85.1873306771
192.859097427,85.1935113123
192.891820894,85.0107880512
192.929183584,84.7665605471
192.835245155,84.606933156
192.60308776,84.5788611257
192.325239288,84.5752113667
191.748291505,84.9622951923
191.353355534,85.265529363
190.819248712,85.6035790186
190.576355601,85.6912492051
190.342546644,85.6442493147
189.971763197,85.6699671755
189.754131366,85.4404148147
189.371567577,85.0127636275
189.291202325,84.9524290909
189.252461694,84.6075361772
189.766144467,84.2728516293
190.226238061,84.2457110219
190.882868753,84.2978143066
191.065900153,84.2896903364
191.005504205,84.3344807632
190.892993682,84.4378133395
190.801905921,84.562067052
190.623449446,84.9210768067
190.465796647,85.1228477243
190.206758513,85.4082458869
189.683058751,85.7920849226
189.280583146,86.0121618003
188.838489047,86.3479031701
188.637385844,86.5476889587
188.499249462,86.7612066062
188.308863967,86.9837209917
188.28122745,86.9908673939
188.291724671,86.9993776735
188.355012463,86.9609346705
188.424875026,86.8873493904
188.443151221,86.8218923551
188.447750101,86.761387042
188.434376181,86.7187527455
188.386807932,86.661209885
188.321819245,86.6207005626
188.20163191,86.5759112108
188.115046299,86.5345650528
188.019196483,86.4748829926
187.80472091,86.3614825298
187.691768484,86.3023752469
187.602973778,86.2659175359
187.548139132,86.2462128384
187.524172788,86.2255791721
187.497018929,86.2312243156
187.48268776,86.2655101636
187.441001337,86.3768044766
187.398996143,86.412021189
187.346147457,86.4706995147
187.209640977,86.580514667
187.081625063,86.6362585336
186.932418158,86.7130192019
186.827670394,86.765733349
186.712598461,86.8069154191
186.569894266,86.8240335477
186.494964404,86.8296853001
186.397680597,86.8007756575
186.318240121,86.7560793641
186.234426878,86.7097711683
186.127227511,86.6822660213
186.106665839,86.7140244163
186.096498646,86.752171611
186.08565116,86.7156871616
186.044431053,86.6238290409
186.029886356,86.4778642705
186.060112181,86.4211887803
186.110079068,86.3850332749
186.158248399,86.3893844058
186.168018312,86.3807312319
186.169015626,86.4208464771
186.117303187,86.4679188362
186.037178398,86.4888414368
185.833099374,86.5289280197
185.685549626,86.5524330447
185.484086372,86.5161292467
185.36585498,86.5380525438
185.305174117,86.5526682215
185.233137213,86.5210319805
185.230842321,86.4939889427
185.292626304,86.4821643014
185.361053059,86.568753573
185.397813028,86.71729542
185.309145941,86.860092763
185.106055174,86.9383063292
184.454826199,87.151147424
183.917753343,87.2920978889
183.373414008,87.4030530346
182.736118348,87.5267075574
182.486118967,87.631807406
182.385631804,87.7726769678
182.318102845,87.8622903507
182.305293503,87.9911015377
182.3432669,88.0821700386
182.350375911,88.0536788643
182.350483291,88.0061825436
182.320516028,87.9579820749
182.270020752,87.9505269414
182.208472775,87.933727039
182.199183385,87.9491722654
182.195405026,87.9910776317
182.250716763,88.0527854604
182.451942304,88.2002841796
183.029197337,88.5191333321
183.470765294,88.7120150131
183.879351522,88.9433471282
184.412283479,89.1445125122
184.791193178,89.235974455
185.366566464,89.4388525887
185.775091922,89.5782125307
186.062954376,89.5995496293
186.262978588,89.4730994102
186.30507688,89.4169783037
186.371397686,89.3476017512
186.387449035,89.3407913863
186.415370407,89.3462297218
186.47121418,89.3983175255
186.529083959,89.4112621365
186.565178813,89.3843039221
186.598520272,89.3613004032
186.636200515,89.3494824863
186.776431766,89.3344518011
186.873215972,89.3053928887
187.027176753,89.2251475485
187.107390329,89.1251895254
187.162499788,89.0263367669
187.060521096,88.6151264414
186.926953303,88.2610961955
186.392355179,87.4778524401
186.033001991,87.0750131625
185.745357975,86.7980381977
185.471421258,86.3934026959
185.353793838,86.017772888
185.465780858,85.4081171953
185.659442291,85.1066319399
185.767627551,84.8290364878
185.863484527,84.4328443583
185.785987734,84.1297674387
185.687134624,83.8688929641
185.485498533,83.5799434331
185.415838755,83.4480707534
185.28841505,83.3925805139
185.231182103,83.3262507431
185.170937724,83.2352021743
185.125207389,83.0669402758
185.143275201,82.9647024095
185.232354723,82.8444958129
185.294904087,82.8079229543
185.358034339,82.7954339519
185.452320444,82.7233979933
185.511935064,82.6838591724
185.592379176,82.6456916621
185.618577577,82.6440815436
185.621399574,82.661372013
185.560103376,82.7124197508
185.497951234,82.7575033701
185.395519139,82.8386915569
185.353630737,82.8840661516
185.319148052,82.8971849163
185.313091233,82.8974975283
185.320131766,82.8957484759
185.347760311,82.9036034817
185.354960416,82.9343487302
185.334198823,82.9756245153
185.266550074,83.0404958652
185.160878846,83.1078944877
185.024072895,83.1813128421
184.818349412,83.3013627837
184.683723615,83.3716883953
184.505837156,83.5073625094
184.387255796,83.5818189658
184.193885323,83.6944229701
184.030904205,83.7821203674
183.865766947,83.8367911041
183.588853627,83.958732106
183.425190566,84.0628044584
183.325423669,84.2174220633
183.210799381,84.4486233833
183.150455956,84.6289069687
183.112413551,84.8435331232
183.095499535,85.0083882672
183.083388411,85.2276568721
183.062493427,85.5928448475
183.068048049,85.8687930887
183.04632583,86.1380899092
183.050202199,86.2978339835
183.021988708,86.409929035
183.04452709,86.488542175
183.055311525,86.5062510895
183.08223733,86.5775624355
183.112148555,86.6249606757
183.156673533,86.658708481
183.222447926,86.7012780653
183.292967246,86.7219010188
183.368121323,86.7351034355
183.418424189,86.7479777525
183.477118985,86.7389547099
183.575734581,86.7218964627
183.63464107,86.7125558592
183.715483802,86.7061505805
183.739670941,86.7082625451
183.752879554,86.6776875325
183.769552116,86.6408436368
183.793948774,86.6288918884
183.845609253,86.6092347024
183.875584307,86.5932631611
183.892362757,86.5725451538
183.916298754,86.5352989924
183.958198689,86.4881835085
184.008461835,86.4623417699
184.118289221,86.4302661224
184.166404367,86.4149851792
184.208358797,86.3944968508
184.224968866,86.3756963241
184.236326793,86.3630411402
184.272699103,86.3518116261
184.301776745,86.3396418559
184.318662599,86.337283922
184.320085509,86.3362014624
184.322039407,86.3459464417
184.326584585,86.369389623
184.316991249,86.3965636712
184.292779423,86.443316274
184.293459054,86.472467805
184.297187058,86.5071127173
184.293476842,86.5588751538
184.279447133,86.5811829222
184.257612682,86.5463757103
184.274584393,86.5444923837
184.313674232,86.5586383685
184.336437524,86.603840089
184.31934071,86.6354300688
184.27837649,86.678742921
184.260300093,86.7089942405
184.272130698,86.7368609147
184.315356303,86.7938320098
184.3273675,86.822523034
184.261007281,86.862190859
184.090375874,86.8911102224
183.767313016,86.9651348599
183.156194663,87.2715352978
182.601421911,87.6214673571
181.818064136,88.1266331686
180.407215138,89.0775450773
179.288196043,89.6352907269
177.42251911,90.4416920575
176.09870085,90.9651032413
174.695795832,91.4004544235
172.506706413,92.041418547
171.025559866,92.6932273272
168.569017795,93.9432926819
166.92470568,94.5302392696
165.353149026,94.7671375548
163.191732708,94.8611168596
162.046424075,94.9778100017
160.662374848,95.1655053724
159.801800392,95.1862135256
158.98003753,95.1391420326
157.621250536,95.0148957638
156.77949267,94.8995622547
155.347582943,94.9724277349
154.283693328,95.1607383807
153.083110235,95.4526555008
150.849666619,95.9913474149
149.094874827,96.3462417063
145.486153442,96.771925702
142.345993317,97.0142670119
139.038880261,97.3139408744
133.559849631,97.6841204283
129.766272869,97.8525567486
124.536768297,97.8103442335
121.480590757,97.7292581281
118.628043989,97.5187596619
114.580165984,97.0438549599
111.78782886,96.7118869926
107.792966129,96.3147864395
105.567057406,96.1286627026
103.749883323,95.8486388916
101.678787153,95.6093206805
100.713866832,95.4014881676
99.8211135789,95.1363044318
98.5783182751,94.7108725711
97.7614686484,94.5405673042
96.7889238245,94.1959254817
96.2072362416,94.1069703593
95.7238967932,94.0841636285
95.1358459249,94.0339657525
94.7695780971,93.9554804914
94.4002794801,93.881768835
94.2239975724,93.844164117
94.09625783,93.855722962
94.0551955262,93.9065729892
94.1196865831,93.9565186044
94.5268864774,93.9839739711
94.9223475643,93.9438630632
95.4134687256,93.9142341542
95.9538940819,93.9372137011
96.2870544105,93.996038903
96.9688834474,94.1428099555
97.5483712167,94.211886553
98.3037999231,94.2511992946
99.4304616603,94.4058363962
100.013500758,94.4739731134
100.535909965,94.5915727227
100.832551435,94.6948453153
101.171272361,94.7466304173
101.886558251,94.774884096
102.448734802,94.813972737
103.42062795,94.8259663503
104.109484403,94.819407241
104.872528782,94.8092869821
106.308818452,94.8260949367
107.694877758,94.8775073859
110.719518084,94.9419133256
113.472819029,95.0105750408
116.784466673,94.995982834
123.308917252,95.230154183
129.228848113,95.4135531862
136.291377315,95.5646654151
147.746793663,95.3785756388
155.141157545,94.8228346036
164.680460295,93.2604989696
169.892779937,92.3709081014
174.090727154,91.3883356397
178.756600107,90.2451154323
180.916582549,89.5779306813
183.422407209,88.6852494983
184.834465716,88.173682506
186.173114978,87.6806196768
188.295361123,87.093109736
189.730162409,86.7411444705
192.066514209,86.2183366628
193.729708476,85.790306005
195.523294993,85.2822316899
198.281271067,84.620044348
200.026142151,84.276169243
202.278922558,83.9876332546
203.377604794,83.9126046012
204.169463648,83.9060189982
204.940486514,83.8898248122
205.217617218,83.9058594515
205.529754051,83.9689730807
205.726187959,83.9756053746
206.05127248,84.0485526016
206.973313403,84.4212333906
207.977442716,84.5117027141
209.511958522,84.7395929833
210.367839231,84.8643735945
210.904041525,84.9727495769
211.144780934,85.0609370105
211.027416178,85.0733225475
210.830558676,85.2508603072
210.302451181,85.6691528159
210.043927297,85.8840353345
209.773495975,86.0665701037
209.652591085,86.1583871918
209.576866002,86.1801175648
209.547414244,86.2081811112
209.650775564,86.1779175987
210.138610907,86.1796981181
210.620787383,86.2515752484
211.115380946,86.3146272149
211.853252219,86.5415418478
212.318973175,86.6339440407
212.938807439,86.7088857382
213.376494095,86.8215698811
213.665426536,86.9549835399
213.774582224,87.151925206
213.811297073,87.3161987427
214.024581469,87.5760124951
214.773862645,87.8689798312
215.718252218,88.1265680573
217.12705562,88.4036964119
217.815422746,88.5057595002
218.626327362,88.5812910287
219.439602602,88.7038537126
220.735985997,88.8448435686
225.495034155,88.9004477092
229.913836998,89.2910074292
236.617872239,89.6113439127
240.871208037,89.5578300522
244.996735228,89.5639503459
250.924320034,89.6234645952
254.556161009,89.7999051655
257.875228653,90.0824140049
262.309239203,90.1909287891
264.859800596,90.1600260586
268.085610607,90.0213004961
270.001102764,89.775457161
271.768999602,89.5272260231
274.277297435,89.313853226
275.933267349,89.2134698706
278.673496202,89.1159120058
280.634957212,89.1400673672
282.742031766,89.1567213886
285.665839597,89.2141405281
287.286484103,89.2250231635
288.786528711,89.189756386
289.543882665,89.1586315556
290.230904131,89.186787274
291.394103792,89.360298796
292.193435945,89.4827620103
293.404703627,89.7120797739
294.259173603,89.8657073957
295.146918314,90.0184260331
296.432413932,90.2531427058
297.330608524,90.3921108073
298.929675884,90.4607578408
300.440991268,90.4916899284
302.230971112,90.4810824473
306.062537022,90.416645084
309.813009834,90.287467609
316.703835934,90.1642489097
321.36566708,90.4897690021
325.503053388,90.8958130785
330.124350117,91.3809894656
332.243288987,91.5376414063
334.20121059,91.6159008048
335.101252899,91.7059861566
335.899680182,91.6929595963
337.152508313,91.5764214106
338.121280327,91.5310708364
338.961330058,91.5454173945
340.146305886,91.5103239399
340.663672492,91.5538142077
341.173545441,91.6035530917
341.330971546,91.6448027353
341.471067429,91.714887746
341.618344534,91.8581963543
341.64547519,91.9639832771
341.616918067,92.1425403624
341.540309072,92.2756893737
341.429773902,92.4095721894
341.252852207,92.5824134837
341.117925435,92.6496644595
340.745868816,92.7345334211
340.453695784,92.7467912633
340.11406527,92.7477195903
339.667353275,92.6974999523
339.453951752,92.6024405837
339.118453761,92.4601502501
338.775878805,92.3117616552
338.425737558,92.1800330024
338.070911467,91.9527104256
337.882209606,91.7704394068
337.471152322,91.3892074719
337.201533369,91.1024163286
337.003864145,90.8466079167
336.834241054,90.4840930359
336.761235797,90.2887335798
336.668816791,89.8271808956
336.478091594,89.5213369094
336.034874574,89.0541092908
334.716582375,87.7037552666
333.732795657,86.6164175846
332.699982557,84.9434102878
332.195194843,84.1112408135
331.953032421,83.5516681484
332.042334176,83.3718182797
332.250631548,83.4137190759
332.500406602,83.4874976348
332.611724825,83.4985371592
332.651828464,83.4858250621
332.603452568,83.4564771235
332.535447784,83.3901645008
332.574526968,83.389278368
332.860476403,83.4870975762
333.071749828,83.6162482382
333.291519556,83.7937705262
333.410296891,84.0670481129
333.440935885,84.3758622301
333.671714929,84.9235379132
333.941954163,85.3504125329
334.645454926,85.975882241
335.281792011,86.435754529
335.952877689,86.9060331454
336.772996241,87.6938114636
337.158523324,88.3090573754
337.73625452,89.1419983144
338.171027042,89.7333203784
338.621288179,90.2180208553
339.183415299,91.2243819333
339.617017234,91.7745764548
340.486115443,91.7724379437
341.085081656,91.7336912734
341.630320412,91.8081626512
342.308819384,91.8230157308
342.573185923,91.8487199663
342.977876013,91.7353936396
343.3104748,91.7290294547
343.559836698,91.6757941399
343.870013715,91.655499249
343.962123424,91.6145234193
344.051220599,91.606590052
344.11554231,91.5980886991
344.16623438,91.6118546104
344.208429647,91.6793009849
344.220320568,91.7585281187
344.279129837,91.8950232818
344.422449561,92.1657050683
344.517361519,92.3085316941
344.655994767,92.4682706158
344.791613198,92.5225878203
344.918816479,92.5253385526
345.058944937,92.532729314
345.127425553,92.5551150768
345.303085314,92.5550614542
345.395419298,92.5498012385
345.470316475,92.5304634712
345.615071951,92.5138826856
345.687098474,92.5114579713
345.732551089,92.5042327043
345.702717184,92.4854103131
345.654343201,92.4652183996
345.502250843,92.4521920505
345.365741941,92.4810999776
345.138404227,92.5838450766
345.00714967,92.6417253031
344.850628391,92.7019862443
344.669478796,92.7947703746
344.57301954,92.8291199946
344.439807593,92.9221582033
344.383555819,92.9726778686
344.312314113,93.0211974796
344.219091478,93.0606277421
344.254802526,93.0723067398
344.508961199,93.0591527469
345.225523553,93.1414382909
345.802849054,93.1173899916
346.613730247,93.0540682754
347.095615836,93.0108009831
347.56944071,93.0112005265
348.072724895,93.119983703
348.79031356,93.451822747
349.474483647,93.945424822
349.822836403,94.2056454998
350.125020386,94.400297199
350.377656454,94.5935449039
350.566473749,94.670919892
350.704131076,94.6683812482
350.726702889,94.5995500998
350.669566692,94.4746182073
350.529364124,94.2607716916
350.340891905,94.1655066575
349.901487678,94.1081863508
349.472851324,94.145135521
348.994428239,94.1211370413
348.048619387,94.1191637834
347.25465253,94.0407026378
345.68003177,94.0304294216
344.465595566,94.0431944595
343.151380232,94.0717642807
340.957633586,94.1034225869
339.287947441,94.047342792
337.646428128,94.0111516595
335.145584635,93.9832785972
333.534388861,93.9913696987
331.131485186,94.0661871382
329.538549645,94.0773696619
327.987872599,94.0557828246
325.796998472,93.9860782029
324.452685082,93.9276488654
322.481506392,93.6771391576
321.10059885,93.4326043701
319.83907667,93.1772122693
318.005529976,92.8840393002
316.921711124,92.656479859
315.196181463,92.4169465371
313.994718402,92.206952422
312.696989688,91.9414898945
310.201213747,91.1903002352
307.696290624,90.4638276205
301.101689475,89.1811034489
295.251254616,88.5045295153
289.567271062,87.7934579838
281.230149168,87.0396500592
275.647901191,86.5904708864
266.978609292,85.9840877643
260.419953705,85.8707876986
253.670018853,86.2809703781
242.905698593,87.239553292
235.621274276,88.2262414885
224.67739045,90.2598691041
218.522588417,91.3860810967
213.491614384,92.3917710601
207.777955815,93.4834283349
205.081350222,93.8732869951
201.98886962,94.2068677023
199.833866632,94.2099483917
197.595641769,93.9822420897
195.002259926,93.7446498189
193.602766073,93.7315331289
191.84914783,93.4044380659
190.71787555,93.2419077531
189.201497657,92.9962552654
186.978902473,92.7584281796
185.62840787,92.7703650693
184.599249574,92.9274058009
183.754544375,93.4225425845
183.352490756,93.7266036312
182.770242855,94.0164037557
182.427703719,94.1661434637
182.022242638,94.3339417101
181.373643816,94.5364091288
180.723115816,94.5703953513
179.853012282,94.7003283757
179.329671899,94.81459938
179.015542119,94.8995258661
178.709020115,94.9220945373
178.589831247,94.908792925
178.395061258,94.7471166939
178.27917878,94.6091480165
178.137771208,94.4615235115
177.713709462,94.1491784909
177.340812738,93.8781593572
176.978177262,93.5846054412
176.553899807,93.3604951419
176.354708735,93.3014103639
176.059077426,93.1841924716
175.854040324,93.1440542152
175.639432923,93.1165993294
175.589367321,93.0536042619
175.46206215,93.0099005147
175.019824854,92.8439876918
174.600005543,92.5667877514
174.152729148,91.9658073048
174.161017526,91.5321216427
174.486886491,91.3118470744
175.297899518,91.2369097703
175.868112593,91.2499470155
176.367818881,91.2468709342
176.815749187,91.2110726479
176.859778587,91.2285519237
176.850764764,91.2176212422
176.610141285,91.1629941223
176.231603821,91.1353248347
175.700599041,91.1587383761
175.532739656,91.16925393
175.376917624,91.1797030574
175.285423789,91.1515314832
175.228443504,91.1178043913
175.192627862,91.0509301551
175.20565453,91.0227152477
175.219432745,90.9981957172
175.193628736,91.0066456226
175.120429334,91.0052678754
174.955075775,90.9607429824
174.845139452,90.9411524011
174.6522151,90.9636499184
174.512911178,90.9985525239
174.306327867,91.0417194181
173.94040051,91.1082220706
173.67404708,91.1393907598
173.317956238,91.1746276908
173.107832751,91.204073112
172.917745356,91.2153760135
172.537556049,91.2206068421
172.391689402,91.1781829497
172.134526902,91.129780663
172.018364174,91.1109815055
171.896540518,91.1116360523
171.700607132,91.142929009
171.578574906,91.1789685418
171.514703725,91.2004973005
171.554772629,91.2508240365
171.699757707,91.3165261426
172.248180687,91.4172854814
172.966934651,91.4187153301
173.694091193,91.4390913907
174.672241418,91.5230036436
175.335465841,91.5896600923
176.319217955,91.5540387453
176.924445331,91.4708543947
177.501906496,91.3952482021
178.249347282,91.3741786451
178.725329208,91.3741342966
179.345251168,91.4207844728
179.795817063,91.4545165863
180.203848298,91.4793511236
180.675087396,91.434818786
180.890973889,91.4052507933
181.418190231,91.4180234414
181.873147583,91.3604800844
182.214430584,91.2646189189
182.493069461,91.1670700754
182.562167087,91.1154417755
182.652956562,91.0584974607
182.664671676,91.0374428789
182.606452431,91.0208517513
182.406642611,91.0258605802
182.261648049,91.0495288143
182.073666487,91.1008034804
181.953735327,91.1368917548
181.8570279,91.1700960183
181.758989915,91.2122257623
181.726716841,91.2315921029
181.687378482,91.2617428873
181.653624687,91.2612415252
181.602762112,91.2545864904
181.576207478,91.1836914208
181.748294808,90.9641008133
182.213190908,90.6394223838
182.749479215,90.4170801549
182.987656534,90.3431290804
183.127241598,90.2286554257
183.158033008,90.1330198809
183.165246622,90.0209481121
183.118683861,89.9414674944
183.088548021,89.9434221287
183.056359978,89.9660723952
183.038520254,89.9792419389
183.024593982,89.9902336798
183.014771601,90.00870614
183.031727409,90.0142887127
183.05582242,90.0079516015
183.068439705,89.9871757463
183.068542815,89.9711362441
183.032827031,89.9600848359
182.997340955,89.9501210423
182.892714792,89.9863147394
182.800076535,90.0107728048
182.703442673,90.0354633283
182.570131744,90.0695306538
182.525521879,90.0786043032
182.536782449,90.1417107523
182.594361306,90.1718971525
182.65280597,90.1937222761
182.735832174,90.1829443361
182.75944155,90.1429958377
182.797995382,90.0640271393
182.826346006,90.0341111867
182.869068928,90.0155448464
182.942110323,89.9842404583
182.978636775,89.968088762
183.01792295,89.9510916568
183.064183504,89.9194608811
183.094652518,89.9061806543
183.117531557,89.9013837305
183.129245216,89.9025701855
183.139632636,89.9161857719
183.139982121,89.9339363713
183.12317349,89.9507164263
183.09241427,89.9744553787
183.059198302,89.9821226912
183.022123675,89.988218625
182.966332867,90.0020045055
182.927725468,89.9960193929
182.901220055,89.9799607994
182.962272958,90.0100292159
183.061328327,90.072381591
183.151235263,90.1160613513
183.160860972,90.1138652812
183.068312915,90.0964442272
182.978025537,90.067280391
182.881968131,90.0503585416
182.761028729,89.9937037846
182.716569307,89.9112730799
182.868283377,89.6744183481
183.08614388,89.5928448448
183.26679515,89.5650959812
183.445137521,89.5737123419
183.462933233,89.582063582
183.364476212,89.6773108188
183.270769886,89.7346434757
183.23345466,89.7946257776
183.303806901,89.8767011143
183.49520576,89.9096325799
183.744578029,89.9080223455
184.360532384,89.8631290163
184.804790027,89.7673603618
185.421893902,89.6313031001
185.763214241,89.5359221464
186.055821126,89.5490466276
186.561869996,89.589685298
187.05776501,89.640549307
187.678084213,89.56617193
188.082904186,89.4604212079
188.507351148,89.3050973471
189.191786746,89.1747963081
189.66161745,89.1162700543
190.347375928,89.0186512517
190.81807446,88.9432920923
191.322238519,88.8985072846
192.200349788,88.7543310249
192.896289113,88.6726755113
194.013313598,88.5937610345
194.730615528,88.5204322406
195.506591425,88.4827733247
196.551636457,88.4055538642
197.235651333,88.3984635252
198.233952527,88.3643430426
198.891712402,88.4192415502
199.523571058,88.4151000867
200.501206375,88.4234948107
201.138765581,88.3846354712
202.111454972,88.2889593283
202.758980265,88.2614344659
203.353872575,88.2486091781
204.135315234,88.2605886853
204.620072387,88.2405464468
205.323475916,88.2602073003
205.805173572,88.2056270327
206.282920731,88.1844566759
206.942853481,88.1509660562
207.31752145,88.150279208
207.624686668,88.1141516161
208.164958996,88.0321793329
208.540882422,87.9900992861
209.039951996,87.9177285258
209.295291519,87.9014081252
209.491313637,87.9217767146
209.820550543,87.9591415625
210.017836455,88.002361574
210.340536232,88.0464568927
210.602857282,88.0330682925
210.877855571,88.0129792687
211.237333735,87.9997973112
211.458931844,88.0069589241
211.671594609,88.0103397114
211.816298836,88.0404070923
211.95801023,88.0520493413
212.166275361,88.0994222377
212.312062788,88.1177883253
212.502466042,88.1265500041
212.593256808,88.1196921667
212.661189064,88.1038123028
212.707308258,88.0973824105
212.72301056,88.0903986656
212.727041442,88.1128842902
212.710156808,88.1384839956
212.643774301,88.1670082399
212.500477374,88.1560707133
212.383700407,88.1221380834
212.233029495,88.0342065188
212.084916442,87.9518944865
211.883492455,87.8744319911
211.382745812,87.806229291
211.000052384,87.7956095847
210.372797082,87.8413607756
209.953695247,87.872466433
209.555095956,87.9036692169
208.98081346,87.9299862625
208.629858033,87.9300787274
208.23413412,87.9317713606
207.689374978,87.8512770536
207.387017588,87.7894102482
206.946257954,87.8115953979
206.723973731,87.835781189
206.487148958,87.8631485275
206.121852446,87.8541462553
205.920266422,87.8683552126
205.714824055,87.8449487329
205.588287245,87.8467924634
205.474311896,87.865602405
205.328043893,87.8743565331
205.259558821,87.8656445503
205.215436073,87.8344015943
205.252926876,87.7894909079
205.344097318,87.7381483292
205.539122249,87.7187828059
205.686957303,87.7207892284
205.92701144,87.7647769571
206.114990512,87.8247699019
206.273864687,87.852428123
206.748120114,87.8979475497
207.194412732,87.9210045603
207.792196373,87.896424035
208.130552887,87.8070099369
208.527444636,87.5931150183
209.350978787,87.3861653704
210.052170718,87.2065982874
211.424080311,86.9813951516
212.542700496,86.8048181279
213.755736765,86.6796498863
215.656526431,86.4996830234
217.096453705,86.3851377198
218.571910193,86.3247624453
220.900358914,86.3175637567
222.511109027,86.2358660036
224.954926003,85.974019201
226.696662046,85.7145074103
228.463826112,85.3917789312
231.189784877,84.9648700709
233.058717747,84.7418223407
235.881832897,84.451677555
237.897157696,84.2269819422
239.975236976,84.0271556626
243.205129088,83.6918057089
245.324319524,83.4113582668
248.495305881,83.062845443
250.607350913,82.8168162411
252.801931926,82.5793522381
256.045272517,82.1139104927
258.236660956,81.7188858773
261.659571499,81.004557161
263.922513878,80.6768439103
266.210579113,80.5334654924
269.691671427,80.4001633945
271.842605715,80.3170260166
274.814838152,80.4675095978
276.548284266,80.5814621254
278.123591455,80.6078090186
280.459500176,80.5655367138
282.188571545,80.6949728452
285.094670176,81.2617174507
286.897048074,81.9529253687
288.432222946,82.9698540606
290.384474806,84.4459654209
291.573294586,85.3136718837
293.385151073,86.5606786291
294.708471225,87.211087769
296.291106652,87.607223966
299.1547226,87.7821093158
301.397879637,87.6948974779
303.667959779,87.4283327306
306.964114879,86.8197345587
309.264650568,86.339203648
313.097393138,85.349413814
316.008018588,84.6803850867
319.308001941,83.9752035055
324.604425412,83.2324559922
328.371278145,82.8274669495
333.822462799,82.464933651
337.122604884,82.371821825
340.06484648,82.3647772451
343.650316855,82.4088784852
345.439138795,82.4168545344
347.144008229,82.260795817
347.808057974,82.0620651168
348.107076788,81.8779815824
348.109278572,81.6029867825
348.058315567,81.4159134701
347.929576589,81.0834869216
347.827629888,81.0296501436
347.74468315,80.9943198713
347.661555553,80.982917514
347.631285022,80.9263776674
347.581051827,80.7668555488
347.512255106,80.5935386426
347.437465679,80.4091365645
347.371414147,80.2130996638
347.388002163,80.1487679948
347.469349324,80.0986704058
347.532979213,80.0748053296
347.569480963,80.0535504246
347.539913315,80.0041551616
347.396028623,79.9929511964
347.198139456,80.0409743541
346.844467846,80.1722160697
346.628923403,80.2427654213
346.313639934,80.3651826622
346.079524051,80.4529453252
345.967330833,80.5211841668
345.865577754,80.6750517565
345.87655928,80.8010899498
345.981257147,80.9529456348
