194.177121623,90.8795407406
196.396856319,88.7119154751
197.009707717,88.2980479977
197.931540788,88.1167287049
198.538808654,88.1549616576
199.380951117,88.3727002689
199.863804863,88.5868990769
200.371213483,88.6355519908
201.137296084,88.9048894807
201.63123223,89.0309124089
202.414705343,89.203955996
202.930090183,89.2717457648
203.360776244,89.2332413849
203.754321599,89.3681231379
203.787414696,89.307880526
203.901033616,89.2229803427
203.916996772,89.1618283628
203.872430183,88.9080310373
203.807322703,88.7632822307
203.738799916,88.6768086738
203.841242831,88.4932459891
204.129276989,88.247714766
204.5279112,87.9557519873
205.008680671,87.6274029994
205.262868743,87.3099881531
205.461679883,87.0322695119
205.671051818,86.7911323288
205.737119508,86.7261749312
205.801576117,86.6583745826
205.819175147,86.684576073
205.845234001,86.7335367192
205.814880667,86.7620337173
205.670434249,86.7898888304
205.115088686,86.6898734562
204.433350557,86.5121698135
203.640532885,86.396764707
202.33325129,86.1685988421
201.443643964,86.2652571749
199.926806546,86.440781991
198.906760502,86.6152752473
197.864687363,86.7826513414
196.255876192,87.0599211314
195.132599219,87.2049541221
193.370117367,87.3860904261
192.249024763,87.4990979487
191.136856333,87.6197451713
189.50258756,87.6597041984
188.348116367,87.7198330688
186.445501568,87.8908301927
184.978970438,88.084900755
183.523870738,88.153945681
181.544392859,88.3082092616
180.361060697,88.3059856848
178.635345872,88.1610129257
177.521243404,88.3010211784
176.421403955,88.2828880738
174.901422005,88.2416907809
173.944930579,88.1296301876
173.030722881,87.9072242654
171.584823447,87.7736838908
170.624205242,87.7626951508
169.184980846,87.621175411
168.240887897,87.576069704
167.45404165,87.7251064905
166.51320935,87.6921032206
166.093471109,87.6727141565
165.096892989,87.6125079611
164.437238283,87.6412224804
164.010267959,87.7101995866
164.046977371,87.8707054547
165.099263228,88.2384293257
167.799299085,88.2662477772
170.382321503,88.6308385767
172.866441298,88.8796441495
175.903272317,89.4383996176
177.829374817,89.8864756476
180.215513543,90.2240117569
181.325854659,90.5166776671
182.195432434,90.838024641
182.711817168,90.9953649978
182.887396523,91.2448570535
183.506506888,91.4596198137
184.050855275,91.3867260752
184.650130058,91.3829019141
185.513374307,91.3095367645
185.982579816,91.2582579045
186.781156404,91.0918806832
187.35134006,90.9040793066
188.146029531,90.7252908343
189.498987466,89.7601555167
190.36077651,88.3849186097
191.102880645,87.757630829
191.406772311,87.6635075196
191.678670616,87.6303110132
192.267395896,87.9159354967
192.711600667,87.9084930083
193.26645126,87.8108866317
194.218173973,87.523938357
194.847360714,87.3476147208
195.844268379,87.1900543696
196.783014584,86.9334994218
198.227664595,86.7370393645
201.532481218,86.8093212396
203.745550004,86.9826224086
206.637024367,87.0626324657
208.185181613,87.3512188166
209.62831381,87.5774845454
211.959899202,87.6570072425
213.817817704,87.9976699904
215.71202007,88.2484898062
218.75861116,88.3286379669
220.828716728,88.4884203703
224.111925394,88.5933902198
226.321979566,88.8680839565
229.774881213,89.5327129146
232.202206439,89.8405315667
234.55660353,90.1540173508
237.839517836,90.6632905295
239.909262085,90.8443449729
243.091282357,91.126085631
245.190111014,91.3301738075
247.198446914,91.6151918624
249.888261538,92.2463685325
251.243636319,92.5536576902
252.81533031,93.0178861778
253.824153997,93.3860015081
254.758919349,94.1133326058
256.049766518,94.9240488074
256.777894069,95.4236061841
257.325480061,96.1901711131
257.945977389,97.3369061243
258.234560678,98.3481265184
258.769434816,100.110665063
259.221599958,101.191943893
259.70850929,102.485325528
261.208735818,104.273783836
262.782958701,105.376452122
266.323910826,107.284413076
269.66828877,108.109423136
273.652890261,108.422646157
280.158854219,108.572660147
284.769822886,108.366330475
290.998686538,108.251014273
294.519473665,108.374280026
297.889500762,108.318248751
302.629786406,107.811038845
305.744289079,107.451052148
310.351037748,106.897740624
313.097331046,106.491932103
315.3848227,106.143977806
318.458538206,105.79181819
320.412908894,105.611590531
323.304100689,105.381902135
324.978110286,105.216986671
326.453669087,105.059549455
328.526147767,104.439448257
330.099117444,103.896291954
332.606834593,102.242657423
334.228124109,101.023490068
335.8500649,99.9432812563
338.211872805,98.8568554749
339.541690718,98.3861981312
341.209654395,97.8356686325
342.080775719,97.7282560525
342.707289887,98.0083168097
343.018992424,100.151571776
342.609843092,101.787458828
341.955490105,103.134292379
340.5939826,105.794913317
340.037345862,106.904961158
339.966694058,107.749060319
340.09876748,108.463490078
340.396967266,108.779473666
340.587826725,109.330987105
340.631686801,109.409518707
340.736149553,109.405133537
340.915346568,109.472682011
341.096487818,109.540621126
341.1406174,109.773191213
341.054004474,110.134527433
340.474041143,110.907657105
339.32647698,112.177430798
337.566170441,113.593436332
334.716892557,115.799112502
332.50851188,117.541444872
329.337166542,120.07841579
327.78501652,121.375242244
326.59420944,122.776060972
325.8062738,123.507567974
325.60693034,123.812878936
325.45717508,124.112125339
325.465865181,124.108973852
325.495407871,124.28467433
325.7568693,124.584547403
326.004865752,124.859750621
326.235243763,125.192981295
326.436520689,125.640749904
326.557869174,125.81113764
326.825250364,126.220556777
326.98730607,126.457510961
327.005237794,126.830888274
327.00095333,127.560394469
326.939791194,127.757569556
327.066896926,127.882300294
327.135191312,128.058027076
327.245732994,128.210783513
327.438178392,128.523675467
327.604922412,128.738184619
327.773180825,129.161499963
327.853448773,129.224312899
327.77363131,129.193230314
327.402937174,129.198250352
327.17242931,129.350566157
326.731240552,129.731789482
326.197387889,129.923172602
325.775723199,129.952280962
324.974630202,129.918667015
324.49790394,130.1022507
324.315808304,129.820932808
324.205694201,129.665274684
324.14522076,129.635824385
324.12563538,129.64834896
324.086566992,129.683711226
323.792387572,129.756130172
323.559757024,129.796994752
323.231662221,129.863216021
322.613095265,129.733150507
321.977732908,129.66905118
321.471855605,129.715784581
321.31104072,129.76445638
321.280703648,129.747388167
321.366127038,129.724782967
321.435324287,129.569247727
321.37640074,128.933586619
321.523732451,128.637401342
321.873546689,128.351177297
322.392555682,127.975520382
322.521936489,127.754294471
322.707984833,127.574034623
322.786559388,127.555373136
322.876775665,127.54431912
322.88388905,127.424859121
322.765288181,126.935517363
322.753025218,126.251725905
323.159648806,125.095160051
323.436871143,124.577529966
323.822894048,123.891709897
324.18826531,123.453718644
324.410628466,122.999813616
324.764861844,122.28130623
325.169206669,121.559563716
325.815924814,120.327045354
326.332750561,119.199837934
327.149840283,117.771400976
328.834787258,115.192497839
330.059776544,113.42277263
331.933446778,110.806583596
333.215793905,109.368322407
334.385699956,108.004891043
335.627847371,106.7071203
336.027799425,106.251680212
336.065079814,106.550215292
335.760837797,107.696425137
335.575140456,108.693263272
335.464536222,110.044883934
335.346672545,111.05194368
334.948582235,112.222459819
333.693549967,114.368169192
333.090009526,115.143655919
332.589830174,115.434288002
332.473327054,115.479750891
332.578707458,115.391575372
332.964950288,115.27756322
333.109508704,115.431738937
333.135105,115.640723949
333.109520091,115.643580074
333.021368791,115.596732905
332.725549965,115.390195103
332.462012971,115.404280277
331.888699279,115.326978462
331.184152958,115.208062585
330.591582815,115.156173416
329.667296801,115.148941197
329.099102607,115.201524282
328.25917624,115.38499071
327.705804806,115.433928218
327.158080541,115.426599783
326.136237228,115.255404682
325.426185252,115.197352295
324.666325636,115.920472083
324.86927106,116.480500254
325.061818607,116.43170114
324.718877847,116.347194936
324.64622079,116.16044423
324.725435457,116.057307866
324.664919675,115.821515063
324.578053818,115.268030779
324.834501837,113.462854614
325.100869158,111.803521547
325.345446273,110.776184626
326.10939072,109.248070317
326.608743318,108.343758636
327.236947588,106.283511806
327.610943761,104.246390555
327.779371285,101.85474005
328.268488165,99.9026306547
329.639149224,96.7109163396
331.541018482,95.3617721478
332.638599642,94.9037862197
333.123125274,94.6910864265
332.765488671,94.4340283294
332.117435225,94.3085676034
330.969016052,94.0773900352
329.926334338,93.7566021674
328.341355024,93.4794941052
324.908522111,93.0917051325
322.042206354,92.641957848
317.005515542,91.7001860752
313.225103953,91.1408136221
309.053290203,90.5553230896
302.803570759,89.9748991513
298.882586697,89.7168985061
294.076910927,89.4655535478
291.317827453,89.3340220798
288.867275282,89.3877263427
285.042680904,88.9893652333
282.231997969,89.1095257147
278.186806634,89.036494011
275.725782205,89.0652252632
273.260076727,88.749404541
269.307847467,88.2949785198
266.582383436,88.1053494535
261.974664767,88.1059331878
259.058332959,88.3322531751
256.304715927,88.3089191287
252.428333987,88.4979528864
249.878464389,88.4175612342
247.353220072,88.4214704482
243.457649274,88.3180919808
240.440502285,88.3732672298
235.837782505,88.5725103525
232.653812138,88.3926936306
229.009191501,88.0329958167
223.123655184,87.8798690836
219.42585124,87.9670776432
214.361204428,87.843588259
211.755461206,87.8613929782
209.359311763,87.7271450924
206.127145767,87.9925660726
204.102684373,88.1961872095
201.374161987,88.8483698792
199.630293537,89.2183669937
197.943205268,89.1774489474
195.547158858,89.6975551028
194.054317635,89.7294514817
191.905197022,90.1595053566
189.742368794,90.5935499962
189.721843272,90.4865139488
186.979355589,90.8814326866
185.674276233,90.8728713221
183.95938954,90.6950334755
182.747105242,90.5865559298
181.321370435,90.5188363797
179.239743473,90.9170473938
178.345198605,91.1245600282
177.832565586,91.6524826532
177.819570028,92.1416653027
177.882214762,92.6033384021
177.95760814,93.3647542818
177.79174799,93.667870416
177.536608197,94.040443675
177.066597663,94.6097989645
176.825361567,94.9541587891
176.762493222,95.1924443656
176.79869934,95.3157959209
176.900439887,95.6983990654
176.875909146,96.6595520315
176.852518028,97.3089136418
176.871772635,98.482669509
176.883056636,99.1779440286
176.845367543,99.9518833557
176.839276636,100.672061364
176.766343348,101.174476574
176.724538704,101.732850566
176.785319518,101.763328833
176.909589236,101.752638494
177.016872043,101.402095323
176.801047567,100.948143906
176.24443035,100.03918947
175.678910582,98.885960165
174.617483858,97.6143097579
172.607655073,96.3007169273
170.754642333,94.9538758978
166.871497365,93.4822736668
164.347334458,93.0042606616
162.07695445,92.3546174718
158.205159601,91.2722483194
155.666344417,90.8624701221
152.088754399,89.9551775736
149.688519928,89.3997432181
147.288061188,89.1449742242
143.520246299,88.8438371137
141.191517894,89.022480775
139.112954194,89.0470685012
136.025076873,88.7674530127
134.021694038,88.8381322869
130.979538566,88.9048133574
129.029882785,88.9904816638
127.039924213,89.1206809303
124.229616631,89.2471956605
122.727434783,89.3324330789
121.089607199,89.4178192033
120.374094909,89.2554689641
119.595480622,89.0956838008
118.134818758,89.2510859162
116.981224388,89.2259708845
115.368713633,89.5424872156
114.603080563,89.6766602137
113.833723938,89.6263705333
112.509722339,89.5362033202
111.596975586,89.4995230368
110.224985412,89.2467141613
109.579660529,89.0733839636
109.107128467,88.9640004932
108.477130365,89.0323435949
108.03091692,89.0437338961
107.206923765,88.9916581973
106.691945688,88.9574803652
106.237447851,88.9678354476
106.293529908,88.952196836
107.398412793,88.8540283342
110.936413089,88.5280539121
113.362441951,88.4021764944
115.605752757,88.5709032933
118.168303528,88.5185453844
119.190792423,88.5774063461
120.033704417,88.8143064579
120.492412669,88.932197346
120.894920295,88.9674369492
121.493708575,88.9526156327
121.837235855,88.9130511765
121.959411175,88.9491481663
122.215989929,88.9948159481
122.235727976,88.9706689772
121.337016778,89.1272945289
119.703730798,89.1640832405
116.808263344,89.6136137496
111.208227091,90.5128992038
106.831201167,92.0210630841
101.618173869,91.7870579596
99.148216039,91.3481520384
97.2101614868,91.3318769795
95.3018354215,91.1315931956
94.4183409077,91.1002701627
93.6863806592,90.9275542194
93.3405043351,90.8750560586
93.1768700955,90.8488493426
93.1197130308,90.8098946043
92.8868806414,90.9057614077
92.3430042176,91.3516664391
92.0940184984,91.4231221183
91.8295561023,91.3853843068
91.4746999585,91.6584618614
91.2568954975,91.8837466267
91.1162245337,91.9034701263
91.0091612104,91.9253219787
90.9200270766,91.9094044995
90.8845976338,91.8184470353
90.9073654342,91.7786798861
90.9554563556,91.6593746724
91.2503395059,90.788671255
91.9274292313,89.6233097959
92.476630769,89.9227241882
92.7495799649,89.7543892647
93.2505276767,89.483466133
94.1230887091,89.1683682731
94.6591001441,88.9219383404
95.156232633,88.7187905733
95.477969356,88.5525077996
95.7881254353,88.4416867377
96.1433791786,88.2860765267
96.3534300441,88.2804136303
96.7893412999,88.2401410309
97.0104196016,88.3747373647
97.1793272101,88.5637803954
97.3681360206,90.766104084
97.4136233188,93.0493520059
97.8071846123,95.9354593214
98.1844470258,97.4915069082
98.5612110331,98.5189905128
98.9139280154,99.184749129
99.0591657949,99.3542562832
98.8663227851,100.423868694
98.9405494933,100.167215114
99.0089263418,100.131873448
99.0295199015,100.628283361
98.9920214289,101.14581891
99.3064306113,102.258459859
99.6226357115,102.623918993
99.8421868876,103.061805375
99.9828251658,103.723134358
100.064657179,104.044933649
100.185571368,104.018115564
100.31633615,104.106941821
100.373041418,104.182008951
100.504062957,104.25718926
100.624050642,104.324467362
100.898090548,104.482781708
101.126463575,104.472199151
101.314589184,104.560708071
101.64010949,104.625698581
101.870952508,104.69434115
102.069930565,104.761414057
102.341802547,104.764362617
102.511735666,104.707480697
102.997923964,104.583203977
103.244218521,104.537595021
103.638517057,104.501939219
104.364454441,104.381187477
104.894536721,104.225494007
105.87582513,103.738675947
106.698638984,103.581629914
107.705071209,103.639441339
109.437118789,103.434740038
110.712303044,103.391932971
112.771641935,103.335638939
114.056423526,103.299095424
115.14866981,103.384207432
116.732252022,103.285363316
117.604688056,103.231250196
119.207319291,103.235854976
120.592972693,103.293526859
122.032750937,103.361973398
124.401722461,103.541886183
126.07373374,103.612084161
128.723655523,103.585438849
130.839422123,103.229797521
132.963912382,102.574812871
136.018010387,102.352808412
138.181872703,102.058097936
141.643388151,101.642735726
143.766593714,101.574031698
145.686356863,101.492986027
148.683382008,101.301765711
150.713182235,101.216366508
152.766573028,101.007569098
155.865342181,100.773954669
157.67698017,100.849410472
160.270443526,100.791211742
161.807547776,100.698666787
163.314622663,100.7598818
165.567513927,100.408949117
167.170213769,100.279482897
169.646401944,100.203576612
171.443890349,100.078651269
173.14406019,100.010489545
175.619882964,99.8505103651
177.136513055,99.6461758797
179.396581084,99.4955118317
181.04747784,99.3029727778
182.423707153,99.2559813417
184.01324967,99.4739398658
184.930945712,99.5573042956
186.275292039,99.5013043507
187.216776765,99.4597840235
188.131781554,99.4112931927
189.436605623,99.334968856
190.273169261,99.3753244681
191.248492028,99.281377731
191.811457765,99.2717637654
192.345440087,99.3026362297
193.284963332,99.1398162551
193.873581855,99.0069202483
194.391524091,98.9271147762
195.09511456,98.7002117177
195.515887351,98.6743123133
196.24904169,98.6150337538
196.745731026,98.4793733972
197.42614557,98.5083652701
197.854799009,98.4107330571
198.362610235,98.3305521812
199.055122818,98.2952688
199.606884518,98.2783648253
200.186279094,98.417041203
201.066931764,98.5890792922
201.594184008,98.7117019809
202.178572281,98.6218497335
202.358693294,98.5619838448
202.494727479,98.5373095253
202.720623583,98.4043488648
202.913955494,98.4124612252
203.180748269,98.4223197733
203.392246516,98.3798704113
203.568011189,98.3543885551
203.798065308,98.2102026724
203.943490307,98.1197283442
204.220364405,98.0854389746
204.579218901,98.0227964957
205.115972465,97.9048580084
205.884173988,97.7863849221
206.397166787,97.689533981
207.077174154,97.493698915
207.134402225,97.188438551
207.134609408,97.0684728745
207.588107656,96.7897723296
208.232423885,96.6819166676
210.035227983,96.5827585828
211.350066363,96.3310743839
212.644541611,95.7769155837
214.520035091,94.6033496823
215.625521644,93.6025645279
216.781185242,92.8118242664
217.470373,92.4942785499
217.954353596,92.4443985495
218.733055379,92.2402492171
219.367187022,92.1318161796
220.057554189,92.0817980437
221.372078921,92.2239737422
222.341000785,92.3545813312
223.75126428,92.2624969139
224.613625277,92.1415627846
225.457362258,91.9189939509
226.753554987,91.5104154295
227.691185078,91.2500575642
229.288561677,90.82089646
230.470757105,90.4400158228
231.588448948,90.0577254985
233.164858127,89.4844208535
234.012855937,88.8752009464
235.03667503,88.1727475137
235.765368645,87.4748060855
236.590596265,86.5216213724
237.911819108,85.4559702217
238.75707894,85.0545334976
239.927889517,84.5866665081
240.615770907,84.5066246492
241.340440277,84.3409465782
242.541391953,84.0194418901
243.365802851,83.9228053744
244.373579282,83.9424666252
246.153932879,83.7443949765
247.168070638,83.5470129161
248.657555537,83.0625558885
249.610110928,82.6765576147
251.205153444,82.3266775378
252.472771883,81.9326401154
254.029357238,81.4927367104
257.070883425,81.7403562048
259.235390212,81.8210343301
261.652762845,82.0822533985
262.875679028,82.303862713
263.702161379,82.3297898638
264.680428341,82.2744496177
265.179990228,82.3562331025
265.704514348,82.4231794526
266.432024685,82.455854142
266.976970671,82.4803499392
267.737616548,82.583425129
268.233242106,82.6648170997
268.827593332,82.8404089341
269.850213101,83.1006386345
270.597404602,83.3949176708
271.748676013,83.8610545511
272.473981525,84.1996288229
273.193116259,84.4663071184
274.279786538,84.7930040039
274.997573137,85.0605017004
276.385551334,85.7132076874
277.392289138,86.176335155
278.431150074,86.8596525949
280.344884812,89.0181294894
281.833013848,89.6488328763
283.357464748,89.580825334
283.885440815,89.8542019574
284.215925096,90.1303267013
284.825941382,90.4895124612
285.259575965,90.7159410956
285.997918462,91.0297592277
286.353305434,91.1262994669
286.602825019,91.2367322685
287.068639128,91.330082482
287.50057692,91.3555378436
288.190596277,91.2984785129
288.589820484,91.2282928856
288.953936382,91.295479093
289.396053131,91.3470429311
289.767655575,91.4315367316
290.113487706,91.5115450545
290.57442387,91.6928752935
290.989880782,91.9286854643
291.366520174,92.0724649047
291.788576149,92.150793272
292.471078171,92.3055228965
293.397347158,92.7900363379
294.055704262,93.1035253666
295.090726523,93.4955825195
295.796704071,93.6205263699
296.457833536,93.6950341367
297.58615516,93.8999340749
298.49326513,94.0932576287
300.062411085,94.6599065887
301.222053364,95.0168028253
302.229542482,95.3210833834
303.327847902,95.7008755059
303.938108186,96.0079322883
304.319156551,95.9648238663
304.695425238,95.9226396732
304.969757083,95.9017913663
305.45515924,95.794685708
305.853901637,95.7039683717
306.46467022,95.4905978067
306.727072531,95.0485179195
306.777234235,94.1979634262
306.1089377,93.5414102587
305.505610847,93.4751604578
304.032738087,93.6219864899
302.4978195,93.6956745591
300.826345465,93.7604235157
297.419640872,93.4914798951
294.64575326,93.4933891891
290.909551015,93.1213206313
283.086784042,92.7368302063
277.410113173,92.890182582
268.134967157,92.9929764388
262.034373098,93.6622099812
256.766015231,94.1290020393
249.514487089,94.3363696554
245.781174468,94.4369778461
241.154218974,93.9390840806
238.489896986,93.772329152
234.792466869,93.7676534753
232.759534426,93.9210897798
231.052215399,94.088925644
228.638634971,94.069272202
226.912580563,94.0448311032
225.025980176,94.0452739328
222.049305725,93.912260982
219.979968428,93.7391379384
217.046282854,93.6251288669
215.210717475,93.4307667518
213.43454459,93.3712043885
211.044394456,93.2649176087
209.444553887,93.2285740227
207.368549938,93.1296898533
206.128658912,93.0247351708
205.003330368,93.0297881812
203.398866652,93.2428171521
202.443507787,93.3133730066
201.279768392,93.506456448
200.654918479,93.485884286
200.11198168,93.4190693441
199.103405061,93.3382870096
198.307299043,93.3065369993
197.001556772,93.3708668422
196.133765753,93.4262513567
195.198182756,93.3067973907
194.02118061,93.3845659165
193.544642329,93.3789253976
193.257208587,93.3301281695
193.043767974,93.3257041223
192.86585886,93.3159128356
192.291173779,93.2009461999
191.817541743,93.1230629317
191.367931549,93.0568517893
190.715426532,93.0044729997
190.273660737,92.9922017723
189.693569582,93.145537362
189.413456733,93.1524949438
189.156536331,93.1599599124
188.674192301,92.9971895859
188.349328336,92.8651858035
187.829660996,92.7147105646
187.452531991,92.6717885516
187.125137234,92.7054790464
186.744540402,92.7213530044
186.474895442,92.6584650394
186.199944187,92.6748308003
186.070299937,92.6564887804
185.888177868,92.6667630143
185.560786584,92.788350381
185.405972082,92.8465507724
185.219961325,92.915160965
185.09521822,93.0418178867
185.023735282,93.0987027783
184.917913734,93.1705375241
184.798011558,93.24341243
184.63752502,93.3246541551
184.454996852,93.4179056843
184.374096135,93.4717308101
184.298679507,93.5091203541
184.25491786,93.5438286372
184.2033763,93.594446474
184.1138505,93.700395082
184.011224713,93.7873812431
183.613904849,93.9760606374
183.182864581,93.8817406255
182.941598838,93.8047102142
182.694386732,93.6884338388
182.614617021,93.6583002757
182.425342375,93.7562076881
182.239055055,93.8756239577
182.039161058,94.0017049494
181.753662283,94.1739111484
181.600403845,94.2247223238
181.369703727,94.3175088519
181.22688672,94.3213753667
181.085654956,94.4267531574
180.821509034,94.5438070527
180.595999041,94.5589867674
180.310078568,94.688381977
180.2619711,94.7098064004
180.225206844,94.715038032
180.288397125,94.722031137
180.417632343,94.7696122753
180.499444279,94.8551965191
180.456915206,94.8572245524
180.21803078,95.0106716314
179.876916029,95.2473691765
179.664762092,95.3924542917
179.18882378,95.5515912728
178.745445558,95.5857320681
178.190671681,95.6829192692
177.280536399,95.7965157796
176.684918032,95.9162936284
175.716802874,96.0668052434
175.124947009,96.1438390785
174.545143965,96.4267067229
173.634205042,96.9125717442
172.97742268,97.1758729494
172.166251419,97.4184698949
170.935037272,97.4836511504
170.122642701,97.4129305851
168.794320079,97.4420620262
167.89124661,97.3893957044
167.007662617,97.4694279634
165.800479868,97.7982181955
165.091473492,97.9300875744
164.027168448,98.2024052637
163.331047997,98.369928317
162.614474661,98.4550342421
161.530625894,98.5702117113
160.840835752,98.7385778695
159.926242088,99.1512256932
159.371477519,99.5362201135
158.919334656,100.165024451
158.248193995,101.0162878
157.67939393,101.74218657
156.689701487,103.156230152
156.147630326,104.279118195
155.594862938,105.087256499
154.890386609,106.161666906
154.530119658,106.676578753
154.182899514,106.69105841
153.840689043,106.876400274
153.423357563,107.064946054
152.888645863,107.150846729
152.592584043,107.286990263
152.380094449,107.534134527
152.254423534,107.805067775
152.108334116,108.290365737
151.964977144,108.878319379
151.911051404,109.021063015
151.831081847,109.0516672
151.623772175,109.142467925
151.510338203,109.143467817
151.359610173,109.040648938
151.306189727,108.899930101
151.268433518,108.736175877
151.19044232,108.578113345
151.061640883,108.488468787
150.723917887,108.365834473
150.571963652,108.313961942
150.438935572,108.268027562
150.270550288,108.234551078
150.215727534,108.228282545
150.151857048,108.213660281
150.082376818,108.181204422
149.949888259,108.148227451
149.803625788,108.161125258
149.694752381,108.179516593
149.534222825,108.232669814
149.425465185,108.231426326
149.343333694,108.185529992
149.5306281,108.31007404
150.184761723,108.709510188
151.683564811,110.339600101
152.421999455,111.477108411
153.029924197,112.340045911
153.642850288,113.44856903
154.097985063,113.783345925
154.138560078,114.474777609
154.290121015,114.793551913
154.413577535,114.887748891
154.527470119,115.111179688
154.683335761,115.207731261
155.243708603,115.074178879
155.469133238,115.029556574
155.717120442,114.935645098
155.980093916,114.917488328
156.107037315,114.942620912
156.296053467,114.945750446
156.591546277,114.943031783
156.752464351,114.9266211
156.970473004,114.862026128
157.146971493,114.807491829
157.213764116,114.759578414
157.253691527,114.662512349
157.290707389,114.478083373
157.381786183,114.293843069
157.426740046,114.241380254
157.381752728,114.176319253
157.094194075,114.205026147
156.767470561,114.207596116
155.72836491,114.077037317
154.807960652,114.099410885
153.677738481,114.217799589
152.056787435,114.755702715
150.914509032,115.200230432
148.973136686,115.652934138
147.336417034,115.772274268
145.501133887,115.797279842
142.898906415,115.375572615
141.552382727,114.891087769
139.721967504,114.388095784
138.521934117,114.171376266
137.561424415,114.045978617
136.562625024,114.108174572
136.098935629,114.224949669
135.343484543,114.524415262
134.67003694,114.757874998
134.035027517,114.903952171
133.27882349,115.10778223
133.262857118,115.314323928
133.233314923,115.538735119
133.266071424,116.354808536
133.36597984,116.876017063
133.411460322,117.80860741
133.417532015,118.49289657
133.478935686,118.994611363
133.551141658,119.67960497
133.624938991,120.123821905
133.864814808,120.534766609
133.972897939,120.699041088
134.132676443,120.700533803
134.555328275,120.778780964
134.826785553,120.805095971
135.246807723,120.992860353
135.377252112,121.243365746
135.42568856,121.43229399
135.426346507,121.695724785
135.528940221,121.756157997
135.660594755,121.785278552
135.709115255,121.721164277
135.883251943,121.681598411
136.313481601,121.513949217
136.53631576,121.392569629
136.827423491,121.308590178
137.004870844,121.263287275
137.161223345,121.186719239
137.27828731,121.201931346
137.474305553,121.204728526
137.794198286,121.179859754
137.93885654,121.154129508
138.141880655,121.107013038
138.535194567,121.025320527
139.03096515,121.038123932
139.614378779,121.198556694
140.806804874,121.566539297
141.775813485,121.616384612
142.978103847,121.80574432
143.370323248,121.860571304
143.734154234,121.784641621
144.204553642,121.533530469
144.489044889,121.323727837
144.599326193,121.246962124
144.671573238,121.138655839
144.719470483,121.084349508
144.845189955,120.870921778
144.941088139,120.784098408
145.281521647,120.679352613
145.584319331,120.660589964
145.801470802,120.639840034
146.465605205,120.437290471
146.960614054,120.219962364
147.607690355,119.833052324
148.028063228,119.710532644
148.517748225,119.567362705
149.269718763,119.260368482
149.731265421,119.199864307
150.395188561,119.049910102
150.772747255,118.955392671
151.095001657,118.837347167
151.739319401,118.667325254
152.017162289,118.599559928
152.490653293,118.467927876
152.792909219,118.44846129
153.134461772,118.365367199
153.580768114,118.201903047
153.7409835,118.14741666
153.991445095,118.063997843
154.17802298,118.056951977
154.354295912,118.013728838
154.587634689,117.899384761
154.650647049,117.8222117
154.727219022,117.740918273
154.928458563,117.67118425
155.174214678,117.643813586
155.498934875,117.59645454
155.745263228,117.505887674
155.962074358,117.365952108
156.282440571,117.217438373
156.47734291,117.129227601
156.705426944,117.084039502
156.844755997,117.050586807
156.985571603,117.039238742
157.173949042,117.027468904
157.398628407,116.923473967
157.776475942,116.856137576
158.031256118,116.860198957
158.241807428,116.840423102
158.580934645,116.867788668
158.779908715,116.847952804
158.984201159,116.808674272
159.161348573,116.79694268
159.343040517,116.821222181
159.679588899,116.759018808
160.006179963,116.708337883
160.645368948,116.533428878
161.17804079,116.267529635
161.634917651,115.996598642
162.322136306,115.703544216
162.859401854,115.455442179
163.643432295,115.18940019
164.185899234,115.066606753
164.605766195,115.000878818
165.183561507,114.899782914
165.398817805,114.866593427
165.650507865,114.799021961
165.986819185,114.546423539
166.205458032,114.31938673
166.69367423,114.072843552
167.114016459,113.971717781
167.605918385,113.88590245
168.252939951,113.834422423
168.655661212,113.635571011
168.999138342,113.491908317
169.238826485,113.364560386
169.461403999,113.318101565
169.817746891,113.353131705
170.188388956,113.32691546
170.643077038,113.222740718
170.887136205,113.104538586
171.204993405,112.938498497
171.635942982,112.703900177
171.928049427,112.529319969
172.298866596,112.437846819
172.603959734,112.484924485
172.996126579,112.517743389
173.452618997,112.48780298
173.664129666,112.529920026
173.86847767,112.639636469
174.020805544,112.769000426
174.250054224,112.944225057
174.882777664,113.04702118
175.399203826,113.079945211
175.937569791,113.086047422
176.243942995,113.045288294
176.527442552,112.996956839
176.954101601,112.904430145
177.266900031,112.889687862
177.941136458,112.805082498
178.516976715,112.665896613
179.100651193,112.492203809
179.878308955,112.323788563
180.317046157,112.200055775
180.818646721,112.013739569
181.456876801,111.822798975
181.911461197,111.616948741
182.713683813,111.200664409
183.288075475,110.66459054
183.944049163,109.671226975
184.427988707,109.15078638
184.71174359,108.473276422
184.822233426,107.429508315
184.797747243,107.059226599
185.059657313,106.748276001
185.611717396,106.031620516
185.883370259,105.800936365
186.216646577,105.434989356
186.363424922,105.530198973
186.650685945,105.540442416
187.395447599,105.556091415
188.201961428,105.597793342
189.85642638,105.523442527
191.21731116,105.546351835
192.587274004,105.633676015
194.552212682,105.836247572
196.023010522,106.007200707
198.132294665,106.069668319
199.554556782,106.196441356
200.829128034,106.107386891
201.929460426,106.056268012
202.259039107,106.119601649
202.791824458,106.237445385
203.421563694,106.175863844
204.051379572,106.120328788
204.989288735,106.025959216
205.546543726,105.968393874
206.138066395,105.932809469
206.990060331,105.917674649
207.746664915,105.951139511
208.925973198,105.866588735
209.684357937,105.747460235
210.377094348,105.614556581
211.358397606,105.292155225
211.920086999,105.084117686
212.806979,104.770557542
213.479023581,104.554219107
214.161865128,104.281362917
215.014798573,103.909652202
215.565203149,103.696727273
216.587621158,103.558550082
217.5543913,103.556918347
218.665674043,103.530676319
220.821783436,103.411371194
222.31733624,103.158505447
224.429223823,103.009413306
225.628937545,103.013616789
226.555783157,103.068765917
227.502461143,103.224535477
227.990164266,103.23277666
228.916414762,103.15657282
229.694325626,103.10984617
230.514201191,102.982021872
231.87503009,102.752603045
232.818882155,102.65043769
234.006252832,102.427656738
234.692258604,102.365652659
235.366777813,102.31414335
236.162080051,102.013705187
236.619053578,101.87259609
236.979245096,101.724975238
237.350336698,101.60259499
237.519323137,101.628524651
237.795149846,101.610447577
237.92555409,101.579345519
238.026057881,101.517814874
238.012541075,101.112981901
237.654059996,100.657702367
237.037387855,100.385462749
236.70967901,100.253857021
236.573666026,100.168906739
236.533659683,99.9707760301
236.593096649,99.7863459045
236.956791491,99.4802944613
237.102626848,99.3990796084
237.166426478,99.3662151414
237.003165013,99.3389908517
236.553485171,99.2280744125
235.995754035,98.9803241301
236.032748957,98.8773791474
236.143629686,98.7662367944
236.925620357,98.7330079083
237.482165183,98.7933463727
238.262174928,98.9150562993
238.729813442,98.9418556516
239.187524597,98.9829836855
240.148905387,99.0563895487
241.053540825,99.1461733249
242.648431986,99.2204865253
243.840822761,99.2850224513
245.088064822,99.4168247041
247.057250622,99.6704488197
248.390564052,99.7672269912
250.229857911,99.8146150567
251.265618147,99.7882133906
252.217881599,99.6834643502
253.580639661,99.6454351357
254.59607125,99.5962603001
255.577370723,99.626306182
256.995692022,99.6673759245
257.864543744,99.7309342901
259.132441519,99.4428652772
259.861551613,99.1589917014
260.563150784,98.9818471612
261.589489742,98.727422886
262.376787575,98.6729665104
263.666296024,98.6238526192
264.504163261,98.493120976
265.289543516,98.245651724
266.436008435,97.7024338574
267.145344852,97.2341610352
268.16001692,96.4526139948
268.73338545,95.8889479804
269.184456446,95.3448525553
269.810432768,94.5753056848
270.181378397,94.1175761143
270.76360247,93.4515869883
271.134760154,93.1980787771
271.397719365,93.0064488703
271.611426583,92.9306479188
271.740348961,92.9484021874
271.903190528,92.9831401798
271.996009309,93.0248519774
272.035991498,93.0377122417
272.123877064,93.0584172313
272.184895868,93.0434845078
272.230352851,93.0244732759
272.232095021,93.0241471491
272.196007628,93.0420875396
272.168606668,93.0643714802
272.180055525,93.033537451
272.218539143,93.0000548199
272.276736562,92.9942938337
272.294472097,92.9978728663
272.320535883,93.0687421645
272.366608605,93.1110279255
272.464741858,93.1483286085
272.869264641,93.2713622431
273.354312616,93.2990788666
274.199227307,93.3009288075
274.997604765,93.4045019213
276.201926309,93.4090880608
278.067127926,93.4365318779
279.361012879,93.4794165959
281.373635657,93.6680258007
282.902899963,93.8312880255
284.682729935,93.8932322223
287.420497381,93.7533215694
289.650104851,93.8447612715
292.193731852,93.6881401136
295.665448925,93.3999047927
297.730943336,93.3862784725
299.8773423,93.219033421
301.045585923,93.0490028335
302.483438281,92.7286985441
302.967198015,92.4411557974
303.201413241,92.4019900063
303.443043618,92.3573470238
303.664493382,92.364970303
304.169567933,92.4437447593
304.603125538,92.4137595317
304.905706026,92.3656232577
305.088705533,92.3640059916
305.129942095,92.3499060405
305.146390418,92.3200020528
305.118467642,92.2579529598
304.991386792,92.1365927025
304.752953717,91.9591450185
304.520750867,91.8642674909
304.268774819,91.7736407225
303.665388407,91.7178277392
303.31489673,91.5524978589
302.797372805,91.3041423093
302.428323456,91.0901530219
302.07929809,90.8222412293
301.321129145,90.2519553813
300.854148702,89.9688019366
300.10147584,89.5179166964
299.577676179,89.250056451
298.924879044,89.033118397
297.69912758,88.6973238852
296.828947515,88.6654501936
295.16660081,88.6928631515
293.787168537,88.6748961823
292.445853393,88.7543912797
290.245966249,88.400334076
288.472592949,87.8226770405
284.875675799,86.0201364247
281.299249917,83.8055887714
276.860672374,81.2369619193
269.223002704,76.1676877699
262.940024647,72.080185407
256.697203451,68.4565079218
247.441801286,64.1166509583
241.219510404,60.8225884216
231.576894747,56.1001070779
226.651438121,54.019791291
220.758049272,51.6488340418
217.124816159,49.9605873357
214.511600345,48.4867053368
211.177003045,46.9782922763
209.008275838,46.0865489362
207.013803122,45.5288440306
203.943007228,44.9660541002
202.273789261,44.9044844585
199.974208796,44.9172808166
198.393763707,44.8169714293
196.720089241,44.6849650799
194.351557175,44.4858822336
192.823146894,44.3637685279
190.64222413,44.3739525971
189.242694846,44.3538293179
187.895555794,44.3195063602
186.110108766,44.3045415309
185.06668941,44.362735097
183.465297198,44.4171370344
182.422366879,44.488074502
181.4505037,44.524106158
180.198316951,44.4947121915
179.468687548,44.496755708
178.584516185,44.5392164865
178.061876896,44.6317578036
177.65829015,44.7199994156
177.098048849,44.7827041533
176.7298011,44.9113443168
176.085714445,44.8836327442
175.634793507,44.8433626822
175.281395448,44.9249423318
174.792777365,45.0787114567
174.590885376,45.1456061248
174.285336658,45.1904179119
174.129984516,45.2277651652
173.997993805,45.2552203108
173.77269069,45.3266789538
173.617120779,45.3903425638
173.402485862,45.4800225732
173.49813049,45.8324166279
173.959461102,46.3624507708
174.630947147,47.1102229211
175.002434531,47.6193628589
175.435626456,48.1753171281
176.156033395,49.1323046237
177.15514391,50.7287628552
178.516342322,53.4788302795
179.394594683,55.4734953257
180.189401749,57.5382522246
181.408671665,60.5252494433
182.153215837,62.211739345
183.050318869,63.9317051368
183.5567688,64.8733475674
183.942618364,65.9118318119
184.427608379,67.3947851306
184.716238711,68.5075209524
185.548783981,72.5335734396
186.230350985,75.9677783164
186.531162759,77.3237474127
186.760794948,80.6220299183
186.854988833,82.4796413907
186.838636363,85.1121166428
186.798790373,87.031394778
186.739050956,88.3614005069
186.783062451,89.6265989544
186.834313051,90.4095226009
186.960427723,91.4874872273
187.029253972,92.2790222821
187.166207486,92.9657014356
187.386583541,93.5834730871
187.507905845,93.808809321
187.468462674,94.2896986399
187.360915342,94.6984008766
187.266781598,95.2637840591
187.007482558,96.3542279002
186.790757832,96.7868136104
186.739349862,96.7555935694
186.680917995,96.8485601893
186.610915749,97.0853956134
186.619971122,97.1651064068
186.606782808,97.2566824629
186.587897883,97.3809884141
186.528186105,97.3573918441
186.497705966,97.3354396469
186.420904356,97.4203032668
186.409934663,97.4926558842
186.443553447,97.5589611377
186.539788861,97.5638067564
186.608048495,97.4950904543
186.672117263,97.325352163
186.718161555,97.2605833151
186.786639174,97.2482921828
186.960331333,97.2867302332
187.085942958,97.3454127621
187.170541996,97.3258091712
187.216043253,97.3073926755
187.214101876,97.2324844835
187.162413687,97.1752157162
187.107023729,97.1403156729
187.144099769,96.9972495111
187.217119783,96.9761829163
187.359660743,96.8964815433
187.501591718,96.7087788807
187.53903601,96.6464855805
187.544140657,96.6205282983
187.552866005,96.6078650495
187.587935103,96.6275171622
187.751535708,96.6291516037
187.858060685,96.6317270883
187.898225808,96.627802657
187.873630389,96.6217265975
187.860772297,96.6150476427
187.908931449,96.5486282975
187.96750026,96.5133472016
188.007488928,96.4893747133
188.053347759,96.5205760173
188.103085789,96.5742981151
188.205227977,96.5700702316
188.264359999,96.5473018605
188.289104764,96.515079533
188.294869915,96.4859401555
188.28471834,96.5047927882
188.298787741,96.5510971301
188.301151641,96.5905198233
188.274102949,96.5997054965
188.178987726,96.5736715702
188.112550817,96.5681987434
188.003667152,96.4566658994
187.942922174,96.4010052081
187.817761614,96.3585092011
187.518898504,96.4092817047
187.291565297,96.5055813973
186.963935848,96.5183931058
186.662834578,96.4604845105
186.392724593,96.3819618875
185.835173359,96.3587657852
185.391607679,96.3926880144
184.553360865,96.465017802
183.954843599,96.4344958072
183.225069222,96.3900190902
181.983665408,96.281909009
181.079960233,96.0866670948
179.635152297,95.7774445789
178.661277247,95.663765984
177.705128049,95.5703036144
176.326784242,95.6114877933
175.504796112,95.6862062959
174.667828284,95.7386185635
173.283469251,95.8403256382
172.230218113,95.8995709311
170.701524342,95.9844053157
169.758596103,96.0336889906
168.927332946,95.996296558
167.881906778,95.9936568287
167.183381755,96.0860605665
166.040487013,96.2328473941
165.24148434,96.1852567234
164.497603768,96.1463244338
163.572339279,96.008522656
163.059262421,95.9030176396
162.306581647,95.9073427739
161.919594312,95.9487103815
161.566184541,96.0018950751
161.123544965,96.028483505
160.835358593,96.075565562
160.398093852,96.08907424
160.111022922,96.1003784723
159.87999073,96.1117557776
159.538853643,96.1113141735
159.259195653,96.0876541757
159.022341358,96.1326062178
158.645732205,96.087944349
158.412852923,96.0379361685
158.016888804,96.0177484574
157.733345093,96.0344276715
157.280774314,96.1674884329
157.114010806,96.3721128483
157.021114992,96.5714181868
156.891106865,96.8034522332
156.717310859,97.1995242771
156.533993675,97.6598627311
156.111218027,98.4541648069
155.76565618,98.9216244917
155.084871959,99.480500385
154.544274981,99.6196751339
153.938426608,99.7628731978
152.973375017,99.6812578047
152.319174179,99.6539102028
151.307661454,99.6692948042
150.715881736,99.5826998581
150.104982631,99.5042706223
149.349002365,99.4422663218
148.820410708,99.3612651151
148.072490181,99.3084723472
147.565711532,99.308120518
147.093290597,99.3032644023
146.508709442,99.3198095884
146.204625913,99.2756274627
145.787387806,99.2923184765
145.502052118,99.2886615546
145.308793145,99.3094093725
145.132646505,99.2190069959
145.096824958,99.1743281167
145.014625228,99.1172522015
144.979664721,99.0707957868
144.960198965,99.0326515738
145.09225686,98.9376452543
145.315487138,98.8491236941
145.933602271,98.6832521118
146.487430665,98.5365896921
147.099682742,98.3742369432
148.245860079,97.7995181968
149.012834975,97.2250482918
150.038647141,96.7875939162
150.940868513,96.2689731566
151.921017603,95.8616405745
153.297719417,95.4103085241
154.200200332,95.2098423702
155.02813217,95.1094953183
156.295336139,94.9212148435
157.189352072,95.0283239715
158.624236176,94.9697233799
