181.844630699,87.2105842084
179.364935828,87.9744353684
177.961554107,88.185212459
177.032021799,88.2002745629
176.152517192,88.3452043092
174.738923717,88.6230516439
173.822721383,88.5530302147
172.614134338,88.3796844164
171.880224311,88.3644538468
171.148121403,88.3113574461
169.9078691,87.9993038624
168.894691216,87.4586667921
167.541758131,86.5543973814
166.795386968,86.2484431033
166.157190286,86.0751965286
166.137751442,85.7855661313
166.851657855,85.8387417611
168.533160753,85.9561153184
169.893420725,85.9501608637
171.525682323,85.8751004267
173.710261273,85.9315412931
175.058193367,85.9183075754
177.103252322,86.1396452335
178.337295428,86.2722602379
179.830712588,86.4282024447
182.160263059,86.5881067376
184.058722195,86.7999713471
185.916271429,87.0054407422
188.733652895,87.2058439054
190.730573206,87.2478157694
193.395211587,87.3579420553
195.157203293,87.4018132777
196.77498519,87.4062169107
199.247990226,87.5392962953
200.716596015,87.7539374191
203.164756255,87.9193171335
204.957532109,88.1225091895
206.687024322,88.3353690384
208.943825856,88.5184912126
210.393706089,88.5439674197
212.55227894,88.4601191002
213.912333099,88.4913530868
215.266020158,88.5978205591
217.151597512,88.7665761029
218.154695518,88.7355237062
219.239681438,88.5892146039
219.924154777,88.4645688948
220.431086758,88.3796945011
221.140321561,88.2090880704
221.573651986,88.1755154813
222.328708989,88.1948870346
222.777684102,88.2484381677
223.259652666,88.2586257124
223.892173715,88.2703736421
224.329210041,88.3829202229
224.986400848,88.5088356304
225.360940583,88.570678287
225.825349597,88.6120177914
226.585102447,88.6283958751
226.981619404,88.5841805665
227.519580748,88.5577821491
227.95928282,88.5296684572
228.352203375,88.5527706131
228.910847724,88.4979302651
229.292714347,88.4340102173
229.66421928,88.4110500525
230.093675438,88.3152427705
230.322752441,88.2309854981
230.698484782,88.1191480478
230.956892246,88.0889314157
231.234403369,88.0260222298
231.738927267,88.0689982065
232.101329005,88.0887685363
232.653650199,88.159876096
232.959015596,88.1655480167
233.332421043,88.1955090826
233.821342151,88.3422588523
234.187040743,88.3587677601
234.600307641,88.3908900959
234.771838849,88.3875689171
234.851740383,88.3432419205
234.866580856,88.3015186212
234.995267102,88.2907858256
235.216288408,88.3403672417
235.484824166,88.4921940447
236.008501099,88.645789641
237.272696377,89.0807601571
238.370181175,89.3067603036
239.543808808,89.4717784175
240.472397119,89.6615724432
240.797996473,89.5932928459
241.266916734,89.4743799541
241.461357171,89.4143621345
241.646342335,89.239093406
241.662785065,89.1427566368
241.724923906,88.9481041016
241.717024132,88.8286101575
241.623392712,88.7822021204
241.454748825,88.7425944319
240.982026244,88.7547993668
240.190262008,88.8829140081
238.942669878,88.7650350951
238.212091275,88.8028953666
237.521396996,89.0660272116
235.627433935,89.4802278494
233.233188832,89.838803517
229.331676045,90.0259394114
226.576990775,90.4215602239
223.55832542,90.7995271698
219.382475505,90.8814111913
216.619826922,90.96214754
212.773567637,91.1100689852
209.918299446,91.2440042042
206.146398293,91.5689843877
200.35505388,91.2906870995
196.689257795,91.2562735868
191.812693873,91.3185640278
189.228647602,91.5016197277
186.940260714,91.6762905689
183.860987611,91.8843088141
182.031260345,91.9423481678
179.809650191,92.0873001266
178.437195209,92.2976872307
177.316552822,92.5419415517
175.53295607,92.7225740363
174.531708956,92.8363172686
173.420525703,92.868526473
172.976981418,92.9170286853
172.659181865,92.8698961178
172.402705332,92.6765531738
172.166645233,92.5509157273
171.947833333,92.5100939772
171.356735018,92.4630884119
170.956443293,92.4698462286
170.276287448,92.4598607275
169.81962335,92.4011107561
169.372883415,92.4192937623
168.786550617,92.4414722227
168.528051781,92.3746090961
168.306275861,92.2905073514
168.206665872,92.2356178834
168.143035812,92.1804542881
168.064197911,92.0726683805
167.978976984,91.9713937094
167.806249925,91.8304276458
167.662307663,91.7776176632
167.507146366,91.7831784898
167.18578595,91.8608188361
166.974362722,91.9019265521
166.71706214,92.0110848831
166.567043622,92.1137020471
166.410078608,92.217531816
166.254934642,92.2535346407
166.164231408,92.2860584752
166.112829342,92.2819234735
166.052190647,92.2356802366
166.027693385,92.2110286528
166.000143395,92.2006394829
165.987083649,92.208493211
166.00668003,92.2147754466
166.0390729,92.2150203765
166.100536372,92.2144858992
166.243911483,92.197516214
166.443875109,92.2237489529
166.777301105,92.2633111512
166.894981137,92.2903998542
166.975082493,92.2870632405
167.024363084,92.258652288
166.995933144,92.2369410382
166.94638484,92.2344884268
166.858964937,92.3144346576
166.849880884,92.3262012753
166.915333513,92.3985433501
166.972152162,92.4085518066
167.011826198,92.3892587558
167.01080459,92.3891855724
166.980445141,92.3829948654
166.935652968,92.3511400989
166.919764291,92.3494195421
166.920018752,92.3516346903
166.94930075,92.3524998819
166.950375515,92.3476099552
166.933357845,92.3161616318
166.919196676,92.3049375865
166.88799556,92.2947535302
166.85903198,92.2808345808
166.831460758,92.2628896503
166.785968599,92.249431801
166.706397988,92.2632533256
166.64821307,92.2992048911
166.617135808,92.3333346784
166.643391461,92.3456831256
166.712875498,92.3427985355
166.749821686,92.3229077911
166.760533619,92.318773225
166.166864607,92.3120900302
165.224858299,92.2394923798
163.620263564,92.1584135963
162.596132699,92.1792857706
161.684705426,92.1848847589
160.320976533,92.2185381762
159.391639859,92.2263126706
157.547451534,92.3018169749
156.112233602,92.4241464934
154.617789905,92.561854817
152.105390281,92.852615742
149.997741191,93.1396457485
147.738424297,93.3561211553
144.055107922,93.8621813655
141.504840147,94.3162703353
137.418432614,95.1663512315
134.329951315,95.9710374146
130.95984053,96.9205133102
126.103983536,97.787642727
123.254933728,98.2119187659
120.38352381,98.316346373
119.273682102,98.3394251362
118.695515739,98.0729998558
118.15464268,97.5925805725
117.598037521,97.4620756796
116.200874342,97.3828285328
114.81360276,97.367990828
113.312951706,97.3160524652
111.026346292,97.2890817226
109.764024373,97.2118863929
108.545902955,97.3553707218
106.429153185,97.6515007254
104.709084701,98.0280023056
102.230133012,98.1542959861
100.802627408,98.1171227227
98.8274268909,98.3369951792
97.5743713631,98.3502134448
96.2866802553,98.4097085786
94.5082035034,98.4987667496
93.4816145862,98.5743658597
92.6234684964,98.6750616799
91.3242570838,98.7062519325
90.2594608765,98.7400988963
88.7299624114,98.5500859777
87.651010718,98.332912773
86.5385814312,98.0773174493
84.6996311246,97.1636609055
83.0117679638,96.8291351706
80.4209778542,96.3262398896
78.8586068678,96.2530307116
77.4466487246,96.318873062
75.5765275338,96.2572676963
74.3499515015,96.3505510714
73.0743575129,96.4787772941
72.6558072891,96.7470686878
72.1790780508,96.9088510846
71.2229703295,96.9744012532
70.7856087903,97.1676875277
70.3243251534,97.5183325828
70.0405464982,97.5017398497
69.5109887893,97.4668245788
68.1887984442,97.5626703425
67.0462790309,97.595898786
65.398309804,97.7265074773
64.5499969259,97.8310541018
63.8771296279,97.9264314378
62.9259289188,98.0829607401
62.1090839623,98.0271162344
61.1831373221,97.9787508602
59.5456983043,98.1381304876
58.364577131,98.3402750125
56.6022289084,98.8752241461
55.4589172882,99.1688187855
54.2676530917,99.3166443992
52.8313250578,99.0913706671
52.3415166317,98.9959461937
52.465020304,98.9176029068
52.4787587799,98.9772023181
52.5022070387,99.0992734504
52.9660999765,99.52982466
54.3382787945,99.3001417971
59.7990729157,98.2580566227
65.0791817293,96.8976909334
71.4748165124,95.7340028018
82.867338382,94.2804623815
91.0660464559,94.2258555792
102.939080628,93.8197653238
109.87032147,93.592790212
114.619702024,92.3002534898
120.945802475,90.8002324006
124.431653798,90.4428660126
128.602052806,90.1318355564
130.316658356,89.7957987365
131.520662442,89.441389412
132.408465825,89.1165902622
132.518951109,88.8229766653
132.06438798,88.4963064873
131.608038054,88.2206724476
131.114647495,87.9248822856
130.396330085,87.7034191953
130.065960102,87.5908562324
130.054550266,87.762261811
129.748029112,88.5957556554
129.342924589,89.4374463959
128.493494634,89.8440990687
127.861720399,89.8181760832
127.204527386,89.8552606917
126.440588818,89.807650035
126.235111944,89.7324450819
126.41258631,89.6094000305
126.600529092,89.6364244742
126.628640004,89.7480841394
126.32426994,89.9787415762
126.190656666,90.0155439326
126.161572852,89.8965567455
126.358716867,89.6288578208
126.670041449,89.4666540275
126.93792381,89.6566200865
127.059046535,89.7132998398
127.23792519,89.6615753195
127.348142909,89.5857829022
127.474096727,89.4879954036
127.599196816,89.4280968559
127.67993801,89.4497669938
127.781787494,89.5372361494
127.846523173,89.5752645659
127.861506032,89.5871576311
127.931782526,89.5798206095
128.021796801,89.5556172115
128.210076172,89.5479713473
128.190900762,89.6786696234
127.209118377,90.4843954745
125.118010347,90.4228231248
124.67532407,90.3538161273
124.905402475,90.6024567676
125.245062931,90.736717949
125.450505203,90.8081009313
125.714477475,90.9203577864
125.852954152,91.0012965172
126.514026248,91.1226798297
127.729966326,91.1023151977
130.60871196,91.5126592771
137.433177785,92.6316617366
142.738004218,93.2452934871
150.169245773,93.5913696073
154.214917274,93.4254482034
157.558620947,93.1411639349
161.462943272,92.6760728143
162.97965945,92.3551364988
163.89365953,92.0781109439
164.47653858,91.7309557036
164.390723062,91.6948707255
164.24748408,91.641016685
164.206390585,91.5790630325
164.111332419,91.5939257398
164.051237186,91.6558203219
164.077375889,91.6880207886
164.234645211,91.748816385
164.35850539,91.7973530862
164.471087013,91.8175562266
164.61930796,91.8621463935
164.729473644,91.8645271393
164.830402203,91.8380354972
164.885880109,91.8680688762
164.905190881,91.9550810222
164.927567445,92.1055541056
164.924207652,92.1969489101
164.910539082,92.3350713805
164.896849335,92.4013923046
164.88045821,92.4139006125
164.839246693,92.3338604835
164.796463731,92.2116668759
164.800755242,92.0781224278
164.828694915,92.0158562347
164.908098132,91.9653282163
164.93087519,91.92628284
164.94121828,91.8537351899
164.903112733,91.7403383923
164.788062345,91.5636181181
164.658823781,91.4461606805
164.492119265,91.4081681283
164.435223075,91.4455187279
164.400932363,91.5479246763
164.385524817,91.6488114734
164.366461102,91.6832865646
164.322575637,91.6735446956
164.29762708,91.6376858559
164.272503893,91.599655307
164.252490242,91.5216591643
164.253515091,91.4526848887
164.253745508,91.4107679798
164.255998804,91.3627756093
164.23359209,91.3319562318
164.129972004,91.3469379122
164.014443251,91.3402483434
163.74268067,91.3766022228
163.53204201,91.4251001601
163.337869301,91.433722151
162.995399728,91.3926247225
162.72191496,91.3359905562
162.096749246,91.0416090748
161.844680096,90.6273412285
161.813159366,90.2223423767
162.656096343,89.3888940044
163.639690894,89.0399464363
165.025382423,88.7451915082
165.892432443,88.5797041109
166.757704098,88.2715608034
167.552161861,87.9092502924
167.744387277,87.6706151919
167.605610676,87.3557544973
167.265647346,87.193894551
166.892520138,87.0307637961
166.614387742,86.8670764615
166.499971891,86.8194807471
166.368832138,86.8016443073
166.233803866,86.6693176624
166.148214526,86.5975364902
166.545277947,86.5715289661
167.272368769,86.7300815466
168.727852994,87.0329800332
170.925610483,87.6225959272
172.406858312,87.9239596465
174.374578991,88.1942289206
175.461999334,88.3275111026
176.291347324,88.4074799714
176.966172486,88.4579621145
177.136446044,88.4173804492
177.174168181,88.3459357402
177.25581632,88.3125063535
177.364286644,88.1567714158
177.382347693,87.9753571497
177.439065839,87.8907548378
177.565046707,87.8205371468
177.607839966,87.792517585
177.641714723,87.7203968865
177.671331358,87.6760696206
177.663791303,87.6642842631
177.686371292,87.6642450952
177.712057918,87.6921354332
177.784174938,87.7478630483
178.089477649,87.8450383826
178.459239771,87.8978601825
179.177903488,88.0091015682
181.103940849,88.3237353682
183.332982092,88.5573602921
187.996118389,88.9042165677
191.914516658,89.0473671795
197.390260734,89.389471228
200.261202517,89.5456286318
202.632761897,89.5244111959
205.111743795,89.185473183
206.371395417,88.9186079081
207.762204852,88.3952922048
209.738935222,87.9897851951
211.159877597,87.5791895221
212.362928628,87.2252314809
212.901329235,87.0079967151
213.633516087,86.733268445
215.228442062,86.6849508761
216.46236856,86.7533961728
218.282477882,86.6509444107
219.537705821,86.5584774812
220.658024153,86.4954770772
222.23760373,86.4492666796
223.27049748,86.426965048
224.804354354,86.3936570876
225.754494518,86.4558667248
226.601628904,86.427087785
227.62049436,86.4143650082
228.352283534,86.5003660886
229.696529401,86.4473601103
230.510884904,86.4621598692
231.369155,86.4992357689
232.603942122,86.4392954713
233.326310875,86.3936742415
234.023208898,86.3766377663
234.414484548,86.3565018625
234.794488167,86.2871284897
235.424392159,86.2675186217
235.706031852,86.3129728614
236.12795985,86.3174302569
236.308849805,86.2739172582
236.65804025,86.252293532
237.187582914,86.3312351726
237.545746213,86.4435613114
237.804077825,86.4678746979
238.09241464,86.5332511554
238.333411838,86.5618197215
238.527942113,86.5862297172
238.623835004,86.6083994454
238.70358535,86.6585082299
238.928176413,86.7971019368
239.081102849,86.9076465914
239.458164541,86.998414689
240.392886273,86.9472855382
242.708715577,87.0587414185
247.471589378,87.8700250661
250.692627488,88.0376392822
254.133816976,87.4922084576
255.582652014,86.8600004965
256.55640995,86.2338500572
257.188187372,85.6582976749
257.20862579,85.3435036917
257.145235123,85.0714134653
257.204877925,85.0312176145
257.498297601,84.8841710984
258.297424268,84.6716136399
258.711281504,84.6096575497
258.935319095,84.7657629935
258.947500694,84.988707084
259.032840559,85.1121714908
259.109372507,85.1328713716
259.127907712,85.1608429579
259.060518436,85.2082305543
258.921824256,85.2627106559
258.842840636,85.3028968826
258.802604251,85.3564129934
258.836757779,85.3647831996
258.846402616,85.3563812045
258.807206175,85.3092272161
258.555814564,85.2485181396
258.14087806,85.0384725521
257.858110727,84.8247004617
257.428217884,84.6163068954
256.733813125,84.3155983376
256.031852716,84.2772072472
254.735796431,84.4022502243
253.517539101,84.5277388317
251.78060448,84.7512375391
248.020220453,85.474213088
244.612039416,85.9616531254
238.548615914,86.0849611651
234.785425886,86.0251624489
231.221579356,86.1221948345
225.605166611,86.5076759551
221.133288019,86.8191906047
213.089041409,87.4179188691
207.757241774,87.6856562602
202.803104411,88.0027013679
196.604908332,88.6099711394
193.242700892,89.1380794857
189.042080922,89.7555047751
186.590230397,90.3525150806
184.083303112,91.0148439537
180.225872252,91.7784597727
177.80578287,92.1671786217
174.661826113,92.495306024
173.143088963,92.5210366612
171.97795455,92.5847920448
170.823009063,92.4635102209
170.208130921,92.2549639747
169.490116959,92.0234159141
169.162292429,91.9973570377
168.815383501,92.0703189705
168.167432037,92.1058441516
167.685165709,92.0281442621
167.194018441,91.9156257718
166.619994942,91.8373273548
166.385768066,91.6435396478
166.157358189,91.4492804243
166.035774161,91.473708575
165.834107009,91.5014896679
165.392824957,91.4012861524
165.049616545,91.3644517827
164.512429975,91.3220192144
164.271381853,91.341593344
164.085927561,91.3651553521
163.622282575,91.4832448014
163.180946444,91.5683452292
162.499098348,91.6461233127
162.075656481,91.6588552953
161.778853741,91.6549372041
161.616699876,91.6522392943
161.467858603,91.6002648313
161.272410804,91.5101620174
161.051864152,91.4304362384
160.803431568,91.3610304827
160.470249839,91.312661336
160.22302868,91.362426162
160.022709923,91.4124905135
159.792224837,91.436450554
159.647516286,91.4625141338
159.387074483,91.5281014387
159.193746034,91.5340643558
158.868857323,91.5473608509
158.641394601,91.5483624372
158.428237491,91.5474852121
158.173239588,91.4915045342
157.998996068,91.4842802622
157.780081875,91.4492907649
157.709359832,91.4391425396
157.638456069,91.4262384514
157.288155733,91.4337889627
155.542715598,91.5071654315
153.190794591,91.2447195846
148.556112218,91.14455583
145.185145046,91.2504143406
141.352467059,91.233633662
139.344762065,91.3900666869
137.826147683,91.475600204
136.47190556,91.5568301609
135.998139798,91.6679347017
135.614201239,91.9233227859
135.448539727,92.0487700673
135.340834125,92.1091973463
135.092444321,92.1852003833
134.951901451,92.251344394
134.683106306,92.2493896814
134.538142667,92.2712783218
134.413718436,92.2556857559
134.293458179,92.2502173117
134.241583259,92.2691566956
134.202969665,92.2867976165
134.193844929,92.2728793635
134.190688796,92.2446412212
134.181247262,92.16057314
134.15611623,92.0862305274
134.092436817,92.0000570107
134.076106427,91.8756624063
134.098904208,91.7535264392
134.134899184,91.6246929737
134.163958184,91.5335150981
134.147958871,91.4980882388
133.963009537,91.5376600765
133.632839226,91.5129420719
133.119210101,91.2208489531
132.777230338,91.0841076897
132.471512389,90.988719508
132.248033966,90.8586026368
132.163923597,90.8020361369
132.083254228,90.7689136135
132.049915256,90.7391931371
132.044987784,90.7322681868
132.082163292,90.7325083101
132.131814731,90.7010949495
132.198265179,90.6906134583
132.211049502,90.7087639741
132.193133647,90.7314803663
132.174151134,90.7160998082
132.164812846,90.7144868166
132.282101676,90.6307536041
132.597361218,90.4653648905
133.234710919,90.0689015272
134.749045786,89.4724919945
135.735464603,89.0548937407
136.736411596,88.2022199693
137.310800808,87.6748740312
137.719516873,86.983294029
138.092819494,86.1626972746
137.711341375,85.6599565743
136.547219971,84.7745332253
135.759505907,84.2884722385
135.112685376,83.9261061695
134.510685634,83.712176524
134.345989754,83.685547373
134.322330272,83.6906001379
134.265042536,83.6540863997
134.200002321,83.6666949216
134.156916097,83.6559416143
134.09850658,83.6926208484
133.98217684,83.7851678787
133.840671737,83.9131143193
133.735611673,84.0916824035
133.607589958,84.2697642752
133.564711917,84.3256348766
133.563490947,84.3357434723
133.605880206,84.327824731
133.684203924,84.3099798444
133.818314324,84.2660826861
133.922544638,84.2178148226
134.015967885,84.1613797336
134.104950758,84.116708364
134.133470064,84.1262041371
134.140227491,84.1423542456
134.083239133,84.1863337814
134.010765337,84.2416868413
133.864766499,84.3196240654
133.757091722,84.4072871599
133.587216361,84.4325931276
133.411884158,84.4661539151
133.229848328,84.4860718646
133.115557604,84.5179281259
133.110852755,84.6089473282
133.157544648,84.7035044994
133.188452842,84.7408110433
133.189356263,84.7407281989
133.132309448,84.6595530343
133.081052677,84.5914645464
133.103433005,84.490337219
133.229179906,84.4669614416
133.433244752,84.7526388406
134.642686083,85.4696706574
136.332319459,85.9286719416
138.480757277,86.3118907732
142.923051297,87.076751175
146.102645654,87.959893744
150.521500176,89.2181323629
153.088471236,89.9604419754
155.493903428,90.5419501755
158.933312239,91.2490652266
160.753841144,91.6360827133
162.966299059,91.7403851672
164.435528054,91.7116312333
166.046487572,91.65419362
168.225252791,91.9123232604
169.58028561,92.022783925
171.495649044,91.9637546449
172.746319922,91.8600317674
174.322799164,91.3797461874
176.978144668,90.369355098
178.212787259,89.9989834445
179.353151666,89.388188774
179.911350286,88.9851092619
180.530615065,88.6210551583
181.589310968,88.2745055283
182.281775474,88.1828177305
183.110819077,87.987905774
183.436054003,87.6977568176
183.657230426,87.4971462431
183.73589156,87.3504371429
183.87547114,87.2111909572
184.008274908,87.0675202825
184.064764144,86.9694191475
184.108069738,86.8847792167
184.097217551,86.8872459564
183.959407391,86.9429532548
183.647264195,87.0318464327
183.360258685,87.0966723295
183.002517475,87.1300236339
182.584473755,87.0426458874
182.406115476,86.945792851
182.200984695,86.7802746075
181.832990378,86.4675864957
181.528873683,86.3035574828
181.202989557,86.0413661892
180.846919469,85.9870611483
180.326466254,85.9281606259
179.432468171,85.9146894074
178.714446591,85.8753422718
177.375207492,86.0363511474
176.459589242,86.1305631595
175.541117686,86.213461867
174.327088506,86.3528599242
173.758033153,86.5309764325
173.340538169,86.7603099848
173.206922197,86.8228115893
173.205223746,86.8907148885
173.210242628,86.9542392866
173.270616564,86.97966849
173.438248308,87.0288144877
173.541198627,87.0759990369
173.649358463,87.1189109865
173.757426516,87.1745730065
173.789360949,87.2253573838
173.770762449,87.2921188798
173.686659118,87.378972892
173.541888419,87.4671452065
173.081352763,87.6740860032
172.529088611,87.8144603096
171.992056035,87.8871990492
171.087520441,88.0062430188
170.53011314,88.070665316
169.746706232,88.1104279567
169.308344099,88.0898926472
168.738728027,88.0206363546
168.533320828,88.0585409839
168.487729085,88.0893482531
168.346569508,88.1178241189
168.276476247,88.148879093
168.16842082,88.1383062574
168.044890616,88.1132545077
167.982055478,88.0981292298
167.95149259,88.0563132354
167.944952223,88.0580067515
167.937348385,88.0561359611
167.93239669,88.014942803
167.941111112,88.0116738006
167.921313687,87.9707345382
167.885406794,87.9322563797
167.807681825,87.9131303292
167.682421715,87.9587948899
167.58238525,88.0712474926
167.366572015,88.2957741728
167.132769566,88.4498075656
166.58469565,88.6754829385
164.928963256,88.8696724798
163.356303317,89.0051499879
160.233563799,89.4606508467
157.188617391,89.9197283388
153.5125474,90.3402765424
147.0848318,91.2285983481
142.670116632,92.0278658113
136.333943454,93.265986229
132.349422157,94.0023828561
128.537915592,94.5900403088
123.078232564,95.5420913576
119.643288571,96.1230855926
114.72278474,96.9388588425
111.657382455,97.3813981271
108.556173726,97.8364493905
104.530390108,98.0657774893
102.21837678,98.13925984
100.107803994,98.2561392022
97.2433422485,98.2422673622
95.3974583734,98.2250833873
92.4940745447,98.3042557859
90.508691668,98.3245194074
87.6645496104,98.2081019406
85.75239599,98.2691962684
83.960609086,98.1727516382
81.5487979259,97.983853817
79.7932299466,98.1293739472
77.8115932577,98.3362198152
75.8474084914,98.5083903147
73.2064580267,98.8550261336
71.547845627,99.1680479637
69.28778636,99.5482362351
67.9183510077,99.549106911
66.1304718603,99.4365494708
65.2151078015,99.3358386088
63.7203911422,99.5518666632
62.6480004028,99.756180789
61.5544110231,99.9490338085
60.0639804909,99.8482187093
59.2276588179,99.7786152329
58.0503746902,99.6473081672
57.2049479947,99.4325230371
56.2861133123,99.3963254873
54.9777039801,99.313273599
54.1629033141,99.149696821
53.2525539951,98.9365563833
52.6845827295,98.8578310206
52.0706827134,98.7025212605
50.976324123,98.6599926509
50.0829004425,98.6559662738
49.1309431146,98.7140344572
47.8068310616,98.8811647873
46.9698495114,99.0563840404
45.7365705415,99.1564729009
44.8812459251,99.2735167769
43.9507327585,99.452099073
42.7452306805,99.7506668328
41.9428911372,99.9944513737
40.8018962162,100.286759535
40.0569230866,100.367859924
39.3107622373,100.402091573
38.391002177,100.204877922
37.8134360108,99.9023418207
36.9065115699,99.5412958357
36.0556839365,99.1935992248
35.0495025057,99.0550185275
33.6330087156,98.9309380828
32.7263308981,98.8976069292
31.3797819394,99.1237832571
30.5574043287,99.2025292603
29.7529550385,99.2806105844
28.3296167342,99.4426218626
27.4850396188,99.5414555024
26.6795787086,99.5411727728
25.6037541014,99.3054139457
24.8218002434,99.2610593621
23.4382929228,99.0850740923
22.4277353263,98.999625004
20.740810342,98.8638156719
19.7791209473,98.7506110191
18.9871150794,98.6915540755
17.8765414934,98.8009726481
17.0427350112,98.8990535827
15.386566819,99.2395661134
14.1678890913,99.3302351117
12.8965568595,99.369128487
11.3145432625,99.6907900435
10.5058782571,100.366186138
9.93438726313,100.951991248
9.78795781453,102.230728097
10.2188637082,103.026367756
10.8270322837,103.465528701
10.696776946,103.270535555
10.1807173848,102.95803885
8.75894418174,102.472352288
7.94057824914,101.994632301
7.07536957389,101.742052524
6.74625031783,101.679949019
6.88040713193,101.761183824
7.25989488602,101.786628198
7.43713466107,101.612240317
7.45475061861,100.789118956
7.4033286861,99.1828903357
7.76826680438,97.6556664786
8.91274190999,96.3709873116
10.0636167261,95.7723030094
12.881397631,96.023253476
16.0710918544,96.0358558855
20.18912931,96.2269494129
27.1246212764,96.2984832478
31.5176717712,96.2361721601
37.247565892,94.9266939125
40.258189825,94.0810815371
42.1399059776,93.7255119351
44.2180152454,93.8092264594
45.681446833,94.0264222145
47.2422890344,93.9048030076
48.338035803,94.3493042153
48.9289967566,94.6555963385
50.1921710542,95.27455278
51.2138913817,95.6889581882
53.1414155787,95.9382670319
54.9471301993,96.2297596397
56.3390958598,96.1773938207
57.8943789595,96.1747242024
58.6514756525,96.4286249756
59.549447484,96.6403406138
61.1814937938,96.7811537476
62.3703152712,96.5468554454
63.6290319778,96.1637243403
64.2063948696,96.0547269263
64.7734135676,96.0843127597
65.4088142684,96.1469614688
65.8614685863,96.2292806836
66.4218269524,96.3493850902
66.6834670255,96.3572430057
67.1045332531,96.4434397267
67.6383576142,96.3437133082
67.9827769032,96.280200859
68.2168478549,96.2732152854
68.3871718271,96.3490448897
68.500779609,96.3727606433
68.6909251484,96.3980595174
68.752881115,96.4156352735
68.7016424293,96.4644165267
68.5389178943,96.5334413468
68.4692783132,96.5515423212
68.3763109686,96.5823275897
68.2649699309,96.5370857432
68.0968101023,96.5110846457
67.8776363134,96.4794507102
67.6047300045,96.471765676
67.4003090755,96.4773276372
67.2685180047,96.4357897885
67.0688197245,96.3899342464
66.9208351304,96.3643245498
66.7581421757,96.3350103088
66.6004295259,96.3007907312
66.5233699632,96.286380201
66.4439082491,96.280170332
66.4187208457,96.2483509891
66.375410943,96.2184885531
66.2887641348,96.2085108362
66.1955890093,96.2421678437
66.1516456818,96.2673917054
66.125948205,96.3130138319
66.1319149857,96.3257028452
66.1326299981,96.3788173815
66.1279261183,96.4151125912
66.146397444,96.4522967622
66.1600866077,96.5116348308
66.1682797071,96.5420432594
66.1681317305,96.6160054441
66.1756442734,96.6545751546
66.187547027,96.6848257341
66.1623011435,96.7442936832
66.1176419453,96.7847522085
66.1205514628,96.8304703805
66.1268802715,96.8673562796
66.0945081515,96.9060191796
65.999845289,96.9729681408
65.9483880577,97.0058335201
65.8926452608,97.0276802255
65.8272974252,97.052937369
65.8087124299,97.072138337
65.8085017046,97.0413551233
65.7997445048,97.0488700765
65.7510798984,97.0824255296
65.7234178702,97.0760588164
65.7060838773,97.0811911749
65.6662612032,97.1168273492
65.6319362442,97.1309654314
65.5996374576,97.1549580812
65.5347561546,97.1720530752
65.4490075884,97.205446859
65.3211503828,97.2485625822
65.2469708892,97.2722126749
65.0436322586,97.3292463681
63.9173210536,97.5170201995
62.7523683608,97.8825944373
60.72981355,98.2926955472
59.3251295844,98.5155782314
58.0376271097,98.7737230148
56.3293639247,98.7878079902
55.405737634,98.7667160447
54.172344861,98.7841034231
53.4310126278,98.6826526249
52.7625680849,98.611309582
51.9676705661,98.3796985872
51.4328715109,98.1393167606
50.8187152072,97.5966543748
50.5914773823,97.1831871707
50.5464090842,96.7889246414
50.5948699617,96.3565978072
50.6233446727,96.1346193957
50.5430111695,96.134730648
50.2315346481,95.9758432376
49.7424710832,95.9637912106
48.8343638025,95.8815473286
48.3933227261,95.8624357018
48.0482277457,95.7570837649
47.7444044101,95.4692802152
47.5958400543,95.3413949917
47.4888237238,95.2492683428
47.4811632202,95.1480241096
47.5351565506,95.0374622131
47.5515024865,94.9266112134
47.5475866299,94.9089346772
47.4307882609,94.8198177718
47.3529413356,94.7449525598
47.2281264075,94.63194272
47.132167361,94.4247698591
47.1439326293,94.211016258
47.172434106,93.8886909258
47.0574509727,93.611719258
46.5993554758,93.5250377747
44.9560035393,93.109838154
43.3101825284,92.8370521558
40.4032196913,92.5376280104
38.1203084014,92.2510783511
35.3883265879,92.0126233281
30.1820801621,92.058833432
26.5024796182,92.3030400596
20.8514982124,92.5829811602
16.8263389051,92.943658382
12.8091440423,93.2806104861
7.52824407771,93.8590654885
4.7743404366,94.1384400493
1.94816211388,95.0288827812
0.635091434876,94.8662972334
359.513992747,94.7382250893
357.913574857,94.7713078107
356.823362898,94.9577085959
355.456502687,95.1084284719
354.827677647,95.1374446607
354.179333786,95.431964255
353.069220311,95.81851384
352.232202099,95.8114065377
350.452501191,96.4547889807
349.116567888,96.6538705976
347.609649266,96.9600420689
345.578034424,97.6602939622
344.646834407,98.0370287705
343.714219497,98.2657044176
342.077223942,98.7027949624
341.063166105,98.5255268112
339.304698155,98.6792405409
338.336527171,98.1069044803
337.608008519,97.6246860771
336.712763984,97.6127804473
336.252271579,97.4606556729
335.475760945,97.4618170957
334.93631205,97.3952235221
334.330703905,97.4421951583
333.318067446,97.9394245371
332.845290518,98.1840184861
332.45821054,98.4153034601
332.487759018,98.4621150541
332.485774045,98.4783997753
332.683403123,98.475093996
333.14970574,98.355311533
333.772812765,98.1024855389
334.080968426,97.9227875363
334.384172146,97.7266098831
335.023826246,97.4101546423
335.590731955,97.2709316907
336.989975315,97.0727978078
338.382652085,96.8373716046
340.204060224,96.4419121238
343.240184465,96.0125669588
345.502441395,95.6654253148
349.461603405,94.6854452802
352.633881557,94.0762324322
356.341235557,93.5383305662
2.44573241989,93.0825429167
6.62522464673,92.4944926603
12.631509721,91.9418056337
16.4440418438,91.4674706666
20.0836383839,90.859327712
24.7473524274,90.1392555491
27.4312701276,89.7998813337
29.8836274212,89.4897134894
33.4889668824,88.9876433746
36.1650207449,88.6098513262
40.5134873011,88.3227047017
43.4902191425,88.1643813748
46.660586424,87.9515155009
51.3987979583,87.5872117013
54.6603450575,87.1901409548
59.2843370898,86.709527627
62.2233404665,86.5728824406
65.1260073606,86.5319589898
69.3861498726,86.5101879188
71.8850495083,86.4965155141
74.0201223278,86.3227244818
76.8310448196,85.8913289165
78.506885897,85.4961299066
80.6987080025,85.1052967999
82.7737355281,84.8118514003
84.490106636,84.7116812516
86.6503553792,84.84868089
88.8927664025,84.8894900202
91.7260718269,85.0955603068
93.1443187612,85.0776028423
94.2495046422,85.0497609262
95.5732660605,85.0104628779
96.349442059,84.8411473315
97.6195713893,84.4697722589
98.3730167502,84.2829236229
99.5269746127,83.9105647318
100.458256443,83.6649553965
101.466233533,83.4985641806
102.968521682,83.5929940461
103.811740616,83.5719090568
104.583631122,83.5677618565
105.674986511,83.736103697
106.487822328,83.9082881305
107.822432784,84.2173452688
108.624857725,84.3782839535
109.622815926,84.3532001469
111.247235905,84.4274686115
112.451724468,84.5894283887
114.630529503,84.8550609166
116.114835914,85.03640225
117.556495162,85.0592047941
119.709592324,84.9843476146
121.663137684,84.9439691294
124.642211141,84.7749910476
126.160686991,84.8264855383
127.16168164,84.7026255575
128.85269159,83.9968098404
130.243751565,83.7828033777
133.005404918,83.1478654786
135.239923407,82.9803775318
137.635839302,82.8725669959
141.259354548,82.8161129054
143.492227048,82.7662118607
146.379489308,82.6516778106
148.130344262,82.5477036255
149.491923296,82.6759104251
150.848666602,82.9997171993
151.453637261,83.2666949291
152.191136674,83.2913475701
153.224746344,83.2447454062
154.021402593,83.1964852201
155.157247245,83.1775965802
155.843073462,83.304025045
156.230562147,83.6532485825
157.03659543,84.1420503824
158.350427894,84.2897545847
160.494922789,84.6746811514
161.715860007,84.7026569614
162.647189324,84.6229854804
163.80898982,84.3216545533
164.774206962,84.0794270518
166.450009185,83.9921912404
167.75622347,83.8760699359
169.08464897,83.7945021727
170.913527459,83.5266765428
171.898849301,83.2927727717
173.241716655,83.0455007372
174.129518152,83.0092980296
174.980916903,83.0222187744
176.190549043,83.0462675525
176.981741812,83.0148617182
178.260724591,83.0139362211
179.204070291,82.9250569683
180.206270482,82.8968517154
181.808500479,82.9265293944
182.721026307,82.9560463943
183.782812897,82.6941419969
184.448116155,82.2018614084
185.07373349,81.6949707258
186.020577851,80.8726837784
186.702148692,80.7517217597
187.746940283,80.7799750278
188.331533227,80.9266680967
188.729120007,81.1002582218
189.22710081,81.4548345347
189.368698334,81.5465662826
189.440451403,81.7148420562
189.319329374,81.8867597961
189.133399732,82.1086292831
188.38152055,82.3422908905
187.644530005,82.4578419532
186.784267206,82.5446335987
185.553625256,82.7573784403
184.838675881,82.8333418296
183.969668654,82.991634739
183.466983919,83.2232858898
182.953668713,83.5098075167
181.31221043,84.1830063731
179.718609024,84.7309325199
177.119056296,85.391312315
175.524732343,85.6176351318
174.129590063,85.7825906398
172.428995008,86.171348202
171.525341437,86.4533129498
170.601329687,86.852660786
170.169822919,87.0687161244
169.741371887,87.372255452
169.295923759,87.707401341
168.967438738,88.0616460798
168.399151544,88.6003919933
168.000300567,88.8591330208
167.60494005,89.0502770888
167.349679379,88.8747621774
167.24173304,88.8469216511
167.109919855,88.7713088311
166.854864482,88.5980122066
166.328676899,88.3411813332
164.925010406,87.6038445441
163.65642864,86.9707194867
162.302684055,86.3587347755
161.630956813,86.2008065677
161.342873962,86.257446507
161.251053764,86.5121435681
161.200789797,86.6259812516
161.137171896,86.686966386
161.137043981,86.6065697629
161.099891522,86.7738111002
161.03056574,87.016892429
160.96243835,87.1169885006
160.879045251,87.1229827905
160.658111736,86.9009859148
160.507777522,86.5737608208
160.417779677,86.2082544508
160.414707813,86.0659351006
160.361487428,86.0117062688
160.121904065,86.0170023604
159.879263198,85.9328071086
159.299111508,85.7158717808
158.827845837,85.5514065583
158.382383007,85.2326372833
157.788021299,84.7002042668
157.499258693,84.3985540772
157.396112165,84.1163163013
157.482545885,83.9966721899
157.625456198,83.902352964
157.860200606,83.9807631458
157.87586701,83.9870851825
157.816883478,84.013979065
157.761433508,83.9165488621
157.625800823,83.8983017511
157.303356449,83.8912433629
157.027348955,83.8216900025
156.756883196,83.82488637
156.543648213,83.8185379408
156.329280377,83.7804546892
155.969290056,83.7557872222
155.695174576,83.73113758
155.224465962,83.7136947745
154.80410582,83.8399141808
154.457475622,84.0926318733
153.801953232,84.4949351296
153.622144335,84.5083033905
153.597154712,84.4135609866
153.44711854,84.2398660993
153.209212145,84.0564656301
151.646112251,83.5508118595
149.037245019,82.8602405865
145.919469642,81.4243863468
141.069540612,79.3078761039
137.669962955,78.2123942947
133.465622185,76.7230276818
130.949023958,76.0083738488
128.547414827,75.5283350739
125.633441926,75.1189601018
123.925019247,75.1002109083
121.970986712,75.1754880401
120.943328359,75.3322029491
119.972274789,75.5843681256
118.962775798,76.0057083523
118.460873628,76.3444385811
117.991617812,77.0232492938
117.581288832,77.433084105
117.2447676,77.9189738546
116.779729111,78.4745716508
116.366800808,78.7812477008
115.918833231,79.2198792112
115.621533821,79.4672493243
115.195750059,79.5369783969
114.818887487,79.398561633
114.842221146,78.7618543663
114.944401993,78.1148689911
115.032501856,78.1092695873
115.045078211,78.187086114
115.040957388,78.411446176
115.012284576,78.5509637211
114.985460786,78.5962129753
114.865686455,78.6677947177
114.807244783,78.709133834
114.656157042,78.8540456222
114.611807638,78.9830356079
114.529911856,79.1741962409
114.183755088,79.4683897706
113.678030859,79.691558424
112.940972165,79.8440549184
112.395279269,79.9732265663
111.947006238,80.1209657747
111.302036592,80.4628582653
110.730539988,80.6698727153
109.797657543,80.6117242996
109.068575709,80.615801244
108.327355618,80.6630480452
107.189940708,80.6939094118
106.517756045,80.756978917
105.547295307,80.7911600201
104.965961523,80.7905371739
104.336482017,80.7875155461
103.568143475,80.828765966
103.143177595,80.884195329
103.182680989,80.4509145608
103.266445036,80.2294660448
103.297475213,80.1953010368
103.216930365,80.2695152354
103.07371917,80.4349344031
102.696695361,80.5673754616
102.511883884,80.4770096375
102.262982871,80.5074950671
102.257528438,80.6377406669
102.904083579,81.1428780969
104.642099939,81.7309269587
106.211650087,82.1454766704
107.736702217,82.5422225814
110.062244906,83.2306088342
111.234530689,83.7522432717
112.232274768,84.1653067253
113.274314776,84.7227570976
113.643287015,85.188612828
113.995768169,86.0712765625
114.092650302,86.5976981658
114.1357865,87.0213610958
114.240932862,87.4738718722
114.406625065,87.6462204952
114.6962582,87.939420411
115.003794728,88.0477272428
115.323413795,88.0541398352
115.770708,88.1162832141
116.115789496,88.3147214537
116.793346916,88.7315139977
117.355215137,89.0642059088
118.022288703,89.3008301273
119.493681165,89.6503653242
120.566425928,89.8671153299
122.212567813,90.037070757
123.214309469,90.0387409522
124.118365546,90.0173212134
125.174817444,89.9596848814
125.744652461,90.025456801
126.72908375,89.9854348248
127.678518819,89.9701679644
128.889194324,90.0999405999
131.540429308,90.2790451605
134.323704796,90.3923580902
139.315946618,90.6715709777
142.771457365,90.6448999698
145.968161983,90.3440268335
150.422938488,89.5619826361
153.13394259,89.0022327712
155.647487023,88.5880769556
158.708313189,88.170847884
160.32716693,87.9322857754
162.349215221,87.5235025949
163.558715521,87.3281147967
164.708940868,87.1316782501
166.144049911,86.9499337991
166.951135478,86.8546113441
168.24260459,86.5170030983
169.271972732,86.0493142248
170.441481007,85.7721932857
172.396773172,85.2561684868
174.044702114,84.6617177963
176.55970696,83.2223270388
177.970270331,81.7669231147
179.316992401,80.3963972584
181.833366891,79.4701480121
183.883720157,79.0440757178
187.028859872,78.4071519633
188.878781191,77.9691164668
190.339679455,77.6145382572
191.672522417,77.2013679101
192.196584201,77.0434491317
192.566255871,76.7866250843
192.813619432,76.7441750571
193.056776425,76.5609303045
193.092745831,76.5371420438
193.02372056,76.5596625404
192.835063522,76.6185737181
192.896626591,76.6298473457
193.318119821,76.7095103639
194.69469891,77.4277926662
196.371141825,77.5685972453
197.923794195,77.3026515488
199.149964543,77.0229434285
199.423084399,77.1351691881
199.640211533,77.3371153586
200.185610964,77.6868770875
201.278777526,78.3750299454
203.931333358,78.7690861601
205.658140139,78.8497910344
207.462410198,78.7176966325
208.313963289,78.5865805841
209.048512117,78.6444155744
210.22821653,78.6165526451
210.996269069,78.827871302
212.076759153,79.2488573375
212.752041003,79.6211497695
213.522673718,79.9092871653
214.756077224,80.1953771079
215.575339031,80.2341269608
216.977385952,80.2417765138
217.894139916,80.3842762684
218.865620771,80.4598894062
220.439825829,80.3905127541
221.364684014,80.3068247741
222.707153487,80.0822523461
223.632044185,80.0019699054
224.4145716,80.006774047
225.530712012,80.2937235385
226.224515056,80.4525613017
227.210283591,80.8874076357
227.597598857,80.9774347876
227.950427958,81.0647878453
228.313418149,81.2809390033
228.502415458,81.360763485
229.134470854,81.231630316
229.653773882,81.0438558042
230.148525168,80.7936316728
230.753886817,80.4842514219
231.189571384,80.2155209571
231.584170184,80.2403211028
231.844226646,80.6797851697
232.158332004,81.0343850033
232.606509731,81.5283672134
233.188376248,81.7173077093
233.776572228,81.9090602774
234.927070394,81.9622350595
235.709850084,81.9159254847
236.811301343,81.5871203843
237.613161121,81.218919609
238.44550841,80.8724244491
239.857065154,80.3502116296
240.749416063,80.1200916602
241.937480678,79.7991746659
242.743152141,79.4949235132
243.44964457,79.3021036672
244.399895821,79.1036250146
245.052241275,79.0016587643
246.002495963,79.0733129877
246.67182526,79.0248996635
247.307230272,79.0335291697
248.137515485,79.060784239
248.670492374,78.9696989569
249.608730928,78.7028096883
250.160080527,78.6833956246
250.771797774,78.6772526552
251.667422234,78.7072958169
252.274426214,78.7366294858
253.24037172,78.6742335872
253.900775873,78.6502091357
254.432966137,78.588401997
254.617111017,78.6841158466
254.543463236,78.6885619363
254.254004533,78.7568064616
253.022056707,79.1749322318
251.386552591,79.6040911162
248.297904604,80.1939190738
246.093325119,80.5965244908
243.826924829,80.9587521973
240.605715523,81.4623385409
238.297103451,81.7362342161
234.398037437,82.1385259906
231.380254163,82.2555940225
228.237118507,82.542098712
223.612945576,82.8026854365
220.616678665,82.9814357643
216.142257692,83.4120455085
213.341588998,83.83797286
210.621631752,84.2516171265
206.540112998,84.9416152855
204.019659181,85.2378572317
200.521593243,85.6657212841
198.323773542,85.9093730119
196.18641267,86.1738483165
193.253242306,86.6401287708
191.351197145,86.9174644456
188.759809318,87.3432980155
187.214513263,87.6004933551
185.793729079,87.9196664935
183.94739325,88.2950418305
182.849344396,88.508856541
181.453194236,88.7690087487
180.630783999,88.86052609
179.901117643,88.979294068
178.878521418,89.1378764013
178.291565745,89.2496167441
177.327433452,89.3415924799
176.66153972,89.3834163095
175.908117167,89.448704976
