181.892036604,82.1603118891
182.387485891,82.4554292647
182.491837826,82.4304877964
182.666126474,82.3090901778
182.765909389,82.0936499273
182.756460193,82.0498613352
182.779953797,82.0157465469
182.801396016,81.9347102158
182.824120534,81.8622313743
182.834699905,81.8369522007
182.850529866,81.7916061933
182.906539936,81.7262424986
182.960561311,81.7178351521
183.04446206,81.7317473297
183.133068323,81.7791776956
183.207580444,81.8434723987
183.334446984,81.8841763326
183.500007943,81.8652021712
183.709485674,81.7881753548
184.02724922,81.6668941885
184.184305693,81.6429250368
184.409863999,81.6683887769
184.549122662,81.7430815653
184.708957778,81.8464877188
184.956014846,81.9990336365
185.25538012,82.1166246813
185.69620644,82.2660417409
186.049666798,82.3804942149
186.54063346,82.5612221059
187.68285757,82.8304979311
188.771903441,83.029369338
190.875046498,83.0873155175
192.352271315,82.9246888719
193.712011883,82.70451956
195.755852846,82.4334455816
197.248137523,82.3735192155
199.835609625,82.3365024596
201.672609453,82.2928111185
203.526418151,82.2827241269
206.504466832,82.3948044806
208.557987658,82.4712055397
212.470116837,82.8256138142
215.303931349,83.0736277535
218.52820618,83.1306691717
223.950088772,83.0371352319
227.675542599,83.0878975456
233.205317076,83.0083041071
236.561270322,82.8310545493
239.725460441,82.9825777417
244.080575743,83.2190429175
247.090164803,83.1325094959
250.142996093,83.008662916
255.127796873,82.6177996
258.781703817,82.2979220654
264.410075271,81.8179033829
268.186703289,81.5942136002
271.676197765,81.3055347857
276.416540722,80.8743975904
279.076784603,80.7905203215
282.034604719,80.8545220344
283.4591082,80.9647845201
284.727690135,81.093488896
286.695788234,81.3541841236
288.103478093,81.7525962269
290.364127956,82.535254913
291.923884324,83.1120344006
293.664226285,83.4819056797
296.660599939,83.996582228
298.83806952,84.3306589414
302.276643639,84.9524174392
304.707470266,85.4573778019
307.036280085,85.9155295254
311.010039559,86.2923908519
313.995751742,86.5454011503
318.801284135,86.8434273566
322.06650889,87.0293501855
325.282495876,87.1922301963
329.879877082,87.3020068175
332.619922385,87.294709422
336.197557701,87.3009028931
338.521704678,87.2381278423
340.890721624,87.1550463518
344.409560486,87.0250691025
346.79548674,86.8840397598
349.09868772,86.7653951073
352.326365256,86.7415560276
354.335853172,86.7093060886
357.432260253,86.4808168838
359.563300065,86.3819609855
1.63541514228,86.3485902249
4.41886538896,86.3205694349
6.05005288596,86.2320675593
8.18697167692,86.0186059053
9.4878584107,85.7481624101
10.7485562277,85.577473771
12.5687588889,85.3180451118
13.5616464773,85.2309726272
14.5204216442,85.2104164537
14.7233070314,85.3409766467
14.5779196389,85.4577218007
13.6690119384,85.6491270679
11.7709780476,85.8324617056
6.75396572452,85.8296137674
1.7649466715,85.2505483516
355.323708347,84.3305734619
342.756407189,82.1931574531
332.670469934,80.3993776321
315.480684505,77.7326187205
303.370407107,76.1468734306
290.802891024,75.0284677289
272.308886786,74.55986092
260.575161863,74.8778976876
243.766456531,76.0471029832
233.482792069,76.7154498779
224.196897396,77.352936951
212.15441198,77.9510823174
205.893641012,77.9747999191
200.224510022,77.9976643535
192.346751916,78.1412452016
187.542014252,77.7939358402
181.274955004,77.8669498476
177.545313294,77.8550770154
174.056830158,77.7590189509
169.186711475,78.0057567178
166.268629433,78.4494640785
162.130906927,78.9612551978
159.503113994,79.214699539
156.844907802,79.3428315439
152.674828116,79.6572036722
150.064040692,79.7293809479
146.781186752,79.7059805743
145.113303386,79.7656059342
143.761257518,79.9495143264
141.773132697,80.2882870737
140.326752892,80.435083458
138.515255756,80.4843648266
138.001646821,80.2824049181
138.118232354,80.1651686424
139.909636137,79.7161486881
141.489097384,79.8727514981
143.064292557,80.0078106305
147.186405012,79.6515733303
150.331789481,80.0688538981
155.819857351,80.2481066173
160.408112778,80.2101810686
165.289256592,80.4508645747
172.009813975,80.9501288063
175.939320379,81.1096344998
181.316250803,81.2182783069
184.166746886,81.2743980652
189.001431964,81.3014761806
191.811887251,81.4442664556
194.197631062,81.9369477859
197.735021846,82.1137712546
199.395838629,82.2959794129
200.818285189,82.3911016761
202.328037698,82.1855947659
202.854056217,82.1301916303
203.146666343,82.0467111871
203.028802917,82.1319444423
202.906316134,82.2322093314
201.798132018,82.5654087589
200.914269236,82.7542564734
199.784476317,82.9420552724
199.461143327,83.0675211811
199.786756845,82.9741825445
201.235980245,82.8448762009
202.770060276,82.8614468449
206.153264419,83.4204070858
209.552976747,84.0643886831
213.443555794,84.3007960878
219.268808036,84.4460841171
221.86206347,84.3667954791
222.339143247,84.0320100275
221.438156708,83.5055653801
220.446988648,83.27864106
219.842365432,83.1618276649
220.023266734,83.0292477332
220.452095223,82.5016154463
220.299608836,81.9671010396
219.818840779,81.4135566676
218.84612364,81.0727426835
218.445670904,80.7733536102
218.261814306,80.6902792409
218.260617578,80.6791086819
218.15535659,80.7455343758
217.91079331,80.5865169677
217.823546738,80.534775681
217.640985855,80.5335770899
216.468127853,80.8242209946
215.152650927,80.8679923435
212.328331203,81.3930217774
209.971351512,82.0733510889
207.089502249,82.9215553355
200.917830268,84.119973725
196.285149799,84.9454618323
189.028293406,85.5605001257
184.875823969,86.3485330706
180.593841931,86.951800833
173.159436873,87.3777367972
168.281458586,87.6201952482
160.540546084,87.7151847699
155.35661014,87.6931784765
150.068152684,87.5125036301
141.196369141,87.6402140851
134.364433555,87.9052671868
122.324454655,88.549013907
114.146871457,88.9507959809
106.235324839,89.3872459337
95.5862511961,89.7884063955
89.7580765056,89.9987149267
82.7047560803,89.9291900188
79.0210890962,89.3858518532
75.4710839943,88.7035179956
70.1015079861,87.8608542444
66.4276686829,87.7143056797
62.1003176026,87.5439134716
59.9374583652,87.2933946673
57.9672663134,86.9994380498
54.4411406234,86.7942562009
51.743759227,86.3081112574
48.8320296286,85.2380178833
47.6180714063,85.236573147
46.8034711208,85.4553611382
45.2351006962,85.6045674102
44.2053823906,85.4322269856
43.3743009713,85.403082402
42.7541822746,85.5867428966
42.5733544241,85.6338542221
42.5267723859,85.6566209177
42.554950268,85.7331547365
42.6531646707,85.7756936117
42.6758781049,85.9216518812
42.7277307945,85.842873913
43.0331569732,85.711704158
43.674973738,85.5418934846
44.1525325568,85.6508007607
44.8883606291,85.4164444596
45.2431690082,85.4518104813
45.6375100085,85.5503135435
46.0367835984,85.7692979572
46.5379448853,86.2041064068
48.2362463219,87.411276694
50.6354827383,88.4992769869
57.3610807162,89.8062448789
63.3854488175,90.7593871252
69.8899797408,91.5372944769
80.6968961278,92.4667595764
88.2562476759,93.2458782151
99.7613684599,94.1360038129
107.487810089,94.7831260525
115.139535768,95.4955065302
125.994136461,96.1621178892
132.945659302,96.1784860195
142.402364737,95.9021516843
148.09897228,95.2872621059
153.38316985,94.2630789556
160.133464232,92.3988264844
164.06513707,90.9352908134
167.428573276,89.0894654294
171.321835309,86.711686594
173.48815998,85.3676261955
175.943483141,84.4966742067
177.220067712,84.5418797734
178.092757367,84.7152735485
178.699708401,85.1651264271
178.838311049,85.4919558241
178.825615956,86.0249636046
178.684905836,86.2410506044
178.606408965,86.4655985195
178.35463064,86.7745525802
177.965476602,87.1991993049
176.990063372,87.7764085358
176.229665243,88.2058798135
175.436171957,88.6478430603
174.176412871,89.1534679374
173.154168368,89.343422929
171.461043527,89.6372908474
170.296859043,89.7777193202
169.115376475,89.9035124843
166.986543902,90.0299725359
165.362754545,90.1429483353
162.919894019,90.2888103263
161.385599997,90.2890442165
160.080282274,90.2447140398
158.130849858,90.3526340448
157.016323136,90.2810448137
155.725926089,90.1536991995
154.932524561,90.1051962254
154.166009058,90.0622868865
153.045504219,90.060510457
152.407376931,89.9437454929
152.03648648,89.8457568175
152.275261052,89.8951137154
152.969685613,89.8391766184
154.741582708,89.6052111572
156.329194598,89.4031992344
157.951884094,89.3184946982
160.857329404,89.3718565888
163.559712489,89.5158591078
169.283869801,89.7062612818
173.331402582,89.7567719364
177.398961849,89.7246302864
183.415061662,89.7808399433
187.401328142,89.7603620678
193.54068727,89.6395868968
197.282036304,89.5355431475
200.651088816,89.4234948802
205.098406941,89.1865920996
207.856406539,88.8506721772
211.622815048,88.2165496923
213.816488721,87.6889717694
216.010287369,86.9881628415
220.023149533,85.6795057102
222.640102358,85.0413564349
226.485658576,83.9028388411
228.562150981,83.2501965044
230.02983174,82.5305288565
231.015291007,81.545346976
231.253752954,80.9459773585
231.670208628,80.2981021517
232.133291806,79.95971876
232.794125641,79.5000163435
234.125043716,78.7951386882
235.413757138,78.2749498963
236.996126771,77.807502298
240.430729649,77.2244384526
243.369247855,76.6877981697
247.928094281,76.0308748068
250.755123853,75.7590629225
253.031915641,75.5913136672
255.67221928,75.1799064212
256.990481567,74.9061832015
258.950686273,74.6058848999
260.173198063,74.1261434702
261.546975955,73.7297798773
264.038412724,73.2242721251
265.733545525,73.0571609225
268.189900474,72.9838532339
269.32496963,73.0417069252
270.170260812,73.2163954327
271.168172134,73.3583106583
271.853318788,73.558036942
273.39243988,73.4839163152
274.585573977,73.4396350264
275.875165497,73.2084330041
277.606558222,73.1849144813
278.646361599,73.1712024527
279.889400179,73.3155521719
280.498649914,73.328034282
281.088111626,73.3833160396
282.156281257,73.5150190976
282.797944871,73.6342704264
283.713974945,73.6014118815
284.356271977,73.4740609025
285.056292321,73.3460528728
285.920165614,73.1408954441
286.405842363,73.0857855279
287.090649906,73.013530026
287.548169459,73.1183473451
288.005889897,73.0742779525
288.613445184,73.1049469074
289.039500814,73.1166590512
289.403828443,73.133356138
289.838439235,73.2597353547
290.002962502,73.2744950726
290.255741547,73.2484970941
290.328437122,73.223211385
290.334018125,73.180160075
290.163541867,73.1571927818
289.990490706,73.1211608597
289.972359549,73.1032282502
290.019398788,73.0934172922
290.024507755,72.9836757469
289.9366134,72.621433952
289.938992164,72.4412592902
289.920371034,72.2346756468
289.813948348,72.0872289969
289.686678603,72.0073907648
289.323447371,71.9743425972
288.941377229,71.9670088166
288.537288745,71.9877525056
287.998293652,72.0808183566
287.430880704,72.24016979
286.402724021,72.5571957719
285.705497534,72.7896021353
284.856581851,73.0646110378
284.3101819,73.2148686741
283.666657453,73.3076197308
282.486051431,73.4954997343
281.521333036,73.9014437117
279.311299659,74.9945745404
277.334433653,75.9083881324
274.987745323,76.8529044355
270.283409482,78.4055394443
266.437989082,79.6715478255
258.273785999,82.1058126571
251.757628403,83.1815811549
245.156977851,83.941315071
235.956531161,85.1706479489
230.249466079,85.8627205812
223.1594944,86.9220588091
219.32554662,87.6316125868
215.955473611,88.2418088837
211.419429424,89.1946272385
208.430202434,90.0147465793
205.152482852,90.7882961991
200.099507101,91.5288361025
196.365589205,92.0750109757
190.501586099,92.7663133343
186.235901432,92.9483068147
181.739103566,92.7856604643
175.301072769,92.1961210166
171.359915535,91.8314208964
166.031901294,90.7703606343
163.171993953,90.4609211894
160.746976274,89.8177461849
157.797019716,88.8645953923
156.033603703,88.2058625307
153.829455366,87.4411928481
152.749035798,86.8806426372
152.168178003,86.4990172119
152.226775448,85.8372013388
152.458848977,85.6874461217
152.866683603,85.5880123122
153.238358591,85.4808302667
153.521956163,85.4421376775
153.769151128,85.2677491448
153.930136365,85.1258145853
154.414892017,85.0770427089
154.956230526,85.0559249288
155.806943967,85.0088856438
157.387111592,85.0618876711
158.638756133,85.015858042
160.833184053,84.887327884
166.258356467,84.9986408901
170.014065703,85.2095742412
175.44644153,85.3737341307
178.472661657,85.6134917333
181.25731816,85.7400968521
184.90083088,85.93563118
187.097420881,86.0704859836
190.29043388,86.3735327739
192.535294709,86.6257017053
194.795956223,86.8044040205
197.951809586,86.9806627159
199.6527016,86.9316479867
202.070675653,86.7095328472
203.475548637,86.5703338861
204.838540201,86.504909254
206.721339317,86.2023156457
207.742888578,85.9834562257
208.829301334,85.6800581674
209.440179193,85.4724079802
210.002637952,85.3266667718
210.697607271,85.2401022602
211.178157107,85.2351158301
211.812196889,85.2854975854
212.023524321,85.3409480349
212.103096248,85.3356521765
211.917428938,85.3802646164
211.041273783,85.473698036
209.184748072,85.6109794259
207.395751481,85.6009432499
205.247840713,85.4419666439
201.396893783,84.6655576274
198.275574371,83.5895794305
194.243671667,82.2196222539
187.172623344,80.3720358006
182.189004563,79.5059594769
174.298818749,78.4388433221
169.063707992,77.6500992307
163.896873829,76.8939790454
156.093706432,76.3213795198
150.617380742,76.3765133818
141.943076678,76.6430056742
135.632902179,76.8688508266
128.915140394,76.9431274502
116.656953605,77.5139631209
108.216276273,77.994925227
97.9350127116,78.6730159712
93.6166968704,78.6732515814
90.6881794023,78.2342421039
87.3863827256,77.6639981645
84.7157231732,77.639984185
80.3472719813,77.5448023692
77.7325729606,77.3356790138
75.0907875051,77.376661371
70.2891758531,77.3168810104
66.7633339668,76.6859948338
62.5728813347,75.8490814718
60.835628895,75.5991389593
59.371363132,75.53709303
57.4579076644,75.3149813996
55.7309759662,75.3251882763
53.1728267884,75.0142495087
51.4435687578,75.1397824052
49.7397582575,74.9790174753
47.1474751282,74.8306836642
45.7685909135,74.7079609706
44.0566609699,74.5458315435
43.1708948257,74.4654584723
42.2189393988,74.4255863233
41.0746289407,74.3805462185
40.2416510287,74.3124029575
39.5334055658,74.1108813179
38.4733196726,74.0479203853
38.0459205242,73.9493186168
37.4631681502,73.9012043802
37.3449132687,73.8860783975
37.0807293111,73.8304357588
36.429345689,73.6421847718
36.2846472903,73.4837511366
36.2390925991,73.3860798947
36.2545621233,73.2888064983
36.2832251551,73.3124516206
36.9772690323,73.3734941379
38.0253311168,74.0340438823
41.7099346807,75.3682318494
46.5902351348,75.9581940031
53.3752344152,76.4047990134
65.5909388634,77.0488220022
74.3481568814,77.541666021
88.1170492841,78.0596493745
97.739738164,78.6758165747
108.316525244,79.0410746133
124.083791454,79.5457229698
133.308688598,79.9216588155
145.269787809,80.6341637347
152.057569622,80.911591858
158.149305292,80.7873855856
166.332493526,80.576836088
171.182612855,80.5390867294
175.753242758,80.5626440596
182.576586379,80.5369597694
186.868540112,80.6123252812
193.006318304,80.8386837455
197.263809637,80.987625899
201.487060559,81.1945748727
206.999506271,81.4816226776
210.2432701,81.6695310066
214.906697917,81.651754897
218.042056438,81.6613737571
221.486750088,81.55913687
226.4016725,81.6418056329
228.884104859,81.5728312369
231.513737117,81.3790605532
232.768069041,81.0994776046
233.843661283,80.8964769226
235.344400036,80.7045584355
236.50253548,80.6880262356
238.0323349,80.6048346586
238.841359392,80.5270084397
239.503254442,80.4680751779
240.034275842,80.1654857694
240.177054368,79.8164612111
240.85713995,79.7887774544
241.504467312,79.9353844141
242.069928354,80.1838189582
242.507663094,80.6201624483
242.448764763,80.7982430522
242.088097186,81.0277027879
241.325575253,81.1844630169
240.265819141,81.2839264093
237.98065094,81.4433131746
236.211977023,81.4666748039
233.39844823,81.5065834954
231.245777859,81.5288899434
228.883906971,81.4458041302
225.560714584,81.3072008108
223.667053301,81.3996156911
221.787888984,81.5500844088
218.833794603,81.9916435458
216.54504543,82.3977095823
212.709409486,82.9540751902
209.609809649,83.3064623448
206.347968248,83.4933361623
200.972461942,83.8268529357
196.9609624,84.0802494588
190.473024864,84.3042827036
185.767788998,84.4443292662
180.588070899,84.3999033042
172.288679116,84.0234196914
166.512230441,83.7296984348
157.936006468,82.9383323051
152.710864661,82.5399463641
147.990121637,82.3343381007
141.894121814,82.4579692335
138.590915286,82.5150257869
134.991990252,82.000832396
133.353371412,81.0478411289
132.220286096,79.6563240806
129.954737024,77.9540178412
128.108796724,76.9354256611
125.24703093,76.3401397571
123.75953349,76.1461901646
122.561301916,75.9743879778
120.980170572,75.4745476356
120.199736885,75.201793679
119.311020862,75.0928697913
118.832847501,75.0747559126
118.30914885,75.0472938253
117.438856472,74.9608860222
116.95579015,74.785688026
116.33734612,74.6022880787
116.1172928,74.4475668925
116.107569015,74.3375775037
116.078275957,74.3000354726
116.132163998,74.2728228438
116.464082026,74.2688874557
118.508511158,74.4649373755
121.656618191,75.4711394149
129.759302271,76.7291040554
136.761022995,77.211483663
144.749481633,77.6402096699
157.68204107,78.446061609
166.295177051,79.4932375388
178.516791354,81.4738269011
185.53954315,82.8075395322
191.885879531,83.6241582562
201.207581254,84.3941022287
206.852604376,84.8799975842
213.959973571,84.717000214
217.668899764,84.1864648908
220.326317219,83.4354314792
222.89992827,82.742371203
223.345076686,83.1983285829
225.728819207,84.1679718021
227.181960775,84.0051486326
228.602237081,83.7525832512
230.505695039,83.0648630011
231.249930249,82.8928149033
231.707440571,82.4489392155
231.850153658,82.4286306201
232.207138985,82.3760074222
233.430186506,82.3713634217
234.551832067,82.3032886738
236.308876723,82.2514757961
237.323251735,82.1764294173
238.503828063,82.0893876932
240.796748946,81.9509375314
242.825567634,81.8327817756
245.468376527,81.6304774591
250.344933216,81.8708759707
254.086848209,82.0298061672
258.082579226,81.9339412833
264.050337268,81.5508607525
269.914291118,81.316480824
273.451494597,81.2506820968
276.98069063,81.0023314924
282.537329353,80.6707570697
286.268163181,80.4726042122
289.900126809,80.047145962
294.565480229,79.7672129973
297.160805493,79.6312484406
300.536076327,79.8441881246
302.741711634,79.9808574079
304.979793031,80.2612820203
308.540427756,80.9485114658
310.803391518,81.3484923161
313.845565999,81.6951114092
315.654613773,82.0089968537
317.393376448,82.2652916587
319.678898148,82.6616949658
320.956084416,82.9158663614
322.253438653,83.3256439494
322.714221376,83.6007009405
323.273970551,83.7093907309
324.710657095,83.7561307591
325.973731105,83.8870918473
327.988941538,84.2381392684
328.984525747,84.6397333893
329.516123897,85.1463629735
329.646953021,85.7210316466
329.749053566,85.91687875
330.26375223,86.5103132409
330.816087193,86.8083016349
331.413393955,87.1207299874
332.351122013,87.3077308392
333.047539712,87.3059210288
333.754777378,87.3626882485
334.77111975,87.5020179011
335.514472268,87.5109761448
336.509263052,87.2257906285
337.29628638,86.9538637036
337.963038843,86.6275894757
338.778249324,86.0700070287
339.141771637,85.6415452795
339.527378583,85.2085583741
339.671795818,85.0233803282
339.766152513,84.8700274986
340.019645617,84.5347983982
340.084767616,84.3677054442
340.105652195,84.0589434696
340.042904569,83.9294265647
339.94850448,83.7557687056
339.767098626,83.5054286383
339.669083238,83.3644295179
339.527394726,83.1428818733
339.478837265,82.9962811283
339.444582403,82.8392194936
339.449158238,82.6918889429
339.441483831,82.6046187761
339.414478225,82.4606004812
339.38068535,82.3905895697
339.385307028,82.3279285594
339.42031337,82.2775561012
339.470991907,82.2256539343
339.598946243,82.1285541522
339.658546197,82.1136800608
339.697839469,82.088227717
339.702572318,82.0832572124
339.672288195,82.0706057242
339.585794481,82.0789591015
339.388596818,82.1125873849
339.272806897,82.1584271527
339.119673099,82.2459045858
339.055646692,82.3292932309
338.988587506,82.4004427367
338.769660419,82.4340905088
338.478475929,82.4482694925
338.067419753,82.5034484733
337.521132498,82.5567289284
336.969998991,82.5129564656
335.667810071,82.4714478283
334.287610414,82.3300187872
330.924328811,81.974760182
327.561357353,81.651446168
322.826444299,80.9744692895
312.640182525,79.1866563147
302.976984258,77.1110995432
285.075431065,73.6210181099
271.795430124,71.7295899532
257.570933405,70.7210347569
235.99937182,70.7481731831
222.536736829,71.6536633815
205.203571076,74.0772551242
195.106189223,75.9643586886
186.557767477,76.9069859073
176.194414544,77.116935295
171.003835086,76.8413166412
165.593291526,76.7894559359
162.897369569,76.8876401696
160.428488354,77.2304691171
157.216560626,77.5255079308
155.388163853,77.9845971382
152.655022063,78.714014648
150.581548499,79.3055462721
148.396480102,79.8380926543
144.886995933,80.8297874271
142.641229022,81.3537070049
140.53183557,81.9010297874
138.481559549,82.1837116298
137.868612553,82.2483148699
137.800346021,82.3065298273
137.847454538,82.2979803268
137.524452405,82.2800240393
136.209684822,82.4302529692
135.156249632,82.4330810843
133.099683937,82.8508402295
132.155170375,82.9641303236
131.261266974,83.1123527116
130.297148262,83.0515723806
129.874295681,82.724264779
128.938933434,82.5649087265
127.751612402,82.4439170492
126.09051666,82.310160474
122.703367538,82.144277874
119.767438297,82.0528495771
114.358109258,81.7503404967
110.386205079,81.3119625651
106.482950374,80.4484991622
101.117013996,79.201123395
98.0656501107,78.249901471
93.9426371463,77.0043290586
91.4620406124,76.1403905546
89.0225334288,75.6575783943
85.5552580531,74.9877050413
83.3484506839,74.6995822889
80.1339132236,74.3040251602
77.9581645575,74.0961798721
75.8041578973,73.8344346372
72.7273695476,73.4768674836
70.8476053877,73.3638053552
69.0424398304,73.2964853477
66.5308016418,73.215791381
65.1770891762,73.2108795374
63.3686969972,73.2745885555
62.240185868,73.4244698312
61.2517064209,73.5830949525
59.9957887919,73.7874993678
59.3446455049,73.9236188083
58.655963832,74.086199317
58.2408960578,74.1794533954
57.9245895492,74.2300770627
57.5404172607,74.321279004
57.4130581559,74.343459904
57.3152465294,74.4145557302
57.2631020512,74.4154377167
57.2144530706,74.4174190455
57.1747137435,74.397078667
57.3138735019,74.3390922713
58.0063330494,74.3088528438
58.4571766842,74.3868720925
58.7738223792,74.4405480745
58.6837951807,74.5839034667
57.9459107744,74.9724858919
56.7670471705,75.2115571444
54.8669580193,75.7962876566
53.7133640766,76.2783705345
52.0885908903,77.1654865825
50.6675489653,77.9969588248
48.9486505949,78.9380732985
47.9693704894,79.3321133269
47.2873208678,79.6141405353
46.6914012905,79.6953888988
46.4184155112,79.6745978929
46.0713670811,79.7755077745
45.8386345067,79.7611672224
45.7700551141,79.7224703253
45.5258019707,79.8529572972
45.5678796394,79.936814587
45.8864858711,80.2957787166
47.1133438599,80.630226596
48.9670536842,80.7562720754
55.1109936879,80.808220833
61.8325179703,80.8843220518
70.1351830321,80.8443444901
84.274536817,80.7005479541
94.3446283959,80.8207019188
109.880199236,81.2048033174
120.496205468,81.6432091964
130.339176943,82.1609034508
142.738679866,82.9219938643
149.624182355,83.2275704068
158.129515148,83.6016522635
162.513794644,84.0016818999
166.216525695,84.4252739567
170.747940595,84.6996813822
172.915629045,84.8883729126
175.290535399,84.9274330746
176.393004869,84.9045887767
177.342359023,84.8605807558
178.73216706,85.1038882428
179.87246948,85.4447016813
180.937079583,85.8107822007
182.593212796,86.2920611003
183.586977899,86.4948906655
184.967888033,86.6181896548
185.701882557,86.7496450135
186.348919372,87.1772374937
186.386478226,87.5367603535
185.670864834,87.8518423113
183.193766953,87.8554398097
180.941413517,87.7932238881
177.934260818,87.7355796189
172.493048326,87.1567714702
168.824195424,86.5796307064
163.348616408,86.2579160893
159.997037815,85.8999618242
157.232983474,85.4511399155
154.328780499,84.6920274271
153.068735387,84.1786884031
152.137828402,83.5838235878
151.842607875,83.5213522989
151.634769009,83.4739724665
151.564722313,83.5430410578
151.338727444,83.6511344079
150.976099776,83.8282915167
150.670453641,83.8277101782
150.505217841,83.724859179
150.517399109,83.5256597738
150.571222808,83.3186542642
150.76242645,83.1073735496
150.813752146,83.0667611358
150.804714513,83.0861276612
150.453981994,83.2026897648
149.998046045,83.2793390636
149.203629047,83.2026283152
148.6875805,82.9661672744
148.119999126,82.7640535716
147.268716682,82.6037658005
146.677186287,82.4692261665
145.538474141,82.2087196209
144.59230022,81.9937896178
143.427896141,81.8878175874
141.314350147,81.9152771941
139.812056206,81.914741803
138.207134575,81.983195696
135.900658528,81.9204314568
134.32094697,81.9160543712
131.872052554,81.8660232588
130.203458405,81.8480685003
128.357726688,81.8476349961
125.308454639,81.6351629747
123.204213866,81.347335192
120.026454397,80.817587229
117.89708633,80.5249777014
115.769502269,80.2673155054
112.650681294,80.0397446618
110.704972258,79.907791481
107.931125655,79.6859949417
106.184812148,79.4752026055
104.523964744,79.4120218442
102.330258106,79.6356179565
100.864584177,79.8671649036
98.7017690061,80.0451670798
97.1619331981,80.0500352181
95.4844197194,80.0128368339
92.9377186371,79.8711082123
91.0765304806,79.7934288873
88.2125945188,79.650014677
86.3125494298,79.4785980998
84.4766793397,79.2310072703
81.8658137848,78.8944007952
80.3161036353,78.6364426029
78.0836967496,78.521166223
76.5930157684,78.5240731742
75.1857075942,78.5646425317
73.3468742501,78.7838270193
72.3067670577,78.9627780727
70.8298720735,79.0178700646
69.8430238482,78.9987497486
68.7277471926,79.0144276589
67.331947989,78.9050337859
66.6192808217,78.8370294155
66.0259755942,78.7073972647
65.5197467952,78.5569877793
65.3724489678,78.511538279
65.1729645046,78.4691947273
65.0541640359,78.4639493316
64.9871493773,78.4499116918
65.0862251848,78.4022867867
65.5549033939,78.3838063315
66.7465208704,78.299088194
67.7833675868,78.2604540858
69.0475465619,78.24060849
71.2806749894,78.3259586477
72.8722278067,78.4784737914
75.2402050255,78.5008690306
77.0967934,78.3836742652
79.5299092383,78.1598468763
85.1526334657,77.7616206233
89.9003147158,77.5013807404
98.8537893494,76.573578753
105.942258089,75.6413959962
113.155372983,75.4025145676
124.376234913,75.5657726416
131.997931079,76.076193231
143.130378113,77.1716175232
150.350743098,77.7817814288
157.145526284,78.5659765012
166.833888298,79.7883547817
173.073884869,80.5961810561
182.457628902,81.4894565051
188.624015467,81.9602360745
194.505844994,82.4924146407
202.975150505,82.950768885
208.525058135,83.0814007784
213.712081483,83.2709968795
220.966928035,83.3655545394
225.537401791,83.3731677646
231.920737224,83.3250645527
235.809703107,83.2355842872
239.266635533,83.0409409544
243.226368334,82.7644566567
244.916258926,82.7265032638
245.835468084,83.0111593749
245.950833281,83.1852549321
245.615081423,83.3712880395
244.038325509,83.3167135925
242.238508367,83.2462956529
238.891418332,83.4422456246
236.538246341,83.4661979714
234.131335189,83.6779530621
230.45920307,83.7362223346
228.126936227,83.7311878909
224.266100475,83.9481851712
221.534810896,83.9968838081
218.820909977,83.9177342133
214.875627724,83.9083374694
212.3288022,83.8200602657
208.317546592,83.93848342
205.639738627,83.9853655752
203.038927317,84.0015414622
199.546628379,83.8702603276
197.554105072,83.6151819977
195.187241675,82.875591477
194.09093112,82.3582797456
193.141352961,81.9731957901
191.802613706,81.6575577099
190.964255793,81.3856640807
189.617173291,81.0130707062
188.688940578,80.9057797101
187.757932143,80.7423859144
186.30277157,80.4542431468
185.333487182,80.3164444553
184.270348172,80.2514772318
182.842787983,80.1974804041
181.964005374,80.1095250335
180.911977493,79.934167564
180.292856166,79.8976918303
179.782125875,80.0062859871
179.097334379,80.536226911
178.603940356,80.8986168587
177.922261309,81.2659895253
177.557617268,81.3949362057
177.409518224,81.3966828101
177.139456954,81.526638356
176.952005395,81.6139654801
176.633086873,81.6267496794
176.392770408,81.4620151729
176.06088597,81.4121761406
175.508439383,81.6076076293
175.407679598,81.6283901105
175.3148741,81.4329348256
175.252435661,81.0764525107
175.304806779,80.6315860123
175.694990203,80.0337363976
176.177385231,79.809828558
176.788398656,79.9632117134
177.923067727,80.5170497235
178.696345292,81.0683992867
179.565339256,81.735194872
179.861338006,82.1159389749
179.938341134,82.4230059824
179.720596427,82.6840636533
179.356789121,82.9255989776
178.516382995,83.2823484663
177.903111065,83.4989997673
177.241136136,83.6964007086
176.348297324,84.1597102957
175.766227031,84.4592165297
174.904585974,84.7982794985
174.383884775,84.9436370245
173.909731115,85.0366823305
173.176790433,85.2394647749
172.802996804,85.420303728
172.310236634,85.5299799451
171.909697332,85.5372360237
171.554959608,85.605118413
170.876547203,85.6077198641
170.348033735,85.6499349927
169.333640428,85.8783096849
168.344973207,86.0776152047
166.96513409,86.2930481813
163.626436427,86.5839450501
160.593852366,86.6561091434
155.823882832,86.6778754489
153.109740545,86.892143689
150.91235311,86.9635365687
148.653040459,87.0568827514
147.888115811,87.0798310003
147.266549514,87.0613834038
147.215124281,87.0687981062
147.242401642,87.0609699073
147.158629782,87.077977692
147.124184683,87.0982062305
147.123926271,87.1001674772
147.272504179,86.9980951259
147.571165692,86.8328020956
148.253533797,86.6369744526
148.758131404,86.5880300024
149.538957359,86.4536317919
150.082398739,86.3242962391
150.655356357,86.2011483837
151.554465244,85.9711687036
152.023250593,85.8943659371
152.423468618,85.7726393831
152.689402738,85.5833788632
152.703281196,85.5339954762
152.72289685,85.3985402682
152.712061673,85.2804099621
152.739921526,85.1678637567
152.869354742,85.0080356502
153.023753377,84.9046825389
153.31737609,84.7672746777
153.49116003,84.7294659194
153.601214455,84.7254871962
153.795130375,84.7089993738
153.925500908,84.7143032543
154.063008896,84.7278149834
154.133331441,84.7221207131
154.168739491,84.7030210639
154.181909188,84.696099143
154.15686902,84.7285511547
154.098003786,84.7694138943
154.062552602,84.778173553
154.030379399,84.793028468
153.978955612,84.8293753912
153.951205553,84.8692552252
153.928630329,84.9453975359
153.903729183,84.9787136606
153.884449424,85.0021542728
153.86585738,85.0389851355
153.872932448,85.0476466119
154.030249175,85.0270683411
154.431252552,84.9521417017
155.047860199,84.8825149235
156.144616835,84.7994180336
156.914267452,84.7032550272
158.084401629,84.6368279045
161.60833247,84.9178984356
165.812968246,85.2913546913
173.282283911,85.7332051579
178.419827059,85.8816836683
183.014538483,86.0172782849
188.683229468,86.1005979906
191.83327197,85.9978690874
195.278423396,85.7807170147
197.091405949,85.5880310854
198.367987849,85.3665904209
199.393981893,85.2751593845
199.623496166,85.2756459381
199.442641345,85.2700912383
199.356004864,85.2251366492
199.000609003,85.1543682513
198.469158571,85.0648003351
198.060327973,84.9914722009
197.427030482,84.7636408942
197.011385141,84.7062274704
196.62903351,84.6473968037
196.233531313,84.4742473982
195.962615664,84.3402836257
195.855803167,84.3218142475
195.742450734,84.2766342771
195.646835395,84.2838633592
195.416901762,84.2681763149
195.107393657,84.2566037293
194.482848894,84.1390468664
193.949973657,84.0985888238
193.226176599,84.0893475645
191.516649271,83.9826476694
189.698084498,83.9275636196
187.107606782,83.7215655031
179.901947914,83.6558386071
173.928352085,82.8150734722
165.72053233,82.449332918
162.367665428,82.7869584793
159.59074819,83.3552601278
156.07437174,83.6246722348
153.926190317,83.5940162871
150.554445253,83.8705599592
148.108444785,84.2127928554
145.413486585,84.7213803375
141.140676356,85.3700342217
138.696164332,85.8878667395
136.019725792,86.6856565518
135.113126266,87.0983495714
134.724708555,87.389994217
135.041216202,87.4946740378
135.27526533,87.6052094498
135.784623443,87.6114189869
135.980554813,87.6369613997
136.116232689,87.6670412816
136.366624833,87.7367793803
136.478550764,87.7920968649
136.498007007,87.9276456809
136.202467362,88.099312129
135.965912634,88.1715925043
136.102755656,88.13106562
136.984841543,87.8698945627
140.030680968,86.8899986416
143.58827421,85.748372843
148.357244505,84.8464954834
156.080277767,84.0834917679
160.834626258,83.0014757278
168.203427181,81.9089033544
172.677509498,81.5262222476
176.842397693,81.3310787919
182.642593998,81.4011586842
186.320306998,81.3610553384
189.920614926,81.3271336424
194.940199143,81.3491692626
197.788583025,81.3542115638
201.505689038,81.3702814348
203.496746822,81.3384019209
205.182315495,81.3099736853
207.347250115,81.1331878325
208.510225163,81.2456636278
209.973734269,81.4893632932
210.57974809,81.6726792767
210.884202449,81.851936187
210.696514254,81.8606790061
210.374152632,82.0523880131
209.31894645,82.2623688905
208.714290241,82.4704906052
208.166392471,82.5612155883
207.413934278,82.9216907364
206.893482161,83.0615918398
206.194731424,83.3662789135
205.7773857,83.4927539697
205.296765847,83.577377048
204.562222639,83.6645440009
204.084902301,83.7611972499
203.493640541,84.2207470172
203.39578915,84.8767704708
203.083774291,85.5590025442
202.433870308,86.4616056381
201.87282512,86.9078126311
200.817710545,87.4226787349
200.068493733,87.7650323146
199.326260889,88.2941583916
198.227737776,89.4575118202
197.49866054,90.1819072218
196.665517331,90.7233225866
195.274049085,90.9702974295
194.275470012,90.9758410456
192.735632454,91.0180922752
191.939974525,90.9755369798
191.522064423,90.8832055217
191.324544185,90.7548778664
191.13353091,90.6002909118
190.725509793,90.3988927803
190.282077867,90.2822829039
189.860947001,90.2013880331
189.250530485,90.0940300993
188.829552317,89.944101499
188.090098399,89.7210551032
187.571827037,89.63137847
187.051620827,89.4617783285
186.267854773,89.0820606497
185.833047355,88.866647815
185.250761652,88.5295696612
185.02214068,88.3517991267
184.919247935,88.3506056805
184.872493156,88.4185617853
184.937546443,88.5002303644
185.166728988,88.554778314
185.314071989,88.503832141
185.397660198,88.4196910385
185.463033103,88.1957649322
185.481635609,88.0644555816
185.532665064,87.9382245146
185.608512242,87.8019671146
185.645391686,87.7020669262
185.604722146,87.5111583174
185.532543917,87.419647014
185.308314532,87.3198272392
185.165292227,87.2837108761
184.990939208,87.2971562511
184.793628451,87.3514270911
184.716447715,87.3509087979
184.638963559,87.35660888
184.564232491,87.3511436476
184.531217148,87.3524031822
184.523655536,87.3758631134
184.539358977,87.387635836
184.582900643,87.3970618445
184.654725506,87.4086074404
184.698425391,87.4265616392
184.721633588,87.4396540806
184.724626307,87.4704855812
184.71989094,87.4883361222
184.70029926,87.5006140854
184.67656213,87.501660652
184.634781306,87.4936339029
184.599571815,87.4815463216
184.551330205,87.5134906504
184.520298795,87.5785226268
184.48886327,87.6282318776
184.468865616,87.6738777648
184.445049539,87.7156645268
184.418857714,87.7449717224
184.37917112,87.7622518441
184.338141514,87.7636842278
184.293993801,87.787834216
184.265027395,87.8134403939
184.247300702,87.8469112669
184.218776497,87.8846599836
184.20029422,87.888055143
184.169619313,87.8935135333
184.154028477,87.9045111583
184.139485652,87.8837624562
184.085126069,87.8224067771
184.074262831,87.7944715942
184.051447673,87.7787227324
184.046051851,87.7882659157
184.057591777,87.7980735029
184.093703462,87.7944236328
184.122718058,87.7765471852
184.151606353,87.7518496564
184.194225308,87.7005626295
184.230955954,87.661097438
184.247927208,87.6300592316
184.249365821,87.6140239261
184.240627089,87.600867753
184.18895019,87.5821276247
184.130911365,87.5793487842
184.036068987,87.5978876385
183.967576921,87.6321365606
183.919648935,87.6467327173
183.835048895,87.6334178517
183.779785765,87.6298293999
183.672178749,87.6184009827
183.628349213,87.6191675801
183.59110498,87.6246599545
183.555880085,87.6353117543
183.547524032,87.6266250364
183.526429779,87.6594134569
183.511315667,87.6803281801
183.501362851,87.6827274807
183.472697843,87.7181930063
183.461767366,87.7279281667
183.446942525,87.6945905275
183.43982936,87.6823633402
183.426364884,87.6774995533
183.390444669,87.7099621209
183.345357069,87.7336097018
183.284027912,87.7767980011
182.75554396,87.907323569
181.835826481,88.0536477549
178.805101482,87.9425309596
175.45992215,87.5028574517
171.035687224,87.0253059189
164.088006235,86.805268717
159.387893064,86.8642480257
152.765438126,86.8465411593
148.957186816,86.701522918
145.532386253,86.5247617014
141.458817137,86.1367236954
139.123736029,86.0815178132
136.216782386,86.0358328337
134.651588215,86.0323151387
133.37899109,85.9922036299
131.825098813,85.9712957012
131.04627342,85.9328350917
130.104239472,85.9648495621
129.460264754,86.0026935137
128.784688376,86.0272805843
127.611078688,86.1372833923
126.761482236,86.2160705546
125.604166173,86.2671610158
124.935725572,86.2650043084
124.429702956,86.2327027116
123.75213816,86.2319637751
123.310439499,86.1910362905
122.801527566,86.211934728
122.438383054,86.2142278659
122.125779052,86.2394263774
121.695302775,86.3077857928
121.475791849,86.3195013053
121.036704364,86.3117399999
120.751614173,86.3007227852
120.502558005,86.3123526088
120.135709644,86.3104635693
119.835232502,86.3314639663
119.503790178,86.3642278772
118.963956591,86.4866795018
118.583512099,86.5432497146
118.208923824,86.5601720825
118.084610599,86.5566869591
117.970318719,86.572625012
117.835217454,86.5759971428
117.775178168,86.5656853267
117.756528174,86.5999251761
117.788555216,86.6581294681
117.830149209,86.7144622028
117.975935637,86.8274436903
118.146746987,86.8951419789
118.626246065,86.9235807924
119.005647037,86.9361084244
119.43706469,86.9213930386
120.18502966,86.7292948332
120.718938594,86.6101411807
121.543371848,86.3785217854
122.054824991,86.1407041019
122.431014904,85.8825073956
122.803608323,85.383288521
122.910315616,85.0062727885
122.822596666,84.902023236
122.625361228,84.9866353205
122.285092223,85.1420159078
121.523518527,85.1579317097
120.93604933,85.1543162504
120.021039245,85.2312143856
119.538050789,85.2213566776
119.6991258,85.1629037505
121.537891516,85.2234543427
123.392324222,85.2006067571
125.675290971,84.9389380786
129.932914162,84.6261527792
133.921579396,84.5996718268
140.495809515,84.8885925184
145.026379505,85.1103701796
149.528069531,85.2961227023
155.679257466,85.6080289939
159.300942795,85.9279145886
163.918439242,86.5040594445
166.687907996,86.9610445051
169.197089906,87.4191420152
172.612893675,87.9151929319
174.473484523,88.1396133187
176.540127967,88.2059775281
177.611677345,88.1943932909
178.521254062,88.1192504401
179.537879877,87.7363477981
180.024968068,87.3487374304
180.374627514,86.936630296
180.387606731,86.7610551966
180.377468891,86.5825086259
180.172291449,86.3435994162
179.897392415,86.225965031
179.148539747,86.1320812811
178.478684081,86.1180133667
177.738479375,86.0437157598
175.922875899,86.011423628
173.778215502,85.8293822253
166.860464499,85.4207102235
160.074831368,84.6977296079
151.313473091,84.0308813899
136.161734926,83.3538466438
125.473073398,83.1825016743
109.18002367,83.9475821848
98.8562993726,84.7501366371
89.7783058892,85.6044243068
78.821145755,87.3952739729
73.6163860613,87.6934143905
70.4856803697,86.89479557
67.9850418186,86.4378217336
66.3213390595,86.5299642301
63.8931670632,86.4387330293
62.6544517741,86.2288590775
62.0434882096,86.2776475466
61.8445216555,86.4071377838
61.5494819452,86.5059502578
60.833191622,86.2073673784
60.2389992523,86.119380552
59.7510757061,86.0887836952
59.8929159977,86.1897573971
60.4244014953,86.3690444039
61.8385687392,87.0421009731
64.0388442727,87.5635488584
67.9869412223,88.1858592857
75.418360838,88.8181779166
81.7178837592,89.0997648424
92.5212103776,89.6495872284
100.197446445,90.1963493664
108.641165621,90.8260718152
121.67374026,91.6354392968
130.41186283,91.8185389096
143.021108348,91.708721952
150.872666267,91.3926989688
157.763068688,91.0787250999
166.186985539,90.6524291865
170.736871928,90.1268919018
176.108588298,89.203324458
178.897408397,88.5801007035
180.993425123,87.9950423808
183.101098584,87.4462063647
183.999111775,87.0331360489
184.718657956,86.9039040353
185.614381165,86.7846103822
186.224457784,86.7290519285
187.322219162,86.5817564
188.050691469,86.38374945
188.793072879,86.2783487625
190.115913766,86.141174754
191.03071091,86.0571360114
192.500292333,85.9176932857
193.456644608,85.7922584017
194.477910051,85.794766104
196.18638235,86.0296367411
197.366693331,86.2088142199
198.93730164,86.4714122118
199.746705169,86.4939274889
200.21274196,86.4830550182
200.346908318,86.2304840101
200.147548404,85.9778276199
199.783970766,85.6272323281
199.564319167,85.3837236721
199.326148543,85.1007899827
198.959837634,84.686661977
198.672020481,84.2684859679
198.1235564,83.3843517201
197.686221359,82.5310972822
197.092768252,81.6223002226
196.008240193,80.1421181383
195.146123549,79.1943380822
193.660327568,78.0635698025
192.62810575,77.3491674863
191.710248426,76.5624021775
190.583306784,75.1283021716
190.385905109,73.8402700933
190.471278776,72.6873484497
191.02984021,71.2378467539
191.792064106,70.5149518177
193.125747586,69.7220845739
194.086173352,69.2791632946
195.034699588,68.8159007971
196.072375988,68.1549270519
196.676020175,67.7719396399
197.735842711,67.3107140223
198.416860911,67.1614287466
199.096284829,67.0417332688
199.924746565,66.8348460025
200.382810835,66.6915725685
200.93921817,66.3310496504
201.107617294,66.201164882
201.11991224,66.1314413415
201.141998265,65.9034150218
