180.517273048,90.5328976667
181.431209138,90.9552930931
181.870554649,91.1014668206
182.076470761,91.244722151
182.545400474,91.2066516169
182.821108651,91.1912473832
183.102547641,91.1578403919
183.321022194,91.1574462221
183.50756118,91.0045789742
183.79239721,90.8396725713
183.886962213,90.8729050507
183.749501715,91.1276021458
183.715677682,91.204299168
183.534458512,91.665137551
183.184737646,92.0826906416
182.899206978,92.4020494536
182.511833532,92.8252728875
182.247832326,93.149791725
182.102438714,93.3705806003
182.137266568,93.6410869189
182.015206971,94.0089340989
182.046754705,94.1875711646
181.953941204,94.7677661731
181.778681097,95.3837387771
181.48903754,96.0976713903
181.333469512,96.2684441085
181.081337788,96.6867078815
180.669150209,97.1166041309
180.563366498,97.2656040273
180.223159715,97.5047940307
180.205180674,97.5727212732
180.134901007,97.7196852022
180.091427754,97.8540387088
180.054783183,97.8526791029
179.901441022,97.816967905
179.750426135,97.7695474382
179.452489567,97.7406251459
178.950722128,97.6941022882
178.546243941,97.7074207552
177.776572026,97.9476885499
177.182032324,98.0674538514
176.490115325,98.3099314419
175.139632611,98.632466311
174.343298344,98.9664580344
173.086394772,99.5060725699
172.15968923,99.9654119166
171.433289341,100.288664232
170.697465908,100.529811206
170.568594944,100.714412658
170.646531343,101.07767098
171.079238549,101.411988712
171.567370688,101.533749404
172.369097796,101.642184411
172.925429588,101.739538202
173.436456753,101.845059888
174.179899799,101.909427333
174.629587857,101.898508928
175.198939714,101.780273058
175.568727448,101.644216731
175.928039741,101.533486382
176.271811003,101.40607341
176.459049441,101.327862544
176.760456068,101.26364358
177.02208275,101.23172328
177.167380052,101.22260941
177.425242167,101.227802042
177.533274967,101.253254381
177.674462767,101.289141299
177.745698939,101.326873475
177.774001828,101.367503354
177.777387234,101.438384478
177.761501192,101.476037315
177.710693203,101.508475934
177.67814604,101.568285519
177.626419782,101.650115267
177.540496676,101.770118117
177.484421477,101.852925284
177.441655759,101.897174925
177.43459074,101.942880843
177.466456024,101.96262147
178.045596834,102.120676903
178.698868527,102.337182313
180.346674135,102.842665816
181.719890954,103.023741543
183.403558956,103.105515429
186.489127085,103.064825258
188.321216485,102.906195285
191.446506612,102.556811091
193.123449874,102.037100939
194.639290079,101.500947729
196.948604041,100.519421948
198.214001549,100.09690442
199.578230335,99.6733581988
201.714424714,99.4297720797
203.269110623,99.4544665876
206.072859714,99.5625090417
208.270668044,99.9700933957
210.865097119,100.596725859
215.060875652,101.37873805
217.983319196,101.984713027
221.979880434,102.683651355
224.27844365,103.033413203
226.245100133,103.22999834
228.519650424,103.228716633
229.664868204,103.068528795
231.134780858,102.748996986
231.805741817,102.516518742
232.459113038,102.283968013
233.267368905,101.936315622
233.868103681,101.811703284
235.087254852,101.707295197
236.359027237,101.788680898
238.074954981,102.022666339
241.811490547,102.870965918
244.840257791,103.505667501
250.418805409,104.585848971
254.305088918,105.576630525
258.295479926,106.478614437
264.951718859,107.622261354
269.128553728,108.346348118
275.1910291,108.993093226
278.776546997,109.279448737
281.869593806,109.375219769
285.821402771,109.246125537
287.916499258,108.986370799
289.790217213,108.673515465
292.409974107,108.415324122
294.162729473,108.176975604
297.167742214,107.694623517
299.292890897,107.311788684
301.35448591,106.788916596
304.411296575,105.795138476
306.173282318,105.147478296
308.949745511,104.144914381
310.699249699,103.593862062
312.396866155,102.956737766
314.753123307,102.152261333
316.177005755,101.560301736
317.623693551,101.039811475
318.36826924,100.657682797
319.163314389,100.33483352
320.76235344,100.019479535
322.232906773,99.6531493469
324.796791388,99.2353227844
326.694301873,98.8628648504
328.482214407,98.4688376385
330.734002309,97.7643016801
332.125688031,97.4838965005
333.732503937,96.73886347
334.437852553,96.2555850516
335.123780975,95.8818471844
336.154018165,95.4768782887
336.761745954,95.2084436113
337.367198145,94.80949029
337.395395365,94.4979222473
337.063400885,94.020508543
335.68489697,93.1718452185
334.558261459,92.6499830769
333.725108881,92.1221784387
334.349958035,91.4509307779
336.024136658,90.8557783011
340.225502258,89.7835741343
343.727312788,88.887188262
347.44279239,88.0578532321
352.08492314,86.9376939485
353.996353455,86.7409684547
354.119614336,87.1879125858
352.878902786,87.4356732643
351.170341545,87.4418300108
348.646132303,87.8820937068
347.128543521,88.2460040908
344.901950269,88.8091082725
343.127418622,89.1470109888
341.46622906,89.141411761
338.263632749,89.4238852959
335.206232965,89.8575788186
329.288799987,90.2314175378
324.610775037,90.5158768915
320.027082534,90.6329978776
313.010706239,91.2920915
307.061168623,91.9468402096
296.049692839,92.4317468016
287.213781503,92.6664316463
277.785806126,92.8138547167
262.577710047,92.3267509611
251.33513412,92.3628610731
233.908910384,92.1853602769
222.834801068,92.1862823398
211.904572402,92.2939722532
196.800408526,92.0264514415
187.187881325,91.3336865118
174.108461698,91.1241899328
166.496883246,90.0018523716
160.015770051,89.7575581294
151.917410475,89.5341044242
147.369564295,89.688655975
143.586201629,89.4167818497
139.191725604,88.9068838176
136.402655016,88.9271497167
132.920712734,88.8253626534
130.529666345,89.002383439
128.045506281,88.9684212372
124.631701535,88.6584803873
122.507873667,88.5862319109
120.026100495,88.3644679047
118.911613436,88.3302123369
118.14820743,88.2267586622
117.447416303,87.9321530952
117.097314543,87.8050744567
116.755726368,87.5823359877
116.607801575,87.5471082267
116.339351092,87.6176473224
115.580966569,87.664321292
114.632833396,87.7787272671
113.205751514,87.4175806432
112.368857432,87.3529746297
111.714401587,87.449782001
111.186703575,87.9052753363
111.338144822,88.2282427922
111.620924772,88.9323863896
111.768532927,89.3636066338
112.061401497,89.6250608934
112.396113782,90.1555740347
112.781019436,90.3598788763
113.534010237,90.6242953063
114.255058069,90.9241804097
114.868204337,91.2941893394
116.030968896,91.8186296786
117.008340606,92.2536248
117.813697779,92.6714104604
119.230793858,93.0510905505
120.07045972,93.2598687454
121.363305171,93.3696075146
122.228823531,93.4423860686
123.079992872,93.608935206
124.46827433,93.8867295989
125.365769649,94.0603404387
126.654928883,94.2784449208
127.633963144,94.38746102
128.549505318,94.4561786776
129.978379652,94.5881422232
130.981603877,94.6739404372
132.385138699,94.7543389185
133.242516978,94.7354594509
134.202445125,94.695029348
135.403031327,94.6752237771
136.025874657,94.6867836454
137.057803002,94.6147984747
137.656124995,94.6946034605
138.247338201,94.7942481346
139.180366826,94.9463649239
139.764186543,95.1007266106
140.611558732,95.4935319812
141.302580263,95.7650667132
141.853363476,96.0742496433
142.426485848,96.5754218286
142.788336816,96.8724862593
143.087784452,97.1043505293
143.382382339,97.4904403478
143.614090701,97.5943503378
143.971572282,97.6035113919
144.142420933,97.6505923406
144.456597551,97.6249196818
144.924764123,97.5933804427
145.283784319,97.5680980006
146.041300345,97.2091407406
146.550784062,96.7816826554
146.899105963,96.3766837516
147.73867681,95.4975141325
148.239150188,94.9192009541
148.872114309,94.2637083325
149.247512754,93.8928655105
149.70774945,93.5139760804
150.266562298,92.9879135414
150.427459758,92.6579102517
150.604609716,92.3097321916
150.591853354,92.1600334415
150.628130583,91.9908786758
150.597633894,91.7549785296
150.656253812,91.5609190519
150.670920634,91.4445807211
150.669858649,91.3742972955
150.498659524,91.2776292691
149.536496424,91.0914053839
148.73865013,91.0278501695
147.433845215,90.7290104139
146.599351603,90.5401547609
145.815310395,90.5190088065
144.575852056,90.6795763046
143.615938169,90.9415028141
142.531659688,91.3951138709
141.960368771,91.8960884489
141.56813314,92.3282691641
141.142749832,93.2958237295
140.97279339,93.8270827197
140.868259684,94.4964349543
140.880435903,95.4687212853
140.98965489,96.150473818
140.854981558,97.0380444937
141.077966693,97.3064452829
141.253700467,97.3664523119
141.616619684,97.3257814706
141.857011344,97.2499736432
142.068173847,97.0949244227
142.337970282,96.9013872893
142.532407117,96.8115876469
142.704029931,96.605298188
142.644828561,96.381824809
141.89754297,95.7527062027
141.041902239,95.0070804156
139.72522394,93.9721421558
136.798116025,92.0457172399
134.29806939,90.5614629574
130.052288101,88.2730404498
127.449478131,86.9516465294
124.821352263,85.8379106269
121.638182459,84.784129811
120.014951543,84.5596760398
118.094513308,84.6182591145
117.295902858,84.8077411424
116.764559986,85.0645435091
116.337063241,85.5406014713
116.425068314,85.7764535018
116.727168186,86.3640745992
117.058894306,86.836053044
117.472236796,87.2884344953
118.167565794,87.7654046823
118.529826961,88.0185664381
118.941742629,88.1827862972
119.913283891,88.4028275198
120.700183164,88.7731295118
122.356329927,89.4418631182
123.515233027,90.063068342
124.819505856,90.7004184947
127.060252958,91.813774092
128.56391848,92.8212694175
130.906591245,94.0122950206
132.329475146,94.9170159886
133.59153038,95.6722236423
135.4391351,96.5285395441
136.499166823,97.0474437142
138.100537983,97.7284028762
138.984703667,98.1498556001
139.818812306,98.4974877514
140.996961742,98.7613084833
141.755514625,98.9011958796
142.883641962,99.0429950397
143.474980721,99.1926651686
144.018568019,99.3111871519
144.896947645,99.3753923194
145.379110671,99.4805575866
146.129550318,99.635513029
146.61840645,99.7265140063
146.95146219,99.8442534005
147.545340085,99.9676841271
147.873383572,100.058712043
148.088521164,100.156893828
148.296756998,100.211651432
148.463692626,100.231509215
148.601074649,100.258843811
148.671040472,100.232147604
148.785769518,100.193113622
148.847015504,100.155003798
148.93576297,100.114478245
149.048921299,100.048100163
149.158284133,99.9881889486
149.269823829,99.9423610295
149.431631743,99.870437134
149.592291113,99.8112641021
149.838462466,99.7477187336
150.061628102,99.6798729258
150.261043724,99.6244912626
150.666770088,99.4859159029
150.859512128,99.3417279124
151.238012481,99.0993630564
151.478360436,98.9589081868
151.769941715,98.7730617156
152.424753322,98.4955018336
153.00267609,98.1845053572
153.943061332,97.7544750381
154.713647796,97.3719196682
155.21752986,97.1028932899
156.039426318,96.7476978168
156.413217431,96.6942067419
156.809675743,96.5156924461
157.047143646,96.3627550939
157.098979674,96.2622236918
157.307759077,96.1400459037
157.558019567,96.0887723171
158.246419727,96.1654158787
158.987476249,96.1103695702
159.902614544,96.0546225516
161.26321139,95.8468869874
162.087950729,95.6670445293
162.802159303,95.4150396052
163.749566498,94.94669709
164.094322706,94.618191193
164.103824726,94.2522835312
163.490644223,93.9679440642
162.334400017,93.6921459833
158.678517484,93.1308315411
154.870375086,92.1815483575
147.299172811,90.8762039303
140.797653536,89.8124671136
133.734807872,88.5317061675
121.979461511,86.7017037715
114.460316328,85.5236810855
103.513015648,84.2686078695
96.9363997754,83.6555048254
90.9592939754,83.2373453343
83.5683213464,82.7463739696
79.5352552502,82.4737662693
74.6907180614,82.239301066
71.9900748208,82.289133545
69.6132418924,81.9811178911
67.1144781737,81.9270982535
66.2621960314,82.1614931705
65.3852323833,82.8799065077
64.9957159638,83.0127372734
64.7244444857,83.2171326949
64.9879295253,83.4340750612
65.9120781495,83.7169818931
67.9691435507,84.3169176776
69.8131400266,84.7312553902
71.9630327616,85.2084778166
75.3340137185,85.8032514776
77.5162118468,86.2007498463
80.8369793807,86.4777581718
82.6994311607,86.3377820974
84.554931431,86.3940162755
87.1917852297,86.372239224
88.6288748998,86.3247534474
89.7448105892,86.4732788643
90.8442538649,86.3562927227
91.5893530394,86.1719420623
92.7392721162,86.0928674927
93.5204834111,86.2348328536
94.5610952457,86.5051753423
96.1625227006,87.2354974922
97.4511547524,87.6433914285
99.8354235041,88.3598922038
101.924446545,88.7800596868
104.754947072,89.1615160789
110.284076523,90.2244520806
113.980888198,91.502908696
120.346326229,92.7235439273
124.408419156,93.898983657
128.13905902,95.1599030581
133.76698436,97.186276604
137.064033818,98.6127576967
140.538070024,101.072736887
142.451483977,102.288070223
144.699523734,103.015091049
147.791142793,104.019930058
149.645701308,104.466537409
152.132520185,104.745304235
153.582358723,104.704436805
154.737625194,104.62733982
156.163173357,104.249618851
157.066631127,103.808180674
157.598566046,103.10065334
157.980479704,102.46595739
158.271635492,101.915342176
158.899107778,101.167254991
159.392047517,100.833151654
159.96845604,100.399489633
160.457034182,100.164392455
160.848887514,100.050341129
161.615094919,99.7525991576
162.133769515,99.5742418711
162.619840214,99.4702721927
163.337534142,99.389273213
163.774581082,99.3492123342
164.370769612,99.414835614
164.750326027,99.4599047295
165.13391523,99.51199666
165.69779852,99.7120602378
166.293603254,99.7406586636
167.246769287,99.8514531621
167.838201533,100.015163119
168.473040406,100.166256751
169.991977009,100.578147146
170.950116568,101.213011455
172.731417313,101.846556139
173.850694086,102.247728874
174.845358388,102.28393765
175.859174778,102.137696658
176.35231588,101.827100865
176.886439224,101.298001921
176.941285615,100.945445016
176.87833859,100.589450529
176.66308805,100.178051778
176.494822282,99.792474652
176.326983258,99.5427787579
176.049027276,99.1198516299
175.886335626,98.8341490724
175.622134584,98.2903485934
175.564714203,97.7891711491
175.557592124,97.0214151376
175.706830458,96.3731625795
175.954983292,95.8463374076
176.197369201,95.1939390062
176.452621127,94.8907926311
176.818422731,94.5942118678
177.446045879,94.3068592041
177.889635555,94.1098551792
178.637783595,93.8479256274
179.12693353,93.6456790115
179.65313465,93.5706232683
180.184503807,93.4556803763
180.517108627,93.3667079142
180.858258051,93.2205702891
181.101521906,93.1346690993
181.2708159,93.1281712597
181.510900855,93.1161651714
181.679017344,93.1397980777
181.891666754,93.2052629881
182.078253119,93.2211939207
182.242890967,93.2397381522
182.55239502,93.2694582861
182.739518899,93.2822503427
183.239645783,93.3045392096
183.664617032,93.3324993969
184.185160393,93.4239855805
184.982687246,93.5506966053
185.556222228,93.6366721157
186.309314237,93.8741327647
186.659876037,94.0293815929
186.849016897,94.1072133109
186.956309357,94.1788025903
187.032089123,94.2375134156
187.136802583,94.2956870458
187.169895137,94.3833624345
187.173691939,94.4349175873
187.095055568,94.5719636607
186.971367647,94.6411244462
186.738184162,94.6879138582
186.498948405,94.8013774722
186.173276808,94.8964057755
185.601969013,95.0811044851
185.087037674,95.1757186111
184.591415993,95.2888161914
183.75879835,95.3775546572
183.234564372,95.3335255068
182.360764701,94.9100597076
181.818245792,94.6772993537
181.365225854,94.523158382
181.038468736,94.4925457088
180.892829572,94.6770956156
180.635372867,94.9902811224
180.310397724,95.2186733181
179.773550055,95.4302927391
178.162614852,95.5736226001
176.908821654,95.4932843114
174.70218138,95.3849811557
173.233573917,95.1792612144
171.935659898,94.9236076762
170.389286254,94.7055074269
169.414045328,94.7071188596
167.91267192,95.3512141646
167.138221175,95.5171514459
166.192740372,95.7412144033
164.777431309,95.936364553
164.012869618,95.9012342742
163.080549905,95.9333947627
162.509790754,96.2143319636
162.279279311,96.4311160637
161.844897498,96.9058404955
161.677362933,97.0161660707
161.699690744,97.138212624
161.701970167,97.1696619954
161.684626739,97.2249665301
161.657037727,97.2967853184
161.640256483,97.3782915571
161.621370027,97.4280517754
161.652258595,97.4699393802
161.682937098,97.4915061038
161.761324652,97.5453413296
161.827632251,97.5753360556
161.9230982,97.6232656211
161.992541909,97.6386893481
162.039557225,97.591443318
162.052729046,97.4942114374
162.060667744,97.3359008149
162.028974171,97.0250180491
162.007848241,96.681721785
161.986128946,96.6117804562
161.948644654,96.5231397818
161.911139751,96.5291834273
161.856160825,96.5410133086
161.735023407,96.5263948569
161.574914904,96.4698649954
161.352605915,96.3847437101
161.215046812,96.3759991752
161.021862655,96.3843014975
160.766948121,96.3473952904
160.537189368,96.2831128565
160.295462153,96.1822688226
160.137194815,96.2099419663
159.976744264,96.3015095752
159.842005834,96.4586535719
159.763130355,96.5663925977
159.619022241,96.7477646742
159.492400398,96.8591842942
159.381721723,96.9698426735
159.082422974,97.1517233774
158.785942169,97.3015825858
158.249207301,97.4900377904
157.839798253,97.5216261893
157.484428977,97.5486087935
156.813647577,97.5585092781
156.567537728,97.5992499038
156.200063063,97.6262136799
155.790151941,97.6585451121
155.551580174,97.6601338782
155.217347059,97.6950713391
154.916869405,97.7613939776
154.611483301,97.7923705953
154.151875436,97.9750446777
153.851530749,98.0778657784
153.431463168,98.2082313846
153.151741244,98.2692773692
152.873229359,98.3210444458
152.518256593,98.3216873001
152.327306139,98.3235557865
151.961739,98.2954126507
151.712606314,98.3378285487
151.508520059,98.4271667243
151.365442031,98.4015339163
151.354876394,98.3506171971
151.465635142,98.2239172575
151.523082756,98.0991434126
151.620405285,98.0229287708
151.67034276,98.0087908133
151.719177264,98.0170444212
151.809066949,98.0519938019
151.871826319,98.0588903502
151.941042381,98.0696489983
152.113198819,98.1309008189
152.301085242,98.1061245912
152.506333268,98.0755913794
152.659274043,98.0298231005
152.788523543,98.0015872475
153.010171629,97.9922579704
153.13671504,98.038224701
153.233387753,98.1075263372
153.382447011,98.1771049569
153.468097908,98.21187116
153.485555681,98.3426066009
153.519443432,98.3916209254
153.506114795,98.459431639
153.498100953,98.6121814612
153.483634062,98.6385943694
153.564526182,98.6689772416
153.54651066,98.7390954514
153.550405309,98.798344545
153.552227558,98.9220818089
153.52142645,99.0240285411
153.543881467,99.176497355
153.623074967,99.3146607018
153.738390844,99.4854981308
153.883065756,99.5792301635
153.991172319,99.6344947747
154.176661807,99.6452473311
154.274390205,99.6312626749
154.367624387,99.6134441006
154.473481052,99.5956596914
154.577548202,99.5673582143
154.718953539,99.5386829134
154.809894988,99.5240969332
154.905683798,99.5349611079
155.016713803,99.5653501941
155.160040449,99.6259805703
155.166212735,99.7439840402
155.082659541,99.8101889922
155.020759168,100.030247649
154.838415001,100.312018322
154.665260872,100.375433223
154.327851415,100.540748896
154.280505212,100.582143229
154.239589216,100.605629781
154.191121311,100.544121185
154.257595636,100.562759001
154.399737527,100.538623098
154.498440636,100.462093776
154.657084106,100.398216908
154.961804659,100.373720404
155.171824345,100.348718157
155.372963319,100.341471512
155.562900575,100.394860466
155.684761176,100.449113075
155.747993975,100.508022016
155.757303007,100.533520794
155.761289803,100.529213401
155.763787093,100.497574871
155.777560955,100.47116217
155.791309522,100.469503035
155.836896974,100.463631774
155.858778662,100.482016556
155.964770435,100.527896879
156.047722874,100.560055793
156.192552039,100.63597118
156.325679763,100.725747101
156.540334997,100.858483097
157.094309214,101.121146148
157.627915591,101.380537543
158.86740597,101.863375509
159.956315391,102.216369173
161.228401685,102.662320985
163.529210037,103.358675019
165.204826134,103.857490841
168.110993351,104.604501404
170.310293769,104.996819032
172.458334174,105.357118277
175.683507669,105.68325283
177.686780448,105.817856274
179.525035828,105.83750987
182.111647212,105.890580462
183.574490039,105.978020823
185.398131641,106.076025464
186.405706339,106.109494161
187.35191685,106.161251051
188.494273195,106.321945471
189.220938051,106.44030309
190.348878637,106.723283355
191.080361652,107.035860024
191.721096183,107.433746923
192.616599579,107.990282591
193.123011948,108.26542299
193.524170203,108.57009522
193.685746618,108.649117722
193.832700503,108.683247125
194.009970753,108.736986871
194.120050235,108.805697635
194.22661208,108.834369698
194.243194686,108.837928124
194.258561584,108.799304666
194.264383343,108.732673893
194.242185958,108.694560581
194.197878837,108.623348464
194.16673714,108.591852008
194.080566913,108.551971471
193.958794077,108.454338734
193.856385822,108.381119907
193.787235027,108.328142681
193.702954693,108.331870651
193.692928494,108.361919517
193.656139025,108.421022045
193.595666072,108.417665423
193.578538468,108.380438733
193.613785712,108.37554229
193.661427942,108.413053385
193.810090908,108.502895591
193.934900609,108.548295217
194.084217864,108.604527587
194.366288871,108.734096137
194.693039199,108.87266457
195.302868274,109.154178389
195.76886744,109.340381684
196.34021729,109.593322184
197.407188979,110.075367799
198.216683,110.480408214
199.65619878,111.114274266
200.834216395,111.505828909
202.049289176,111.749671657
203.83047974,111.944855433
205.251199477,112.090206141
207.203466796,112.460749235
208.644304955,112.643485919
210.082947889,112.92816332
212.119526568,113.247903476
213.447637998,113.287976086
215.309675224,113.323389928
216.329752073,113.253450407
217.368315888,113.200598174
218.700316619,113.102129973
219.593555192,113.027768896
220.781571561,112.886837449
221.500385496,112.796195275
222.246241059,112.772511466
223.466971848,112.75508883
224.228745053,112.772035236
225.288807216,112.810222224
225.943844654,112.843915856
226.392282136,112.864902231
226.814017908,112.830993167
227.080572261,112.734891647
227.495113407,112.663633162
228.153051087,112.710248649
228.581860376,112.798030589
229.141147627,112.901474022
229.454095013,113.000886997
229.759756629,113.064126396
229.868819751,113.044486477
229.913715336,112.997216115
229.791945008,112.810993359
229.598682963,112.719376062
229.322250567,112.67656706
229.136021087,112.705649161
229.088032503,112.734616034
229.113210302,112.851177435
229.173293115,112.933257426
229.250156482,112.951227835
229.338406361,112.910080408
229.393187856,112.845744419
229.382241874,112.769004409
229.237684266,112.664885104
228.918357049,112.572028067
228.208576569,112.491090328
227.76559299,112.469571129
227.187548744,112.46753466
226.798318055,112.386381584
226.290740918,112.306811805
225.145768715,112.168060457
223.992709289,111.964960581
221.612701555,111.306958394
219.567134717,110.621521219
217.065353428,109.880459284
212.507406263,108.597935078
208.980815803,107.653305517
205.213990218,106.43846174
198.842673849,104.36469534
194.252925987,102.8077162
186.885729043,100.380935672
181.74760671,98.8095411348
176.908176698,97.1923933128
169.814419746,94.9704484167
165.189423784,93.7343544689
158.609274411,92.0424545836
154.442449181,91.0101904399
150.597753116,90.1736682427
145.440993553,89.353705807
142.623284073,89.1201493748
139.06565069,89.1875266507
137.321936538,89.454420575
135.850419054,89.7274920978
134.099536442,90.0616634831
133.064314263,90.2115832751
131.482505071,90.2436292412
130.604397694,90.1474983841
129.597799337,90.0626059763
128.23102169,89.6260480978
127.497707698,89.247386284
126.571343237,88.6108761586
126.177067628,88.1433425652
125.75062621,87.7602059635
125.466001598,87.1595705828
125.244527229,86.8693829965
124.897979206,86.5032356744
124.541662492,86.1617106358
124.050474393,85.6602655281
123.165489208,84.7842962339
122.443471033,84.1650504831
121.202102587,83.192994844
120.272983901,82.5425938738
119.391959581,82.1271938486
118.48996831,81.6527604437
118.0424907,81.549940947
117.693253199,81.6691903444
117.464667069,82.0002809324
117.420643173,82.3588724743
117.350866114,82.8251586213
117.265620584,83.108426191
117.272930545,83.2931125816
117.225497283,83.6394450165
117.322943846,83.7949079232
117.390143478,84.0444343738
117.452000937,84.1594947711
117.556940837,84.265508883
117.613963162,84.3456030433
117.676340495,84.4129252737
117.840381437,84.4364721621
117.956192577,84.4584777378
118.090506954,84.4931569063
118.378767614,84.5967707133
118.832850986,84.517387782
119.615901077,84.7559507184
120.513211183,84.7406546481
121.540791764,85.2591948333
123.373397611,85.461786919
124.689374514,85.9757794395
127.2334734,86.4335827548
128.93760956,86.6295110584
130.67575749,86.6985726357
133.149025673,86.3712486124
134.568422411,86.0877197825
136.209530822,85.6039194875
136.981442162,85.2950449532
137.603914663,85.1137576581
138.376879072,84.9087152974
138.822358822,84.7471780186
139.408834113,84.7945438183
140.114969565,85.1629680211
140.401100641,85.2700192073
140.718588851,85.320945873
140.961992062,85.5368067103
141.403313674,85.5625154904
142.382258782,85.6557457846
143.236643416,85.8081275403
144.685313379,85.855196817
145.921930468,86.1672703237
147.14955906,86.661971084
148.797519929,87.5530834214
149.918905078,87.9818424926
151.335916977,88.8636512137
152.517849886,89.2380355551
153.608009418,89.6679203429
155.265266328,90.5940822911
156.47420656,91.1834174862
157.290041765,92.4118843018
157.945423792,92.5566013387
158.306631103,92.5451777722
158.641025286,92.614045558
158.828832082,92.6187701118
159.538002413,92.5142986201
160.146837143,92.3383338611
160.756986556,92.0652312441
161.559529751,91.8723720199
161.857997167,91.6475230561
162.504554363,91.4505955406
163.075931944,91.4484240714
163.869881285,91.6010282047
165.516539991,91.9089546372
166.76093805,92.2198349536
168.070254899,92.5648796541
170.309324812,93.0644716653
171.881086802,93.4727867367
174.020943102,94.2455044124
175.472177611,94.7023514211
176.754693562,95.1646790791
178.254645633,95.6685990417
179.186126872,95.7707661192
180.762008483,96.0845043889
182.27770687,96.4142792459
184.515595696,96.7491012935
188.963068354,97.5239615668
192.90253631,98.2418846796
200.513894968,99.728022059
206.669663016,100.567119216
214.223931048,101.14922153
226.442663633,102.768140066
235.412633128,103.029714206
248.764246012,103.34014081
257.665081303,102.594210647
266.680263625,101.554838489
279.547368343,99.7348337519
287.396306083,98.1263634913
297.767011384,96.3230047605
303.395674111,94.9818201419
308.421251266,94.1513062975
315.022525669,93.1300168973
319.027070476,92.7755426163
324.127388328,92.1786362761
327.179237737,91.8916643864
329.638417844,91.5416004842
332.775876975,90.8927149865
334.259982648,90.3287128504
335.80194828,88.6264133742
336.247017548,87.5309603065
336.468929602,86.1191423958
336.312303248,84.5036095287
335.704338456,83.2602945953
334.972554611,82.4423596328
334.126881982,81.6476478925
333.143482126,81.4564849896
331.798296954,81.5287634176
331.046519316,81.6497822525
330.342478787,81.8858688516
329.572667136,82.1773412878
329.12430716,82.2272865369
328.617996321,82.5652855652
328.546960151,82.6412022042
328.555144673,82.7069265304
328.333520746,82.8204310225
328.305246031,82.8739253946
328.499774715,83.0349482792
328.890817573,83.2733620907
329.281271256,83.480562424
329.969814019,83.6964830932
330.434809183,83.6465515564
330.661580193,83.6146378072
330.815720932,83.4280181257
330.935292656,83.3929942444
331.293946335,83.3509736965
331.439850809,83.5359269334
331.114827159,84.0155707322
330.57421928,84.3451933617
329.946220454,84.7653969743
328.963820873,85.3080642491
328.284970673,85.8661083064
327.174658901,87.2240273843
326.2789762,88.643535533
325.551106556,90.0346586913
324.80437527,91.7337375988
324.434169781,92.8824564957
323.732520385,93.6907690189
322.479731871,95.0300553833
321.340675846,95.8982738657
319.695687656,96.6880253085
318.629613399,96.9110885219
317.785161671,97.3050458376
315.763259283,98.6869134005
314.02622242,99.5879315626
310.615063687,100.908815307
307.630902392,102.059350536
304.332668044,102.929966853
298.623317585,104.351963627
294.020612503,105.24309055
286.470360084,106.670804056
280.960424816,107.441625737
275.760016132,107.536200853
267.226537416,107.24572454
260.980900386,107.119382182
251.614315237,106.79795669
245.299859999,106.638112377
239.614626333,106.152507303
231.704005946,105.213217855
226.483378373,104.96133612
219.807955842,104.047260658
214.899997377,103.753283632
210.223416027,103.22339008
204.358902789,102.369431906
200.609207099,102.309448043
195.834312778,102.262377939
192.541126065,102.77624428
189.563712351,103.377289429
185.412940888,103.767956176
182.629963372,103.850674858
179.50788199,103.048274628
177.110978999,102.288077833
175.205591396,101.570940484
172.618069737,100.480549729
171.380688049,99.8666519811
170.386145308,99.5104688902
169.072820904,99.100461885
168.590610883,98.9521824943
168.157940416,98.7787721191
168.209731341,98.7705330231
168.234570385,98.7685851524
168.436166088,98.95047655
168.765086281,99.2754952368
169.302800981,99.6880425811
169.56363353,99.8642112848
169.827102941,100.076545417
170.120636519,100.367569301
170.262879719,100.531894297
170.437443607,100.792429482
170.481352621,100.912240432
170.493169243,101.075477642
170.419064501,101.223416077
170.318316228,101.314222476
170.089546477,101.468836595
169.935847865,101.532046787
169.770187253,101.56268627
169.442986126,101.588301373
169.320020712,101.552807178
169.003071028,101.38475902
168.872975945,101.283513671
168.720249942,101.1928797
168.417217498,101.015755651
168.166975235,100.92480724
167.881633074,100.735542131
167.729619689,100.579900478
167.574922281,100.489664225
167.414147699,100.314545385
167.34461408,100.25910735
167.30285988,100.234576514
167.295436314,100.235548394
167.325204599,100.244364238
167.448584785,100.23781658
167.57454259,100.241830224
167.700517974,100.248239421
167.891566038,100.262960773
168.038852596,100.213777151
168.31354844,100.10335629
168.444242888,100.034181847
168.558289549,99.986619968
168.752381614,99.9354636459
168.851800323,99.927176233
168.977936454,99.8914909643
169.028199966,99.8148323408
169.126247115,99.7131558365
169.266668506,99.6660015692
169.356393545,99.6668796425
169.486061709,99.7010016734
169.522627469,99.7134790367
169.549802959,99.7077165096
169.583376065,99.6919968917
169.574049839,99.6889490315
169.556791679,99.6714527313
169.526879151,99.6261062685
169.509256399,99.586284824
169.487560534,99.5380386918
169.495041131,99.5279955007
169.477320505,99.5464871578
169.469886657,99.5616488748
169.47719571,99.5827221919
169.443305723,99.6349768696
169.416326314,99.6778033705
169.40249311,99.7478643667
169.410104472,99.8747536164
169.445093955,99.9930682848
169.527782325,100.137387999
169.577900716,100.191460705
169.622737177,100.214328101
169.727473556,100.271363077
169.768135943,100.306509426
169.803741825,100.329129754
169.82959898,100.336232471
169.83868673,100.336867325
169.856181474,100.330468133
169.866574577,100.318352197
169.894803431,100.320919184
169.894891081,100.294822658
169.889009635,100.256663045
169.855108054,100.231408326
169.816304335,100.231447148
169.765564708,100.225784017
169.732653922,100.202202688
169.701632267,100.180848084
169.644029648,100.135805045
169.573456584,100.118110248
169.477630775,100.059196767
169.431417238,100.016044185
169.373087227,100.018890804
169.351840078,100.08182354
169.30289539,100.172883583
169.312241534,100.277402906
169.322100575,100.307726618
169.405275488,100.287012478
169.20928276,100.197017537
168.86166447,100.055256841
168.082196204,99.5373562506
168.091830976,99.2830729504
168.378997736,99.1117384788
168.651764883,99.2554128557
169.019667998,99.5068543914
169.219404904,99.8639693673
169.470359736,100.764600718
169.572521003,101.575823774
169.799725615,102.696386968
170.073995441,103.105009012
170.375580788,103.203059695
170.443162077,103.024409371
170.352176403,102.833567443
169.448896808,102.448540252
168.938442291,102.25663474
168.555290318,101.916615452
167.991767116,101.118543692
167.379803084,100.609115951
167.367249881,99.9267334326
167.976279156,99.5749476005
168.423203975,99.585256864
169.052360716,99.539412937
169.394844799,99.4648072773
169.390308218,99.4335849246
169.459498587,99.3910541091
169.545957273,99.4045817522
169.432752504,99.6799082647
169.18664842,99.9029614542
168.514618815,100.215178693
168.118376827,100.485633631
167.763557776,100.698645733
167.435485848,101.060716087
167.377235707,101.160606784
167.267525746,101.25572764
167.208201028,101.292278141
167.169241597,101.27058148
167.07639046,101.174425223
167.062115519,101.118612926
167.175712137,101.003823736
167.287852042,100.964753524
167.41157617,100.946135761
167.573232908,100.94586626
167.677166543,100.893841144
167.731532756,100.76764001
167.814765657,100.571216903
167.844552076,100.458988009
167.932181069,100.298885802
167.989792294,100.225433461
168.040445996,100.157405535
168.132523552,100.056592208
168.186539601,100.017782258
168.293284436,100.001068374
168.343085137,99.9959686618
168.371135361,99.9778847397
168.374506396,99.9660119162
168.352966305,99.9629325981
168.31370277,99.9827735484
168.282042165,100.011889604
168.27330315,100.044926555
168.299553184,100.045627919
168.320500561,100.060835343
168.335013331,100.068714813
168.313372441,100.08264972
168.309689377,100.105714134
168.292382976,100.170908598
168.296393718,100.193445802
168.288182457,100.190186103
168.262345355,100.210244687
168.253585535,100.228274802
168.2544605,100.24214937
168.246736291,100.233320969
168.255991209,100.229779628
168.267708267,100.232892217
168.279115182,100.239937416
168.279662886,100.225808861
168.272509398,100.216770542
168.251202539,100.195139112
168.227693076,100.164418344
168.239665234,100.132685082
168.248473825,100.108541404
168.257731778,100.109383794
168.267937285,100.115542365
168.266033129,100.097390476
168.24892545,100.077836303
168.221957414,100.052786268
168.207788635,100.022562701
168.194078846,99.999567931
168.197755014,99.9741344529
168.207863402,99.9530051273
168.223001648,99.9173240408
168.228177661,99.8959210663
168.234596367,99.8884018958
168.252833939,99.8841411078
168.232555086,99.8909218124
168.192594731,99.8864178793
168.163097192,99.8737809007
168.153136746,99.8593294838
168.154971825,99.859597842
168.173235584,99.8505070876
168.190854675,99.8168236804
168.20990921,99.7862951292
168.214356642,99.7533561989
168.226707008,99.7065812215
168.234651257,99.6804289128
168.240566581,99.6588906434
168.263043397,99.6277704678
168.262841975,99.6065965762
168.267619941,99.5689350478
168.281802742,99.5340837252
168.292637209,99.4983588297
168.301620427,99.4461599142
168.296207739,99.4152884353
168.268879758,99.3770395036
168.254237837,99.3481766042
168.233021155,99.3286344631
168.201917482,99.3075472802
168.156277741,99.2971013679
168.108119996,99.2722875695
167.951026879,99.2159474958
167.752281172,99.1098759562
167.386729797,98.7999117731
167.32366291,98.8282328371
167.1417384,98.8404373762
167.092887701,98.8693821479
167.05842844,98.8864307596
167.045967156,98.9347837117
167.132216598,98.9559152466
167.408580823,98.974928512
167.656300635,98.9617872343
167.724441206,98.997222356
167.789032435,99.039833053
167.753783513,99.0780497009
167.753310821,99.1139384993
167.754996914,99.1394798868
167.777305125,99.1801247425
167.838123718,99.2651526497
167.982699297,99.3492917142
168.083104197,99.4911511152
168.234692678,99.5804909286
168.245779015,99.687721863
168.243924241,99.8713062556
168.284731345,99.9127694799
168.153224319,99.8551768591
167.87937187,99.7145598833
167.810560585,99.617171671
167.592936383,99.5107681072
167.420101899,99.4591376228
167.246681348,99.3955625663
167.146994978,99.3171578368
167.088244834,99.1869348263
167.085105642,99.1245831849
167.004237302,99.079256854
167.000384653,99.0361975735
166.982473927,99.0484572855
166.977333517,99.0828726467
166.993973296,99.1367183049
167.045591707,99.170953113
167.063583604,99.1983349588
167.113212923,99.2559991931
167.158610881,99.2875495469
167.208257367,99.3112574844
167.246245422,99.3085607499
167.277114433,99.3118821029
167.296827805,99.3043035185
167.27931278,99.3126027811
167.267118239,99.3163311414
167.260559864,99.3008884661
167.261150796,99.2655191824
167.274202726,99.2148555844
167.303950166,99.1931214239
167.332791905,99.1454363939
167.362085392,99.1259561565
167.369733032,99.0983282175
167.402865214,99.0560048373
167.409146726,99.0341017729
167.432594199,99.0257474117
167.460280795,99.0258066731
167.46493173,99.0286658235
167.462838771,99.0146114472
167.429762812,99.0009060833
167.342290824,98.9601673686
167.079080464,98.8332051209
166.761940728,98.6990186378
166.073710971,98.3335433403
165.606104885,98.0786676671
165.185206556,97.7978910861
164.551807941,97.3709625421
164.068888495,97.0272862796
163.406451374,96.7056074946
163.060068471,96.6035494242
162.805133315,96.4897196692
162.64665603,96.4553483839
162.539377065,96.4201888687
162.453041911,96.4314378635
162.443163009,96.4671519173
162.506708629,96.5185746788
162.678123437,96.5997214883
162.828997695,96.654035042
163.0396643,96.6799109167
163.2018181,96.6574185174
163.361633179,96.6408747217
163.568473893,96.6447426168
163.677578508,96.6484806893
163.843187965,96.6575001205
163.941012716,96.6619574012
164.038854536,96.6862193274
164.182299175,96.6844079984
164.268249739,96.6733739003
164.458818016,96.6932025007
164.572640832,96.7230990431
164.679268013,96.7592664982
164.841248104,96.8092672018
164.929924417,96.8354281751
165.062779712,96.8749404307
165.187918419,96.8971351027
165.241781967,96.9043042698
165.373989069,96.923512939
165.456736537,96.9335414662
165.542710878,96.9323958647
165.658555384,96.9587060656
165.740140602,96.9625849306
165.880462594,96.9710538883
165.943452499,96.9683345413
166.011511548,96.9719310446
166.120286666,96.9701479186
166.169833452,96.9646149706
166.247299205,96.9526362763
166.309299436,96.9540449451
166.343244218,96.9618871216
166.366656487,96.9695000304
166.377220995,96.9959696274
166.399106112,97.0443068869
166.411921329,97.0650619654
166.44830972,97.0890087848
166.495358813,97.1322574775
166.533438044,97.1676333369
166.578276951,97.2057732171
166.608215519,97.2062008886
166.638845505,97.1860373389
166.666479466,97.2015116759
166.669568592,97.2043877131
166.62627779,97.1780301472
166.597184059,97.1377460466
166.572073238,97.1126595334
166.553108191,97.1363902366
166.536001548,97.1333329413
166.527459657,97.1138644165
166.55014153,97.0886305536
166.568347095,97.0588167709
166.595322856,97.0524470529
166.606437853,97.0665608294
166.607847644,97.0735162434
166.592045974,97.0689346174
166.586065268,97.0884953887
166.545426242,97.1196777199
166.483853422,97.1195472508
166.399451053,97.0818909262
166.297999162,97.0240392499
166.124968506,96.977402987
165.936705245,96.837559998
165.730707667,96.7159544817
165.55542937,96.59526845
165.084011822,96.3723816344
164.760687656,96.1658533875
163.826753072,95.5636599909
162.861394219,94.8870442463
161.96396758,94.0539105902
160.427191691,92.5339579611
159.260255461,91.3806942355
157.560841305,89.5634579489
156.227661666,88.4002789515
154.737933232,87.0677903365
152.159688487,84.7986621225
150.11682876,83.306957097
146.200279671,81.15827503
143.071750344,79.7731389319
139.589624449,78.289806063
134.179325705,75.993485125
130.283186947,74.4265837982
124.611893655,72.6340170988
120.756647516,71.7749393808
117.35002687,70.9535964568
112.341457316,70.0716879033
109.475234299,69.5177416193
106.889922188,69.408383279
103.704754395,69.6196557469
102.223373806,70.0390851778
100.644575796,70.4860556566
99.7797693713,70.7113130986
99.1224214304,70.941767864
98.1334485939,71.2774719718
97.6432804901,71.3680534328
97.1507368774,71.4495584681
96.8489930177,71.4727396994
96.4773388967,71.4040222344
96.1291814288,70.9384831337
95.9667129572,70.5796257722
96.0150767441,70.292536856
96.039273825,70.3178197448
96.2042133501,70.3914561572
96.863321509,70.6923508917
97.3806591701,70.9335216141
98.2744152239,71.2234096498
98.9689984366,71.3339638757
99.8262880124,71.5764058585
101.185313114,71.9687431423
102.36916094,72.2300825204
104.172914107,72.8013396746
105.155996533,73.1702412475
106.167061334,73.4794141209
107.564405665,73.9677008259
108.361087712,74.2565998083
109.359447926,74.41321217
109.993592747,74.5900259917
110.452761983,74.7239323594
111.251770242,74.8015667867
111.643729667,74.8527045521
112.108685753,74.8887144534
112.761197242,74.9821700542
113.179841777,75.1145250468
113.910025166,75.3664768552
114.384724154,75.6413104834
114.911510177,75.8758994286
115.720807787,76.1629366437
116.295978908,76.3355208708
117.131016979,76.5554888682
117.696406555,76.8034166588
118.293683863,77.0635160977
119.236478199,77.3249344017
119.95966607,77.5345407017
120.776612307,77.7118792535
121.267831636,77.8802003382
121.686769968,78.1136745721
122.388282648,78.4610020051
122.759083227,78.8697354834
123.379344076,79.481373815
123.746645257,80.1341802714
124.200395862,80.549052047
124.8826006,81.2357880127
125.612940272,81.5165696709
126.613408572,81.9464038897
127.596022009,82.2767279189
128.588833704,82.5352229541
130.242304001,83.2329919698
131.417328687,83.6225682533
132.738273073,84.2183341765
133.452247695,84.5157653154
134.497143941,84.5488350365
136.00922445,84.9184271895
137.102932178,85.2701639136
139.093333975,85.7845328951
140.730839028,86.4116650066
142.593888199,87.0598238664
145.72381546,88.8293345824
148.009592484,90.2472516741
150.508174617,91.5700821077
154.228779201,93.9611761511
156.713969898,95.2400194401
160.342140555,97.2474180174
162.881142099,98.2859227883
165.567397588,99.3858419181
169.336620496,101.051228468
171.706800315,102.050232409
174.528593309,103.265535907
175.360398188,103.439143843
177.505087732,104.027046666
179.379125405,104.30221444
180.56508274,104.450185048
