176.686603949,93.7284699837
175.914737141,93.2837498742
175.756698851,93.257467106
175.556667954,93.4075400911
175.202483467,93.8437566995
174.555910607,94.4922130267
174.027041341,94.8792837287
173.336033848,95.3609116372
172.24184339,95.8640685334
171.433029407,96.2624491554
170.341097079,96.9327363094
169.725012983,97.2929372435
169.172300122,97.5487720194
168.501454597,97.7493387377
168.20270165,97.8066894558
167.941896916,97.6916119752
167.91904112,97.4220821708
168.046229747,96.9307449497
168.554085203,95.9560461792
169.190814943,95.2394835088
170.680625123,94.424388848
171.990476894,94.1295977866
173.368104676,94.0013589546
175.678736032,94.0648643577
177.370882431,94.1791046569
179.194963191,94.2489470615
182.404970819,94.4664457181
185.165311812,94.7566570622
189.97306759,95.6725147932
193.399489983,96.2076390173
196.795016557,96.720467296
201.381912012,97.1915524598
204.000016601,97.3653007099
207.118948746,97.5734489646
208.871043387,97.5462293542
210.31611962,97.6617514491
211.99403449,97.9193896295
212.905073861,98.0135865391
213.96372347,98.165646096
214.627737571,98.1222923375
215.245216598,98.1174374938
216.044362086,98.0911384198
216.564824545,98.0925136617
217.161144748,98.0749610926
217.378598854,98.0618909101
217.610310336,98.0609787776
217.843396276,98.0558407265
218.103374128,97.9880511706
218.631430036,97.8818796202
219.115662156,97.8408673582
219.733170666,97.7397692731
220.856552295,97.6447887654
221.835404238,97.5655771739
223.444904758,97.4031768027
224.481092789,97.371167926
225.490410558,97.1841639185
226.975713968,97.005508706
227.955642036,96.8155005844
229.50926725,96.5340241656
230.682134492,96.2990591469
231.900207819,96.0849068489
233.868120649,95.7611234791
235.344878454,95.5667994153
237.780828952,95.3098052718
239.483773827,95.176478569
241.21707958,95.0576327472
243.688595998,94.7005128541
245.204193801,94.4575014337
246.624897481,94.1917468269
248.672728198,93.8409841296
250.027271059,93.6296674396
251.949644051,93.4552931935
253.203565722,93.3279563681
254.55270219,93.1388258463
256.605013748,92.9093625639
258.015141978,92.7177676593
260.187741221,92.4163606858
261.68406593,92.2384037987
263.176141814,92.0669024727
265.526689829,91.7893545692
267.175454515,91.6005690955
269.627834553,91.2912272898
271.212486772,91.2648726961
272.721014,91.1795984479
274.837422396,91.0302279039
276.234761642,90.9571533519
278.253465866,90.8257659099
279.586681357,90.77207105
280.853671935,90.7040839902
282.747082176,90.6125590971
284.046787071,90.5781316442
286.009573915,90.4475643843
287.341593959,90.3709826094
288.67431453,90.3321099014
290.657952449,90.2261130007
291.980949431,90.0985578937
293.922953615,89.7175386671
295.201085388,89.345162302
296.482247139,88.9317651955
298.398605345,88.3560692255
299.616104273,87.9919129604
300.792469525,87.7030762338
302.655635608,87.2656026475
304.009520962,86.9535715892
306.047758126,86.5648762194
307.347851052,86.2475112838
308.584397522,85.7800659714
310.255068233,85.3286195591
311.187307896,85.0448838641
312.166104919,84.8482917309
312.595436736,84.823708561
312.80347924,84.900141424
312.703569059,84.9794473115
312.231491704,85.1615990586
311.58527499,85.0254629794
311.30262517,85.0312303246
311.242354971,85.0395847399
311.206220818,85.0179985425
311.166603345,84.9953746314
311.037278316,84.9588049883
310.931718622,84.9622604745
310.785202491,84.9570961595
310.527395034,85.0073478053
310.329523874,85.0598582313
310.068225813,85.0801901252
309.89043423,85.0806741186
309.732374871,85.0668889593
309.563060433,85.0751985041
309.431879736,85.0958907296
309.240434381,85.0804693282
309.070842695,85.0973981762
308.924052197,85.1036498107
308.583620847,85.0791817427
308.283415255,85.0378776529
307.74887852,84.9398231202
306.570822145,84.9389765041
305.335023193,85.1034040748
302.972740728,85.3565290489
301.169455766,85.6339189729
299.305178081,85.9431713812
296.556082761,86.491194589
294.635458161,86.949367807
291.721786781,87.3341485582
289.583612171,87.558133355
287.427046016,87.8530741429
283.806873545,88.1671386555
281.236222664,88.4732315755
277.111349394,88.9884437847
274.204148098,89.3034806227
271.170269823,89.5885444506
266.42515945,89.933237956
263.106696589,90.065100714
257.900510258,90.3049449169
254.299535073,90.4541860806
250.494452264,90.4993660579
244.577468639,90.625939152
240.660290225,90.8334060414
234.690209912,91.3300622649
230.619143626,91.8657546288
226.462717961,92.522262788
220.169545396,93.2039579862
215.945682405,93.4102593636
209.701843453,93.5310224658
205.761182135,93.5431971517
202.006622295,93.6323112884
196.862024574,93.7906091523
193.724224838,93.8116306682
189.335198158,93.8084627695
186.596325237,93.8104244367
184.0453191,93.7897790597
180.619002034,93.7331415604
178.532031406,93.7248234486
176.550742377,93.7111891603
173.834232355,93.6752408661
172.129472595,93.7027932277
169.671917046,93.6657288279
168.063614147,93.7090498753
166.460926147,93.7518740806
163.997050144,93.9189150107
162.317858512,94.0247699849
159.837152912,94.1205189258
158.175163169,94.2090272974
156.455568989,94.2484942867
153.799107638,94.2754311089
152.042000972,94.2898045133
149.345181842,94.2122767875
147.530208515,94.1434411525
145.732706682,94.0717699554
143.105829473,93.7973560492
141.340081293,93.6300403053
138.708945388,93.3328158155
136.917455888,93.089322126
135.093371808,92.8112443349
132.142944961,92.6264128413
130.127294428,92.609522574
127.059228473,92.7965947047
124.947993297,92.9816173067
122.833829333,93.1612301331
119.594433549,93.2831103316
117.399770835,93.2569224433
114.163490681,93.0827198965
112.05338917,92.959386281
110.034173053,92.9474283918
107.038862878,93.2385759995
105.035116769,93.6174169662
102.971329068,94.0269930325
99.722156957,94.6074753
97.535456736,94.9129797556
94.3250733361,95.0929087589
92.3419875756,94.9468479778
90.5822798886,94.581502858
88.0934692427,93.7329429055
86.4248797152,93.1991359498
83.7816399965,92.4675687161
81.8641260465,92.2558505253
79.7523324347,92.150291799
76.2548360287,92.2100304606
73.8312429112,92.3020137164
70.3314994209,92.6596593761
68.1453218234,92.7978619213
66.082692664,92.8538201015
63.4185117997,92.8909508382
61.911854049,92.848923535
60.0072698497,92.6782418651
59.0229625289,92.5214179324
58.224253092,92.3018311659
57.400596898,92.0531566703
57.0318713826,91.8461022822
56.646314651,91.9137449365
56.3969464057,91.8693539018
56.1292240814,91.8036281997
55.6883708234,91.7130636257
55.3767929722,91.6782268537
55.0055456816,91.7613232872
54.6202488614,91.9190053921
54.1937576041,92.1267041183
53.5454381534,92.2895085208
53.0527912537,92.3554947626
52.3655118492,92.3848775943
51.9705781688,92.4132869896
51.67155629,92.4035377641
51.5790099897,92.3692261339
51.5901359621,92.3346994295
51.7093717233,92.2365211309
52.0496439598,92.0574961498
52.2244004241,91.9842455646
52.3231943627,91.9496686361
52.3889879188,91.9561079699
52.4309415329,92.0293602644
52.4915588788,92.23823074
52.5303803275,92.3635709802
52.6015460029,92.5462504235
52.6253244831,92.6879648532
52.5741712219,92.8455585034
52.4259670514,93.0652904621
52.2425242898,93.241603158
51.8600503089,93.5439559736
51.5825715492,93.6770800683
51.3268424646,93.7990005622
51.0153391397,93.9174253416
50.9263976974,93.9483866726
50.8362126657,93.9913008156
50.8911594912,93.9818403554
51.0748319609,93.9719817078
51.4403859148,93.896814324
51.7215728487,93.8356730409
52.4016500557,93.7254195739
53.0340895256,93.6200770776
53.9370722352,93.4142296935
55.8900830514,93.0037168443
57.6323024593,92.6045527853
59.5294971022,92.1100708716
62.4788386675,91.3932183733
64.6835476813,90.9641145884
68.4043383835,90.2441395484
71.2856533206,89.8855902011
74.5372238209,89.4664876723
79.7626937461,89.1700143483
83.4565012461,89.0677598079
89.0810276739,88.9972901224
92.9468058308,88.878002898
96.7988793209,88.7003748013
102.350563815,88.3834228085
105.891719068,87.9626394147
111.178740372,87.1557615682
114.855390999,86.5396676074
118.684500108,86.0274168724
124.399359452,85.2743164738
128.062045362,84.8787153471
133.251598641,84.4266620656
136.475518762,84.1734672161
139.59971866,83.96957301
144.098294407,83.9054734186
146.888007514,83.9777881151
150.613687005,84.2529639936
152.828304855,84.5211377464
154.792991876,84.7932341353
157.27012295,85.5189654758
158.644842458,85.88425503
159.931541727,86.0420935711
161.64313592,86.2703495112
162.62338739,86.289820972
163.800603264,86.3269399997
164.443995799,86.2472423544
165.276084022,86.0231243321
165.743166625,85.790595805
166.172384782,85.5969265364
166.909401102,85.3149606845
167.455516438,85.2210719392
167.964793547,85.1741887906
168.621954674,85.0685297295
169.012266819,84.9303406421
169.528162176,84.7060051632
169.969088908,84.5750599465
170.612574187,84.4065761853
171.890459853,84.2958410173
172.968459972,84.2778193038
174.678770549,84.402419306
175.722214074,84.5732880401
176.602359456,84.826982403
177.688286153,85.1151774562
178.183234057,85.4529520277
178.699740226,85.8898550298
178.933399558,86.1383801236
179.113257685,86.350030606
179.299987196,86.7486530162
179.376167438,87.0037140879
179.430451304,87.3424650391
179.429641528,87.598161278
179.442068318,87.8306288595
179.507407288,88.2116585063
179.511202955,88.3606339255
179.48124678,88.4705953883
179.468816827,88.5295116994
179.443077691,88.5653802334
179.418010232,88.5527512211
179.404945753,88.5265920506
179.387322548,88.4428005919
179.385692311,88.4105450357
179.370666968,88.3918732545
179.33227638,88.3528450702
179.26981274,88.300411599
179.106726624,88.1440061431
178.922770997,87.9970856382
178.726594311,87.850130402
178.334697669,87.6541539812
177.907346836,87.5290798973
177.33656381,87.3959461632
176.039388664,87.1815628765
174.938297987,87.0271486975
172.947159205,86.7699729615
171.550162772,86.6276421587
170.081484578,86.5040892927
167.873991815,86.3826514235
166.443957469,86.3014592799
164.36128408,86.2567539212
162.960201428,86.3409863111
161.590728307,86.4737740915
159.701650899,86.4586986715
158.619023766,86.2448097017
157.369957579,85.4828548795
156.734182708,84.9062021002
156.111311544,84.4944383665
155.406163627,84.2666466809
154.953766852,84.3559081097
154.234526925,84.6849269521
153.578688317,84.9230087482
152.731580279,85.0927912558
151.193435504,85.2528560117
149.937406685,85.2495782336
148.663228842,85.1811692697
146.944761656,84.8947809676
146.100251816,84.6536138584
145.304061453,84.3371408587
144.938496177,84.1726204109
144.390737064,84.1598332507
143.796327425,84.2911660371
142.886765948,84.4555134328
140.82324731,84.6335343827
138.95993127,84.6434669151
136.854528806,84.6527059582
133.420911304,84.742760285
130.993648768,84.8646139779
127.19905636,84.9942935973
124.530926116,85.0485747523
121.814289703,85.0589818885
117.396614711,85.1128457884
114.233391618,85.2491950569
109.301308025,85.5798971951
106.004098821,85.8712670865
102.814573848,86.1906887217
98.5796826756,86.5233227923
96.2583184623,86.5862357348
93.5004030641,86.4777027602
92.0929553993,86.3487417686
90.8814897165,86.1486414302
89.0393511645,86.0893390155
87.556236484,86.1639587709
84.4576963158,86.4703318119
81.605627363,86.7130261026
78.3243855174,86.9740580959
72.477459373,87.2960847098
68.3070327743,87.3614621348
64.0407939117,87.3904897161
57.3695900493,87.4695150506
52.7794461754,87.3988675417
46.0387170107,87.2449517415
41.8404764938,87.1783580073
36.1401340045,87.1788182389
32.747359637,87.3382762417
29.6137823456,87.6331633955
25.2534976633,88.23133538
22.4364894963,88.5708041442
18.554752609,88.7438324463
16.306601153,88.8560643624
14.2177691284,88.9855924269
11.3331260697,89.3468424269
9.39160501622,89.5135530229
7.54087081446,89.7326474012
4.73533501231,90.2612563455
2.89264147966,90.6028294798
0.120865170132,90.9928548304
358.148069538,91.1413201625
356.157586237,91.32145884
352.967159941,91.3912139981
350.685007492,91.4492204122
347.342710985,91.4608644306
345.224616451,91.4584415521
343.300953183,91.4654919434
340.807501977,91.4607543874
339.522544306,91.5210375668
337.865136548,91.598748966
336.783904095,91.7843444303
335.823730775,91.9004261104
334.612575747,92.0536275881
333.969362796,92.1165571014
333.234961407,92.1707777203
332.874962195,92.075327867
332.593052997,91.9832626712
332.284893189,91.8669052396
331.99850961,91.8049450233
331.479729316,91.8082202337
330.960197154,91.7407509679
330.41437962,91.6203837396
329.456441964,91.5703237717
328.785700645,91.57704969
327.610874749,91.7548190407
326.605275352,91.9470969569
325.422725307,92.1765486148
323.72314033,92.3548580644
322.622326475,92.5357438306
321.487514732,92.7472015168
319.787851805,93.1151663854
318.684161608,93.3565913873
316.944443929,93.5197738136
315.677991496,93.5469123002
314.369970934,93.321249238
312.372067274,93.09562171
310.94910977,93.0540571958
308.803226624,93.0976929353
307.401939962,93.158380002
305.973254218,93.2979470971
303.761345884,93.5065421388
302.33324621,93.5305133967
300.217142475,93.4368758402
298.869931612,93.409542962
297.586026084,93.3878601603
295.858199038,93.417434716
294.837965401,93.385043587
293.292740207,93.3831236311
292.372733803,93.351874779
291.416203351,93.475498538
289.903872127,93.5483847713
288.850419086,93.3748551508
286.995886551,93.358675728
285.858651284,93.2287625087
284.875016079,93.1365584916
283.832886803,93.0003527653
283.274610836,92.9737531014
282.658272107,92.8685676377
282.462675858,92.8633327804
282.469136413,92.8355332404
282.430320607,92.8970891162
282.48159771,92.9357609981
282.569877383,93.1158156251
282.697248331,93.3707979107
282.740677195,93.5763884991
282.864368703,93.7106797322
282.9393955,93.8092392106
283.071990452,93.8646186976
283.239322975,93.9847796866
283.418046233,94.0815923777
283.672536587,94.1852421244
283.893014978,94.1805909666
284.182663098,94.1349488314
284.576686443,94.0576037571
284.765646921,94.0138899743
285.130494923,93.9315446951
285.383955536,93.8867886141
285.642439743,93.8687215971
285.932447747,93.8961168109
286.132552797,93.9297454147
286.3466573,93.9525225645
286.489412423,93.9481325517
286.594999963,93.9514594298
286.711205076,93.9394269407
286.764332173,93.9316797578
286.833685804,93.915309389
286.856769958,93.9044170359
286.880572626,93.8853268464
286.955472024,93.8503015499
287.040198913,93.8225658636
287.200289475,93.7582583486
287.310007237,93.701283703
287.452613928,93.6163481614
287.694015249,93.5226518631
287.928820352,93.4439478395
288.394870404,93.2710625115
288.740927626,93.1305432213
288.919751508,93.0435522109
289.197300448,92.9171015338
289.322986839,92.8533824883
289.442707262,92.7501498465
289.549855321,92.6423675061
289.657528122,92.5698329811
289.76719687,92.5341762548
289.880070175,92.5404879772
289.975947223,92.558416736
290.048686703,92.5881744812
290.083990793,92.6098463227
290.099994626,92.6388589159
290.099143537,92.647212299
290.115933244,92.6430552918
290.15005856,92.6233882413
290.165225081,92.6160264061
290.17782982,92.5945121219
290.218556821,92.5604992459
290.283126388,92.5266854995
290.386089881,92.4719468902
290.448666616,92.4460318758
290.526636183,92.4159704865
290.579796568,92.3885580104
290.619013572,92.3676155798
290.676757492,92.3378944651
290.711009962,92.3240127718
290.755602281,92.3017819949
290.769131865,92.2914840965
290.774653857,92.2885640016
290.77049319,92.308234724
290.758089266,92.3348543411
290.734432329,92.3665266521
290.732595077,92.3859538823
290.739695263,92.4029392262
290.761916202,92.413142218
290.772164355,92.4165999286
290.773718197,92.4153071075
290.788915326,92.4080330232
290.806518649,92.4053709943
290.833467465,92.411781041
290.852374748,92.4113410474
290.88089012,92.4067873174
290.950989136,92.3908174236
290.993191659,92.380046052
291.022898393,92.3591056716
291.045927677,92.3398509067
291.061622173,92.3377070231
291.100132665,92.3837252938
291.132693751,92.4146529139
291.196214291,92.4355259238
291.232443544,92.4312474628
291.265700048,92.4068219601
291.292960449,92.3926768757
291.306439768,92.3979453512
291.336845557,92.4153603052
291.364158215,92.4406124269
291.392568972,92.4725585342
291.415371459,92.5049143226
291.43548324,92.5118362553
291.466520291,92.5391115933
291.497789499,92.5649756049
291.523987233,92.6147553401
291.547110498,92.6706001867
291.552133133,92.6862386238
291.593148545,92.7259335413
291.628665297,92.7543562678
291.652872465,92.7895087519
291.713892112,92.8454890807
291.733907014,92.8996249603
291.75471892,92.9562718201
291.754325331,93.0261706616
291.772097727,93.0647446415
291.801227142,93.1160219186
291.824466299,93.1470536048
291.847020317,93.1712422163
291.86588343,93.2193622608
291.857123266,93.2638902292
291.806845601,93.3248950098
291.787820688,93.3089741248
291.771375833,93.2675423361
291.797256583,93.2100217705
291.81137329,93.1900763689
291.797869105,93.1395127786
291.797511011,93.0888793873
291.797648904,93.0264919878
291.812386564,92.9281587225
291.822159806,92.8630852817
291.840252842,92.7874773277
291.838094925,92.7463706233
291.843994424,92.6889033873
291.8468712,92.6245375437
291.860754299,92.5536341079
291.876906222,92.4600407635
291.88054579,92.3780991793
291.886772327,92.3247645761
291.888648753,92.2152795081
291.882857186,92.1456044318
291.901845142,92.040308362
291.908821875,91.9790080046
291.926548475,91.9143909046
291.953162618,91.8173756942
291.965795616,91.7654893662
291.992093068,91.6939127704
292.023750524,91.6500109983
292.064750587,91.5848945459
292.132299191,91.501763571
292.172135854,91.4545129889
292.214368232,91.416954352
292.255731573,91.3558401199
292.277772528,91.317248371
292.307471018,91.2608690807
292.335854676,91.2196890523
292.37218707,91.1875356555
292.426653865,91.1288912258
292.47134762,91.0889930757
292.59273651,91.0420676487
292.69377776,91.0231343836
292.881336848,91.031485768
293.381151151,91.0942401686
293.907889321,91.1993357144
294.741028921,91.2155042124
295.441165178,91.2815901453
296.312919489,91.3127000915
297.805991142,91.2356839979
299.490115661,91.1023925436
300.777577649,90.814484722
302.059146426,90.6124192597
303.380396205,90.4357936927
305.518666266,90.535954404
306.881229155,90.4688847135
308.662346007,90.5315380845
309.676099266,90.5881051564
310.546691442,90.6366331799
311.668575842,90.7536413175
312.348333552,90.8424841238
313.288908635,90.9795006686
313.885299149,91.0866383865
314.525560646,91.2038862506
315.632725235,91.2983733503
316.405815742,91.401942044
317.244556319,91.5089027015
318.51479325,91.5882271533
319.378146546,91.6137725859
320.745228123,91.5793025755
321.603901664,91.501514832
322.473195303,91.4308433948
323.706013648,91.1773205338
324.431952344,91.1186147857
325.582930276,91.0318016853
326.405041754,91.103818908
327.336357819,91.221146453
328.934913384,91.4827771769
330.133764319,91.6310028589
331.928567238,91.8774404985
333.090285591,92.03990087
334.194674832,92.204782233
335.695262544,92.2504032963
336.595936659,92.1854789081
337.945783252,92.1040901205
338.851625153,92.124166404
339.862093112,92.1708261578
341.368405463,92.2578795711
342.347365181,92.3137510772
343.96619652,92.3923999249
345.171498701,92.4758842811
346.45627675,92.4751231813
348.469499327,92.5789996746
349.711836863,92.5653622852
351.293663756,92.6548338938
352.328832297,92.6294576344
353.366918835,92.6863421851
355.117259483,92.7628118907
356.337990693,92.7834779706
358.164723956,92.6862594942
359.4395535,92.5568382298
0.744789695981,92.4360124668
2.80269941238,92.2010307618
4.25365023505,92.1900067787
5.76222921405,92.1791813801
8.13955909336,92.2378025448
9.74844088102,92.2668275337
12.425680404,92.158613134
14.5032276953,92.1500721804
16.661351499,92.3442102061
19.7638421883,92.2665452858
21.6996203597,92.1617596428
24.4167042627,92.0578492507
26.2240987353,91.8674012656
28.0473955886,91.7016577368
30.7507446011,91.5477408216
32.5000770904,91.572511399
35.0791103129,91.7431635567
36.6455574201,91.9370417346
38.1453407395,92.0632868124
40.1939628811,92.1883070403
41.4332850322,92.2326867581
43.1829233704,92.1815316847
44.3892302673,92.2112029645
45.6456988645,92.2535441924
47.8993172397,92.3543764882
49.5344534598,92.5077955749
52.2994698162,92.6516660358
54.2038394446,92.8694840968
56.0806418876,92.9866781596
58.887786106,93.1846047361
60.6279568133,93.219479438
62.2688035669,93.2428192571
64.6121752461,93.2372809603
66.1078868232,93.2142245662
68.2383400415,93.298879835
69.5734843315,93.3138328406
70.7603351138,93.4323597309
72.340829225,93.764710112
73.3381774205,93.9978978849
74.6461523521,94.2942399665
75.5496098403,94.4050833767
76.4118606077,94.5211229727
77.7337287317,94.46586039
78.6459613039,94.3473485332
80.0929516613,94.0229242558
81.1827771821,93.7862709652
82.3568891679,93.561188261
84.3039776259,93.2949681789
85.6527642685,93.1527515281
87.7524385396,92.8656450488
89.1964360204,92.7863187597
90.5496909786,92.7730936711
92.4114709145,93.0065544791
93.4932948677,93.3081030487
94.868516888,93.7986451399
95.6714435527,94.1173805254
96.3771884507,94.4589045602
97.4026820594,94.914977822
98.1243100798,95.1332731288
99.2523393979,95.5026191478
100.026064738,95.7216686461
100.767817377,95.9490286293
101.755415846,96.4295198291
102.343423953,96.9028500008
103.042276747,97.5953063808
103.495412364,97.9857839236
103.862630141,98.2830646949
104.370526708,98.5036359833
104.736152061,98.5374901938
105.327825542,98.488518528
105.694702347,98.43381838
105.952384077,98.3963742491
106.221758892,98.3322480542
106.327814391,98.2654884899
106.411197473,98.1674888429
106.421739174,97.9539933984
106.394357588,97.802678228
106.34251986,97.6465860858
106.324457673,97.5701446857
106.324453441,97.5196577044
106.380098951,97.4651467208
106.444093578,97.4373421281
106.439309798,97.4449599123
106.334460855,97.4397877988
106.023512723,97.4052902449
105.182118198,97.2634795584
104.412457409,97.2684836889
102.828591927,97.4675025961
101.446641496,97.8248036319
99.7708064928,98.4004490916
96.8899436583,99.5705292652
94.7938693836,100.517839687
91.7611672015,101.926701188
89.889712161,102.600177979
88.3400172333,103.035204813
86.5261126555,103.331577249
85.6681398745,103.193513591
84.9025914868,102.570521443
84.7193788089,101.851312954
84.6251370119,101.014988665
84.5962664742,99.7487736778
84.5720008636,98.9792429285
84.5013710694,98.3719871738
84.4291059911,97.8316417535
84.385183439,97.8319721605
84.3883050065,97.7906158802
84.4878090317,97.6596195465
84.9882281028,97.1150564889
85.508288198,96.675815736
86.2887891714,96.223558247
87.6547238776,95.8405764092
88.8605494183,95.4836938454
90.2812934413,95.2314449088
92.7509999182,95.0848167067
94.5394124527,95.0913649296
97.3675378682,95.0244570048
99.2795602801,94.8539777316
101.380632451,94.6312101562
104.871621028,93.9234361565
107.661841837,93.3116130808
112.464800858,92.3870557953
115.940481839,91.7826291694
119.501144466,91.235315744
124.978031743,90.6110512614
128.575109237,90.3079323161
133.80359232,89.723156342
137.126325967,89.2669086006
140.230074761,88.7004818551
144.564911413,87.8887116641
147.281519486,87.2676216345
151.012667768,86.8550091061
153.16316022,86.8044958113
154.950319617,86.8919125874
157.029592852,87.031906578
158.159951445,87.1672635432
159.551873585,87.4633612666
160.451434014,87.5549067495
161.390662142,87.4809396618
162.904010801,87.2197450507
163.926026578,87.1510192016
165.396092246,87.0606677956
166.416175616,86.9851725712
167.269531425,86.9918092723
168.554189287,86.9678393699
169.588139512,86.5197566227
170.725054884,85.9467426697
172.64406255,85.1649076584
173.948356171,84.8399914992
175.824069806,84.7125947672
176.965629219,84.8448824741
178.024687402,85.0949149571
179.374488788,85.5574891469
180.058101098,85.8778294483
180.811602838,86.3319060216
181.126850126,86.6896671691
181.394592668,87.0511706502
181.800782186,87.4918661727
182.181938081,87.857584164
183.005221384,88.3921915369
183.704383123,88.7663522473
184.407104875,89.1886539533
185.485496452,89.7423387118
186.177983538,90.0294150893
187.186582725,90.2735071487
187.853992437,90.3825660835
188.535547039,90.4476280535
189.48870969,90.5129660796
190.125102173,90.6002359012
191.010621072,90.7298919026
191.5411128,90.8223920795
192.072889259,90.9089088033
192.806396488,91.0453896724
193.317716318,91.1416158057
194.086519133,91.3157666044
194.607669521,91.4404646412
195.039664945,91.5194568145
195.596107838,91.6460948021
195.847539914,91.7157957237
195.937285547,91.819512068
196.182126896,92.0088129636
196.312813356,92.2258824867
196.410458632,92.6695354515
196.453955966,93.0511931718
196.437341247,93.2798396653
196.312864735,93.5897682738
196.206460019,93.6634110562
196.023058675,93.6827531842
195.897451211,93.588575199
195.773808848,93.3670032518
195.670516983,92.9909042511
195.687473439,92.749892505
195.739656279,92.4606905948
195.790171323,92.3098518754
195.902047319,92.1948322833
196.092526295,92.0183482957
196.224555374,91.9181933961
196.418624787,91.7584704108
196.530751647,91.646579493
196.63278923,91.5294187055
196.725458886,91.4096394036
196.778077113,91.3607686377
196.80951442,91.3168209134
196.805695509,91.3196516102
196.78782471,91.3396121735
196.722335791,91.4262569121
196.663757552,91.4693027389
196.578553817,91.5043101394
196.54604519,91.5137375402
196.527823285,91.5030890507
196.546872885,91.4639933611
196.584219054,91.4359045647
196.653772354,91.4144609846
196.697174539,91.4213857633
196.727711842,91.4403268084
196.739438404,91.4661888308
196.75292811,91.4756946742
196.75498226,91.4776680454
196.77735916,91.4521979931
196.792854407,91.4359748014
196.82099078,91.4139731629
196.850547319,91.3890067603
196.863427004,91.3790107588
196.883649075,91.3570069827
196.892631192,91.3607959145
196.896010047,91.3694043235
196.898537647,91.3606874559
196.906824324,91.3519522596
196.977687752,91.3477817966
197.068742047,91.3745043418
197.203470002,91.3729964954
197.311778361,91.3491132911
197.450419896,91.3189846767
197.870998256,91.1872453991
198.202838784,91.041758722
198.856665556,90.7705736226
199.261032763,90.5924930889
199.719020991,90.4889001048
200.421716693,90.311442418
200.940419407,90.160383829
201.692809156,90.0137956369
202.20637224,89.8814548094
202.674189236,89.7829162956
203.471165511,89.6743871317
204.036161159,89.5728369953
204.941272037,89.4274689476
205.604453698,89.28638027
206.291471284,89.1811776717
207.280489642,89.0422167661
207.925315832,88.9324772593
208.536066442,88.8085100887
209.257395136,88.6799683155
209.668449489,88.5527531529
210.090014004,88.4473853122
210.207192301,88.3689170359
210.345679122,88.3176422718
210.470080959,88.2335580814
210.510412312,88.1681476443
210.479793629,88.0796414904
210.405771754,88.0216274155
210.350224556,87.9825584566
210.217584245,87.9805989341
210.115993213,88.0345907209
209.94193476,88.0943611878
209.861735683,88.1346803199
209.757302673,88.1639501758
209.620096747,88.1734579494
209.569260925,88.1654950597
209.510303761,88.16463227
209.488944311,88.181301635
209.495430197,88.1959487856
209.573932672,88.1970410955
209.722139547,88.1907480396
210.310506833,88.2033170012
210.795806484,88.2395427774
211.464829101,88.1842529777
212.674810506,88.1998338702
213.520174324,88.1829506674
214.718254382,88.1649641633
215.353329382,88.1588866936
215.90353037,88.1290837601
216.558770641,88.1687134794
216.913430536,88.2114509861
217.381310116,88.3118492219
217.53572028,88.3962931843
217.675657251,88.4256223598
217.766092395,88.434807717
217.791303992,88.4268556308
217.77503094,88.3899090308
217.722264552,88.2513058792
217.654357809,88.1724102012
217.487974589,88.047519081
217.292595548,87.9816731829
217.070292823,87.9062091891
216.591960503,87.7870558421
216.270800383,87.730966407
215.69263207,87.6620510309
215.251673583,87.5738785651
214.770236531,87.4727408632
213.857667489,87.3360052708
213.17060971,87.2642904694
211.993028533,87.1431099757
211.242954032,87.0669811393
210.519417081,87.0081644365
209.436131562,87.0001703413
208.744660653,86.992347673
207.634472142,87.1087802995
206.832197951,87.0862151488
206.081305304,87.0301150596
204.883280844,86.9538753893
204.163390587,86.8693406491
203.210610592,86.8257451708
202.66288755,86.7800922727
202.240114337,86.7276367883
201.672901713,86.7093497443
201.460498788,86.7599986481
201.187279555,86.7847371979
201.073405538,86.7733967711
200.979764284,86.7599534474
200.97136295,86.750971441
201.023176289,86.7456260596
201.07584773,86.7435511182
201.16987773,86.7144472274
201.206189829,86.6825730201
201.231791914,86.6512309986
201.232509693,86.6291815464
201.230957223,86.6081505267
201.252632027,86.58086837
201.298062008,86.5687696243
201.373084118,86.5710468566
201.403944123,86.5714674351
201.446281229,86.5668877965
201.479958617,86.5604432099
201.487950004,86.5555585941
201.487711442,86.5488339974
201.484815076,86.5520062226
201.48382702,86.5561547115
201.484023959,86.5592436697
201.488780535,86.5658130254
201.492976057,86.5611025
201.493193568,86.5708601288
201.491273801,86.577464685
201.469516136,86.5889890354
201.456834867,86.5965992329
201.451940373,86.6163419254
201.446392934,86.644482231
201.431175925,86.6459529546
201.410348492,86.6475484884
201.407186196,86.6509539978
201.416916189,86.6386007128
201.425217203,86.6306308824
201.441680809,86.6240707733
201.474435278,86.6334446564
201.480194213,86.6476950049
201.479626067,86.6578347037
201.466191653,86.6660967352
201.456688835,86.6672864918
201.457955978,86.6650266713
201.469730663,86.6684736322
201.483277288,86.6753724858
201.498020722,86.672104033
201.498756277,86.6641983755
201.498142628,86.6582780068
201.490732552,86.6709186773
201.469904552,86.6808635178
201.44175787,86.6746045376
201.426870799,86.6658294678
201.431471553,86.6616028541
201.440460751,86.6674060032
201.447498529,86.6643223479
201.45919661,86.6279259743
201.476109661,86.613232036
201.502740619,86.5731103559
201.526281074,86.5418927405
201.554215461,86.5027096065
201.60042564,86.458121653
201.644971945,86.4344095137
201.68204065,86.394431472
201.690862383,86.3639524842
201.692206173,86.3262048432
201.696953092,86.2709993183
201.711911532,86.2320708874
201.755592811,86.170740835
201.791480766,86.1138519786
201.82159124,86.0645121888
201.88169443,85.9940871159
201.905067596,85.9745136988
201.931126381,85.9458858316
201.936353033,85.9257336324
201.940093499,85.9016969324
201.956024107,85.8842628228
201.965124901,85.8903793477
201.965298519,85.8929795467
201.942847155,85.8852502522
201.930418494,85.8818816929
201.915409477,85.9008929989
201.896052382,85.9177073152
201.88242972,85.9366397397
201.855674929,85.9775396284
201.840485859,86.0102960952
201.819207455,86.0439666509
201.807082425,86.0620448073
201.791892544,86.0827994392
201.784287486,86.1022485472
201.780528693,86.1050771062
201.792207446,86.106071094
201.799417778,86.1140676132
201.794205531,86.1168060021
201.759444933,86.1330242674
201.741060349,86.12581242
201.746629907,86.0989379717
201.762378729,86.0835854102
201.773919518,86.0803073767
201.78137159,86.0620048454
201.779120048,86.0376320907
201.769598393,86.0309845497
201.778319336,86.0206724414
201.794450213,86.0083434211
201.80654081,85.9921442466
201.817762534,85.9832433923
201.835114761,85.9992712042
201.832762407,86.0098976136
201.833104481,86.0191387699
201.823942712,86.0308004442
201.827857602,86.0350010399
201.837300972,86.0319420636
201.850356955,86.0143782157
201.857096317,85.9984791833
201.849091654,85.9616624614
201.819492589,85.9097993679
201.664773528,85.7812565793
201.318384962,85.6097024463
200.894452623,85.517243886
200.000375559,85.369374079
199.226774415,85.3330541719
198.28138903,85.2768885713
196.659676497,85.3616928795
195.411182053,85.427768293
193.387331032,85.5633349395
191.968740129,85.6168262642
190.486752951,85.7403430446
188.184572914,85.8428217211
186.556294593,85.9353571605
184.030547015,86.0677290006
182.27495138,86.1599970976
180.428421679,86.2972559887
177.549248503,86.633467815
175.472016802,86.8676221385
172.365664631,87.2760057951
170.249741974,87.6218653533
168.15007393,87.9726286423
165.097731528,88.5990442664
163.044664979,88.9802271962
161.019881454,89.3238780512
158.022822331,89.8496923499
156.037115917,90.1720030648
153.019499716,90.5089160257
151.028179413,90.7627183231
148.094591262,91.0491248255
146.171904843,91.265942745
144.368958418,91.4464211575
141.987554798,91.8327021589
140.670844911,92.150737583
139.514062655,92.4467109339
138.086966017,92.9114732944
137.270950294,93.1804869088
136.179289549,93.4201768433
135.528058238,93.5806989836
134.915782088,93.7034332779
134.101668207,93.8707279565
133.628313104,94.0099025986
132.994458209,94.0959541462
132.569554129,94.1346965063
132.129849787,94.2003280498
131.38799373,94.3156869971
130.783039298,94.462330906
129.659395315,94.7081829197
128.714419393,94.9424095793
127.591924014,95.2445589341
125.634531295,95.6395110569
124.109060679,96.0197584541
121.690612268,96.4782387768
120.029708852,96.7916986054
118.352070775,97.0043402958
115.895370931,97.3195582171
114.219121554,97.5559688422
112.567886998,97.72454551
110.117102099,97.9605031906
108.474718101,98.0457635202
105.994520816,98.0151084071
104.318578153,97.9682376993
101.648022555,97.8954427076
99.8095606499,97.8831594855
97.8424025747,97.8855445185
94.8552842862,97.8590643089
92.8414270985,97.8714643904
90.8336391302,97.840364632
87.7483197786,97.8032179161
85.5886171766,97.7134252093
82.1905058212,97.6071816488
79.8341097244,97.592849877
77.3784265855,97.5890403402
73.7080976744,97.5260273958
71.3834077614,97.5240995324
68.2100526614,97.6204658396
66.354560048,97.683610613
64.6591055894,97.8157335164
62.307696672,97.8645530513
60.781964019,97.9357376329
58.5720789371,97.9434557482
57.1477571129,98.046084532
55.660472905,98.2544341724
53.298287912,98.5750670578
51.6707585523,98.7766793068
49.1875089585,98.9216015676
47.6419485756,98.945018495
46.1613222238,98.9656825511
44.0195122893,99.0446407262
42.6056654302,99.1271100414
40.5419595129,99.1516399839
39.2903096935,99.152982139
38.1548390849,99.1569035358
36.7900786104,99.0996176584
36.0011640659,98.8361190602
35.0993268634,98.2083406728
34.5312495388,97.7822509769
33.9196275541,97.5113364491
32.6993103002,97.332634424
31.5758332681,97.3079744683
30.1536193883,97.3252389965
27.6044878214,97.4097885162
25.7834336287,97.5149811746
23.0084930658,97.7380750575
21.2553276401,97.8474173037
19.5594413352,98.0418513666
17.1003145137,98.3132021781
15.5152434453,98.500180991
13.2831372548,98.8902269049
11.9932323526,99.0791280389
10.7473957527,99.1835973277
8.97386138465,99.0624718534
7.87825154725,98.8575036305
6.18209967354,98.3662181795
5.14924139827,97.9675627582
4.09622340588,97.4153552191
2.46087958938,96.136634105
1.34519618192,95.2067292305
359.536621145,93.9763979252
358.358440756,93.2898837675
357.10507767,92.8353845754
355.285145845,92.6137111753
354.085327301,92.6990660628
352.614146127,92.7587920158
351.929694173,92.7304798867
351.419779923,92.7831784695
350.722232198,93.1491275953
350.134639084,93.5166515327
348.968711509,94.1600941591
348.052123095,94.5287354092
347.067101824,94.8188664256
345.593619724,95.3724206902
344.729304824,95.7338056265
343.383989247,96.1402408007
342.508690439,96.3124846249
341.620019758,96.478098545
340.195767998,96.6198752171
339.238393231,96.6205405718
338.300753806,96.6436497314
336.865637365,96.806261588
335.83946071,96.8879882561
334.266542348,97.0886896567
333.213119517,97.1940691313
332.171631768,97.2751712386
330.723848117,97.3985032631
329.890717182,97.4513201305
328.843302097,97.3330503161
328.332035321,97.0786181745
327.910033044,96.7739337461
327.380509738,96.4055242497
327.027442742,96.2370507146
326.593637124,95.9919194699
326.406525125,95.8029359626
326.253721443,95.5691657046
326.170590466,95.2948843936
326.096294218,95.1083254406
325.994243779,94.8158540608
325.937870084,94.5878826414
325.97058149,94.3888059657
326.152040487,94.0408450533
326.4209848,93.7874995226
326.742597418,93.5870843779
326.807879645,93.5488078822
326.846868684,93.5364084628
326.772299166,93.4905050905
326.665149363,93.4821546522
326.564252361,93.4736757793
326.543746766,93.5028155223
326.646970616,93.6308566069
326.949798953,93.6424711003
327.025270476,93.5938377177
327.114324563,93.3839696101
327.160213976,92.792964074
327.081845096,92.3362943769
327.08896595,91.7317852745
327.17677006,91.4882237952
327.324802274,91.407553614
327.825074782,91.5136279258
328.055111166,91.8574450624
328.069621407,92.3768862233
327.9416014,92.7117476004
327.83626556,92.856145401
327.724623636,92.6648743671
328.01031294,92.7573735245
328.725894507,92.8891543279
329.110240864,92.8006861069
329.286684819,92.6711470754
329.41976209,92.4147639634
329.422198154,92.3145014559
329.56480543,92.2240326334
329.756283462,92.165248039
329.942560113,92.1338873011
330.282872538,92.0962682146
330.595087944,91.9582752921
331.044683831,91.8290306987
331.523323282,91.7985587255
332.048016902,91.7752545423
332.702747451,91.5964359434
333.042329585,91.4457075688
333.550483102,91.2287227732
333.813071385,91.1803495311
334.032155277,91.1192370123
334.186466187,91.1720412645
334.219073472,91.1628981113
334.317795642,91.1514942508
334.405731568,91.0689897619
334.544346232,90.9477707631
334.985908733,90.7407724414
335.428420911,90.8506517199
335.971750439,90.5285566281
336.917158683,90.1089829306
337.520071601,89.9049760163
338.962151313,89.8073535929
340.044112574,89.6273143673
341.228858375,89.4876699086
343.011493802,89.1837649979
344.23004781,88.980069853
346.095874333,88.390764525
347.286047995,88.1797885547
348.558506357,88.0429195995
350.725129496,87.8760116871
352.272258037,87.5692913822
354.978955803,87.4653356812
356.957244363,87.1816923475
358.69098741,87.1107520964
1.08708626341,86.9003894822
2.39869457995,86.9563475859
4.15875020813,86.9916039876
5.40119053079,86.9959492194
6.97097931698,86.8979576957
9.40355502162,86.8355704522
11.140489382,86.7326144661
13.7299581524,86.6762965806
15.5208473553,86.666412799
17.2559814313,86.6031948351
19.7717309004,86.5975578038
21.4115146711,86.7137440938
23.7971401239,86.658706664
25.1991998156,86.5282877302
26.4391403165,86.5740838475
28.5323166188,86.5522919318
29.8842034495,86.4187995619
31.2901448793,86.3178337567
33.7158790616,86.0384647537
35.4332583742,85.781129106
37.5319048558,85.7401640417
38.8893979451,85.7099545751
40.1044155789,85.6284094703
41.8162990969,85.7109151183
43.2146789872,85.5431931908
45.0988011305,85.4522707402
46.227897319,85.2910052128
47.2533499904,85.1050753738
48.5993168235,84.9712131762
49.6566134905,84.8172695307
51.4218636171,84.705326326
52.7225214623,84.7265849788
53.9991756371,84.7667032785
55.9424581072,84.9114422462
57.1809807737,85.0488854499
59.0531930008,85.4062744092
60.4836585082,85.7580054027
62.0588111849,86.0763019408
64.4418355846,86.7134477058
65.8425887303,87.1376789309
67.4658385668,87.8723336889
68.2619136543,88.3653457883
68.7689553199,88.5999315508
69.0837186463,88.8290686389
68.9471038949,88.8790593228
68.6906397472,89.0295256902
68.4801894653,89.084034271
68.2743366559,89.2107335665
68.0313197514,89.36451428
67.9380931795,89.4549439899
67.825366008,89.6215958975
67.7695928512,89.7283084481
67.6911060942,89.7959321758
67.5555950301,89.8616794314
67.3706737772,89.8949127286
67.1358442695,89.9843126067
66.689165328,90.3876539301
66.5506043672,90.5270320287
66.4763354292,90.5605689701
66.4212035881,90.5862403713
66.3594770922,90.5759271873
66.2146744518,90.5010921227
66.0868370516,90.4537723529
65.913035468,90.3434140065
65.8435341559,90.2930340497
65.7702901706,90.2252951955
65.7285531237,90.1587756272
65.7068629927,90.1260251274
65.6630478811,90.1363851551
65.6140565324,90.1643623638
65.5388374224,90.2014353646
65.4529279363,90.2329908156
65.4260001129,90.2297539294
65.426973979,90.2254559075
65.4203576784,90.2425021781
65.4191330189,90.2317633352
65.416723795,90.2435477787
65.4190433183,90.2641871938
65.3918752886,90.3012977678
65.3822332334,90.3260517411
65.3799406413,90.3613346964
65.398493068,90.4183905179
65.4360363888,90.4569861593
65.7412732382,90.5393349745
66.6889705401,90.6243081292
68.003050274,90.8887400667
70.5477697766,91.454325579
72.5634181346,91.9177214241
74.6956571048,92.4840849893
78.0829968278,93.3227952781
80.3712497139,93.7613725854
83.6304985149,94.0919177881
85.5458878354,94.0612541285
87.3200205886,93.8931230453
89.5577395356,93.5357191863
90.8934591027,93.2980957336
92.5344156642,93.0485856179
93.5473311706,92.9742611322
94.2882264713,92.8853793636
95.3090291748,92.8282968568
95.8450922145,92.8891703602
96.4484740238,92.9250563684
96.7674658108,92.960057105
97.0150594167,92.9274811164
97.2005876915,92.8798820521
97.2658545183,92.7746960856
97.2344645029,92.5431634994
97.2292306882,92.3931374065
97.2382165915,92.2502791999
97.2859429222,92.0759504694
97.3496134336,92.0017566835
97.5140360442,91.9287782238
97.6063381223,91.8720641704
97.7602287053,91.7909726699
97.9477251445,91.6829313333
98.080870884,91.621359128
98.2392436717,91.5376574216
98.361381043,91.493838181
98.4792756482,91.39051876
98.6589965826,91.2838438557
98.7723950235,91.2240379117
98.8372337391,91.1484246861
98.9101036969,91.1138831444
98.9246128086,91.0736654622
98.8471075735,91.0701821504
98.7566372632,91.072575534
98.6792863227,91.1172779119
98.5343913628,91.1828937701
98.4543404361,91.2196541316
98.397863929,91.2807000981
98.3848681765,91.3190560729
98.3784563857,91.3626190088
98.3974276027,91.4674283627
98.4063421768,91.5230789771
98.3995762076,91.5867652341
98.3725413178,91.6116920943
98.3391212408,91.6324479467
98.2959131396,91.6661928202
98.2869926433,91.7060839305
98.2798769384,91.7333859443
98.2902702937,91.7474823825
98.3117596281,91.7592484965
98.4121704737,91.7818828625
98.4886556044,91.7889773734
98.6388257191,91.7694846683
98.7982336725,91.7025213817
99.0935521916,91.6070287962
99.8071331859,91.4698309142
100.354087495,91.3513443404
101.338609886,91.0431828057
102.054901957,90.8432972643
102.822135763,90.5667671627
104.013533502,90.1072169626
