174.132673175,86.1187842838
172.844661456,84.5644003735
172.364519425,83.9139133936
171.96257865,83.7270879968
171.284791788,83.6313935533
170.767979545,83.6743988656
170.271551163,83.6990047663
169.730845987,83.9166691744
169.591815062,84.0059078784
169.264301891,84.0726392069
169.007589647,84.1688420266
168.683880155,84.0131138592
168.283119861,83.5233575913
168.250852328,83.1331418943
168.569636451,82.7033054917
169.008559872,82.7085102437
169.596529775,82.844237039
170.650152384,83.3323598854
171.414513808,83.9562602262
172.407400036,84.5354610726
174.304656358,85.109722616
175.400137811,85.5030810762
176.804483701,85.8434120986
177.573459414,85.8536719177
178.433593523,85.4823118862
179.973277831,84.747222825
180.999775392,84.4732454402
182.851352066,84.0038474742
184.300364031,83.5605681149
185.650560938,83.3466419456
187.425509635,83.1955715444
188.363402363,83.232963406
189.043910556,83.4323147471
189.140006119,83.6362681675
188.945556347,83.6536068704
188.271491674,83.6311970929
187.70768516,83.4148890432
186.824111995,83.0228292798
186.202948749,82.7955057754
185.554760556,82.6940607782
184.772084948,82.9414249379
184.322031869,83.1860273557
183.711134262,83.2529478592
183.244116541,83.1454532113
182.72429953,82.9706636898
181.798371188,82.7326664566
180.955843672,82.6121599992
179.585104497,82.5638202087
178.617903376,82.6320258787
177.539792603,82.7103436803
175.625345119,82.8164101498
174.291835716,82.8518988967
172.075097795,82.6880566737
170.617207375,82.5949997852
169.229140757,82.4545409326
167.645209808,82.4046172742
166.796038099,82.4489047871
165.9894769,82.5314051085
164.684954017,82.7060339453
163.598248059,82.8660831594
161.486585308,83.111552686
159.980718274,83.3329124761
158.678152974,83.6159545305
157.17380301,84.1140431593
156.57877689,84.415425155
156.529189345,85.1385485516
156.831587561,85.5149323267
157.108674098,85.7188029593
157.499233843,85.9153674327
157.668261692,85.9753295052
157.763565376,86.0028241898
157.888234887,86.0481785228
157.826725548,86.0825897177
157.548656856,86.1306482544
156.989275222,86.0646246124
155.82567111,85.8189221215
154.792432124,85.6465986777
153.51619546,85.5182875632
151.144204394,85.3881720026
149.446693567,85.3998851676
146.831673614,85.8045693881
144.475714154,85.7783532467
141.439400908,85.6488256599
135.331410034,85.3820104438
130.42284161,85.3299966661
122.685651633,85.8009136627
117.774563831,85.9202475876
113.267463772,85.7089520642
107.536436044,85.178022272
104.468443524,84.739241499
102.090077444,84.3730191356
99.2072086101,84.1332785341
97.4512551134,84.3263791087
94.4743265785,84.6734227355
92.2916147454,84.8360842348
89.8901864687,84.9012517108
86.3540868818,85.0538273549
84.1961666053,85.2431889096
81.2845241417,85.5294803796
79.6195186382,85.6720341816
77.9394415727,85.7111500862
75.2981256533,85.6507344217
73.4301265217,85.5667634704
70.7157060319,85.4183336486
68.9998108502,85.2861401633
67.4623655253,85.107898265
65.6250035689,84.7301143861
64.8929546368,84.651668162
64.5520744927,84.7097259211
64.6831950029,84.6943342718
64.7745921572,84.6951970975
65.1326890981,84.6882621086
65.5315525746,84.6565764882
65.9715634677,84.5888997462
66.2978151708,84.5495124112
66.6203398815,84.4357936062
67.2536912676,84.236266688
67.6782738753,84.1002384808
68.3482065946,84.0786123886
68.77010976,84.1093593296
69.1996460158,84.1392987443
69.8268028824,84.1725452354
70.2032794752,84.2226191422
70.5319055968,84.3584546858
71.0548557003,84.6442406121
71.3254455907,84.8752569257
71.8074563832,85.1850106259
72.1348338459,85.3377103978
72.4653226773,85.444388435
72.9258532054,85.6519585108
73.1362023361,85.7720279677
73.2718316483,85.9621575641
73.2135409052,86.1153448836
72.9662631675,86.3123232148
72.3046391194,86.6646550735
71.9194166198,86.9083834037
71.304561887,87.2117160152
70.9308959582,87.3512042697
70.6385080775,87.4826167234
70.1316186829,87.6217962988
69.7996698627,87.6919673365
69.0546901321,87.8020140574
68.5646792353,87.9245007571
68.2087133307,88.1390923246
67.6238366888,88.3402099354
67.2579604375,88.4539616749
66.9311115175,88.5816151471
66.9360962566,88.7141469122
66.9919401817,88.8848653019
67.2505150858,89.080115524
67.5104608683,89.1364798308
67.9902121696,89.1187582592
68.5069172188,89.0640158448
69.0126159293,89.0102690719
70.063018308,88.9527571494
70.8127984945,88.8419421242
71.8845704939,88.6883475474
72.4714469258,88.6780009236
72.8546393001,88.7089534165
73.2630834061,88.7727020766
73.37206752,88.7518326167
73.5514749199,88.6280661179
73.954941997,88.341703591
74.2766662232,88.2375333529
74.7481528049,88.0321586146
74.9274421021,87.9342111142
74.9847911438,87.8951003594
75.0314909919,87.8076161439
75.0165998572,87.8412760139
74.8573154467,88.0078306287
74.7607354887,88.1673619122
74.6610705946,88.3750489552
74.5552048803,88.6014165926
74.5076469207,88.7122808692
74.4797520041,88.8346899949
74.4828829411,88.8863739445
74.488352006,88.9047249418
74.519208471,88.9478088399
74.5688851844,88.9806237033
75.0807903444,89.1328348306
75.6971337563,89.0923678022
76.5126442053,89.085303986
77.7251664166,89.1603848495
78.4877087246,89.3357599917
79.250683457,89.7359194711
79.5871684224,90.1088020177
79.7700527633,90.4462488756
79.8870676829,90.7038079114
80.0409831035,90.6975872079
80.6540440557,90.0883836417
81.1862602486,89.8140043698
81.6994458731,89.7298522497
82.2852042392,89.6979704725
82.5337517528,89.6686892781
82.7735861436,89.6845296328
82.8688275319,89.690357405
82.9387471616,89.7604282528
82.9613119172,89.7768163625
82.9366552108,89.74627293
82.833224625,89.6936972999
82.701812265,89.3101612713
82.8961460055,88.7430313291
83.2314144108,88.0952316802
83.6702388544,87.8395811194
84.177635138,87.712677833
84.9879149075,87.4826360071
85.5654262566,87.4750194514
86.371846493,87.7046174213
86.8004459238,87.9294991041
87.0610446478,88.2578424426
87.409284197,88.6187659961
87.4769752386,88.7506351278
87.4321024091,88.9171311085
87.3255362132,89.036742154
86.9882491613,89.2085405842
86.2423718665,89.4735442107
85.8655317899,89.6807211457
85.3331150222,90.002692512
85.0105784307,90.2222235352
84.7362339897,90.4229324424
84.3352652411,90.5963817258
84.119825158,90.6483034504
83.7067562015,90.7397500423
83.5464129386,90.7563269603
83.3469306572,90.676744872
83.0215106946,90.4432727137
82.7319285934,90.2723735536
82.3357753425,90.0649691307
82.0661973787,89.8705819433
81.8274582265,89.8361890072
81.5678840427,89.8485791553
81.4140799764,89.8402782348
81.3362076913,89.788681314
81.3905642146,89.5947386736
81.3900281862,89.4850552225
81.6001928973,89.2757409778
82.0783403179,89.3703083583
82.6660232945,89.63387263
83.5743344543,89.7874067217
83.9018944171,89.9264956861
83.9979863985,89.8521538729
84.0198820196,89.8047058619
83.9791419043,89.8333227671
83.8973115598,89.8122056704
83.7337549336,89.893198837
83.4264026089,89.9394072591
83.2780388347,89.9682793051
83.1412816156,90.0719415312
82.8362053531,90.1115251668
82.4962408362,90.109396995
81.7792504502,90.2003297573
81.245816958,90.3236406862
80.7553598869,90.4041182771
80.0425285552,90.4338643231
79.5713949441,90.3255918143
78.8798714304,90.1669337479
78.2849444263,90.1326510468
77.5717749578,90.1841617072
76.3111165975,90.3894299323
75.2940867351,90.4015527498
73.4169531517,90.3218184768
71.9665668558,90.1678316355
70.3835689293,90.0019399956
67.8537727387,89.7908399929
66.151802447,89.7075653437
64.1385450064,89.7953135917
59.994271924,89.5061930643
57.5058826066,89.2421462076
54.1309477676,89.0351735551
52.0714908881,89.2672904175
50.1420026892,89.4138662571
47.5286400037,89.5001520103
46.0699019466,89.566265978
44.4178415301,89.7182677681
43.5210490893,89.8918287951
42.5251950302,89.9153241959
41.0115057404,89.778001498
40.1757470196,89.7907176587
39.1012854222,90.1434132019
38.2368473895,90.5226935759
37.2282264906,90.9326503148
35.5906792343,91.5068224022
34.3893219514,91.7016391286
32.6100785986,91.7447412709
31.3453429721,91.7456555521
30.0151284694,91.8226425418
28.363507865,92.0038835061
27.3619890461,92.071924816
26.168989392,92.0810144525
25.6533738616,92.2080714683
25.2621402922,92.2193749918
24.7478304432,91.7396352033
24.489829326,91.4036772567
24.437224093,91.235582925
24.4848859281,91.1978042119
24.733936808,91.1372575168
25.754308645,90.9797168689
26.5536934982,90.8220090485
28.059047531,90.5181823782
29.178804614,90.2371995794
30.4142877943,89.8869260526
32.4362814479,89.3625818412
33.9807326917,88.9592427802
35.7286597418,88.4878943289
38.7001982725,87.7524270849
40.9381214194,87.183900086
44.7274762574,86.5059998754
48.1065672973,86.3339534572
51.9352005018,86.4883454029
57.7589388586,86.633994462
61.3257810534,86.7446440461
65.8135817954,86.9182441853
67.9106307899,86.7913218728
69.4767991721,86.5609625391
71.7226571571,86.4523833253
73.5904398211,86.3944923995
76.748978444,86.3156242219
79.008922044,86.258308136
81.2064236848,86.2176084403
84.1489439458,86.0950049012
85.8614880136,86.0148342125
87.8958840183,86.0258350574
89.0108968342,86.0288172054
89.8883902889,86.1222846864
91.048137352,86.1096506577
91.7546054047,85.9779292494
92.86493266,85.8021266529
93.6764715541,85.7030934504
94.6087871342,85.5543984149
96.4326233647,85.5738035197
98.0224009352,85.6690991714
100.663027045,85.754362422
102.276897108,85.866426422
103.569748229,85.8653859575
105.113462909,85.7042662962
106.236043952,85.5098293387
107.627455842,85.3810387801
110.465523645,85.1614021977
112.78910948,85.0259673286
116.428734206,84.6727193291
118.996799705,84.4019246745
121.536316977,84.2240365794
125.251652281,84.0720131345
127.795457702,84.1490300188
132.478955306,84.4621876688
136.30102866,84.7084393114
140.33083929,84.7730249014
146.831702941,84.6418779138
151.176034557,84.3145107077
157.448126528,83.6458577261
161.635209611,83.3057654231
165.636974842,83.1060111081
170.575460192,83.1861110588
172.83456786,83.1311701284
174.963808424,82.9105987508
175.738034859,82.8268026804
176.348965029,82.883664441
177.118541646,83.2415879274
177.452155322,83.6087920122
177.870445718,84.1471275044
178.138712886,84.4621756415
178.574824191,84.8410155868
179.729673402,85.562775851
180.701257421,85.8654300415
181.890379139,86.0914829273
182.523873668,86.126889104
182.941840959,86.1265553231
183.616745542,86.1491382746
184.136988799,86.3799001775
184.62410049,86.6213821744
184.957464435,86.8879596362
184.913541665,86.9419094599
184.653594035,87.1019422972
184.389616329,87.4251522959
184.09777251,87.7743710608
183.674710534,88.2934256447
183.476442045,88.6212399788
183.355863182,89.1165053442
183.440132711,89.4472349303
183.60602951,89.8381126156
183.863290343,90.1872112844
183.966977344,90.43404209
183.889813224,90.8844892783
183.650488004,91.2982641854
183.314824978,91.654050942
182.62968754,91.961655586
182.24804365,91.7191696698
182.185130681,91.6053911896
182.023013349,91.6761362653
181.774287181,91.8990152496
181.393774236,92.2932622625
181.049553789,92.5070345882
180.840142044,92.5260862546
180.524782929,92.5263618839
180.219962483,92.5261879026
179.926087616,92.4438461309
179.855149509,92.387179146
179.855653752,92.2965770287
179.986336717,92.2049858556
180.131531772,92.0882043399
180.252451684,91.9973084344
180.383188183,91.4574624154
180.644763183,90.7131819287
181.307462189,89.9156661085
181.929253199,89.5003738292
183.001583396,88.9369936885
183.615467477,88.5568743453
184.193195223,88.2390129669
184.80899729,87.9705842276
185.13640699,87.8416591368
186.074284358,87.8792461761
186.774971768,87.9293637154
187.57272364,87.8096511774
188.669946006,87.4292363466
189.263099899,87.1448918496
189.822950291,86.7712491043
190.043394652,86.6354118639
190.150422234,86.6490243351
190.570891741,86.6955897179
191.243836784,86.8049713077
192.219597244,86.8143322691
193.107305,86.7552759227
194.405582759,86.5641281702
197.041100182,86.1723210668
199.11841215,86.0085666839
202.423036809,85.5362586941
204.755573468,85.2294718173
207.126973212,85.0898273849
210.976980715,84.9384771507
213.615341525,84.9285720738
217.514780087,84.7909074204
219.926888047,84.7202379896
222.195652861,84.5330430796
225.426849266,84.3049639587
227.612491616,84.2528281775
231.14409963,84.0380969375
233.738526715,83.9953854798
236.586987098,83.9559291414
240.948416856,83.977484793
243.807650537,84.1037210292
246.645906059,84.2577851757
250.726366373,84.3388982568
253.335455503,84.2686286556
257.049994223,83.9893048669
259.089607669,83.7627193347
260.546130517,83.4715764781
261.78559253,82.9812608554
261.886610084,82.8132705214
261.007910877,83.062889055
259.677144568,83.450379488
257.3896648,84.0008694327
252.186081793,84.7718293856
247.593341984,85.4391771708
239.984234869,86.1317425513
234.568279814,86.6879083235
229.094069825,87.0882985985
220.898902673,87.1908359652
215.712293779,86.9435308951
207.46193225,86.494839807
202.362445562,86.8334937766
197.795732062,86.808127175
192.039920509,86.4347270232
189.018719974,86.2608199772
185.719558308,85.6775855053
184.363593675,85.369104238
183.437601132,85.1142267703
182.451189549,85.1624336079
181.926015573,85.2669812994
181.308136063,85.4541839609
180.92566708,85.4294747316
180.619025326,85.2663625415
180.674241652,85.0737353957
180.931088287,84.8936664939
181.6593751,84.7815977984
182.598659395,84.8418936765
183.220940716,84.8626885002
184.001486587,84.8270536932
184.422905853,84.7266592566
184.944697152,84.6418620777
185.679920045,84.6111094034
185.953483287,84.6354596527
186.016795238,84.7732795021
186.048989318,84.8176957384
186.052537118,84.8241649097
185.827025287,84.8380598526
185.6363738,84.9033458584
185.317899105,85.0439767057
184.943366537,85.2825105514
184.558742449,85.4925491664
183.607901914,85.9882019795
182.868343349,86.2530073336
181.833128974,86.9145019737
181.317302947,87.3201776888
181.049022692,87.7738760546
180.704329106,88.5319973154
180.409299972,88.8834383075
180.180863644,89.121861139
179.854058242,89.3192413147
179.562024785,89.4305252595
178.972232686,89.4389057895
178.468428934,89.491600366
177.88525868,89.7830839018
177.011186989,90.3908431178
176.341207621,90.5308602151
175.393794132,90.5909325206
174.828410869,90.6138105856
174.28469524,90.5569989958
174.176176068,90.6342184394
174.058695416,90.6832412025
173.995396596,90.7439967246
173.986742184,90.8156552304
173.986377243,90.8783202563
174.220824105,90.9493757935
174.970042743,91.0974324728
176.505433801,91.2277354002
177.343954509,91.3249002624
178.009999533,91.4911973564
178.470838823,91.8062702715
178.530185868,91.8519455912
178.700382281,91.5963961372
178.808051931,91.4675382396
178.991977411,91.2020590652
179.401178296,91.0908527498
179.785652811,91.1393142815
180.25413127,91.0568877985
180.597025091,91.0157576579
180.917662453,90.9356692163
181.610097441,90.8994314727
182.118970779,90.9290682921
182.717378497,90.9745358749
182.974744012,91.0093080073
183.086647213,91.0342342499
183.258441495,91.054904082
183.259256921,91.1164879428
183.152494746,91.1172546992
183.001251681,91.1485029939
182.847899348,91.1549673843
183.098560821,91.8527888454
183.667917879,93.4070161272
183.520169078,95.7823389948
182.688199318,96.7519899487
181.535830198,97.0721546178
179.894596044,96.979393703
179.089580315,96.8574210679
178.473258384,96.8527728973
177.503118088,96.8378347316
176.726943789,96.7924502892
175.458818789,96.5497032445
174.727931839,96.2926593606
174.132511023,96.0163693111
173.46312312,95.6682441026
173.191204942,95.5449549711
172.9917448,95.5044175395
172.563077999,95.5063009628
171.773863463,95.5625509193
169.848136111,95.6800629011
167.907548762,95.7098857244
164.425793803,95.780873152
161.377191633,95.9600661118
157.916212476,96.2015964846
151.193949626,96.5508317377
146.052338288,96.8414923747
137.764863416,96.9679091188
132.214655002,97.0818443723
126.788672252,97.0513186712
119.515924217,96.5853281323
115.168113295,96.0851126703
108.960682357,95.4176723011
105.230526577,95.0164562827
101.745978186,94.7238013729
96.8414920473,94.3679498694
93.8294187993,94.0694358376
89.9700316582,93.7823382215
87.8253361507,93.7266308105
85.922612206,93.6031363504
83.5657331425,93.6146405502
82.0626760603,93.6181124982
80.0726061047,93.4400032353
79.0591649927,93.3631108978
78.1639167607,93.3222153537
76.751102791,93.2304407284
75.8695656895,93.1581966619
75.0839318886,93.1043574438
74.047819228,92.8322703784
73.5376599741,92.616799737
73.0041905207,92.3580079251
72.6569739532,92.2843213662
72.2724255953,92.1479023574
71.7018919416,91.8884465606
71.4954670681,91.6435516688
71.2846212569,91.2264758522
71.2020344494,91.0280766515
71.1613084059,90.9137790055
71.1133458321,90.6698266486
71.1698290578,90.5593044282
71.3226608714,90.4114502769
71.4981795873,90.364920332
71.5989511252,90.2855271394
71.6371185036,90.2202759202
71.5278786426,90.150875913
71.1082550729,90.108323997
70.7369206858,90.0958841009
70.317388547,90.059381549
69.5377352011,90.007714533
68.8579043121,90.0262879096
67.8175827161,90.1782422414
67.1466897785,90.2491745763
66.5429594681,90.2830250443
65.7477978467,90.4343279488
65.1867985,90.5406398623
64.1516524914,90.8149352202
63.3923702594,91.0367296385
62.6594220128,91.2880611347
61.6655228004,91.643182827
61.1912738132,91.8410785833
60.8091280351,91.9807001432
60.4403042878,92.058729138
60.3086918229,91.9960931968
60.2277372902,91.6980308587
60.1620419437,91.526481287
59.8475601659,91.454504685
59.4061123673,91.5148357269
59.2342848479,91.6051901777
59.0780211374,91.6985526585
58.8779506873,91.6658210438
58.7115401039,91.6060982495
58.3756863793,91.5203428308
58.2814781599,91.4526335638
58.2978833058,91.3148731312
58.3569148501,91.0971456368
58.3976934172,90.9177798574
58.281636785,90.6488175663
58.1906322993,90.4723197022
58.1608987954,90.3142012385
58.2262667023,90.2216199081
58.3028554502,90.0886231303
58.2337423628,89.9480487519
57.9560002632,89.8429702395
57.3102142577,89.7243782332
56.95841858,89.6696315731
56.6478776019,89.6024136278
56.0487025827,89.533839088
55.6533058694,89.4593525766
55.3610645972,89.2737887187
55.3338511502,88.9206436636
55.0853824074,88.6041494249
54.91202419,87.9795473007
55.2705794421,87.7527678054
57.0451224789,87.9188277076
58.9438305136,87.9247542131
61.1172092389,87.7993311394
64.3298368429,87.4341674812
66.3665937144,87.0763128682
68.4168133953,86.7334992602
71.2366509631,86.2167847446
73.1187193942,85.8658097612
75.5460881179,85.6023699568
76.786269154,85.4539070988
77.7519145353,85.4177814352
78.792405607,85.3384019137
79.4176975374,85.1769986103
80.1774252509,84.8992568399
80.6475677813,84.6675267327
80.9953619911,84.5299629727
81.3507467555,84.3501077582
81.5651371203,84.2944723245
81.7483903636,84.2207257509
81.8654238452,84.1733719939
81.9620241032,84.0817112635
82.0933115017,83.8954709725
82.2629701433,83.6175066286
82.5329545216,83.2995459525
82.8678518685,83.0707191122
83.3401985739,82.9826814333
84.3062825853,83.153957949
85.0617522421,83.27989136
86.4439518753,83.6110368771
87.5496867215,83.8826957379
88.710513508,84.2245405264
90.8040642251,84.645319529
92.5673448654,84.9785399572
95.6532630002,85.5182265484
98.0840918963,85.8221932743
101.046059817,86.1734119348
106.031814125,86.136963875
109.753745441,85.5397201512
113.586222565,84.9595193579
119.80304881,84.6309399375
123.99315308,84.6374000735
128.274717897,84.8438769483
134.512387761,85.2527290097
138.47763835,85.3639775018
143.829777393,85.2121250663
147.300840439,85.0509406625
152.291035085,84.8424754864
155.802646432,84.6880170046
159.423419279,84.4930219995
164.586693494,84.0495355204
167.69277274,83.8242780453
171.707627669,83.7776333888
174.152808213,83.9312948561
176.416486742,84.1218666848
179.316367359,84.2608815633
180.979707506,84.2139548364
183.108505028,84.0555159533
184.195734883,84.2134159895
185.098281731,84.5890641459
185.965630973,85.3921611893
186.325197554,85.9650629405
186.528541972,86.7958936226
186.613279375,87.293426822
186.703460015,87.707033946
187.047677638,88.1095140722
187.434912512,88.3255972596
188.352291815,88.346196717
189.031317427,88.240177748
189.742260617,88.070394066
191.179911752,87.9254763756
192.399910383,87.862322055
193.867978291,87.8525269681
196.176202706,87.8366021372
197.760252929,87.7188240613
200.485264678,87.6170617632
202.615032199,87.7035408564
204.858140524,87.7848316153
208.388265939,87.7018350872
210.699772227,87.6433009484
214.02177048,87.570503405
216.046787015,87.5001929349
217.873553594,87.4367719885
220.226897211,87.3482228288
221.685398487,87.3686927297
223.788972292,87.312769244
225.271984782,87.1223588751
226.924464855,86.8219598424
229.762989529,86.320917446
231.842792963,86.083621104
235.075686066,85.6117736292
237.481044984,85.2089295521
240.098877631,84.746624116
244.417175452,84.2149009953
247.293907632,83.9658929388
251.217299331,83.8569123264
253.402853646,83.8157855106
255.307300609,83.7672087899
257.952521096,83.8341039277
259.752333584,83.944274553
262.422374846,84.0218440406
264.192390229,83.9761770592
266.034997592,83.9547462583
268.746595525,83.8829142477
270.5290943,83.8031585284
272.248018126,83.6036141338
274.467356444,83.2422035726
275.83528137,83.0424282886
277.09882852,82.8959520707
278.937245484,82.9578805844
280.05638044,83.0213573903
281.402301081,83.227407567
282.032537418,83.2952504086
282.564135315,83.5426495311
282.651598065,83.6685824897
282.777942154,83.8820112485
282.997076051,84.1690674325
283.152935978,84.3088161965
283.374409768,84.386598555
283.583824386,84.4121707957
283.801499189,84.45388002
284.251078065,84.5921867827
284.643353137,84.6167813067
285.604489334,84.6398289917
286.552857628,84.5151350332
287.72724597,84.2672781887
289.593897603,83.9827281538
290.631888215,83.8663414936
291.528431625,83.7349500134
291.867780995,83.5551450756
292.113579101,83.2218974159
292.633035029,82.8707189627
293.155154962,82.7559846684
293.728480825,82.8206915031
294.475250918,82.9300122025
294.947313372,82.8163474528
295.524638088,82.7380874517
295.791946545,82.7675422251
295.859090887,82.7874486642
295.897196488,82.8827623272
295.821734495,82.9548965485
295.645582455,83.0272648743
295.442656641,83.0809198868
295.202197969,83.1387111586
295.010359158,83.1368720302
294.858522709,83.1518923224
294.598529567,83.149513321
294.412482249,83.1662288529
294.19839373,83.1614092423
293.923303864,83.1363032332
293.581118476,83.0589004969
292.975731637,82.9637553061
292.402094586,82.9573599079
291.655097028,82.9821075787
289.717048797,82.9164844733
287.736982015,82.8966358123
283.580506485,82.8669294208
280.37907894,82.9877332346
277.069878996,83.0152157925
272.175030106,83.3697476131
269.210712288,83.5210838313
265.509020523,83.3488701869
263.551073555,83.2934326027
262.044113264,83.2747961211
260.187031429,83.3218456911
258.785814265,83.2043916726
256.188775323,82.5396414319
254.501809802,82.0353285112
252.936157569,81.7953399707
251.227292034,82.0162974548
250.672132116,82.4159627012
249.974405827,82.9255814422
249.2858297,83.0025948026
248.365828027,83.0123962972
246.387868329,82.9744614148
244.800279719,82.8151747683
242.48253825,82.8128637466
240.816890518,82.9315227654
239.320626027,83.1503571555
237.773726024,83.6741165232
237.13505248,84.0700715747
236.977534367,84.4297044904
237.215211353,84.7796621432
237.46952296,84.8359074553
237.903117434,84.7778670778
238.06559825,84.6374902318
238.091289828,84.4146581164
238.155019411,84.3078769596
238.194952286,84.2396703798
238.403095134,84.0265938088
238.65149908,83.9322908425
238.921662919,83.7838192793
239.328953383,83.5343683198
239.608792614,83.3785145355
240.047059246,83.2970127849
240.292005515,83.2646379774
240.390207029,83.248933683
240.306840523,83.2370575193
239.99170182,83.2818742004
238.920424986,83.1909769664
238.050374185,83.3578688922
237.310419333,83.7241145426
236.689429966,84.4116678524
236.466413854,84.7436682496
236.420089682,84.9820189341
236.39353785,85.1537858432
236.271647254,85.3464506532
235.783815178,85.7232735291
235.282928724,86.0587384703
234.383077476,86.4850961977
233.681836968,86.7884194129
232.968603568,87.0985713168
231.950742127,87.5359766917
231.290966114,87.9209207445
230.691783928,88.370732681
230.040543078,89.2825801038
229.584957123,89.8459415175
228.832424783,90.4970220641
228.272647844,90.9020525501
227.67026228,91.1625733493
226.324279604,91.4558562358
225.168692725,91.6388319638
222.766191736,91.7819927677
220.625972471,91.830502619
218.499150775,91.92452264
215.060601926,92.256847258
212.221855744,92.6158323976
206.900397907,93.0483740506
202.796563315,93.3392021268
198.536676755,93.8169591277
191.812610252,94.5938633087
187.338466479,94.8824449533
180.986182847,94.9723678667
177.125625717,94.8531624336
173.715106159,94.5234049167
169.135889515,94.0286755937
166.748676252,93.6138064615
163.72137036,93.4245218235
161.700797295,93.4286328344
159.521334986,93.6131106752
155.32285139,94.0121269452
152.240114449,94.2702043444
147.375978354,94.5778596398
143.974857604,94.5372919633
140.586597708,94.2415575441
135.531001005,93.4384119826
132.269053416,92.8528313416
129.047739677,92.3845817641
124.166044121,92.020190994
120.92435427,91.9877270704
116.028315304,91.9977959052
112.837980686,91.8129137993
109.590741951,91.6648046274
104.282309608,91.5024402439
100.305237016,91.3613253963
93.9594557815,91.2213106637
89.4790885683,91.100584299
84.6794286299,90.8240543592
76.2346220869,89.9623174134
70.197992981,89.4994023913
62.0391729659,89.2042394782
57.473851727,89.3118934319
53.7829368772,89.6011051535
49.2204360128,89.9335750628
46.6031241807,90.0360159529
43.1522625945,89.9242911409
41.4256167777,89.8175778481
39.9219935272,89.5547613815
37.6861187738,89.032457153
36.1801528553,88.675960031
34.8207928112,88.5003480162
32.8888844534,88.4295547344
31.7050678626,88.5187884914
29.7825151017,88.6228554593
28.5434626819,88.785936807
26.797782158,89.0547687788
25.4170809945,89.2086816312
23.7633268402,89.7883446142
21.2880549613,90.4022268371
19.5077515873,90.6753388472
17.2881767119,90.8511318416
16.7528349757,90.7885758284
17.1294492783,90.7637323719
18.3348074728,90.813676702
19.2701151388,90.7662440646
20.0715070901,90.6649000788
21.0286593616,90.4544248735
21.7173580542,90.3324786546
22.8373787441,90.2376141592
23.5834331648,90.2988230011
24.4657740104,90.3960766127
25.5867678348,90.4585366065
26.127312968,90.38333861
26.8085224496,90.2432979788
27.2295175628,90.0762046928
27.6659069289,89.917010181
28.2049685816,89.6383314442
28.1759567055,89.5115378248
27.6788185305,89.192149569
27.1762110523,89.1101050015
26.6342712757,89.1775219348
25.6886441018,89.2398609792
25.0029852763,89.2301201069
24.1017012761,89.2491277007
23.5293928616,89.2406524422
23.03042819,89.2169998509
22.364720729,89.2533299899
22.0530402966,89.2960062128
21.6759525641,89.4071224826
21.5581294532,89.5174745636
21.4894816517,89.598303185
21.5407648769,89.6911647384
21.7293425064,89.7222632285
22.1987675842,89.6182299428
22.365116919,89.5983713934
22.4515728309,89.6708030081
22.5443875217,89.8466645855
22.6200609208,89.9316684138
22.7033766166,89.991849728
22.9373742131,90.0439883177
23.1101705709,90.0061504575
23.2678295717,89.9425364357
23.3142522028,89.885370476
23.2597862802,89.8312904163
23.1051813461,89.7823533065
22.9842638082,89.7911495883
22.8398360764,89.8034075354
22.7526374342,89.8096924462
22.6973286609,89.78560643
22.6317281383,89.6981745506
22.6442895751,89.6139490143
22.7589025656,89.4780758089
22.8704152964,89.3935477043
23.0004441741,89.3270189666
23.2417712163,89.2807633433
23.5717053891,89.3044508322
24.0144789031,89.3944750906
24.4818963282,89.4428229482
24.9423504329,89.4454284314
25.7971161645,89.3700067901
26.4170047435,89.304725251
27.4814958817,89.2161153952
28.4292359051,89.1321110813
29.5237569284,89.130093089
31.2925627423,89.0187454933
32.6805667852,88.8508152735
35.289914941,88.535409389
37.3547493778,88.3915087469
40.0255157009,88.1990465606
44.955016509,87.9708910344
48.5591041909,88.0961134106
53.6636397923,88.0396287271
57.0388801753,87.9221761593
60.0120240019,87.8501962525
64.8724810632,88.1352932889
68.4227270571,88.3454897496
72.1149690347,88.624487526
77.6333452878,88.7795964017
81.4140808203,88.6320887073
87.5621814952,88.4433845814
91.9746861502,88.5074678943
96.5817489184,88.6253796263
103.696723754,88.9666980385
108.642382737,89.3562795583
116.461706937,89.9080426702
121.822185531,89.8784276969
127.116988073,89.598287512
134.728495375,89.1701875727
139.340949546,89.0034600992
145.170834312,88.8008697047
148.25232466,88.7033188262
150.783594475,88.6499847329
153.672166009,88.4667003894
155.311756944,88.5065622944
157.886464813,88.7967408392
159.870101259,88.9038730855
162.077096107,88.9510649173
165.598939348,88.9925214861
168.049067317,88.9565419249
171.593027475,88.6626226241
173.773034866,88.5109054157
175.81540682,88.3967949153
178.465131919,88.3685873129
180.0221201,88.3842360201
182.098300737,88.5350427963
183.309660042,88.7713347951
184.37045078,89.0165416977
185.778879101,89.2060135989
186.638183063,89.2050879178
187.552116366,89.0411255595
189.039254184,88.5479181773
190.127711117,88.2683084263
191.866451769,87.8694126742
193.298647226,87.530734961
194.741210663,87.2159114347
195.987104493,86.9355106275
196.303952319,86.6975726914
196.246157688,86.6289088169
196.247134784,86.5225888769
196.223809234,86.4724020486
196.097032094,86.4617388068
195.970617275,86.4545050166
195.800837937,86.4933147886
195.561451838,86.6458792319
195.247276872,86.8201817691
194.560804552,87.003371477
194.004239318,87.0414371649
192.996963864,87.1664854611
192.2453975,87.1645446512
191.480433964,87.1177285498
190.246495011,87.1390687057
189.511073973,87.1484347132
188.642639018,87.2048950134
188.192890515,87.3436234359
187.984928902,87.5402934751
187.971611905,87.9367851958
188.012456025,88.0012173991
188.049726049,88.0400740961
188.176635914,88.050608875
188.358908984,87.9495894227
188.800195219,87.7324977842
189.308038772,87.595641042
190.306286019,87.5995522978
191.197979528,87.7711026325
192.080747535,87.9631411455
193.177925713,88.0804958307
193.763690765,88.1175521919
194.244846562,88.1649514589
194.817166814,88.2464648994
195.252595417,88.3016227344
195.900962962,88.3796998937
196.357227843,88.4754788113
196.803908657,88.5272852085
197.462341213,88.6508443462
197.79939768,88.7014710585
198.139631701,88.8066116598
198.358699697,88.8829822512
198.591281559,88.9347539473
198.911648957,89.0043834731
199.036909089,89.0400838601
199.124875164,89.087004505
199.123363895,89.1590987831
199.091946401,89.2597465803
199.014148105,89.4156255803
198.947727226,89.4868949529
198.787985517,89.6054854429
198.668339954,89.6455233796
198.475505627,89.6842336601
198.061976171,89.7091585995
197.666074181,89.7034052026
197.094238422,89.6822177621
196.82070703,89.6512961905
196.721312743,89.693214081
196.387566955,89.9391790152
196.035885028,90.0660495465
195.171129909,90.003667942
194.59227434,89.9333059874
194.044037391,89.8095405088
193.22419102,89.562633473
192.826144563,89.4614759722
192.640117499,89.3270797479
192.625733731,89.2454623866
192.60842907,89.1790429046
192.521350415,89.0007620878
192.287615072,88.8896651996
191.904052524,88.722153347
191.258075082,88.541665698
190.737475628,88.5127837914
189.742496222,88.5239633973
188.980971474,88.6181668592
188.022738263,88.7269471532
186.299562762,88.7801605961
185.083146439,88.7346023466
183.224389303,88.668899408
182.054380637,88.649797467
180.978033771,88.6213730906
179.753309118,88.6093815183
179.059736709,88.5628035528
178.401014915,88.4277501245
178.118940137,88.3303054179
178.053640324,88.2121149756
178.134076282,88.0864717188
178.451149249,87.9473837294
178.987358121,87.8458205142
179.774051804,87.9575823046
180.273116726,88.1862402812
180.957747284,88.5216662122
181.327591523,88.5928901143
181.57870761,88.5690588811
181.717931664,88.5275410866
181.852061704,88.5137535834
182.066134661,88.472812347
182.357998309,88.4031039762
183.062232715,88.2471675003
183.748431853,88.0353785439
185.003479894,87.755163202
187.60422701,87.4973849117
189.85074296,87.4213822689
192.473916062,87.3482748381
196.693481263,87.1691197124
199.750624037,87.0685094184
204.89912136,87.092694039
208.832785308,87.2129554076
212.897957682,87.4026821638
218.701004049,87.3930842529
222.043554429,87.2806468173
226.599519619,87.0414761987
229.588388309,86.8045494008
232.473901837,86.5858277535
236.877675303,86.3784963181
239.641732689,86.2673979127
243.477074122,86.2093708777
244.644173973,86.2727692176
248.234089751,86.3999464356
251.715840278,86.5823971895
253.819062326,86.71688739
256.612629895,86.6154578638
258.510670625,86.5451486886
260.369953355,86.4578006176
263.1924141,86.2584955237
264.97202886,86.0293695449
267.546467974,85.7466370534
269.266410094,85.5627186618
270.962635772,85.3848773019
273.342122744,85.1110587356
274.708796599,84.9484354272
276.376176457,84.7350471623
277.31172094,84.6145927928
277.946200412,84.5992177014
278.503127924,84.5960724083
278.549202588,84.6066412562
278.609948115,84.6365802237
278.789213856,84.8063058488
278.790042139,84.9357406387
278.323353661,85.2284616578
277.810350908,85.3703962621
277.265759991,85.5481657388
276.374687186,85.8126706665
275.680257204,85.9193266865
274.803079164,85.9405894079
274.231807428,85.8750325387
273.734014179,85.8577222563
272.931371532,85.838721079
272.454396043,85.7608873278
271.896956137,85.5241415616
271.663075529,85.3655130272
271.58008877,85.1990945973
271.60477196,84.92182138
271.675242317,84.7087171204
271.858217102,84.4494430514
271.943884716,84.3216476497
272.041777403,84.2037691509
272.076655345,84.0956956284
272.09524177,84.0553774495
272.112331303,84.0484214437
272.113618025,84.0634898569
272.101285035,84.0829829522
272.070149982,84.1367852117
272.065145404,84.1861965052
272.03504283,84.2382956486
271.925940595,84.3091034449
271.850250247,84.3347109112
271.687754787,84.3856793481
271.53372445,84.4240290001
271.315457129,84.4605408432
270.77160663,84.5273450386
270.209430204,84.5537676835
269.274066031,84.6947247723
268.474233919,84.8384658548
267.500603075,85.082890992
265.777059972,85.5267857021
264.540546525,85.8555084088
262.660192419,86.1856875347
261.416618485,86.3415720674
260.194614806,86.4005390187
258.229671579,86.4115293462
256.874451943,86.4517767745
254.684889358,86.4489118647
253.139623197,86.5085814795
251.521221775,86.5468718311
248.943564037,86.6155137353
247.121353837,86.5692179457
244.423148525,86.6277455079
242.665194875,86.769322253
240.910415931,86.9546276867
238.093946423,87.1794314957
235.996399936,87.2317199807
232.424501529,87.1579443216
230.027173163,87.1842575907
227.79785759,87.2027393903
224.188193163,87.226897035
221.666927443,87.10411046
217.68623923,86.8630137355
214.893138839,86.7322394476
211.878379208,86.5136344649
207.023239779,86.0731395137
203.851816258,85.5127841287
199.444154253,84.8034909072
196.875198417,84.4220731847
194.577818778,84.1865940926
192.017544331,83.8532778332
191.142163468,83.7379796103
190.857611339,83.7641363584
191.114555422,83.8066108631
191.755826479,83.7553989113
193.211854435,83.7355371066
194.223488657,83.8496932706
195.109339143,84.0714260993
195.928678589,84.3330622395
196.448586927,84.5115857333
196.970102266,84.8245100455
197.333523233,84.9712358382
197.650499466,85.1830188382
197.938228271,85.4718116329
198.021025383,85.5529072528
198.14860156,85.6410128323
198.16914428,85.680084718
198.142271575,85.7596568707
197.902142604,85.9698275541
197.549973058,86.116852105
196.932710694,86.2254356024
196.52828692,86.2871240939
196.136641927,86.3030646671
195.727854134,86.3738986363
195.503959848,86.4115969858
195.201833809,86.3970471147
194.964521143,86.3823825407
194.785718283,86.3345666881
194.526273465,86.222708394
194.443441898,86.1523416898
194.399020166,85.9616196411
194.504443237,85.8117874602
194.701697497,85.6145266886
195.160934724,85.3248346022
195.398407289,85.0934598729
195.69680156,84.819627047
195.850448984,84.6039209685
195.957688091,84.4271832649
196.075170897,84.2967352824
196.143005583,84.181111704
196.205904617,84.1055141396
196.245015896,84.042863711
196.291142698,83.9980419186
196.295826,83.9741206054
196.298429426,83.9997112775
196.253233728,84.0535924221
196.058536922,84.1397324828
195.841917551,84.2105538274
195.460553334,84.3613442409
195.171824755,84.4736709683
194.897713614,84.5500042812
194.478606485,84.651053277
194.162103918,84.676266813
193.785727412,84.7238747806
193.601360454,84.7510874434
193.481325072,84.7448874063
193.285862848,84.7097696257
193.097125138,84.6893264565
192.741616626,84.6709045378
192.265515595,84.6387597573
191.757498062,84.6148131188
190.916980335,84.6354659306
190.229262419,84.658893533
189.15662495,84.768092055
188.357656339,84.8421681507
187.516187457,84.9094393011
186.239155827,84.9760012371
185.389677792,85.0438673867
184.17340679,85.124662543
183.406133477,85.1745456366
182.663563528,85.1726622271
181.581091193,85.1813824445
180.86979002,85.1931092221
180.197753091,85.1988498546
179.178420107,85.2066038132
178.535012823,85.2038190338
177.669024605,85.2706732001
177.115230969,85.2627484765
176.522155787,85.2317060573
175.510142436,85.0242452526
174.63451954,84.9026517436
173.28640833,84.8837084459
172.516638836,85.0026637775
171.842380071,85.1259903097
170.953399765,85.2653050777
170.404847804,85.2871489713
169.480416968,85.29957392
168.760247472,85.2873746983
167.926901409,85.3209822199
166.463571744,85.3925962937
165.377513999,85.50827095
163.688738262,85.7449404033
162.627573412,85.8900078353
161.604234836,85.9845655511
160.37331904,86.0726510575
159.787381493,86.0760554265
159.187139324,86.0493320187
158.888028737,86.0376865985
158.596560111,85.9846028474
157.86989275,85.9332320323
157.092042951,85.8613898739
155.398201389,86.0810769601
153.989625064,86.2710339726
152.623222077,86.3451370089
151.015540848,86.3416282211
150.124226121,86.2804278682
149.404358635,86.1596942955
148.632778958,85.8875327027
148.172817876,85.8481495852
147.304272072,86.0233862019
146.623834679,86.1795624898
145.929221666,86.302092415
144.907630611,86.3703441345
144.383415689,86.3590225675
144.16439903,86.3628228647
144.480526416,86.3632701328
144.970720555,86.3370927883
146.043325113,86.263573246
146.880109241,86.1835344012
148.113414336,86.1291065418
149.03753057,86.1842763696
149.993860773,86.1730814412
151.388501393,86.1280600953
152.286692434,86.0487169885
153.628824005,85.8486747911
154.561104517,85.6443471679
155.583528218,85.4782491246
157.057389881,85.1534466662
158.077843282,84.9414195156
159.624820377,84.6320521856
160.57685433,84.4867396356
161.534417155,84.3984461321
163.016857687,84.2426972576
164.045617186,84.1217611728
165.929043958,83.6795242939
167.273681437,83.4192342293
168.531321317,83.2789645556
170.271527398,83.2956010515
171.239377963,83.3413077395
172.15720538,83.4187587244
173.224289721,83.5473330585
173.793024411,83.6181995817
174.267829917,83.6962785702
174.440397413,83.7676087938
174.505542306,83.8458302592
174.524025203,84.0108380338
174.424520201,84.0891377232
174.222532356,84.1193172062
174.022852258,84.1304239681
173.855630061,84.1340346926
173.652706295,84.1261944365
173.573556392,84.1097561077
173.510047203,84.0683401093
173.50631167,84.0536775749
173.533574204,84.0347581657
173.624113454,84.0509497016
173.717118415,84.090153473
173.876355761,84.0895374028
174.02241942,84.0716410677
174.179092067,83.9960985173
174.415527434,83.8623014984
174.525817197,83.8114941126
174.726917828,83.7192836972
174.896161226,83.651893987
175.10542948,83.584907019
175.384398913,83.5010061225
175.546216349,83.4668694465
175.708859311,83.5057381919
175.773203223,83.5199416735
175.816477538,83.5192563653
175.833998205,83.5345589094
175.843326578,83.5428609599
175.877032861,83.5586038645
175.921971904,83.5580125586
175.979754945,83.5684139284
176.085495518,83.5936654193
176.140181505,83.6113102024
176.206615203,83.6479800003
176.27839695,83.6798721515
176.325115856,83.708948693
176.400338068,83.7175865989
176.445434802,83.7081970544
176.504210249,83.7055574775
176.587584858,83.6614422482
176.648372443,83.6409746521
176.740246467,83.5865261899
176.785200091,83.5741561996
176.826399291,83.5567004483
176.868611583,83.5501659177
176.902954389,83.5292017277
176.963583067,83.48150216
177.000086489,83.4584438415
177.047905321,83.4503943916
177.114986513,83.4344284412
177.144837833,83.4320879799
177.179593062,83.421563509
177.179438573,83.4237884859
177.172004156,83.4396434423
177.150543357,83.4480058142
177.118979025,83.4625918357
177.078045766,83.4984567823
177.049683194,83.5295318986
177.023036665,83.5546194567
176.981314338,83.5921363505
176.948487689,83.6138680744
176.888761625,83.6718549754
176.850173193,83.699694089
176.809856899,83.724393986
176.775412312,83.756362194
176.761981509,83.7777306945
176.745807851,83.7929548967
176.732730602,83.8184470742
176.713833624,83.8386533731
176.677212207,83.8540793898
176.650584619,83.870248375
176.634397126,83.8925060895
176.594024943,83.9112055334
176.569138865,83.9172044443
176.542532809,83.9462691138
176.525608064,83.9709307614
176.492985176,83.9822312177
176.447018858,83.9935349236
176.418252968,83.9911150271
176.379708421,83.9950099413
176.369331533,84.0043860686
176.369646412,84.0089110394
176.364525653,83.9997163772
176.367533114,84.0000506593
176.36599404,84.0023937123
176.357998004,83.9969208662
176.347049788,83.988218908
176.32748352,83.9771556869
176.322109331,83.9809133969
176.307016421,83.989040604
176.310728565,83.9853617809
176.309216736,83.9964519839
176.319551109,83.9974479843
176.319269049,84.003489279
176.318278483,83.9818706289
176.314386366,83.9519477916
176.32197972,83.9359661542
176.374015354,83.9219254269
176.432511558,83.905820534
176.601824227,83.841965553
176.8210196,83.7884219609
177.297585411,83.7488429093
178.228628318,83.7229520608
178.812978295,83.7397581225
179.256265341,83.6642284296
179.498577687,83.5057170354
179.583868819,83.3437323011
179.581335649,83.2078633158
179.526787302,83.1335333129
179.461604558,83.1079008615
