184.098835015,76.503165112
182.991354371,74.6603687049
182.989092091,74.8678882657
182.887857075,74.5510710392
182.67493102,74.1305894987
182.545703061,74.2667804651
182.550340611,74.681920265
182.755245437,75.2140621894
182.701190048,76.1942110464
181.960852969,77.9418905376
181.535210931,79.0035181901
181.138785834,80.2739466628
181.186466414,81.4968311006
181.329065264,81.7872358281
181.788528917,82.7858726382
182.499466036,83.4836684514
183.784404841,84.3343584732
184.662279159,84.4039396442
185.457455582,84.3459821657
186.469484507,84.146483466
187.039397651,84.0742578761
187.671518156,84.1646171737
187.765579516,84.1607549808
187.803915841,84.1770470673
187.691900508,84.1357624124
187.547387632,84.0489001303
187.420200478,83.2434269533
187.386673202,82.9957735467
187.375199219,82.8320586557
187.425002089,82.6877916512
187.480513822,82.5757593625
187.478497416,82.4467230222
187.378247342,81.8705036737
187.287286092,81.2049561672
187.182214831,80.6077082579
187.171434481,80.2998575324
187.207575116,80.2178655345
187.392392691,80.0089803757
187.695642844,79.6822182445
188.054209467,79.073496735
188.120735043,78.6755100674
188.094876567,78.4502521728
188.157921263,78.298475107
188.234501801,78.1878002423
188.363959744,78.098181896
188.448683004,78.0983048026
188.513198837,78.1052390812
188.574730515,78.0994836493
188.613644707,78.0984819727
188.680564444,78.1423161693
188.737692809,78.1659107733
188.83101852,78.1215611451
188.926915501,77.967602755
188.999732701,77.7508344189
189.111137339,77.3078680348
189.185929464,77.0176184375
189.283054549,76.4992535784
189.387554595,76.0609358698
189.467472644,75.7242254589
189.585765897,75.1287076735
189.663158891,74.7050924006
189.670695142,74.4542146492
189.667523261,74.2387720216
189.613745777,74.1006383129
189.518247011,74.0541145728
189.187320032,74.1579705815
189.032565745,74.3245392806
188.849767849,74.693873105
188.812274474,74.9624739396
188.716678188,75.2949971817
188.531988351,75.9552364538
188.439584488,76.6759979384
188.420442461,77.8849401686
188.452726119,78.7127598494
188.435253067,79.2212579718
188.214571827,79.5823391466
187.959073573,79.6844083986
187.450583913,79.6842278104
186.976871054,79.4828649477
186.508642981,79.3790776267
185.917187942,79.5266442134
185.547534813,79.6355512963
185.110383409,79.864099608
184.821644837,79.9707835934
184.53207005,80.0529779559
183.99720255,80.1066511932
183.627440855,80.1300558431
182.978635821,80.0864325248
182.491963886,80.1211137771
182.039429149,80.209171611
181.378635015,80.4188608577
180.992342663,80.577642698
180.601862008,80.734768486
180.023930091,80.9649574929
179.608474272,81.0556826549
178.93192214,81.1289448474
178.439442339,81.1163789927
177.802224756,81.0743751204
177.418297366,81.0303604814
177.071917666,80.9911918409
176.519291331,80.9096230638
176.199541019,80.8737055613
175.786345749,80.8279506915
175.275771728,80.7768817357
174.943119795,80.698937443
174.501585356,80.6073101773
174.260810673,80.5331924238
173.997795857,80.4582462858
173.706844102,80.3061474798
173.51014814,80.1651729187
173.262889297,79.8975052038
173.134012964,79.7818700656
172.976563649,79.7176306205
172.733893442,79.6625356556
172.595365954,79.6841201895
172.426131242,79.6924622202
172.309104841,79.6452374255
172.193172821,79.5619099529
172.002911678,79.4297759408
171.861629328,79.3033399173
171.634691662,79.0803793606
171.426690681,78.9533036927
171.01038328,78.9279085706
170.0334939,79.3155533998
169.217505726,79.76725025
167.809239811,80.2881956954
166.764153979,80.5869265187
165.532825586,80.915025872
163.316752556,81.2491245284
161.624251712,81.3269908483
158.922421262,81.4155835805
157.115614117,81.4145926177
155.432695579,81.4017876406
153.023058869,81.3975832382
151.401896826,81.4958601691
149.581951493,81.5407294995
146.713057837,81.4286434329
144.809981064,81.2489478583
142.089617503,80.811235094
140.296485284,80.424734674
138.518356951,80.1263384506
135.829843991,79.8751938094
133.843636881,79.7945117842
130.646270318,79.9266880239
128.555929254,80.0890323858
126.553590963,80.1741061195
123.987878418,80.4023375248
122.606239868,80.4591445513
120.75871385,80.5451655822
119.611976251,80.6028037247
118.57172912,80.685411465
117.195408259,80.7859041396
116.231149367,80.8044591106
114.975326399,80.7725519551
114.353990405,80.6872396471
113.904155505,80.6439790841
113.568934646,80.6880905248
113.614681891,80.7584173841
113.869694338,81.0088468614
114.223093365,81.2595688507
114.783289544,81.4286648301
116.132435395,81.6720352806
117.498934753,81.8881898744
120.028852947,82.2274350622
121.928909987,82.4452159581
123.962402073,82.749283638
127.751964271,83.2903939771
131.095190284,83.6439750165
136.997723764,84.1684467487
141.059227822,84.6096114508
145.113900162,85.0666258967
150.917529303,85.6659091499
154.663391146,85.968697201
158.380477644,86.2487687743
163.997076349,86.5763798662
167.824748355,86.6419592888
173.594450865,86.6320778311
177.331501112,86.4809450785
180.935675178,86.2807334354
185.781181108,85.8822254151
188.734760319,85.3414494666
193.173876465,84.562163469
196.412794906,83.7775412427
199.889664226,82.5916761179
205.453713393,81.2465473945
209.424939983,80.4479851831
215.193187863,78.4412913901
218.623190509,75.7161520479
221.374343418,72.8308061143
224.856981961,68.7444949801
227.168224339,65.7967699732
230.436720226,61.7596551438
232.323027944,59.1544071383
234.07535302,56.632537343
236.332059763,53.8188660217
237.521946259,52.1217153124
238.466990363,50.3204626912
238.710638475,49.0868292565
239.201649763,47.8362414576
242.004519606,45.3939571652
244.749374503,44.1872193126
247.562742114,43.1255726174
251.294242509,41.6881306738
253.889606146,40.7160134926
259.545158772,38.8696147053
264.867772418,38.9201826081
270.04321698,40.1041613748
276.615548169,41.3951772057
280.492973498,42.0634360324
286.811716679,43.3168632338
292.07111349,44.5257135169
297.985390187,45.8476333549
306.268883465,47.5396853662
310.598117724,48.411700169
314.079440011,49.9007838944
315.561173422,51.1507453178
317.411645501,52.9528673025
321.328618101,55.3727225619
323.93397601,56.6423815151
327.153331975,58.6085028713
328.870631838,60.0681054682
330.503673986,61.7436759898
332.829652526,64.1625674033
334.34742116,65.4662883128
336.331017783,67.5045674492
337.500066072,68.7151566669
338.515707644,69.6289292512
339.757768978,70.8053906681
340.493890463,71.4597059367
341.378879072,72.2576067607
341.996488421,72.6213231669
342.766975478,72.8578408224
343.887049986,73.1956203347
344.501012613,73.3985593177
345.091665689,73.8106152201
345.53314572,74.1963460081
346.072748012,74.5759122668
347.430721856,75.308626469
348.4946676,75.5866831259
349.491050603,75.8390922228
350.687288539,76.245235919
351.290023398,76.5317587974
352.269599735,76.9955974941
353.100572504,77.5271208038
354.025766881,78.0545974114
355.526938427,78.7603295887
356.39180302,79.1684555478
357.080606715,79.5761350832
357.039108976,79.9308749456
356.697912322,80.3001205117
355.90257429,80.854728605
355.477837701,81.4966176566
355.195846324,82.0123766105
355.125344358,81.9229562181
354.847719654,81.9309063861
353.793820328,82.0168904562
352.944787129,82.0403501829
351.424976643,82.1721625252
350.303536047,82.3222354
349.059943967,82.5190844414
346.761852224,82.6316259324
344.704369378,82.6435048384
341.125074879,82.7611806134
338.567403815,82.7936632417
336.114290212,82.8557698114
332.442334435,82.7648667835
329.882033304,82.7667409146
325.897639279,82.6697006488
323.250681109,82.4382686862
320.857196512,81.9509799297
317.955366258,80.8276502207
316.749866997,79.8866782028
315.957913743,78.6883410677
315.158158163,76.8270636155
314.676360847,75.9719024423
312.682868931,75.6066224486
309.925092502,75.5667408198
306.609158065,75.309110695
299.962436842,75.1190828423
294.603442594,75.2147104812
285.793412229,75.1480408558
279.653414196,74.7752894464
273.650417087,74.1058061268
264.992307756,73.2278000989
259.508801338,73.307451649
251.888895921,73.8830147409
247.070762693,72.944443737
241.990169675,71.9404539525
233.994318629,70.7741391192
228.795251958,70.1223485323
222.101874138,69.4467053758
218.281062562,69.1005448717
214.88715507,68.7661203217
210.564994755,68.1258794135
208.372206963,67.7643795273
205.792034012,67.6100027689
204.33127188,67.5414807696
203.033286859,67.6515252099
201.217959748,67.8453474847
199.978868486,67.834612762
198.308425426,68.1429285007
197.357808115,68.8571348513
196.701069803,70.1352475607
196.043503852,72.1229373331
195.734960572,72.887837016
195.264270563,73.4029541502
194.321557665,74.546242978
193.738207199,75.5707029905
193.273074939,77.2774314359
193.333568107,78.3603205924
193.616337621,79.1525757573
194.078061522,80.4036207326
194.1175212,81.6434507278
193.76059509,83.1809288384
193.53205737,83.7072763602
193.450579656,84.2977860851
193.509221759,85.1147575307
193.684928189,85.3940803561
194.07372638,85.6141039497
194.364493306,85.7521354292
194.777190178,85.9334388962
195.381214019,86.3261443211
195.895743784,86.6649078139
196.879138846,87.3028417579
197.68937682,87.5488058553
198.521879742,87.7098061259
199.882167653,88.0087938656
200.82437603,88.2137290918
202.148543072,88.5790383677
202.926724388,88.783211171
203.719034374,88.9109577488
204.89545543,89.0344087783
205.590496755,89.0883335379
206.478148261,89.1008296129
206.971814427,89.1427030994
207.435267563,89.1581643646
208.077898305,89.1982043054
208.594584657,89.2412168231
209.694317182,89.3680654192
210.96161137,89.4687355481
212.819538224,89.5818072265
216.274282098,89.7642793988
218.733754824,89.990851804
221.220330007,90.0857064039
224.93155024,90.1162871436
227.30838942,90.1567715815
230.646760131,90.0723796021
232.744473431,90.0591275799
234.709619333,89.9771097042
237.499620289,89.7775139298
239.399268128,89.8099140039
242.162949056,89.6475748205
244.102612065,89.4900501484
246.015515667,89.4581800788
248.896024202,89.3304122234
250.825962586,89.1518277454
253.768729158,88.9724459643
255.902901669,88.895525538
258.142475256,88.8351799138
261.452883314,88.7479141584
263.524436101,88.7059489458
266.491935439,88.7165466278
268.539861978,88.7786760006
270.799024723,88.8161160523
274.27663666,88.8238055135
276.470621372,88.9915214423
279.408424485,89.173713301
281.037747675,89.3428927974
282.356468976,89.615912111
284.233326289,89.7507255497
285.339667916,89.6026067715
286.892615296,89.3567431397
288.100253472,89.18745
289.459041046,89.0159315703
291.758041959,88.9083280822
293.286532614,88.8293529431
294.608376881,88.5976161967
296.35916876,88.0589347264
297.375973418,87.7969331104
298.811069644,87.6056413673
299.757892296,87.5179990183
300.754740203,87.4185357193
302.349287327,87.1642610956
303.355673176,87.108459103
305.018132461,87.1578043764
306.204811934,86.9753343376
307.443996106,86.8350420804
309.424426601,86.4955387888
310.709044319,86.2038240004
312.535065988,85.8402265043
313.718685476,85.5856989043
314.835222773,85.3382710465
316.224520071,85.0885973558
317.013748006,84.9834842375
317.95531081,85.0518041258
318.514378806,85.0699159753
318.964329605,85.2154712371
319.570393085,85.4426378402
319.678845231,85.4548238917
319.975239312,85.7010093507
321.074039894,86.0627290513
322.116847921,86.182945605
323.946895742,86.3309363887
325.186662513,86.3192498368
326.47689672,86.2552428168
328.447284524,86.2081168796
329.868331445,86.1371441073
332.145662412,86.0912356055
333.76438086,86.1421538603
335.533557157,86.3132726874
338.364669458,86.5868916276
340.364420605,86.7111975197
343.470752827,86.8136425892
345.577989806,86.8971746202
347.950044356,87.0198620408
351.690798115,87.1110035386
354.280109974,87.0579955613
357.903722925,86.9681697412
0.0407267378909,86.7991417281
2.0182408425,86.6345757253
4.66888972764,86.3905360082
6.33532725149,86.2365529726
8.8985856859,86.2191755918
10.7428108155,86.2107124912
12.725931833,86.414994756
15.7325615408,86.797276758
17.7124800216,86.9959559735
20.6756425051,87.247741854
22.6580612711,87.2726988908
24.7262081213,87.2205169368
27.9261546498,87.0502673386
30.0318752585,86.8991691653
33.0751933373,86.6823573905
34.9577235959,86.5722858641
36.9158791869,86.5058201447
39.8283416052,86.5739037268
41.728176429,86.6729920711
44.192760194,86.8167330311
45.491185084,87.0481569266
46.684900273,87.2450554303
48.3779775756,87.2695106028
49.6194130769,87.2314193415
51.6144833613,87.1444804905
53.1231566079,86.9890551686
54.6285806045,86.8983708067
56.8156934468,86.8508821125
58.2813493292,86.8695474218
59.7332324562,86.8482450261
61.8526152161,86.7556873011
63.1760169022,86.6100382808
65.108924287,86.4592697677
66.3937550898,86.3706628421
67.6206817603,86.3121026104
69.5544038858,86.4160318067
70.7511511985,86.5327736803
72.4335397075,86.7435612955
73.493577694,86.9092106097
74.5433855293,87.0496886338
76.1534536937,87.1943872578
77.2228342641,87.310843755
78.8622206536,87.390484218
79.9165691652,87.2659849442
80.9600552277,87.1276187336
82.5438698987,87.1544441952
83.7364883033,87.0776020516
85.5104191977,87.0129390578
86.6205964721,87.0322943945
87.6806388749,87.0877119103
89.2066000625,87.0794969297
90.2559506729,87.0298544549
91.9698083193,86.9281500437
93.2082781596,86.8841909279
94.418354437,86.8966390567
96.106444559,86.8017546717
97.1875707894,86.6931810451
98.8668836839,86.4593021926
100.064556461,86.3071361229
101.250185196,86.1459892841
102.992373688,86.0457375782
104.037906741,86.0101812068
105.071920385,85.9886510795
106.368780427,85.9795009548
107.213667275,85.9667504197
108.257716898,86.13116288
108.977764493,86.3020118847
109.755668292,86.4840596177
111.06216224,86.6828756859
111.863059126,86.7296358856
112.84803515,86.7024197565
113.32801439,86.6510858148
113.766355273,86.5746015696
114.230727764,86.5664397748
114.369608081,86.5183147876
114.606171294,86.4370584178
114.705855802,86.3784278511
114.754169861,86.2971773675
114.671521573,86.1330558945
114.564153264,86.0572970638
114.370330494,85.970708652
114.227339329,85.9520458405
114.071361641,85.9551704913
113.876992338,86.0163726718
113.715210259,86.0984357001
113.360092435,86.2487274114
113.062158127,86.3188760197
112.614043603,86.3655863568
111.949027327,86.4944061823
111.577260207,86.5032305969
110.982822058,86.5035842719
110.520839714,86.5183779123
109.91727598,86.5693890155
108.674419616,86.6233718615
107.59750401,86.7223595914
106.283148667,86.8696809908
103.803267519,87.0477155484
101.872565384,87.1007250872
98.5788156758,87.2692201173
96.1316475297,87.4943912016
93.5899155413,87.6494084925
89.6347728809,87.8083418174
86.6589905768,88.527979912
81.4831768587,89.2725199448
77.9960488248,89.0068363941
74.5843385116,88.7252264879
69.2639737155,88.5865538324
65.9250840897,88.5990446199
61.5806095252,88.6679927111
58.9117884305,88.704402475
56.1756721312,88.8774084261
51.9076542982,89.2259767761
48.9220242412,89.4121942579
44.106952302,89.8396892076
40.6454054442,90.0803241547
36.8621488527,90.1725894885
30.6105432393,90.3787148438
26.3626048491,90.3495449467
20.0203234519,90.1847000021
15.9597390052,89.9091732545
12.1001612411,89.6022534872
6.66934782975,89.369530352
3.20063310438,89.3413978652
358.416751146,89.3791446648
355.416852658,89.2489354918
352.487186395,89.1682343938
348.485754864,89.0445019202
346.04557697,89.0110109591
342.456029456,89.5380234305
340.104948322,90.0069302777
337.918042441,90.4225611155
334.94090465,90.7793366144
333.138740698,90.7618510929
331.267251022,90.5233410039
328.220221522,90.1699631232
326.067346646,89.9880704235
322.486086198,90.0685229806
320.035977385,90.248462227
317.567348538,90.3652691695
313.906704944,90.1657799761
311.369314881,89.756031308
307.119389323,89.2372123442
304.027845008,89.0305510704
300.649922843,89.2698731252
295.773411161,89.5207487225
292.76385938,89.4304985345
287.706936481,89.3326192788
283.938275948,89.0452134307
279.284213681,88.5725299068
270.85313886,88.1068061739
265.423168157,88.0267161438
257.499984464,88.1438269642
252.892494266,88.4581660713
248.954574285,88.6564362931
243.704281623,88.7390166485
240.484688907,88.7152176443
235.805938413,88.6286657307
232.819942967,88.498067123
229.630740103,88.4797894533
224.629931121,88.2471285347
221.724600897,88.195374177
218.900073211,88.1360136146
214.922142313,87.9684481631
212.883583702,88.0813950675
210.243210751,88.5504146359
208.843660192,88.80637439
207.679614451,88.9450915774
206.206041703,88.8958805022
205.326665869,88.7446769993
203.964341268,88.4381454431
202.971190777,88.3658368857
201.991325928,88.3725562655
200.676030458,88.203559595
199.859143181,88.1008895628
198.583552828,87.8804117561
197.837561165,87.7405437568
197.119019766,87.5977962393
196.285962738,87.5422395469
195.864066377,87.5116097194
195.475237497,87.4621227297
195.302639337,87.3915752281
195.244658277,87.2890728959
195.042462884,87.2030197414
194.86533976,87.2604671084
194.590543116,87.4041753008
194.474047282,87.4481284299
194.338592119,87.4798419995
194.124703806,87.4698524231
193.940937702,87.4400247437
193.528166239,87.5024232448
193.23142037,87.7266760703
192.960311531,87.9978703087
192.508939781,88.2602288706
192.176433621,88.3725351068
191.438057003,88.4196503573
190.988762786,88.4401833082
190.591677691,88.3736263077
190.268618373,88.3419523979
190.135349239,88.2557736718
189.907334207,88.1142923968
189.374791822,88.0428418961
188.691489819,88.7128879849
187.005241166,90.7286836252
185.717562043,91.9743025821
184.606094443,93.435182437
183.284926253,95.6935457774
182.641801858,96.9045366184
182.081166378,97.977381241
181.715628299,98.7071358353
181.172548535,99.5229110726
180.536893041,100.727918898
180.235142104,101.682298054
179.775865125,103.639600442
179.52007031,104.910904697
179.162819353,105.818235566
178.604161556,107.462395525
178.203541407,108.436590108
177.387746978,109.930182195
176.71416653,110.809183795
175.919438057,111.638236516
174.994700796,112.873314311
174.329196447,113.455782848
173.244541494,114.235871152
172.492165855,114.605778115
171.78882049,114.837126197
170.699750131,115.175056692
169.970987124,115.36690913
168.595964976,115.831671209
167.418524496,116.218748014
166.268079977,116.735559946
164.474004086,117.979971021
163.367103917,119.017954686
161.671496874,120.441971048
160.40894079,121.350802223
159.19612152,122.203661259
157.701914509,123.395471919
156.948063758,123.914812856
156.354306754,124.369897284
155.346846569,125.174755232
154.678559263,125.612782113
153.99249889,126.285243533
153.58419386,126.912426298
153.308449538,127.992096941
153.176364276,129.912364065
152.691422756,131.216067438
150.946974122,133.005835254
149.346568058,133.964520889
147.867588875,134.799712177
146.176522284,135.63519279
145.218647068,136.020263537
143.448908136,136.620515582
142.332761595,136.766253228
141.308018531,136.858023031
140.74154267,136.947509245
140.561237086,136.531427704
139.410698604,135.720099297
138.660798266,135.438783961
137.405922735,136.010305467
136.175113711,137.13817688
135.301365703,138.129130814
133.806221244,139.955457335
130.514880132,141.378476478
127.013066107,143.070838121
125.045844205,144.086532365
123.907706876,144.942359247
122.527593918,145.621201042
120.204376612,146.424878898
118.343919344,147.172217324
115.152708441,149.207821427
112.414409036,150.563321226
107.965876429,151.908620558
104.917126496,152.751983592
102.334671498,153.21695963
98.7187688341,154.035749439
96.6090561115,154.595478675
94.4082809921,155.09571002
91.4848995452,155.66590514
90.3354871946,155.920304908
89.3454650765,156.228428941
89.0425576993,156.419319713
88.7811437246,156.508685398
88.3732303299,156.578163474
88.1532599297,156.690983338
88.0040505266,156.725932803
88.1023958467,156.842498881
87.9853210645,156.911521802
86.7701386142,157.069063907
86.000435737,157.07098458
84.8332399281,157.247000138
85.0588867466,157.466058078
86.0170557655,157.632218183
88.7013214344,157.537679301
90.8979658816,157.369965572
95.0230401711,156.74950242
98.1234450642,156.283519755
100.954918569,155.840410266
104.821217588,155.070085292
106.718919958,154.632491433
109.850384014,153.636297744
112.230026072,152.992797852
114.480610481,152.342618685
117.822462402,150.991271871
120.18620221,150.019994452
124.080926966,148.614230268
126.387338112,147.584263946
128.420305888,146.569520573
131.487291173,144.923985719
133.057138474,143.260932772
134.97006146,141.60035011
138.875217233,138.801635073
141.335619711,137.404716305
143.247821525,135.850663469
143.870989983,135.008426214
144.857343249,134.117427168
147.61001347,133.299087085
149.309807011,132.501925402
151.248377281,131.833599194
152.691269059,131.436698335
154.018291213,131.358760444
156.402554082,131.355523078
157.762775829,131.261700367
158.67178816,131.137919317
159.026219799,130.76497285
159.625104975,130.102765229
161.54323482,128.943607717
163.188775615,128.237523054
164.744750418,127.758219976
166.585210475,127.608911772
167.635616538,127.432766576
169.091706083,127.28018228
170.110744231,127.315458199
171.653646918,127.038496056
172.810872774,127.00474179
173.957498119,127.079669669
175.487791586,127.355615197
176.241061963,127.570143173
176.492544865,127.40102147
175.788067721,126.749979348
175.319070634,126.318256597
174.997039851,126.363075248
175.001920372,126.343811194
175.110400967,126.363822601
175.266767762,126.515031918
175.593966277,126.509309643
176.359324073,126.745056108
177.348584425,127.031581784
178.594314093,127.420220461
180.952611913,128.18831297
182.746269417,128.485327617
185.289067268,128.928004625
186.941059934,129.194105689
188.631413784,129.507806667
191.406715235,129.829946204
193.080183144,130.065266753
195.630544407,130.498540151
198.129226133,131.00226814
200.517562887,131.567773313
204.662981328,132.406489963
207.573498823,133.132045549
211.739230183,134.357621332
214.621310342,135.143273778
217.035551409,135.939538537
220.855079572,138.12081967
222.969369784,139.591804423
226.635487344,141.257702424
229.650162738,142.290934956
232.448855626,143.277422999
237.377328949,144.546469636
240.808600577,145.200639637
244.447808718,145.913446748
249.933062013,146.98048459
253.375903597,147.201551586
257.54771373,147.680947959
260.853961871,147.895829674
266.841495271,147.988521286
271.02196064,147.866223239
275.472825494,147.561489878
282.970488933,146.636825562
289.215459626,145.607468919
295.886436068,144.341332679
303.359157835,141.449619933
307.244264624,140.239611538
312.041444528,139.090040804
315.038902094,138.407832616
319.058971986,136.725059345
321.659152521,135.308407423
324.265170406,134.236492347
327.292048154,133.230939126
328.777840735,133.09256665
329.872058714,133.174003736
331.106604713,133.51009274
331.855345532,133.618515185
333.617798977,133.611322391
334.839833644,133.682452732
335.782850052,133.889012191
336.964297221,134.476515245
337.684998696,135.137471859
338.829780125,136.461049905
339.687987145,137.337440099
340.458589456,138.469353491
341.096441872,139.99317711
341.322888745,140.764764488
341.856511665,141.504241171
342.677776046,141.349028344
343.801536895,141.297807446
345.064573888,141.599275598
345.397127488,141.960301986
345.322320071,142.4577843
345.043012438,143.102848174
344.75331883,143.406601742
344.678481832,143.762445074
344.684289765,144.116232967
344.416448425,144.470426025
344.188904993,144.634480183
344.190870857,144.745180468
344.346177973,144.991005961
344.422586798,145.068088793
344.486524266,145.186833087
344.496149242,145.375202199
344.416881873,145.52739291
344.232840701,145.844860169
343.983331757,146.148695851
343.67504238,146.345152241
342.886943148,146.611269077
342.572845411,146.731192806
342.296244805,146.978539087
342.11107914,147.333627589
341.926059265,147.461102239
341.40791119,148.132224124
341.023821718,148.638988658
340.822038966,149.368726975
341.087063688,149.922290084
341.452095058,150.393813863
341.95883633,151.060302182
342.567795693,151.47563591
343.334541767,151.698994599
343.623575228,151.973086422
344.17807367,152.268624261
345.660038579,152.707018963
346.955507658,152.896672374
347.689684455,153.128569631
347.530419514,153.287787584
347.580601563,153.607798014
348.132235039,153.904883706
348.624845203,153.827750928
349.282173933,153.674990533
349.670645902,153.568371356
350.342637529,153.603468685
351.47862551,153.925103767
351.85739365,154.235774328
352.813251626,154.263188413
354.252839316,154.437653726
355.060839586,154.542223754
356.136276524,154.316739098
356.882593072,154.247234913
357.479153988,154.181295235
357.97410947,154.294834746
358.380949839,154.354497
359.376653104,154.651606434
0.398901410255,154.90375083
1.45579022358,155.320594481
3.53156689143,155.909090204
4.78607393386,156.312492876
6.78746505993,156.77587376
8.21485954389,157.055103196
9.61346313414,157.371712537
11.1113320984,157.565379586
11.1889330622,157.676768243
11.7006551077,157.86585128
12.6252739945,157.761524249
13.6651014195,157.482005719
14.6709932981,157.108173666
14.9837543673,156.935514824
15.363907911,156.941059749
15.8745598811,157.000350693
16.4150890167,157.049201376
17.4426668986,157.139178008
18.0031089361,157.247914585
18.8215794759,157.421178847
19.3686085421,157.545199209
19.6376959235,157.546060953
20.301001703,157.486121782
20.6311902679,157.414239136
21.0504378071,157.325290817
21.355495492,157.215008501
21.5317070255,157.101204129
21.5979581554,156.978617494
21.5832487669,156.912862402
21.5117604166,156.823643173
21.2557904955,156.692809097
21.0190475379,156.624581612
20.5139979245,156.564803089
20.1585503542,156.579443521
19.7812332049,156.601101961
19.1167048429,156.628135367
18.7724758292,156.666463644
18.3945652674,156.715633481
18.3488283179,156.760504747
18.2762691192,156.790267154
18.2639491188,156.809761744
18.3160689087,156.84040922
18.3938803256,156.908463685
18.4442255954,156.94869589
18.5504749095,157.005180362
18.7128063319,157.054991499
18.8361265288,157.076570023
19.0455756889,157.118647417
19.192107815,157.144617483
19.3068462014,157.142721311
19.3826674803,157.14753881
19.3759018915,157.140008905
19.3817908663,157.122411402
19.3304307737,157.085733653
19.2276076194,157.024433633
19.0131667192,156.984959152
18.8216587698,156.98229666
18.5223179827,156.9799919
18.3797419784,156.976622276
18.1790981139,156.954025003
17.8846035957,156.920371187
17.7274810857,156.903566761
17.5309201906,156.881047099
17.3614561736,156.871367835
17.1730607023,156.90548657
16.3692735467,156.970757026
16.0417041896,156.830758466
15.758126783,156.598878184
15.7440145575,156.47142849
15.6151837356,156.411509263
15.2170328238,156.359278789
14.6878062243,156.316791324
14.2347349324,156.303856127
13.7942991642,156.314978942
13.599965988,156.365767564
13.24804709,156.483493155
12.9233402512,156.549679715
12.7753320106,156.604397324
12.5026725107,156.645549248
12.3070302188,156.649994059
11.7836897625,156.814312185
11.1010018292,157.314757069
10.1851408556,157.87205969
8.70084831079,158.94671355
7.33731244024,159.904409756
4.61921793024,161.317896586
3.1032080622,162.188807682
1.78092763611,162.878290802
0.927121894697,163.342136605
0.412142196756,163.545416552
0.471967458311,163.501152012
0.161020175224,163.560953801
359.581687716,163.631368077
358.419539362,163.751902838
358.020273525,163.765010544
357.856474002,163.781411765
358.106689892,163.67089838
358.856068775,163.42101499
0.287533559302,162.654866435
1.3217376815,161.848640684
2.21279641109,160.864621471
3.57857255749,159.16611201
4.33987660284,157.940361289
5.3772814489,155.859211486
5.15115821654,154.157585309
4.52526479743,152.696005457
4.52896449535,151.047764471
4.18167840059,149.833362703
3.80483128693,147.684426725
4.38222737643,145.547354552
4.51564772892,142.997460573
3.50662001682,139.070806626
3.4324530888,136.246683416
2.04436362245,132.936142721
0.412458397266,131.018707432
358.497999607,129.271991656
355.262125717,127.28465418
352.904864125,126.814203235
349.372324091,126.183135635
347.2086629,126.333900031
345.290584669,126.79630853
342.575887948,127.194626601
341.239820498,126.971962478
339.582973933,126.84486478
338.829728193,127.108953064
338.215686843,127.554291837
337.575800742,128.45383462
337.119171431,128.817962787
336.527482345,128.983147182
335.970473721,129.024598505
335.332425161,129.201797256
334.430744533,129.817193062
333.746777698,130.305297107
333.014836834,130.747495393
331.886811388,131.021475693
331.193557252,131.184961233
330.693404795,131.369617116
330.432048442,131.726092675
329.917502725,132.198790598
329.125113858,132.674887641
328.758243388,132.928001124
328.476587639,132.972714903
328.514382597,133.047052125
328.592331721,133.125830804
328.644155302,133.136842319
328.598858532,133.113997474
328.903891911,133.080597339
329.568658708,133.315410009
329.3186466,133.433170876
328.140984609,133.460907171
327.311871326,133.384759162
326.671016786,133.423982013
326.536678334,133.415715958
326.455695362,133.407210531
326.390146631,133.301438829
326.381488575,133.225231088
326.363218994,133.094492005
326.137664653,132.846016769
325.492754834,132.560163005
325.032118617,132.446558353
325.032757526,132.58365994
324.771044979,133.103585307
324.384381078,133.533009064
323.853967205,133.822881046
322.87406556,134.447122103
322.163351002,134.955821237
321.180233925,135.448094264
319.174704046,136.054819259
317.612920874,136.407262591
315.066241654,137.438025279
313.302737169,138.245786475
311.265125941,139.185348461
307.959783529,140.175402465
305.204476958,141.279897167
301.581837567,142.825360151
298.734169659,143.990021166
295.207922816,144.932817559
288.568466825,146.970907158
284.148224704,148.28192471
279.655416835,149.373396006
277.094245142,150.365250496
274.381882495,151.097984005
269.977503094,151.91952389
267.79076348,151.940550294
265.232604128,151.829177432
263.93653357,151.857217003
262.855159532,151.937009955
260.853967398,151.876940894
259.548876809,151.830721235
258.103421137,151.886595914
255.206159351,152.171277251
253.048700412,152.377148354
249.255272593,152.817595468
246.560379227,153.16290868
242.17936598,153.473365433
239.599177825,153.523425588
236.846063772,153.636657804
233.031695208,153.715257601
230.716442745,153.671086827
228.559300909,153.627495947
225.732453471,153.527365595
224.083424575,153.373983795
221.817477666,153.124196584
220.081285566,152.91614693
218.335177892,152.621468995
215.487709042,152.489155835
213.466549255,152.422805099
210.270091103,152.494798766
208.154669359,152.491561326
206.221587088,152.399886937
203.544078669,152.151073881
202.081199274,151.817073625
200.29199636,151.517062062
199.006729522,151.338989291
197.804077749,151.262329672
196.267972301,151.027729674
195.330324883,150.773188842
193.708553657,150.589100491
192.588689627,150.420870156
191.31043864,150.243523674
189.339701209,149.995744872
188.034563097,149.802313308
186.193259663,149.608836781
184.999330849,149.517257318
183.908090765,149.434627248
182.674670532,149.292743462
182.065318061,149.185004498
181.459770884,149.010787774
180.981390663,148.838856056
180.617085305,148.625251006
179.455106616,148.193852539
178.928476348,147.709793555
178.207593578,146.670052103
177.805840951,145.79696468
177.275215248,145.049654845
176.080765033,144.435422078
175.164055647,143.977259729
174.357363485,143.209545968
173.169957182,141.768092857
172.420225411,140.99264274
171.541472136,140.057379222
171.20107221,139.56256507
170.963110898,138.920960301
170.589096569,137.675909208
170.129518241,136.628447599
169.506870286,134.622838736
169.117046683,132.972274058
168.929430279,130.638146373
168.336402307,126.322570324
168.286238244,123.071834958
169.402688056,116.46029141
170.467096537,111.852697763
171.419635334,107.278133296
172.538590132,101.204022295
172.774037369,98.2329776794
173.886013654,95.5254102676
174.546420255,94.988711689
174.972575849,94.3992951532
175.065819319,94.2265791291
174.931540786,94.4257126708
174.460180158,95.1071617139
174.400349328,95.5593517426
174.489974593,95.8891654706
174.557260664,95.9990143605
174.585364755,95.9822900415
174.619067321,96.0168471736
174.643346629,96.1883504614
174.690236328,96.4000805076
174.659106992,97.0345412032
174.440277886,97.6153188698
174.013087905,99.1244793361
173.279703802,101.513197042
172.859380097,102.937080543
171.900924344,105.821130141
171.660658413,107.614185432
171.726893837,108.467353716
171.529345013,109.053390876
170.913132047,109.378741557
170.197535121,109.590887632
169.800710498,110.001540824
169.381740704,110.679123161
168.635334016,111.948541532
168.365786551,112.703498559
168.122336841,113.667791011
167.81698835,114.195711285
167.306961166,114.771317823
166.595535239,115.822408337
166.516259601,116.402381882
166.559733554,117.15127358
166.675279754,117.426574504
166.753009631,117.57317144
166.761112967,117.872839156
166.765295009,118.149427545
166.769550494,118.333067005
166.808045876,118.458549021
166.77554531,118.441803693
166.618770513,118.261937092
166.395826241,118.134193353
166.10434822,117.981806753
165.970266722,117.973028541
165.910791335,117.953506019
165.885123366,117.93585374
165.875748305,117.918799798
165.793282343,117.905473242
165.785882238,117.925325659
165.818168247,117.953920091
166.067529848,117.973322291
166.246965548,117.926823569
166.425275199,117.808075175
166.686199295,117.602633361
166.863689288,117.492919585
167.02670178,117.438683588
167.137996311,117.440303853
167.197182128,117.457179351
167.270071897,117.555851336
167.313748028,117.683826715
167.364009669,117.793975178
167.392228243,117.821310772
167.439439677,117.809925217
167.461340501,117.710150732
167.457049365,117.598361495
167.514211723,117.506638323
167.540035787,117.481623084
167.541093349,117.427486235
167.558900909,117.183346863
167.557731433,116.980033845
167.480573816,116.827576541
167.433588872,116.770341409
167.40102383,116.772782301
167.294547836,116.901483568
167.093496641,117.016806199
166.156655144,116.879413892
165.558076487,116.605056057
165.025894338,116.333981375
164.264514185,116.092847995
163.757281517,116.052091241
162.86858045,116.025081427
162.318980104,116.065438725
161.769085202,116.218707985
160.895564444,116.426018472
160.172265884,116.569963271
159.491577818,116.747655916
158.461339036,116.940069038
157.81614916,117.115998117
156.916745924,117.535599886
156.261546994,118.093364124
155.621299502,118.8421261
154.436553373,120.491436342
153.551492868,121.76181313
151.994755377,124.059479612
150.890629159,125.838362134
149.671884509,127.735847433
148.632798107,129.412666815
147.102027758,131.889871988
145.899050826,134.044740979
144.967081096,135.425039523
144.043697263,136.771037424
142.31981212,138.530350254
141.12508001,139.655383873
139.301759666,141.109236348
138.315862019,141.988839247
137.341054967,142.822903317
135.902281134,143.89023533
134.79348607,144.520916721
133.249746182,145.468552519
132.431698856,146.00682549
132.010971429,146.329472823
131.720548812,146.554825384
131.718135641,146.600293696
131.768350626,146.69165181
132.18240727,146.873463307
132.446852028,146.879759276
132.945044802,146.761744695
133.283424777,146.607464868
133.867598813,146.426113132
134.395086809,146.333364141
134.987612229,146.208492145
135.883498036,145.898320054
136.268028238,145.677387183
136.595298113,145.3890485
137.30089683,144.744735742
137.916212948,144.292022357
139.222866556,143.720564843
139.919151198,143.352845949
140.883215321,142.963694677
142.349980967,142.215558299
143.29894662,141.796249726
144.572057351,141.435050776
145.201639934,141.306525768
145.578309029,141.175989565
145.77264868,141.028964273
146.001911148,140.840494533
146.468441713,140.346201862
147.033489715,139.814095249
147.94317724,139.238933311
149.563172446,138.303290666
150.912140887,137.623848585
153.756555449,136.069595436
156.391218609,134.474236782
159.84427892,131.687612193
167.421584715,124.56452394
171.110746063,120.544678762
175.849327103,114.249017355
178.047504978,109.409323994
179.463833722,105.3534071
180.959539464,100.721507142
181.962938934,98.3809023295
182.726952658,95.5891228914
182.955179856,94.6122145772
183.250583906,94.1691116634
184.274140408,93.8610328118
185.106340853,93.8278577235
185.987014526,93.5881952723
187.337695541,92.9862939029
188.013455384,92.5536569054
188.785726667,91.6843185063
189.291164176,91.190328472
189.767544319,90.7982213209
190.401510828,90.339782437
190.771439357,89.9505191922
190.953876546,90.0211818206
191.155387544,90.0990654254
191.406276826,90.2040959889
191.724314248,90.3502208718
191.898509196,90.3893267398
192.260509194,90.4341957852
192.501895611,90.4175458601
192.724535573,90.3256092068
192.981429139,90.1444507624
193.150279942,89.9216271382
193.454918027,89.6865483945
193.722512821,89.4882408887
194.074482659,89.1902442685
194.330839565,89.077859402
194.300863563,89.145015168
194.126820295,89.4547772135
193.919052224,89.9130284651
193.855196857,90.1201576512
193.856150469,89.9750335129
193.922025815,89.8082411725
194.599917982,89.2263906871
195.079625143,89.1988841925
195.580842952,89.3743065957
196.25824678,89.780712508
196.596782113,89.9579623239
196.907804023,89.9876409743
197.292345073,89.9964214695
197.472234503,89.9808042233
197.708357856,90.0829725169
197.9528522,90.2401774951
198.178977965,90.3824951935
198.785621431,90.4704524353
199.248945475,90.4373363831
199.720378907,90.2250104696
200.122598312,90.1073823852
200.427410578,90.1111003871
200.769212074,90.2249654679
201.026697877,90.3662943241
201.234292474,90.4245873244
201.310878686,90.3796760839
201.398718808,90.309986279
201.358672183,90.1612147284
201.202756035,90.0486553364
200.905396317,89.8578861679
200.722644826,89.7650233504
200.470928754,89.6813857334
199.995136876,89.6392436139
199.537508856,89.7103594178
198.869002651,89.6921129608
198.375172791,89.6926415017
197.787860076,89.6928795191
196.756627186,89.5498697557
196.082938571,89.5488220962
195.231795314,89.6019737482
194.689264106,89.6228601703
194.084155323,89.699101758
193.022528359,89.8109973857
192.215638084,89.9104648345
191.117090341,89.9467892107
190.452203576,89.9827031027
189.775546655,89.9847203689
188.741090036,90.0002447676
188.011738752,89.9544144137
187.278462043,89.9072649476
186.140452036,89.8633044693
185.34569733,89.822249469
184.21986523,89.8323848149
183.447223912,89.8385419733
182.711428011,89.8633041261
181.563547534,89.815177111
180.806463419,89.752418936
179.668157497,89.6590859863
178.944646448,89.5947113171
178.20459276,89.4658569071
177.110794233,89.2801015861
176.324952922,89.2025269218
175.096584288,89.0991871112
174.247830446,89.0623596081
173.432509773,88.9928224169
172.26663507,88.8586162573
171.547328073,88.799268413
170.607838968,88.8304678627
170.007025185,89.0666635617
169.508482792,89.3757859948
169.058508297,89.6471348538
169.092323828,89.5940711191
168.874480686,89.3422394641
168.714344647,89.1544293705
168.550962457,89.0034675073
168.509184526,88.8611485457
168.4293291,88.8716499262
168.22525088,88.943346706
168.060979782,88.984819745
167.887401654,88.9686144398
167.801948356,88.6127813945
168.069200873,88.6979393551
168.66042214,89.1167318102
170.020767851,89.7935045751
171.075429274,90.1842390261
172.57820007,90.6494153346
173.228792346,90.8033583392
173.731077937,90.8912132988
173.950008512,90.8357283908
173.98908435,90.7441668309
174.141867917,90.4830455741
174.27881861,90.3993170613
174.672957365,90.3150264763
174.979266244,90.1735868596
175.121399686,90.1373226844
175.587791208,90.2062822191
176.087008017,90.4932394439
176.536035583,90.7981587662
177.010036274,91.2898123773
177.205057562,91.4835025785
177.512502364,91.5402555405
177.960405785,91.3920978718
178.337952816,91.1699064812
178.759344197,90.6252452173
178.928402921,90.2085680463
179.162998613,89.3433236316
179.495355903,88.8927462217
180.026692162,88.7732917938
180.761128502,89.0833820659
181.072903861,89.4081502853
181.446802238,89.7922468659
181.896479256,89.833545205
182.419424089,89.7181008683
183.129518052,89.5373294416
183.587720667,89.3304766335
184.232828138,88.9159637594
184.63990522,88.7352295058
185.104764508,88.5318751715
186.172388248,88.1743612261
187.104175515,87.8971603869
188.173651599,87.6850678092
190.102477013,87.1892538499
191.423020782,86.8755289937
192.994099495,86.8272714255
193.634903732,86.667820904
194.088985668,86.6577837556
194.662695403,86.7776094665
194.958096244,86.7110297127
195.127175221,86.6297088303
195.248219222,86.5637102425
195.252635077,86.5539677481
194.64613151,85.9895627052
194.104025096,85.6809873654
193.191338997,85.3566209848
192.650996724,85.13769068
192.251180068,84.9699409839
191.759322458,84.8804255908
191.600108948,84.8018588385
191.48581679,84.6837872252
191.485839145,84.662616324
191.5435798,84.6876173271
191.842858464,84.5971546033
192.302105153,84.248116964
193.011228667,83.8540327218
193.568319872,83.9335931128
194.123731406,83.9559099182
194.86654752,83.9060587581
195.247995205,83.9050260457
195.426223091,83.8085275396
195.556623838,83.7654385093
195.634754452,83.737396188
195.694747294,83.7088620384
195.699935976,83.6826960307
195.711011238,83.6041813046
195.759694861,83.3809829469
195.723733618,83.2750191797
195.471578042,83.1427496999
195.056634836,83.0673723974
194.591657804,83.0597943664
194.009629322,83.0170261451
193.631802409,82.9707750996
192.93658266,83.05253158
192.393340472,83.0758063887
191.834442768,83.1379002842
190.963732601,83.3185345587
190.336199805,83.4655051782
189.210607361,83.6646215393
188.478165441,83.8406437139
187.767096096,83.9807915115
186.697047494,84.1772872884
186.035542502,84.2867174477
185.041025961,84.4817559924
184.37105882,84.5921475892
183.764260023,84.7301722495
182.913716291,84.878930098
182.384224486,84.9918094333
181.662223696,85.1896883204
181.285454201,85.3222167282
181.026148252,85.5224675076
180.54576341,85.8709241266
180.18035836,86.2512778096
179.659104721,86.6000538353
179.358039845,86.7758805632
179.042412243,86.993506511
178.483605159,87.2403917059
178.059045176,87.3572579591
177.246572648,87.4781832822
176.661826674,87.5392902027
176.136112148,87.5394925657
