182.359448088,76.653201162
184.019576209,75.8507676733
184.424054102,75.6328078799
184.60431349,75.7827230596
184.76643581,75.4486410867
184.730504361,75.2642994418
184.476640544,75.3131286947
183.903344157,75.7072708163
183.334988562,76.1761433691
183.270342534,76.7308962277
183.417429012,77.5280176303
184.003986939,80.4513398249
184.434627989,81.6501530689
184.942900574,82.5740941814
185.628686074,84.0323529703
186.024737356,84.2349566123
186.540155806,84.3719709655
186.805133396,85.4610251661
187.00568684,86.3190320074
187.412671726,87.2038161033
187.756828376,87.5593415874
188.327091352,87.3929983966
188.671065763,87.7253642786
189.100995423,88.2407805723
189.777407126,89.2510116416
190.154972282,89.9631940673
190.469604778,90.9130524314
190.432600696,92.3707239579
190.350594765,95.3332057044
190.218333488,98.9230682867
190.163875968,100.738542561
190.097008105,102.668830684
190.050649742,103.47375933
189.965068616,104.123212125
189.592594759,104.845660641
189.241610625,105.189911513
188.703166821,105.462513151
187.923179816,105.737594528
187.500414228,106.026700627
187.514038119,106.873034763
187.78347668,107.664729837
188.888011296,109.060875731
190.18204993,110.041000418
191.96276291,110.895138464
195.596823505,112.995281173
198.563930144,114.952029141
201.781265587,116.998403482
206.169474344,118.599592356
208.887393661,119.628804602
212.888775097,121.275606166
215.335743382,122.755561601
217.530674983,125.042520576
220.394509652,129.904327421
221.731712215,131.928783067
222.222755858,133.713357394
221.839004004,134.500208482
221.188672782,135.277406638
219.89709553,136.368795285
219.258640066,136.972558268
218.683352718,138.032686271
218.18700599,139.00931477
217.634562883,140.016676935
216.096591284,141.748185648
214.590239066,143.152729373
211.723703092,144.834288569
209.592558651,145.793296816
207.472612121,146.626129159
204.704964372,147.33982287
202.937743018,147.840176348
200.270199721,148.529306284
198.348576536,149.069513633
196.119940746,149.839940895
192.653792722,151.059542089
190.230504378,151.787462512
187.195873116,152.612707181
185.502131591,153.059995335
184.042144135,153.523292499
181.379081979,154.797836754
179.458633345,155.921598972
177.541147314,157.244544759
174.619974409,159.097599471
173.307576533,159.925188401
172.296747542,160.790177445
172.074019398,161.139586585
172.146540199,161.21526379
172.697754451,161.069399384
172.743780125,161.110370964
172.393756813,161.318158492
172.011811905,161.569570098
171.241915466,161.76644951
170.421033026,161.931017989
169.816723934,162.081785983
169.767029832,162.13944423
170.324506028,162.109741746
171.234269475,162.054432807
172.746760587,161.895415882
173.620582027,161.832511127
174.528810278,161.608699745
175.136868186,161.424565512
175.448869227,161.376806268
177.187520459,160.502461501
179.841961069,159.215440862
185.717783657,155.180024155
189.355984241,151.628545906
191.822550976,147.718179707
193.025316726,141.286704609
192.794488193,136.951109408
191.239979948,130.750762274
189.8621111,126.423637272
188.473329909,122.099323312
186.511417894,115.77097976
185.168817508,111.647503264
183.038120717,105.465461234
181.68601508,101.468890099
180.33319315,97.3320899641
178.321405316,90.6726486622
176.96620019,86.0216086507
175.878555907,81.4212015415
174.452695993,75.4550386044
173.444937243,73.420483691
172.93686135,71.0744647099
172.677747977,70.4661648936
172.294157412,69.6879228401
171.461586611,68.0110659578
170.992073712,66.8761052156
170.570883087,65.6531284177
170.548380031,65.8107652084
170.548994791,66.1011892351
170.368997335,66.5008349675
170.121650308,66.3686884801
169.391941161,66.0228543973
168.866094858,66.0746474851
168.277662359,66.5775228864
167.280288203,67.2605267989
166.522483892,67.4640186184
164.941464877,67.0323486084
163.297638578,65.5269575254
161.425949956,64.2610497399
158.627748605,63.2049226538
156.867540908,62.3070152529
154.983463691,61.1088534817
154.085964215,60.4004313498
153.535618732,60.0227816213
152.774188001,58.9017683979
152.038858023,57.6118845139
151.01504639,55.9274257604
150.247980358,54.9151539021
149.726756667,54.0927254186
149.094414767,52.3378851897
149.007305818,51.6880369929
149.294561003,50.773498577
149.427151998,50.2059153744
149.527615961,49.6322225001
149.689305187,48.9360900325
149.915647762,48.5400033953
150.302825098,48.1482575979
151.717579746,47.6629973303
152.690930491,47.218818593
153.727125599,46.4131081104
154.256501085,46.0446965783
154.818744574,45.6373820939
156.380235626,44.4472642949
157.933949759,43.9404739428
160.712795814,42.9137461741
163.027570169,42.1983717617
165.42402462,41.2859675246
168.613574009,38.2687736134
170.312065782,36.1110332973
172.115174195,32.100131737
173.036374812,29.4641490955
173.340720123,26.6946189215
173.392150553,23.70911487
173.721540577,22.1887908148
172.991900594,19.9264266572
172.002048942,18.6541180068
170.656294409,17.519336192
167.147396086,16.2670503649
163.926524079,15.6739493916
159.234549383,14.8930824266
156.284982389,14.4081035242
152.667286273,13.5903999354
146.495405008,12.4608517434
142.683991019,11.8795150295
135.462732676,11.3217401799
130.255135366,11.025604383
126.307499387,10.8231639038
120.429083564,10.6903440976
116.271370825,10.4969403988
114.134780406,10.3117827407
109.963111196,9.86376540118
105.241798944,9.59947975796
98.0121835485,9.08467639293
91.6263030968,8.83125613283
86.8364893929,8.63615455609
78.7466163774,8.73815837961
75.3513827965,8.81641469018
72.4841380773,9.01374902616
69.8976000337,9.29703983185
69.3834037432,9.4181595087
68.6839010794,9.56949571573
68.6621758737,9.62997573168
69.3921830598,9.6959688329
69.5265122528,9.71347095634
70.450677322,9.64047719779
72.1073020945,9.65168232942
72.7699258119,9.71649922564
73.0571998592,9.8421595065
72.8993877909,9.92390669308
71.5116194542,9.96667456562
68.1473206577,10.0361870613
66.4370746153,10.0302439161
64.9087517788,10.0012264847
64.7985900963,9.9348624643
64.384246512,9.95171369622
64.355697756,9.98501504491
64.1999768513,10.1018414602
64.0858011869,10.1181035328
64.4126504117,10.0086178155
64.5978554431,9.88705743846
63.7968653306,8.98719453626
60.4612682761,8.58623543229
52.4105775815,7.69815561513
44.1928666152,7.00321996295
32.235314477,6.34524502803
3.10440570213,5.29817887881
340.014756201,5.18417267238
320.284072329,5.97336273805
305.745753638,7.44844184078
304.78213069,8.33143331717
305.670702749,8.78606721051
306.642363067,8.59139620754
306.740007703,8.00043832849
307.312629563,6.9950179008
308.387327902,6.6329758103
306.443419782,6.28207354513
305.685749892,6.26614989177
304.645959381,6.27912647024
301.687704439,6.48304963465
300.892915891,6.54287802341
300.772712928,6.48417936304
299.994134012,6.07087899626
298.636418312,5.32165284222
297.65404153,4.40070702861
298.463737333,4.11165536662
301.566047372,4.28108159188
302.278921117,4.39174957947
301.38587592,4.51402600368
299.446119738,4.37531435158
296.308426482,4.00017332117
295.517088933,3.71841324442
294.239988843,3.71669834965
292.686156008,3.92975083277
288.098949152,5.1287661553
283.735086461,6.03589501835
276.007585562,7.67051576784
271.286509876,9.0939371814
266.891736878,10.7363482083
260.107479668,13.323298302
256.645529569,15.1150405955
254.218731814,16.4676492465
248.577123708,18.0047744955
245.984835907,18.3908034085
244.364646155,18.452829272
243.187361456,18.8980981066
241.746009516,19.7743319852
239.297079269,21.5885432863
237.627007715,22.9287580225
235.503815859,24.1050256537
234.601872712,24.6184943731
233.946550252,25.0449306889
232.907833331,25.6100919608
232.153884642,25.9514855204
230.762633997,26.380298523
229.378524669,26.6875033558
227.252376376,27.6321560711
223.794901967,29.3897337525
222.472765926,30.5601359059
221.503369205,32.0614430919
221.380877862,32.9083905232
221.220629314,34.1232753161
221.010212401,36.2340879209
221.101764795,37.5186033372
221.38765468,38.904399906
221.602463552,39.4914905114
221.759639221,40.4469342088
221.861491821,42.2652754018
222.473949514,43.0531478998
222.792049805,44.0364983252
222.414724634,47.0146981615
222.021562833,49.1586156448
221.664813961,51.5486105558
221.958965362,52.5107629518
222.72693961,53.550390789
222.611201165,54.4016376684
221.934218288,55.3523421898
221.047341138,56.6724951326
221.339022078,57.1785283447
221.669400925,57.6799384318
222.345863406,57.8402019027
222.25641836,58.0272721238
222.296254497,58.2667947332
222.084257496,58.5803984125
222.120562187,58.8849523984
222.159845541,59.4170689689
222.355024123,59.9183140007
222.631612072,61.0523884869
222.924351,61.8521411724
223.264570405,62.3270114571
223.870155561,62.7139815582
224.230300631,63.2467862847
224.642908916,63.7064808042
224.854580647,63.9049121455
225.133790832,64.1724544143
225.596451502,64.4607003764
225.730090301,64.5615374759
226.030074356,64.7559760606
226.315674339,64.9730691984
226.562616749,65.2557746436
226.752645552,65.6289077842
226.851824621,65.8446934223
226.974705299,66.0089316154
226.998260837,66.0850150423
227.003946521,66.1031816505
226.945176155,66.0471088536
226.910292924,65.9685166487
226.943295691,65.2118081654
227.093949823,64.5056875848
227.385778545,63.5506605487
227.620881451,62.2559285032
227.449347699,61.7126148807
227.094984187,61.3450798146
226.308561801,61.1794699841
225.946704133,61.2966086578
225.716950495,61.4622951757
225.639222621,61.5054512926
225.573142927,61.5315096703
225.500349207,61.4910746186
225.438086551,61.4590125523
225.257355145,61.4318892215
225.113018757,61.3025218652
224.983501829,61.2179408429
224.723510596,61.0197857735
224.568188088,60.9895491198
224.411679159,60.9545153696
224.322404209,60.9852466857
224.265828612,61.0140619861
224.169627017,61.1230386269
224.084062454,61.170164569
223.93578627,61.2292072688
223.838793333,61.2181300541
223.780023516,61.2329968527
223.691016204,61.2440435617
223.639290093,61.2329920342
223.595757652,61.1876620649
223.576417788,61.2032117459
223.582970176,61.2120035966
223.600730336,61.2475253991
223.62232901,61.2737642359
223.637194761,61.3204199022
223.662614628,61.3630408346
223.633684334,61.4109927498
223.542048734,61.4438602887
223.446269431,61.4714207646
223.374191416,61.5037172107
223.318307927,61.5631682056
223.308723212,61.5689312515
223.296396963,61.5781704492
223.305900214,61.5587212709
223.306597611,61.5650476183
223.298093306,61.5436843592
223.273695873,61.5343844255
223.154185735,61.5874543232
223.099835947,61.6398570814
223.030048006,61.6699298012
222.935328606,61.7380078143
222.873651932,61.7708982434
222.73170671,61.7618487841
222.575173007,61.773947305
222.420349795,61.8254051149
222.333425882,61.9402825985
222.40398692,61.974598519
222.576751123,62.0005159591
222.737620315,62.0018179057
222.793442756,61.9997053537
222.821589233,61.8800540865
222.779690538,61.7931234988
222.710434002,61.5653604595
222.666541558,61.3388879687
222.601796596,61.1687201065
222.534752247,61.062139445
222.504798556,61.0304964526
222.476195712,61.0891687923
222.452818334,61.1362569379
222.387332303,61.1667364651
222.302215312,60.9540672156
222.263022705,60.5328939793
222.482866051,59.3836030083
222.823280676,58.5910822013
222.923472153,58.214422589
222.73848223,58.0307835393
222.567214655,58.1112176484
222.33776128,58.3407674397
222.331052661,58.5882279708
222.341226167,59.0946338499
222.188888373,59.964733252
222.054708705,60.5442802121
222.021674195,60.8687138978
221.918282654,60.9661213447
221.897813287,60.8400992333
221.919262794,60.2878490224
221.976283405,60.0752707152
222.072560858,59.9698492669
222.134822476,59.8410202851
222.156023643,59.8119623438
222.157175281,59.8368588206
222.208162416,59.9404794582
222.304183718,60.053604857
222.475487386,60.2580152919
222.513005509,60.2841521954
222.5162649,60.358097618
222.462549229,60.3774290114
222.380599916,60.3394053029
222.206318791,60.3395102135
222.124939149,60.3857533231
222.04520767,60.4903688716
222.006380269,60.5282458585
221.950358169,60.5995521833
221.923097153,60.690989765
221.892701986,60.7295183528
221.853688285,60.752857235
221.793615012,60.7414542584
221.724612808,60.7158224793
221.57782282,60.67381523
221.527474853,60.6599014969
221.481590449,60.6923536624
221.153831965,60.7243448341
220.856918282,60.8658969784
220.332461009,61.2156324954
220.01182733,61.5782415207
219.87096333,61.6758886285
219.700131489,61.7590152482
219.42001979,61.8989581086
218.72171777,62.3737636518
218.221944086,62.8861936797
217.636520372,63.6370230077
217.03818188,64.1484516946
216.854664594,64.4297234854
216.462340312,65.2574138055
215.829670292,66.4146698878
215.064898429,68.2147855869
214.086832475,70.4756302726
213.71970704,71.6626445895
213.391001863,73.2270815266
213.246832549,74.0733568384
213.100090577,74.8689787465
212.793899946,75.4364318018
212.381084628,75.8584061738
211.350753602,76.9684126914
210.707126133,78.231067349
210.324723875,79.4345717868
210.635094634,81.2568110382
211.04918905,82.5676069087
211.672251067,84.5644743208
211.65262073,85.5941091861
211.575799478,86.9142730273
211.234145391,87.5272438176
211.026032111,87.7560976968
211.045676994,87.1366882353
211.256813704,86.0445593025
211.218562942,86.3910412331
211.066509755,86.7379823955
210.752668933,86.9192374502
210.539473847,86.9802653428
209.81528027,87.1710989966
209.191416405,87.3077722095
207.386894974,87.381016681
205.508872128,87.4822279492
202.94769454,87.0059472821
198.660538393,85.5215376173
195.719003577,84.7446752236
190.936446296,83.8964431797
187.548246763,83.5319341741
183.771280039,82.6868393305
177.974013957,81.3729200749
173.593886104,80.5282928818
166.278581217,79.5866446424
161.106983422,79.9579965201
155.636738895,81.4780216038
148.418652381,82.829955782
143.851671182,82.4113332877
137.601545606,80.7731623296
133.75970011,79.8219612746
130.302101664,79.1885882491
126.068029173,79.035250941
123.727909316,79.593822723
120.588747044,80.4425921665
118.681941958,80.6803235738
116.851254193,80.574458391
114.636281292,80.6620178475
113.217716927,80.9821193881
111.025935204,81.2156048426
109.072157432,81.6589185998
106.660402724,81.9013868972
102.961526575,81.5708905732
100.490924617,81.1560032063
98.0550603735,80.4153940118
94.3902411879,79.5208170289
92.0792803291,79.1870207769
88.9856721134,79.0823610878
87.018466485,79.2629974414
85.1327282742,79.1751415961
82.246934338,78.7977785811
80.271999902,78.4406260115
77.1827110868,77.7368249538
74.9947034747,77.2175651739
73.0202276318,76.8229901436
70.3138622565,76.6358076542
68.6731333627,76.3518527125
66.342164867,76.3145548094
64.8406855484,76.4240309009
63.3378843159,76.7279562894
61.2895042266,76.8707601623
60.1233155109,76.859817848
58.8788514577,76.8391614089
58.2425262132,76.9475821219
57.8633921374,77.0913480919
57.9824341764,77.9461285584
58.5637902082,78.7916868349
59.8803343928,79.3837605328
61.348470063,78.8656985155
63.4471640451,77.4339285044
67.7501065497,73.9012744576
70.2610319152,72.2963634716
73.3118253509,69.5881416948
74.839732075,67.756482053
76.1946145044,66.1902289848
77.4948308025,64.2984229952
78.0932630827,63.104407815
78.562259418,62.0092943819
78.8268125403,61.9966864592
78.8270440857,62.171143938
79.2438817862,63.6349045062
79.6625455473,65.5603753338
80.2128568727,68.1162527395
81.1160485176,71.8577614877
81.6329089684,73.3710813612
82.4495431017,73.5146720006
83.1831871185,72.330723428
84.040343297,70.2718222602
85.3394506955,64.4228473108
86.1755043056,59.3724562018
87.5738286059,54.0109792485
88.5448865877,52.6940669281
89.3127745197,53.530243496
89.5463968345,52.0169533991
89.1831388898,49.6889056719
88.9809932971,47.6991434218
88.9970966931,46.8827251928
89.0930831872,46.2928764508
89.2510603377,45.7013128967
89.4345648075,46.172492326
89.5076695543,46.1677821387
89.2476719713,45.6873050963
88.7856409287,45.1262166145
87.6062252502,44.4199196228
86.1354631008,43.7848609756
82.4585045925,43.3510845851
79.3505164018,43.6779818482
76.3683285837,44.2027880905
73.0210835069,45.2119761654
71.9634433368,46.0276555441
71.7991690529,47.6488881652
72.4131546163,49.4672160697
73.3478520203,51.9352753758
74.9054868751,56.6257943818
76.0485118646,60.2063337262
76.9954447216,63.655661745
78.0617258665,67.4864667886
78.8726428315,70.1798621233
80.4687507205,74.8907077163
81.5081525096,77.6425630369
82.4331107787,80.2096033245
83.5240891805,84.4448585859
84.0279528504,87.2285496321
84.8825177683,90.5402467586
85.4164070703,92.4428910295
86.0115390196,93.6951218417
87.399331652,94.7591803269
88.7732646559,94.5242764674
91.2371726441,93.1288534916
93.1506117176,91.7383101343
94.9479350968,90.4596004632
97.884715725,89.433348507
99.578511928,89.7144310153
101.833382352,91.0028445947
103.293018449,92.0887364084
104.811845873,92.8142741176
107.273362463,92.9945017621
109.284149205,93.1743169874
112.710643435,93.3051554752
115.37336073,93.3155877899
118.286258845,93.0723312821
122.743737997,92.0939411779
125.49535089,91.2348957326
129.004597567,90.622755995
131.030675358,90.4938337847
132.800133721,90.3254099568
135.219289192,90.4822624908
136.776065853,91.1772001897
138.651839168,93.5663311895
141.748131336,100.488616317
143.868027889,104.638372405
146.16882394,107.243155998
147.308980128,108.012920189
148.089220378,108.367226955
148.585250058,107.871067329
148.518937967,107.272970469
148.066498467,106.724554032
147.66728686,106.660063225
147.330809741,107.456446145
146.757429491,108.491889774
146.572509236,108.80083011
146.234616666,108.146599509
146.036061402,106.073249461
145.608427805,102.289552336
144.5903233,96.645462298
144.049631451,94.0681610502
143.664681908,92.3417708686
143.477533814,91.6981877617
143.2262698,90.8150225111
143.016424902,88.5383399201
143.002437969,86.6189020829
143.303434216,84.1660192003
143.769668018,83.0101640289
144.228352553,81.3049526675
144.740219162,78.6080460738
145.078941513,76.8902450817
145.568507679,75.210519422
145.912115804,74.1462116951
146.322973183,73.500764602
146.727314195,72.9324038149
146.867934658,72.959818623
146.876812059,72.9296922262
146.837535093,72.8473621746
146.758480571,72.8630742323
146.586745108,72.7497993094
146.555436871,72.6270173805
146.562820069,72.5645035304
146.669605357,72.6351137759
146.853836174,72.9526090961
147.148461336,73.2422460168
147.286074934,73.3648252196
147.41742761,73.3533353858
147.631461686,73.2420046905
147.664793675,73.194848238
147.69230393,73.2177363856
147.63642692,73.2617573539
147.568659363,73.324573093
147.462336444,73.3757681656
147.432546204,73.360857088
147.424158594,73.4513348975
147.476701124,73.6308600699
147.504976632,73.7533195189
147.629563651,73.9014944998
147.700266195,73.9312791474
147.824283706,73.9483996774
147.939471551,73.8555268438
148.073862008,73.7910127554
148.450434145,73.7761446022
148.736168454,73.6781700703
149.012858888,73.600535107
149.315974055,73.3672405415
149.376072683,73.2942311907
149.322625611,73.1849624168
149.283164779,73.2394490658
149.237893653,73.1917867712
149.161594056,73.0754239866
149.043981303,73.0071410595
148.695191002,72.8439326596
148.45068068,72.8166132447
148.282963436,72.7609265481
148.044725638,72.7857569902
147.958693855,72.8169441022
147.827840198,72.8937132299
147.762572107,72.93947935
147.734473505,72.9989238511
147.680415588,73.0765589466
147.630767809,73.1022325435
147.567753097,73.1055648308
147.554075616,73.0601354961
147.550667829,72.971417045
147.544417245,72.8253238789
147.539261402,72.769852735
147.482086799,72.7037008382
147.429891398,72.7102152228
147.373810239,72.734351955
147.265726639,72.7757283618
147.191003957,72.7851880574
147.09155246,72.8131254749
147.062532578,72.8344905189
147.056017523,72.8592772387
147.087377259,72.8513952928
147.105618742,72.8305296551
147.068982654,72.8144365855
147.016981733,72.7700629816
146.939266859,72.7300159825
146.820107507,72.7476596062
146.702259522,72.7128114485
146.580968335,72.6972525699
146.455979166,72.7284881715
146.271440688,72.7394733766
145.647707172,72.7760436118
145.057153851,72.8083692496
144.395852258,72.8008339459
143.489266154,72.7562108344
142.951149528,72.7381998336
142.190104295,72.582057982
141.669738552,72.4378335355
141.208662025,72.356272628
140.85162319,72.3501399115
140.817878759,72.3894079902
140.79801888,72.433041053
140.887320268,72.4473618544
141.055246823,72.4158375718
141.204475891,72.4053593614
141.264544438,72.4233653872
141.293849342,72.4018972401
141.283113348,72.3871454132
141.263504249,72.3587584885
141.237698153,72.3238400801
141.203673036,72.304111
141.167824319,72.3026212305
141.161979535,72.3136539119
141.183523704,72.3078688374
141.244273332,72.3039425015
141.288856031,72.293799796
141.338173486,72.2049351692
141.326267501,72.1281224799
141.274807366,72.1236131617
141.203352594,72.177371511
141.214220273,72.1892536815
141.349058265,72.1419632138
141.529886958,72.0993723306
141.833788086,72.0506949321
142.135784701,71.9723214125
142.274725795,71.9303739723
142.427022178,71.8333295443
142.480574778,71.7315611231
142.474042781,71.6702003691
142.441059432,71.652248984
142.404787634,71.6508202626
142.345219183,71.6525670445
142.222398869,71.6738020316
142.106486651,71.7030428828
141.99173634,71.7314025645
141.918327164,71.7435943905
141.834211066,71.7458667014
141.714097026,71.7466235972
141.604152633,71.7246904971
141.382753405,71.7196369595
141.215334434,71.7952180283
141.006255605,71.9486602217
140.860088217,72.1136372057
140.788060936,72.2333882823
140.736547104,72.6255923709
140.662334217,72.9873629545
140.601551771,73.1536185712
140.43664884,73.5765040206
140.27932115,73.8074919839
140.188028832,74.1014148761
140.126722615,74.2429811661
140.095580578,74.3835529223
140.093947292,74.6135015088
140.070809016,74.6667605577
140.081114454,74.7734340801
140.068059765,74.8198029866
140.072210412,74.8287049767
140.129926543,74.8182156504
140.181918803,74.7428408195
140.256069702,74.7330377725
140.309234286,74.7049953274
140.330979926,74.5146940396
140.331962828,74.2795709684
140.349113179,74.1603456121
140.363123938,74.0960320031
140.365863171,74.0238222302
140.378435922,73.9667730136
140.425401093,73.8316337779
140.484061367,73.7574137753
140.543109282,73.71266825
140.604635325,73.4578433662
140.605150215,73.2833665205
140.523322715,73.1259546311
140.435324103,73.0527291214
140.29394051,72.9450172356
140.145556668,72.8072459044
140.067507645,72.728588031
140.005078254,72.6186449652
140.001061642,72.5364856804
140.005228019,72.4733082649
139.986161528,72.2356994091
139.791989529,71.575811549
139.273565934,69.4636104114
138.821091984,67.2703108258
138.470562073,65.5202067728
138.199126262,65.1160314522
138.244043788,65.0714272419
138.276317627,64.5630677039
138.396090909,64.0906918449
138.483745723,64.146895519
138.671551812,64.1029578752
138.816641714,64.1814262868
138.899892173,64.2585838513
138.887783681,64.2463191132
138.820143438,64.2124823604
138.749166188,64.2131709779
138.745499477,64.233486544
138.787677652,64.2360874758
138.869751125,64.2691680805
138.94150673,64.2405442305
139.02653686,64.0666590799
139.039780446,63.8394122568
139.018406629,63.7112966473
138.990926665,63.6009527096
138.983219275,63.5568973614
139.047659882,63.5251176197
139.125872796,63.4581976963
139.180938874,63.3753202483
139.292800362,63.1121732013
139.281719024,62.7247481806
139.210015571,61.6813711229
139.166344455,60.849554197
139.096514296,60.1456757526
139.023384425,58.5082414659
139.063165065,57.1865044574
139.536148533,55.8242105274
140.037907424,55.9677215092
140.4183363,55.7974515613
140.760085898,55.2813893481
140.918051861,54.8198006864
140.953293331,54.6282442306
141.045983326,54.5648987591
141.135757719,54.5924304324
141.304727524,54.6755870199
141.40953058,54.6008794271
141.610217699,54.1610258299
141.867039887,53.7019931649
142.365978889,53.2393876227
143.637481807,52.0674449718
144.614427623,51.3801624458
146.407031706,50.9821421305
147.761872358,50.701406595
149.321878307,50.7979777363
152.201531413,50.7048362389
154.155472838,50.187708381
155.893462243,50.0318558616
157.975036512,49.6281688531
158.931004998,49.7451556598
159.651439375,50.0483692373
159.827936554,50.5193260303
159.942425033,50.9108597215
160.296946326,51.6112058057
160.56627485,52.0895520179
161.071968087,52.8796305678
161.477014777,53.7707839805
161.930849658,54.9669423123
162.510189398,57.2631652547
162.821736733,58.7227878685
163.072425557,60.909313064
163.084147807,61.8460287703
163.061850022,62.78848268
162.655892306,63.7650430324
162.327697337,64.636022783
161.992594495,66.5524994761
161.979915085,67.7860420259
161.922596314,68.8827636481
162.248237992,70.0019711837
162.435398463,70.5704339059
162.616367266,71.2503141899
162.784779252,71.8271705925
163.110001352,72.5523464527
163.87781419,73.5435430403
164.645811601,73.8134300153
165.578819149,73.9698029061
167.298354949,74.0494128464
168.589711892,74.2235269121
170.610214635,74.7510079244
171.665632017,75.102652595
172.323565817,75.7176649255
172.46345215,76.1316101475
172.496591184,76.2613889976
172.477988518,76.4728469579
172.339204838,76.5791822302
172.225607591,76.7507334953
172.018388754,76.9362131241
171.855857007,77.0043622827
171.502907941,76.8972227009
171.3271059,76.7705868075
171.18953276,76.7262849375
171.153761098,76.720148163
171.217233657,76.6553692586
171.634153805,76.2216803139
171.878397344,75.3264842779
172.152926016,73.7742868396
172.851510642,71.211810928
173.42789361,70.8713432296
174.227349581,70.8196707145
174.44645196,71.0028258684
174.560665922,71.0615387962
174.586037521,70.9958534008
174.624630065,70.9308761228
175.015435979,70.873855342
175.621909042,70.9048484405
176.024261072,70.9126729342
176.450176898,70.8432039668
176.592630259,70.7824169516
176.679596912,70.6394326131
176.68907976,70.5450677361
176.691073388,70.4845474059
176.702666341,70.461878095
176.774198526,70.4583704224
176.91617576,70.4754750578
176.988263232,70.488017785
177.063586911,70.5379718154
177.142457447,70.4904042993
177.197242968,70.4454080123
177.261106672,70.3919733784
177.339418174,70.3674202517
177.366502231,70.3598051892
177.343977428,70.3375006918
177.246077198,70.3250401233
177.046976499,70.3166684438
176.316915607,70.3206572645
175.451894863,70.3092871824
172.472674833,70.5100755542
170.117618986,70.6455725837
168.579084294,70.8976286753
168.184982427,70.954405557
169.228486316,70.6788467985
171.373115044,70.1663524783
172.910941825,69.9256741821
174.102709873,69.8288755337
175.397817315,69.7768459096
176.089598269,69.6605643571
176.912547013,69.4250029331
177.441181172,69.3529279174
177.970335368,69.2732993374
178.779687417,69.1799757785
179.248558315,69.1509736256
179.73965016,69.0914572007
179.942431179,69.1122276721
180.171037225,69.1305156784
180.413169491,69.1372537429
180.645260182,69.1423388431
180.995586295,69.1241329929
181.226720611,69.0824013628
181.387359876,69.0734721436
181.590368276,69.0741435586
181.75256497,69.09920841
181.886134808,69.1241092952
181.95432418,69.1393217324
182.000288462,69.1481437715
182.01028206,69.1957881777
182.005422655,69.2242766429
182.002225257,69.2899141973
182.007291934,69.3840406129
182.00588317,69.4651928864
181.991521049,69.5760664053
181.936607591,69.6456429113
181.784294123,69.7320528368
181.265821,69.8093163694
180.758794151,69.9169543417
180.207519121,69.9646392296
179.881802264,70.0942485481
179.634351413,70.1715056461
179.26579746,70.303148933
179.140065686,70.3004872977
178.821164784,70.3569976558
178.591221913,70.3763900417
178.338271826,70.4198775676
178.079804621,70.4422795373
177.826708506,70.435567298
177.599053033,70.3826763425
177.426647597,70.2179533041
177.186774678,69.909768917
176.945974999,69.5616592715
176.870797768,69.4838701651
176.755465387,69.3302613484
176.697375696,69.2367123222
176.662500419,69.1342086262
176.607580317,69.057304618
176.563446336,68.9829705257
176.470393227,68.7863049253
176.331302101,68.508896935
176.09936622,68.0429652749
175.519869655,66.8312005719
175.076063476,65.8848057758
174.457234677,65.2030109475
173.348158553,64.3071492807
172.636896225,63.6885587288
171.774044772,62.8118333496
171.541814147,62.5455315411
171.706390478,62.5964095241
171.954446174,62.769616787
172.023677379,62.7787235682
172.1149553,62.7560197633
172.27425235,62.7514559716
172.564859734,62.8458353726
173.456548309,63.3755465561
173.916989298,63.6509724131
174.535289753,63.8767431645
174.821670215,63.890680837
175.038688408,64.006124953
175.267712044,64.0783516469
175.399732138,64.2367984199
175.572491064,64.5790995127
175.474600197,64.9227526575
174.896614572,65.2502397037
172.653001965,65.5379206261
170.125624885,65.7627953539
165.782888333,65.8497626604
162.660015075,65.922307116
159.839855275,66.0181225338
156.041361967,66.1625420985
154.259433164,66.1341764835
152.090984407,66.1770587096
151.093361325,66.2076017336
150.16203291,66.1195726102
149.269193129,65.9210569743
148.798178919,65.8007672933
148.468849031,65.5835660649
148.043940106,65.1804709262
147.960625207,64.9453023938
147.869829887,64.6516531051
147.767752278,64.2686992211
147.596916601,63.7045559829
147.287436415,62.4349625204
147.02896242,60.9292610429
146.825157176,59.801965796
146.818261301,59.4446764288
146.865147349,59.605103569
146.893274147,59.4280515838
146.915876631,59.3734017505
146.954071319,59.2997681659
147.048153955,59.4606404855
147.246555584,60.0580191535
147.433098848,61.4632935178
147.531508827,62.0948112201
147.609305043,62.5777399598
147.650747908,62.5308133277
147.658355869,62.5804317186
147.629120606,62.7698583821
147.587029695,62.8920006867
147.488011905,63.045294555
147.393450283,63.119253456
147.274381231,63.1906984279
147.185450732,63.2441183081
147.150120426,63.2779812713
147.160227386,63.3385131587
147.185438596,63.3980499214
147.204849932,63.4674168623
147.211258816,63.5476281567
147.204239907,63.581870697
147.177797361,63.6522500107
147.198234533,63.6972131461
147.21668513,63.7365500526
147.251430738,63.8371048765
147.244541456,63.9070301259
147.218984428,63.9656627622
147.157959918,64.0303841692
147.138912283,64.0474176937
147.110539295,64.0513029913
147.102316203,64.0422925456
147.093698078,64.0488236052
147.126728419,64.0777229237
147.166494264,64.1001122242
147.197960186,64.128406679
147.196052964,64.1514847334
147.191666823,64.1700025677
147.167038477,64.1451102449
147.143348137,64.0943037162
147.081901663,64.0019536826
147.038963856,63.9550616638
147.008058103,63.9488451964
146.986907058,63.9922377044
146.978957857,64.0210002325
146.961038104,64.0728572095
146.96419866,64.0940338511
146.978007645,64.0914049311
147.011160243,64.1127657006
147.01469532,64.1302601806
147.014494475,64.1455619243
147.020778314,64.1860454346
147.044515332,64.2049673582
147.065351072,64.256710729
147.066482341,64.2684833151
147.054517151,64.2795284316
147.042151769,64.2839641231
147.040953454,64.2709062441
147.085798542,64.3209005214
147.131370428,64.3946468127
147.165691825,64.4655672431
147.203439322,64.5407817294
147.214610385,64.5989756384
147.260240466,64.7365179601
147.292164665,64.7779732906
147.363135569,64.8377887096
147.435923008,64.8557571237
147.479884068,64.8715906498
147.508569508,64.9265387067
147.494088304,64.995785252
147.447344205,65.080116811
147.353160991,65.1422486008
147.294004388,65.1462622194
147.198220108,65.1452504804
147.092544891,65.1451225118
146.913319244,65.1476805709
146.499945141,65.2038972807
145.969862738,65.2476796138
145.068571169,65.2704850036
144.658838959,65.2723507757
144.589037497,65.260696541
144.640334965,65.2449575784
144.833875116,65.2495195606
145.181504669,65.2380723665
145.369714996,65.267045072
145.429398169,65.3020713915
145.455694135,65.3880361455
145.391704398,65.4599587878
145.342432515,65.4907073142
145.342950502,65.4927640154
145.354137175,65.4880201937
145.408236377,65.5186092876
145.435717599,65.5169378436
145.491704456,65.5478812678
145.523275462,65.569561946
145.577570324,65.6003800037
145.61442955,65.6314955587
145.611093418,65.6448800265
145.585416362,65.6685281022
145.556216774,65.6833773028
145.569780648,65.6978030732
145.601926967,65.7330910573
145.60222279,65.7614315884
145.585674613,65.8000419122
145.535617726,65.82900785
145.506467963,65.8518434212
145.465683278,65.8448398127
145.43301475,65.8290315206
145.433038015,65.854369231
145.437519425,65.8396127728
145.462251625,65.8299881327
145.520388875,65.8994473868
145.531635417,65.9519540823
145.538771944,66.0027822156
145.542003372,66.0577832411
145.570756543,66.0833472546
145.647659303,66.1057136464
145.690049796,66.1029745311
145.753260969,66.1104800238
145.991089865,66.1372536828
146.693177026,66.2054490663
149.311949928,66.4293076169
152.412353235,66.5646226633
155.607210089,66.5414475745
158.955916805,66.5348272923
159.953497058,66.5618590142
160.709037393,66.6503429942
161.809411199,66.962213142
162.717574534,67.1824646749
164.468930636,67.4226267741
165.646552674,67.383538152
166.635663776,67.3324710733
167.151227384,67.4372638953
166.52226079,67.7672007999
163.152521473,68.5405787111
159.547295308,68.8524567966
155.097156212,69.0088870468
148.49720383,69.2999242361
144.92510983,69.8226126625
141.463597072,70.5222123532
139.644857355,70.6388662682
138.260491983,70.508296704
136.661976379,70.6360013994
135.872345351,71.0737725735
134.878434008,71.8001151252
134.233058989,72.4501568921
133.613786002,72.9786727015
133.061699751,73.6205729932
132.843371378,74.0624360012
132.752251103,74.6250962329
132.709907775,75.0295139798
132.758123726,75.3356468259
132.76378963,75.4997364087
132.731672638,75.6095880621
132.609656285,75.7316839086
132.500801572,75.7980189819
132.363488257,75.8595058095
132.242475928,75.8910418163
132.183496195,75.884602602
132.165981626,75.8522407451
132.155327557,75.8097462114
132.160221189,75.8136727668
132.163661098,75.810178802
132.157601368,75.8152505209
132.141125489,75.8184175888
132.127893553,75.8359138624
132.118097969,75.8534187525
132.113588901,75.8782191305
132.133650853,75.880748618
132.167053306,75.7986832827
132.303829294,75.6555561284
132.558948167,75.5310585168
134.042388089,75.345655941
136.263301994,75.2051272384
139.701153579,75.0036815866
146.631232492,74.3725066984
151.339127088,73.7406956308
157.701517109,72.7908774955
161.342195395,72.5836291973
164.601953521,72.4643021726
168.491823677,72.3155510731
170.362012233,72.337371345
172.768340132,72.3758828198
174.144277558,72.3191596974
175.550972623,72.2127627195
177.470523213,72.0029811475
178.604793932,71.7890083896
179.814456399,71.4457843488
180.295036249,71.2387089258
180.615487486,71.0587998318
180.581358066,71.0073790318
180.587987136,71.0483313794
180.398285067,70.9818865934
180.108297399,70.9150355892
179.734883566,70.7016487627
179.454288691,70.3111231388
179.507348662,69.9004711256
179.968204782,69.2441021903
180.256560836,69.0703977937
180.394341257,69.1409173214
180.582845417,69.2210026999
180.614792816,69.2684121809
180.54111479,69.3864214066
180.329194853,69.4723871098
180.145881062,69.5471481826
179.913505475,69.6586159622
179.776062818,69.77980533
179.615518492,69.8596336157
179.394597835,69.9598792059
179.145995744,70.0340231085
178.668966536,70.111250984
178.279965998,70.2038244455
178.012060707,70.307162553
177.628626858,70.3941793823
177.34520986,70.4455527658
176.890533525,70.502350141
176.443459514,70.6001810128
176.009019124,70.6845156866
175.394498077,70.76106659
174.966260924,70.7822452009
174.215835403,70.7731667573
173.759088542,70.7740139373
173.345713489,70.7484955205
172.886541802,70.7664462745
172.687262767,70.8294400731
172.601755577,70.8947906317
172.556323623,70.9511004156
172.547250339,70.9941105498
172.591528744,71.0767182939
172.611862949,71.1329134693
172.598283359,71.1711075576
172.557060453,71.210581001
172.4968507,71.2432453632
172.428483345,71.2638122824
172.354662519,71.2302499176
172.300160889,71.2346852884
172.203639938,71.262248541
172.135678225,71.2738518511
172.052888154,71.3133619347
172.0195413,71.3134649775
171.979929951,71.2961493473
171.956196449,71.2729543793
171.949483037,71.275622187
171.93821682,71.3271876801
171.919881313,71.3427337371
171.858727731,71.3378912053
171.656079555,71.2076960938
171.454934302,71.0826967711
171.192354174,70.9184953494
171.024292,70.8679700357
170.8753976,70.8715508973
170.725761487,70.8896442553
170.672492422,70.8822002599
170.641037776,70.9539234837
170.635608748,71.0392879391
170.589086267,71.1093101952
170.422068808,71.2278075352
170.248585045,71.2661354861
169.932336903,71.2736169384
169.728835808,71.3270331765
169.566265969,71.3609915205
169.348743598,71.381329547
169.215610388,71.4054949796
169.031390408,71.4806555224
168.946092441,71.525075585
168.910639141,71.5452477155
168.951073652,71.5596790285
169.048816239,71.5232856887
169.165077925,71.5121565941
169.2215978,71.5034807039
169.230926779,71.4726786972
169.183640836,71.4707699426
169.104770387,71.4921199684
169.038158699,71.5142595122
168.926269848,71.5141208168
168.839768996,71.4597580492
168.649321851,71.4279136293
168.462935408,71.4802221964
168.088779586,71.6101926335
167.278985693,71.8505349972
166.58525611,71.9999191048
165.245847695,72.161073384
164.16483944,72.1897788145
163.158168365,72.1729131046
161.831554014,72.1315000354
161.080892163,72.0140337164
160.101420204,71.968239542
159.650880265,71.9490615605
159.220476779,71.8693663774
158.627167851,71.8125583747
158.338696337,71.839219077
157.937660286,71.9551895946
157.717208332,72.0481358372
157.547887861,72.0912610287
157.332255111,72.0587675189
157.223804827,72.0289833665
157.049011033,71.9636232539
156.928959557,71.9868316008
156.793361338,72.0105694996
156.632231708,72.051492592
156.532592822,72.0790140736
156.47776105,72.091700573
156.441883722,72.0925063189
156.456484023,72.0570147985
156.489270883,72.0241946479
156.50690246,72.0019623821
156.511418644,71.9557814027
156.508317808,71.9125498393
156.497564108,71.8806222
156.489801892,71.865723803
156.483415311,71.8756472861
156.470136708,71.8880839838
156.44969143,71.9056802663
156.44772175,71.9444384874
156.425929733,71.9722750417
156.416378564,71.9868856874
156.419179912,71.9768285733
156.40969749,71.9230905564
156.409051505,71.9019145614
156.404642707,71.8999504876
156.399295913,71.9062041561
156.395159814,71.9305706603
156.412035306,72.0640115081
156.373144723,72.2679766474
156.37004335,72.8218206732
156.318956826,73.0519813687
156.224851684,73.3725199686
155.950562561,73.911350877
155.65973343,74.3200386841
155.221987581,75.1116054954
154.848578167,75.7604234789
154.562424497,76.3795914878
154.250083247,77.0840105112
154.152350853,77.3852229964
154.153353465,77.7524629946
154.225869281,78.026922186
154.313055296,78.142639177
154.432554163,78.2212543552
154.479683442,78.2259510385
154.496567527,78.1589411511
154.485422247,77.9992876114
154.466484468,77.8785432075
154.440721163,77.8074777013
154.354662181,77.6227185314
154.235417296,77.4999652478
154.07396824,77.716208704
154.091416657,77.7552302764
154.172434626,77.5891019077
154.189426605,77.6049532081
154.268897833,77.709779179
154.372252275,77.7078994973
154.428906291,77.7406489633
154.479426042,77.830923298
154.48508318,77.8338422767
154.450653781,77.8390339449
154.351296735,77.8832019613
154.301849185,77.8954546881
154.293899011,77.8878164304
154.303116857,77.8727917904
154.330103689,77.8605486211
154.36204705,77.8502198808
154.382510372,77.8446912361
154.377389033,77.8838008606
154.330218714,77.8655891667
154.255188196,77.8211566513
154.120700817,77.7629422404
154.017157109,77.7053829872
153.879327974,77.6237933806
153.802777998,77.5942339497
153.73579105,77.5753812525
153.636007971,77.5896206423
153.571813866,77.6184694439
153.50965767,77.6627296059
153.46584685,77.7124388822
153.424658067,77.7226387394
153.355894517,77.742122987
153.320146904,77.7846877606
153.301495156,77.8012205108
153.276336116,77.8126132806
153.255297366,77.8572887538
153.188984953,77.9383579974
153.150613428,77.992468996
153.123163104,78.0293129307
153.098207535,78.1321948307
153.105713355,78.1934318036
153.128194977,78.2693046785
153.146488443,78.3459400677
153.1665588,78.423607153
153.188658757,78.4935408867
153.182044307,78.5136532698
153.160933607,78.5445918152
153.126346201,78.5316797779
153.092065301,78.5283382442
153.028365977,78.534237096
152.988252764,78.552624489
152.932771573,78.554051575
152.891886118,78.5530641037
152.841916733,78.571493939
152.768493568,78.5812504256
152.707410359,78.6098502027
152.665257599,78.6244790895
152.648355287,78.6320800212
152.625145981,78.6593317133
152.594141533,78.6740874092
152.557490418,78.6942851
152.503446568,78.7490263268
152.472808871,78.7655504875
152.440885058,78.7768252626
152.408369842,78.7529148721
152.402280576,78.7459845616
152.39901332,78.7780878825
152.405974288,78.7817569742
152.408448447,78.7892395274
152.420174161,78.8202251822
152.420745807,78.8330747157
152.428932527,78.843489098
152.442638962,78.8789322213
152.459743981,78.8910328922
152.483954963,78.8709032398
152.480842144,78.8500615017
152.486200064,78.8452812356
152.491828551,78.8131466363
152.487481975,78.7736911784
152.474738086,78.730249395
152.486826877,78.7101093598
152.479534741,78.6757650154
152.477062826,78.6540709221
152.469603012,78.6593850356
152.45867521,78.6746000981
152.446516149,78.6817438785
152.445050295,78.7047754496
152.453003259,78.7164329988
152.478158159,78.7098436985
152.524164449,78.7039998824
152.55615804,78.7035768638
152.583708418,78.7022438828
152.608239192,78.6826904077
152.612785971,78.6716599242
152.621254932,78.6684239581
152.619755108,78.654818398
152.634161883,78.6362704567
152.640570743,78.6231814338
152.6876904,78.6287588406
152.757372622,78.563270703
152.796112346,78.5228425856
152.812579994,78.5062681127
152.790009464,78.5222447575
152.780691884,78.5147330923
152.773774233,78.505561793
152.794348365,78.5067345524
152.806178594,78.5016030298
152.806263863,78.5050507528
152.799822245,78.5264063375
152.794345489,78.5355920437
152.806195103,78.5504973406
152.832113264,78.5558378424
152.881457867,78.5289822047
152.896649363,78.502202443
152.901416627,78.473665889
