179.609532061,94.2608156245
179.610079269,93.7629455531
179.560135993,93.5446493406
179.475454777,93.3267997602
179.465655084,93.2747034508
179.473096972,93.2543747055
179.512216274,93.3650943065
179.515682504,93.4617936286
179.515709834,93.6716382867
179.532793467,93.8983154152
179.591938292,94.1117893036
179.776284489,94.360298203
180.005360016,94.4414006321
180.668501074,94.5264537047
181.205652204,94.5941924831
181.777427439,94.7050134109
182.874983646,94.9230585339
184.550849835,94.999890379
187.014782922,95.3365494347
191.077744114,95.9204363674
193.861179585,96.0042193132
197.930392476,96.1480851548
200.700771909,96.3403023389
203.46336715,96.605837329
207.468851391,97.0235794464
210.091890993,97.3930961482
213.803850616,98.1307014214
216.109786228,98.4364117002
218.277861715,98.6312100499
221.48318188,98.9378866851
223.504208676,99.1201535195
226.14341894,99.5533075043
227.868358505,99.8087786218
229.458835789,100.017635912
231.668478006,100.088034814
232.85101081,100.113805472
234.407560009,99.9999032131
235.301244423,99.8255507227
236.168662552,99.6160564278
237.56247639,99.1874247353
238.383139883,98.706041006
239.384311592,97.6305709714
239.805279891,96.8452865762
240.125058807,95.7494660943
240.332758763,93.4964802692
240.171007242,91.0806613785
238.992383149,86.2312004403
237.828122769,83.5723457556
236.439797256,81.6726036962
233.997025279,80.3096240382
232.04686,79.8175137022
229.046659284,79.1124543228
227.200781616,78.6146042148
225.423944097,78.1906258842
223.276255504,78.0888656475
221.988958812,78.3853254027
220.810103425,78.8246272846
219.126537763,79.3581744238
218.041397836,79.678644526
216.527905688,80.6557575108
215.584120095,81.8761208743
214.995894982,83.012357504
214.642232206,85.7792231861
214.822073696,87.4671710579
215.431724481,90.3715559004
215.95251678,92.5092509994
216.423760491,94.7605006274
217.530727879,97.6119236132
218.336420029,99.2380509479
219.172201603,102.442756294
219.479942618,105.052190348
219.408390925,107.996520657
219.269541965,111.986225699
219.250550081,114.0553367
219.361156577,115.696651234
219.447542813,116.122136507
219.220291504,116.793549916
218.575543316,118.240392711
218.198983513,119.090371999
218.150747038,120.324809804
218.482738542,120.713087326
218.993547164,121.084734465
219.847092244,121.439527103
220.184065345,121.71465466
220.780813632,121.66306747
221.201442128,121.33268874
221.670415371,120.820194253
222.13462797,120.296149797
222.329073168,119.92015269
222.297856368,119.723226883
222.24106583,119.38311454
222.174838006,119.109346017
222.128137006,118.524726115
222.068962252,118.038353478
222.001383274,117.477310255
221.757785347,116.397665558
220.999988641,115.560644955
217.819075299,113.67622042
214.49908184,112.6505083
210.075439547,111.133735268
202.582589409,108.975361216
196.929296112,107.314738772
188.265263369,104.977994723
182.731063426,103.39613577
177.710259462,102.292413748
170.898067567,100.610098157
167.037207731,99.8275319401
162.360073346,98.5401996225
160.013615949,97.9305988347
157.88690882,97.4767376812
155.227688332,96.9709788652
153.590544568,96.8179329751
151.494273989,96.5619969909
150.134285493,96.608504914
148.824804262,96.6364278892
146.663924321,96.6798529409
144.919856234,96.7654916324
143.033003614,97.0103840315
140.039771507,97.6109207504
138.098619684,98.1023620843
135.143303541,98.6047471132
133.263621877,98.9997740373
131.285809809,99.182070664
128.554315773,99.6458099784
126.866743628,99.8728482186
124.598502814,100.369537743
123.104966395,100.548771911
121.815179227,100.695036507
120.428976997,100.924044833
120.135920644,100.951114164
120.40134083,101.005404688
121.143373747,100.991124818
122.13193011,100.865052299
123.622938579,100.647210777
124.501138963,100.680879022
125.211743315,100.812520201
125.044248843,100.949087954
124.40754569,101.184522974
121.906131318,101.051886935
119.138187671,100.815973322
113.790233451,100.440735257
109.828072012,100.069862273
105.699493537,99.9151868336
99.6996711137,99.4725473763
96.0086968877,99.229960007
90.88840117,98.983407068
87.8640804466,99.0162312013
85.1601218155,99.1297205222
81.4501316021,99.5022411142
79.1464728435,99.8313795624
75.7500723012,100.082515649
73.5124102609,100.080160972
71.4370762282,100.052789332
68.4941468696,99.9912823542
66.5931430939,99.8614620348
63.7974281361,99.7447148363
61.8821772027,99.7009383325
59.8668134552,99.7305996627
56.7021266021,99.7486231226
54.6562618652,99.8737026234
52.5866473046,99.9512876299
49.4639648882,100.004392298
47.3220259258,100.055994874
44.1162688301,99.9374411943
42.0811599181,99.9433069893
40.0969789517,99.8790793397
37.2839395567,99.7384552953
35.426699213,99.738662111
32.6983565272,99.8030411264
30.993096996,99.8914040135
29.3020219707,99.9582630866
26.9354752923,100.226457718
25.4342157775,100.3441077
23.2873058677,100.557140557
22.0008080035,100.680196682
20.8819253807,100.670859046
19.1177087016,100.605711923
17.8811497317,100.601854836
16.5660748177,100.558437704
15.7865141477,100.599144956
14.7978764514,100.770212967
12.4508423704,101.441002445
10.3709216942,102.033891207
6.82128233018,103.113345646
4.64863004485,103.621321025
3.07648562633,103.799724577
1.6584451333,104.229015129
1.39224201119,104.393488382
1.74664893028,104.265693838
2.20218600106,104.300265487
2.71928904506,104.37924457
2.90770745129,104.520736588
2.85907746248,104.647431159
2.79259098787,104.731570717
2.73991290383,104.736926856
2.81921385742,104.693795564
3.27914825781,104.339167785
3.49361729772,104.302389361
3.78387775225,104.251263342
3.97134640588,104.206049245
4.15627220863,104.124787917
4.25411243724,104.093350113
4.38748898881,104.106669923
4.4659043668,104.171645925
4.65213374651,104.121618401
4.88214823091,104.092728874
5.26618695898,103.97814752
5.55681517736,103.925536379
5.96545104374,103.904628842
6.63126724012,103.991518605
7.0599396142,104.024471486
7.87439387169,103.919833613
8.75044312615,103.665549031
10.1099238134,103.072607472
12.8438745322,101.744964825
14.7889778943,100.64610254
17.8658893068,98.7202121152
19.4566092353,97.4299087389
20.5236957044,96.2653058611
20.8529244682,95.2371113793
20.3146992245,94.9932215075
18.8783873715,94.8047430387
17.8162506103,94.7122388554
16.9030481826,94.5531438521
15.9508196194,94.2979937065
15.6878822243,94.1168220374
15.7148508756,94.1072156479
16.1980536954,94.3269408725
16.6380600971,94.4023694418
17.2510465544,94.6117023571
17.7355660215,94.668018051
18.4749488609,94.6961540529
20.041555856,94.7496447406
21.4329226301,94.8903514644
23.8421034406,94.9190684727
25.7501835419,94.9894178272
27.4843491124,95.0495431134
30.3348628022,94.8670212987
32.2340798584,94.880952703
34.9910631711,94.7673699759
36.8990605884,94.6079253571
38.7317182163,94.5077032522
41.3810686846,94.1533809286
43.1350012113,93.8755657191
45.6895255619,93.6419565051
47.2884166295,93.4118032726
48.8755220687,93.3859430462
51.0782779296,93.6824371826
52.4654987294,93.9985972513
54.3951335552,94.5846206672
55.6685664507,94.9019404951
56.883307213,95.1759401973
58.7610203048,95.9869326102
60.070629634,96.9732283837
62.0793990883,98.4948234745
63.447497852,99.3330829592
64.8381169522,100.199529984
66.9837036006,101.353637755
68.4620893361,101.703337968
70.0029238829,101.687935982
72.3565041024,100.815882469
73.7476768059,100.587961851
75.5140545931,100.542562806
76.7444990983,100.55674078
77.9883928768,100.628926537
80.0658013904,100.892600633
81.5997783583,100.946414925
84.2681051549,100.982767983
86.1778029189,101.039524197
88.0498786211,101.124165172
90.935896468,101.335067532
92.9636613227,101.442174863
96.1510179029,101.495391362
98.3250904899,101.417915396
100.48229916,101.380831182
103.549607189,101.308713438
105.889288143,101.268665744
110.124902475,101.391344124
113.34635339,101.689783533
116.782599412,102.020103525
122.363500928,102.481277329
126.391007781,102.712007262
132.865869278,102.626293009
137.1328562,102.925553863
141.343023699,103.476711752
147.093079424,104.439165276
150.345517762,104.943764616
152.924288041,104.94871266
155.970260149,105.037879325
157.621074579,104.954501768
160.05472954,105.071832932
161.645716969,105.331700054
164.229789199,105.826931219
165.916279928,106.300326287
167.662119961,106.646742963
170.463740953,107.01036062
172.356820504,107.344469448
175.385535651,107.556581916
177.542081817,107.714013087
179.878641078,107.912902006
183.515147955,108.353055287
185.943562196,108.805255949
188.305732014,109.167633898
191.551186608,109.946543112
193.525699773,110.452331656
196.514172225,111.165822169
198.403010467,111.691128583
200.448039696,112.252987382
203.503233154,113.153571761
205.564681754,113.871279206
208.588796326,115.166854107
210.601365012,116.283284553
212.775000579,117.327166989
215.996666499,118.86383489
218.127721982,119.929639495
221.369191012,121.113110944
223.418095098,121.838639623
225.21155776,122.648130955
227.428087182,123.808143745
228.539505462,124.647535399
230.070558984,125.344805256
230.764011528,125.828422617
231.42332833,126.007645429
232.55966537,126.257870545
233.483331939,126.328136452
235.078886253,125.897203456
236.202071154,125.354988952
237.172559561,124.541439548
238.02337877,123.153679657
238.64251524,121.483161146
239.643178415,118.190971955
240.679100472,115.708924394
242.389524812,113.208159393
247.24471782,110.006160312
252.236603261,108.244875457
257.699437319,107.042090045
266.53029364,106.249399549
272.04975621,105.325384723
279.348052608,104.041029303
283.364189496,103.740880059
286.459418421,103.569651425
289.491793358,103.379374181
290.585428349,103.16289854
291.045353743,103.254624346
290.805587306,103.04277316
290.442469524,102.675396047
289.159854315,101.938456579
288.327096657,101.152878781
287.103533088,99.7249156746
286.331099391,98.1321287518
285.722102838,96.7054055977
284.872055689,93.622579485
284.584444852,92.081463163
284.232194371,89.4402825217
284.174173282,87.932594248
283.889402227,86.2733447126
283.471084041,84.3457482164
283.35188127,83.7130245108
283.500890725,82.9536755673
283.559338463,82.5428197709
283.714596105,82.1428117111
283.941404701,81.5438371587
284.062698767,81.1834978512
284.131766909,80.8747722452
284.133995519,80.9170086828
284.110150498,80.9401024028
283.865289169,81.1870089633
283.820924807,81.4394579552
283.957480284,81.7236345463
284.449545146,82.3979534683
284.81597603,82.902380664
285.471149869,83.8289043942
286.018629964,84.2964036721
286.442291866,84.7745689384
286.031262318,85.9435988364
284.250092541,86.8364560695
278.916120701,88.1806016155
274.141059886,88.8677796898
269.353108988,89.550932111
262.393578324,90.8857510405
258.057864008,91.6025605665
251.71672477,92.4527208134
248.377975637,92.491195061
245.149115313,92.4452527849
241.112777477,91.9243097693
238.306091065,91.6000914067
233.979515157,91.2308202621
230.992528432,91.0210932941
228.11920069,91.0994448889
224.452429766,91.8476718193
222.447411624,92.2238240508
220.121303084,92.6144712033
218.917577786,92.8656157083
217.995749522,92.8734644788
217.17017578,92.7103628462
216.924261686,92.5048618033
216.871349776,91.8964175344
216.96062092,91.211153912
216.985643297,90.2526429165
217.011368123,89.3383588612
216.935850969,87.8077183441
216.851831543,85.9883358899
216.746750589,84.5650501898
216.561886649,83.0220909366
216.186809003,81.2126492274
215.88591483,80.2766174499
215.644989032,79.6228032262
215.274665889,78.792580379
215.035602922,78.4807576358
214.754484635,78.0517331067
214.687677116,77.7091396266
214.650865926,77.3105301016
214.749216221,76.7964559517
214.840745946,76.3859442216
215.014609615,75.9199336693
215.151624753,75.5840925799
215.36433388,75.2724996607
215.588016527,74.7313744161
215.754951975,74.5085384764
215.97304185,74.324387947
216.087442509,74.2870926201
216.270406589,74.2554881671
216.555854099,74.312659965
216.718405632,74.3554151864
216.926042987,74.4923431505
217.011292221,74.642957624
217.039827215,74.7537886906
217.029086694,75.4235204906
216.97806036,76.0109250656
216.781544182,77.756121034
216.686615848,79.3087453786
216.521733469,81.2738430605
215.984631347,84.1681371046
215.475465204,85.8120851906
214.478827376,87.747320855
213.684322801,89.0272198226
212.856715452,90.3183996404
211.488782328,92.2646121448
210.509453734,93.2837345531
209.227545896,94.3237845951
206.688477048,95.9763908179
204.893368321,96.8553479358
202.347873186,97.9113683094
200.993060671,98.4919980568
199.871219395,99.0045699703
199.457673555,99.6108662826
200.071087132,100.102382756
201.857015466,100.730700571
203.36196488,100.918150589
204.857699206,100.995124356
207.044323463,100.949721602
208.36084306,101.00259417
210.077123839,101.182923476
211.057780386,101.256353925
211.859872483,101.162659322
212.707664022,101.274129549
212.830303811,101.375835313
212.144831955,101.472626675
210.257850623,101.240148985
208.070680168,100.983577249
204.006842046,100.63510458
201.205578342,100.486120702
197.073727873,99.9050810934
194.229372527,99.544626126
191.123482545,99.1443647687
186.777924219,98.6197529534
184.139383365,98.2275548905
180.963068361,97.7259656935
179.324576941,97.469331153
177.89877831,97.3856751794
176.139480213,97.2482196378
175.141592364,97.1607975739
173.355774317,97.2834205156
171.54601637,97.4501739675
169.56049993,97.5487373905
166.191102142,97.8537700972
163.965068216,98.1222785798
161.701870327,98.4260139931
158.285354042,98.8855042093
156.16696761,99.2546515477
153.331039858,99.4571984835
151.526192417,99.7527427872
149.56695694,100.193644643
145.837339718,100.337861762
142.854897878,100.508450552
137.273230273,100.980381907
133.301448941,101.042625569
129.123747265,101.231468414
122.511603343,101.409019288
117.913521942,101.536975532
110.952430728,101.579113009
106.575197092,101.483000481
102.65176944,101.474118859
97.8230579278,101.47333507
95.2943931043,101.462447205
92.3274368798,101.241677072
90.5037259385,101.211099013
88.4646539869,101.135525507
84.9786266422,101.15014247
82.615520168,101.154652135
79.2392332363,101.363799239
77.3693860844,101.322271457
75.8514646722,101.169895934
74.0785371358,101.13913022
73.4352606424,101.02479959
73.6597856067,100.903314531
74.2455004383,100.859624414
75.4881826409,100.742846042
78.6212041299,100.596454303
81.9915397513,100.516943399
85.9527373867,100.57080491
91.9842626321,100.628424674
95.7458888156,100.407235234
100.754432464,99.9376565004
103.431129624,99.7678841074
105.390520735,99.7974931063
106.731072788,100.10039732
106.674799711,100.623411418
106.004770646,101.218174321
105.517640993,101.72393495
105.393950753,101.828855498
105.444531509,101.959173554
105.828737458,102.0666685
106.620418334,101.982193684
107.124996487,101.972128337
107.593428697,101.971356718
108.200434522,101.871061138
108.590516575,101.810803243
109.04402745,101.802709743
109.256078421,101.747750655
109.38478471,101.686568969
109.475124867,101.580419754
109.429976704,101.501623563
108.867406499,101.370631416
108.326177138,101.276378471
107.711461517,101.183401118
106.970118986,100.930195831
106.544554355,100.71304411
105.971252371,100.195904106
105.556965077,99.6044050542
105.001919061,98.984008884
104.034531161,97.7521900442
103.18484326,96.7325503088
101.953388517,95.611224528
99.2824774414,93.8378712467
97.0820507353,93.0095766707
93.547721439,92.1863094682
91.2652458056,91.9381862047
89.1556912074,91.8367249923
86.515339589,91.8293586676
85.0187034529,91.9914383003
83.2645661143,92.0972042271
82.2677700439,92.018683847
81.2366152289,91.9181786835
79.8893062112,91.1976382986
79.0761344287,90.4637929428
77.8553598639,89.4362349018
77.1734910219,88.7922849251
76.5670905729,88.2555684023
75.9236447172,87.4837620891
75.5827979553,87.0224990565
75.016392419,86.5090233409
74.5371639748,86.1812823741
74.0205926385,85.8916698585
73.1729140797,85.6234252082
72.5916640303,85.5241936874
71.7876988372,85.7583811629
71.3644662769,85.8750790482
71.0709894407,85.9763551226
70.8535481358,86.1257870804
70.7301801387,86.1561666532
70.5097959582,86.270472936
70.3811692405,86.2397793696
70.2437853041,86.1967024502
70.1346446054,86.1132619202
70.0998888062,86.0625580226
70.3539345603,85.7629436827
70.8352619139,85.6078027197
71.3916608529,85.4992329322
72.2034829657,85.4506449233
72.5792436678,85.3821410184
72.8574610863,85.3183744569
73.1800151857,85.3770603294
73.3880969477,85.4236246597
73.7136755744,85.600194536
74.1289467378,85.7604005109
74.8668298447,85.9630402244
76.389817301,86.5741902203
77.483379546,87.0099926323
79.4848295039,87.9021622067
80.4880386961,88.1493917933
81.6140339207,88.5635603975
83.2823454118,89.1190682454
84.8540613823,89.7021988443
88.2563537659,90.9940531157
91.2141249773,92.0683580273
94.5122342558,93.0630718331
99.0894686022,93.8834854179
101.913719267,94.2127385291
105.487437818,94.4512256342
107.71341402,94.7637720061
109.74396128,95.2519986352
112.746913653,96.0082426589
114.716510398,96.5789959618
117.547933939,97.0667057198
119.311429113,97.1461289742
121.043383802,97.3192611759
123.612766409,97.8532088243
125.597406442,98.1707653067
129.316625947,98.656551892
131.971080574,98.8880637939
134.731522928,98.9450279399
139.123142455,97.7682060948
142.228136312,96.2949880334
147.181955848,93.9916093971
150.579288746,92.2653132562
153.851323777,90.6948653513
158.176483498,87.9226458318
160.702241508,86.0056004387
163.004147626,84.2144096369
166.149181991,81.7181327688
167.793819816,80.0518683668
169.725061728,77.9358957107
170.809381698,77.0188703777
171.53678595,76.2996950255
172.36012842,75.5300237011
172.79815632,75.1462461418
173.766408165,74.8087244485
174.711238889,74.4562479715
175.936835616,74.2453514866
178.35493235,74.4131492535
180.367165825,74.7422201032
183.75460285,75.6387839886
186.158894308,76.5143668508
188.443485749,77.519228049
191.595977673,79.0367013031
193.712553872,79.7593454814
196.873912886,80.9018791366
198.92963908,81.379986955
200.936788481,82.3046514611
203.757023779,83.8679992823
205.595757874,85.0793744062
208.33481328,86.5161007219
210.108408141,87.2874512022
211.843734561,88.0909095928
214.57625802,89.1782641302
216.438972612,89.8995705168
219.222596759,90.6012006154
221.183255414,91.4629105614
223.181717982,92.2959383788
226.084710241,93.6268799245
227.880304259,94.4227677232
229.518975489,95.0283220171
231.815700358,95.6855099517
233.167652616,96.1748725411
235.190652532,96.7036326272
236.442341173,97.0064682705
237.788443807,97.2065712741
239.796084052,97.2276911124
241.07698899,97.31204095
243.017311114,97.6514398937
244.372687343,97.9290171382
245.903766029,98.2243870104
248.459779775,98.4174037998
250.157161968,98.3863305262
252.695371694,98.3557703681
254.280290799,98.3597070611
255.839680961,98.4033914162
257.957053672,98.573185544
259.147643855,98.7702403617
260.698454843,98.9538145513
261.626879486,98.9455776002
262.419719273,98.9715934838
263.465186545,99.2089296148
264.073832591,99.4323564861
264.885178879,99.8678006968
265.339538566,100.132730518
265.711314733,100.550563745
266.20218032,101.220987726
266.422612046,101.721007472
266.363145006,102.438562303
266.040743129,102.74780458
265.596662278,103.096459445
264.756505702,103.557246702
264.222932923,103.873308478
263.658561817,104.398839848
262.780148876,105.607092535
262.30495737,106.583814327
261.644395358,108.427043185
261.294646251,109.528404923
260.874100141,110.70320704
260.153415083,112.271491681
259.63948893,113.07365931
258.879759295,113.652204385
258.456400901,113.814979552
258.194945219,113.67326808
257.781626314,113.746278581
257.589154497,113.764014214
257.308511275,113.837665832
257.079736795,113.978173976
256.883591703,114.096914041
256.444084016,114.338697916
256.096785057,114.437812947
255.556392645,114.583265764
255.082393374,114.794563238
254.907085007,114.745347701
254.616218027,114.565579499
254.299995168,114.274647147
253.812602274,113.953804532
253.327395362,113.966388507
252.865659747,113.851897758
252.227340334,113.338851433
251.815351906,112.969889419
251.212600327,112.449155707
250.858331081,112.085030623
250.387543102,111.692095221
249.509495839,111.146574325
248.785505553,110.763684423
248.070122199,110.385605075
246.917454039,109.844646546
246.02062732,109.609723576
244.455818319,109.250474135
243.26854022,109.054016009
242.00955265,108.823815154
239.956875218,108.486983306
238.428815603,108.369269162
236.171400773,107.923966124
234.651193043,107.695214853
233.177168845,107.537824026
231.03591074,107.329578314
229.700392165,107.191811813
227.764665486,107.041744939
226.479560131,106.97299992
225.291866782,106.922861891
223.712404877,106.868680407
222.734629096,106.889256022
221.443401356,107.027470145
220.680909054,107.08572666
219.943467312,107.130970677
218.906380019,107.196561299
218.262714681,107.12502021
217.298306874,107.004606636
216.648077851,106.968765007
215.973398514,106.954891488
214.933734617,106.98499199
214.217148516,107.005306159
213.151783275,106.982563861
212.453462773,106.894785308
211.68713249,106.84547982
210.473659735,106.898801792
209.596808807,106.919352009
208.304816896,106.873292699
207.501388285,106.790478216
206.695641131,106.728265904
205.562066741,106.600671212
204.906707877,106.485714518
204.170864685,106.346478865
203.170433209,106.21900029
202.433210144,106.151086202
201.30697444,106.100881647
200.549068917,106.017077495
199.729101352,105.949579994
198.274572187,105.97048101
197.181873344,106.076931017
195.346430368,106.275782055
194.045089218,106.427051638
192.736924992,106.54760707
190.85679493,106.575031915
189.797482524,106.536601706
188.415478587,106.375264988
187.632861226,106.251172394
186.916370046,106.146794569
186.017287336,105.983367777
185.420769217,105.961817886
184.403137701,105.972869206
183.694910418,106.041881748
182.902057157,106.130695797
181.61026808,106.178435928
180.678130263,106.185185583
179.120399413,105.949786518
177.996491809,105.771198271
176.942985196,105.528806266
175.392700052,104.949588819
174.40112014,104.552045418
173.125207784,104.0909768
172.413705301,103.944841382
171.807383635,103.991311667
171.245812383,104.038609796
170.456334932,104.15273219
169.70944701,104.454094907
169.239122875,104.566407672
168.81197845,104.820146196
168.46957683,104.949653091
168.46379706,104.944949039
168.463157587,105.104043126
168.763283134,105.592326148
169.263103713,105.955427321
170.155819285,106.462718866
170.824511588,106.686312789
171.492223561,106.834378623
172.423450125,107.149241321
173.050174227,107.326522843
174.235075033,107.49467557
175.125879027,107.593779827
176.187485767,107.771889661
178.292663868,108.042807847
179.928665375,108.270454975
183.212927806,108.760878214
185.587066203,109.218453523
188.256104614,109.703637519
192.092564379,110.041166948
194.534061936,110.026269381
197.939170018,109.75772723
200.035217027,109.56143582
202.161196146,109.393223992
205.318691404,109.38794913
207.424601616,109.521791917
209.562670836,109.631486814
213.098169494,109.591897132
215.517459595,109.66932474
219.268109405,109.543611203
221.982718472,109.331954119
226.447413166,108.967425073
229.779314787,108.626904755
233.950454635,107.955269707
241.234898804,107.059285716
246.527217948,106.201074325
252.120723727,105.259834953
260.33992567,103.860550859
265.414686794,102.881799181
272.067962592,101.424267599
275.746208574,100.733881777
278.917538968,99.9209215609
282.766036006,99.0721752326
284.997609678,98.6641523228
287.979813885,98.2166618293
289.78214953,98.0619741076
291.471278331,98.0086391481
293.831293961,97.9129138027
295.320901788,97.8521991018
297.525524724,97.677107552
299.087418979,97.6939295226
300.644295833,97.7836570847
302.708742499,98.053020073
303.658324185,98.1867388016
304.534198992,98.4638764053
304.797328689,98.6855506025
304.796154191,98.84272702
304.628555953,98.9401070813
304.358570236,99.0141785723
303.494011412,99.0616306555
303.015041953,98.9933050769
302.566268669,98.9013269605
301.996538583,98.7716958886
301.571688416,98.6352042619
300.938307748,98.5442050054
300.456889045,98.5378313688
300.04918834,98.4540919208
299.290130938,98.5170956286
298.636713305,98.669474122
297.870716392,98.8996463653
296.67967958,99.218288979
295.992518476,99.2271098869
295.059072026,99.1983768166
294.4925526,99.1590128305
293.971820177,99.0003539399
292.832479578,99.0324753039
291.499981797,98.9122016012
288.588019863,98.8951839252
286.087713135,98.8666102854
283.088091656,99.0430852095
278.350662596,98.4347649763
275.354400137,97.9033763129
271.084041028,97.2290713338
268.567673923,97.0180552974
265.998842899,96.9857159416
262.007725026,97.1085842093
259.373925737,97.2672653639
255.661946463,97.6946319286
253.367369566,98.0494163115
251.162998277,98.3857899532
247.915234191,98.7962104442
245.923874967,98.9044065723
243.339800046,99.2123396063
241.843917946,99.4085240572
240.431237202,99.6528028469
238.25656176,100.074152723
236.891291228,100.171054312
234.706217311,100.473849906
233.314638973,100.599834452
232.032617108,100.590386051
230.345161918,100.706032476
229.309894192,100.871528265
227.761734643,101.074964968
226.625423396,101.369893725
225.365239477,101.702558148
223.385637213,102.144524526
222.028815548,102.323348522
220.707135679,102.262867258
218.712639152,102.044479122
217.29760625,102.073508769
214.876073269,102.025929593
213.088721657,101.930582592
211.142284423,101.859163328
207.833704024,101.591860275
205.419182088,101.496584444
201.490677968,101.51282635
198.787465864,101.598307784
195.957034053,101.717865318
191.993602563,101.867440246
189.602042433,102.022879414
186.42953689,102.187248242
184.682870177,102.229268143
183.082964619,102.267966285
180.852517542,102.445307146
179.383237306,102.485015441
177.01019977,102.599003366
175.348099822,102.639001872
173.65912271,102.632067655
171.260839391,102.523216042
169.632810756,102.433873685
167.125901443,102.253459157
165.302529385,102.174555254
163.272245102,102.104941437
159.266392703,101.89756533
156.322276489,101.692915886
151.800626352,101.447021438
148.853984511,101.267243105
146.161340142,101.174270761
142.758778629,101.110520217
140.994817729,101.147175501
139.545847254,101.255809675
138.085471592,101.424263348
137.327669711,101.58155627
136.443983657,101.549291225
135.926072566,101.440692129
135.441390805,101.28725663
135.110563916,100.4341579
135.015647053,99.620786142
135.098629863,97.5766780201
135.11841927,96.3823469844
135.227421938,95.0433516878
135.341731264,93.2206163334
135.420990782,92.2434908596
135.393384694,91.0826568616
135.403557949,90.4962660179
135.423890053,89.8235896521
135.487488662,89.1476430267
135.547437834,88.673440803
135.746652568,88.0165188675
135.984629597,87.6921369516
136.316403642,87.366720328
136.989407625,87.1293760347
137.618659163,87.1561592977
138.479134839,87.3749230247
138.795068263,87.7327265544
138.708574746,87.9932893713
137.703967584,88.5847030193
136.494806318,89.0113847388
135.006729583,90.0311044249
133.936967627,90.6457467176
132.708950051,91.091297981
130.519914278,91.6022949045
128.736039058,91.8485717968
125.682341846,92.102149988
123.415267117,92.3718904299
121.037200874,92.7221685223
117.349440791,93.384515614
115.030665278,93.7534184259
112.772705422,94.2093631407
109.497688261,94.8078045498
107.730659635,95.0545477079
105.635250083,95.287422029
104.455916832,95.5696118691
103.278824313,95.9260729614
101.363884693,96.4950513575
99.6936304747,96.6993987739
97.1120090541,96.9517854995
95.641446239,96.8543222528
94.4617087226,96.6995527096
93.1140346816,96.7351188911
92.513244511,96.8552691004
91.7544124147,96.7809122813
91.2969223062,96.7466040777
90.8313205734,96.717212886
90.2228230353,96.6473981279
89.9392692397,96.5928565039
89.8434649478,96.4698986176
89.8714582734,96.2997184067
90.032893517,96.0555307121
90.4503138251,95.7488089293
90.7196340479,95.6202818345
90.8527861599,95.5935765643
90.8646953552,95.6649824648
90.7440130938,95.7777628204
90.3044494166,95.8773760831
89.8214548916,95.9976284933
89.3785767813,96.1878517297
89.1942324453,96.2557699586
89.0299227962,96.3502303234
88.8103872847,96.4653063276
88.6942242342,96.4505195951
88.5959318268,96.4348397235
88.3785526689,96.4264824348
88.1515574962,96.4413767006
87.3926391738,96.5029063229
86.7760204505,96.5513862343
86.0751758508,96.6038386067
84.978348878,96.7079352823
84.1754434804,96.8103493682
83.0268836871,96.9930564352
82.3786364136,97.1844293435
81.8586168958,97.4096209719
81.4322798369,97.8762102004
81.4222382262,98.1959711351
81.8279526518,98.8631732432
82.390156056,99.2846405097
83.0141248291,99.3928558677
84.7174646474,100.01144809
86.2069498045,100.306385354
89.0323082893,101.073413116
91.4114777219,101.418767988
93.9062229701,101.90669314
97.7545090068,102.773239945
100.239460069,103.161822377
102.884994008,103.581589259
107.064130632,103.936788142
109.860831437,104.274658748
113.85662747,104.790031661
116.270968529,105.01206478
119.526678431,105.429971118
121.607345483,105.583272504
123.646707506,105.787481735
126.603207275,105.942888498
128.415703624,105.975728301
130.927062745,106.144368109
132.564364481,106.335878601
134.257190834,106.491163549
136.913299524,106.630465229
138.752381483,106.78703638
140.710245514,106.915349508
143.770343772,107.085953459
145.836743352,107.155407901
148.875059891,107.235669276
150.851456711,107.233628956
152.760364379,107.261649668
155.499849866,107.42235949
157.237178914,107.464533738
159.723003291,107.561124133
161.342084948,107.690730662
163.040353819,107.865245721
165.884162276,108.100796606
167.768975218,108.359490485
169.591310482,108.64729239
172.330712953,108.727172171
174.118431761,108.678751726
176.893594952,108.682203802
178.861626169,108.645602033
181.994197131,108.483222061
184.266832414,108.403277185
186.78211333,108.301005361
191.006331136,108.108414855
194.056135707,108.070281755
198.720245613,108.153045866
201.793985173,108.1129082
204.80862874,108.047808968
209.09218891,108.00079953
211.727990532,107.941369167
215.41833667,107.851962092
217.626535573,107.88760459
219.520893567,107.985014905
221.945282524,108.126681951
223.355275042,108.175417929
224.67225946,108.166041874
226.595711428,108.191610495
227.933359608,108.217448364
230.016946251,108.172691024
231.622361487,108.136937774
233.369773362,108.18591225
236.355810829,108.204789323
238.544068032,108.203522123
242.104584667,107.985745074
244.592792302,107.989146955
247.031797297,108.196731308
250.606782393,108.315608212
252.822160465,108.171170594
255.852923204,107.893072772
257.659734015,107.595183677
259.290580045,107.338111714
261.655665284,106.86743319
263.249151952,106.526417999
265.621819476,106.229376118
267.25871562,106.107359112
268.914395587,106.062662251
271.497156756,106.037078468
273.14594168,106.148625741
275.546888145,106.247616138
277.074691601,106.280823804
278.653227107,106.278714982
280.975413432,106.332397439
282.427120751,106.288090953
283.722772059,106.140484226
285.135661231,105.882706077
285.712504865,105.620525123
286.160406533,105.115070941
286.367540619,104.764464093
286.639931947,104.40248164
287.312305643,103.939757052
288.010731915,103.670266302
289.073154641,103.332795294
289.712560525,103.15072523
290.112705758,102.907918425
290.265549218,102.460218065
290.064376312,102.344704939
289.305613764,102.114245707
288.613303727,101.947781116
287.837978158,101.829151717
286.646147824,101.658811699
285.888435413,101.467522265
284.998201294,101.166979365
284.551483685,100.904583134
284.194374239,100.658603078
283.627716682,100.383447988
283.264494469,100.141377093
282.660384777,99.9455804329
282.137987411,99.9731700137
281.499828507,99.9648214264
280.497242456,99.8535774575
279.793325543,99.8641699917
278.707004579,100.093182216
277.947663687,100.380596806
277.124365334,100.661240395
275.912757574,101.061668387
275.25807181,101.162400908
274.617934263,101.378750005
274.649108102,101.492929549
275.078508697,101.58808613
276.633108479,101.907745644
278.145863852,102.221607912
280.843536906,102.789883385
282.718080999,103.195557941
284.511676521,103.537380988
287.025218337,103.90125849
288.450643915,104.187669543
289.683048135,104.424012929
291.294373666,104.732705201
292.250129033,104.884209393
293.510053953,105.280327305
294.123828637,105.378402159
294.647615461,105.324339196
295.167455783,105.246746006
295.297734652,105.185173038
295.388318892,105.1601403
295.404177934,105.140323752
295.323884738,105.091433176
295.065823935,105.04930108
294.886866092,105.078475564
294.349404196,105.171021688
293.835640798,105.093270691
293.01236919,104.978409282
290.78348319,104.813072951
288.598839484,104.647638326
284.221696214,104.445131395
281.206772048,104.222229228
278.440341187,104.049889205
275.469856423,103.622750094
274.161908906,103.393502139
273.312688423,103.102003466
273.094400226,103.104657362
273.25718574,103.051611873
273.402227815,103.066336231
273.518805867,103.072042184
273.596281019,103.081213426
273.536233503,103.07873475
273.263199546,103.081671383
272.476658107,103.10441132
271.783971834,103.072702369
271.018534218,103.012529786
269.711752355,102.80207344
268.721387499,102.781903854
266.650092652,102.878684965
264.888890638,102.980542442
263.004353705,102.914577018
260.257749682,102.639124377
258.428823071,102.592836768
255.843069145,102.504869717
254.309268286,102.439150969
252.895476577,102.42261217
251.098929692,102.461917091
250.059673011,102.565647995
248.828493342,102.632330292
248.116052968,102.809521822
247.375416965,102.990146229
246.124548653,103.220600755
245.056812487,103.354242164
242.75799866,103.352338791
240.334287383,103.17141048
237.318598237,102.762893234
231.68747022,101.408817867
227.774321027,100.311637607
222.297121136,98.5052954437
219.168962316,97.2493653607
216.639290245,96.1998439495
214.07410171,94.8175344425
213.115535541,93.9260948792
212.539280219,92.5869854727
212.437497544,91.7087077299
212.44237279,90.9370086056
212.368812,89.7837303952
212.388739702,89.0049274494
212.418290876,88.2907253814
212.256716294,87.1497129408
211.950042379,86.3171021133
211.296617787,85.0812722482
210.688885452,84.3657849989
210.03519236,83.7030856114
208.883675402,83.2114564
208.045423104,82.9951004937
206.868000373,83.0603363897
206.269704942,83.1736527262
205.849003108,83.3897681478
205.603368297,83.5719852151
205.631863417,83.5626106117
205.69899499,83.6575050244
205.868908994,83.6845248042
206.07090522,83.7356658098
206.405306812,83.7217904031
206.621954054,83.7168218639
206.970512983,83.8255098519
207.164876983,83.8339730519
207.381203929,83.8957422651
207.719596747,84.0124704162
207.902354945,84.0985244696
208.217265767,84.3569644412
208.442644225,84.587231325
208.732531038,85.050122851
209.04605754,85.5918062165
209.212713652,86.0640907252
209.344197106,86.2902577685
209.476135138,86.5147690517
209.552692086,86.6803527387
209.565000238,86.9980230231
209.583071017,87.2084905639
209.703936734,87.6966633237
209.838811255,88.2037672132
210.097414574,88.5206428187
210.61878232,88.8486757509
211.014599126,89.1954810378
211.451525196,89.6935548185
212.098872844,90.5955994111
212.538026238,91.4436369639
213.169360408,93.036011813
213.550318359,94.1104384078
213.914942277,95.1800836308
214.260492616,96.8376823709
214.38423825,97.8667917157
214.500795328,99.5484240804
214.45370575,100.844778135
214.369048619,102.183715472
214.096390833,104.581929637
213.838108763,106.263113043
213.583926295,108.629443059
213.321952635,110.165876554
213.085469332,111.380100754
212.802728186,112.783107976
212.539023103,113.408185424
212.18700794,114.30722537
211.903168096,114.854839557
211.531915504,115.561547917
211.080968889,116.560510029
210.689171534,117.367373891
210.31529441,118.257621687
209.910324269,118.877908984
209.599868532,119.379363036
209.241873172,119.921016307
209.000904677,120.153586555
209.158980319,120.033961061
209.783942831,119.734277257
210.513738521,119.432332312
211.926831853,118.643838271
212.960452929,118.228300129
214.075832444,117.603910874
215.795563516,116.866515948
217.0628824,116.295567068
218.953082194,115.579137683
220.323004305,115.050621452
221.586528643,114.539837867
223.370913317,113.765826038
224.444165191,113.269627047
225.81260343,112.715404732
226.555488527,112.322022113
227.167290092,112.067343178
227.893978396,111.7445989
228.299875821,111.491194364
228.786763406,111.458614254
229.074138643,111.405987008
229.439096306,111.299015575
229.968797599,111.264045827
230.362862457,111.274084049
230.708280192,111.29652579
230.888164439,111.309549359
231.199633099,111.279752744
231.584171946,111.266037961
231.822660811,111.30471718
232.114728342,111.371385705
232.289878391,111.455017637
232.410481549,111.539889903
232.625638372,111.663798172
232.724701858,111.781530107
232.809234157,111.965472042
232.788796976,112.053382696
232.709459726,112.146121569
232.443520159,112.227586568
231.88200457,112.299946251
230.533535323,112.43165537
229.33412712,112.543328074
227.940529919,112.527631339
225.42954251,112.470267262
223.477264961,112.386002617
221.479223852,112.344160416
218.145092362,112.403159894
215.885999043,112.481675834
212.592622128,112.582711378
210.534757456,112.517409181
208.675369631,112.573475817
206.31503333,112.597736286
204.968558215,112.706981918
202.980908934,112.998611229
201.506332483,113.345836348
199.857643054,113.643768761
197.193594245,114.087026186
195.326918421,114.291460317
192.48266335,114.429017311
190.448735288,114.679333114
188.359385455,114.834787423
185.206006711,114.820799184
183.212164992,114.823010348
180.364971785,114.680041669
178.637052116,114.530394566
176.87430561,114.245675566
174.121331261,113.754295221
172.323482945,113.450744749
170.742527447,113.073212156
168.428942265,112.694783168
166.791934629,112.559454325
164.270013951,112.337117288
162.558009122,112.094359529
160.048501794,111.328415974
158.434793076,110.75308716
156.767029279,110.347212285
154.341395863,109.8632398
152.617216596,109.717938076
149.998641449,109.373467073
148.241863191,109.129425402
146.439131998,108.841693503
143.676736381,108.412842708
141.850487364,108.112442483
140.068025277,107.785599494
137.501670208,107.356259693
135.861060603,107.118216612
133.436067673,106.755146037
131.683608979,106.684457033
129.278085654,107.059541249
123.16556411,107.177660902
118.885595749,106.411113925
113.119230349,105.384062854
109.775925022,104.559265638
106.785836248,103.827146822
103.043715398,102.707970831
100.955064539,102.033065982
97.9427880325,101.125407822
95.8076394319,100.435663913
93.2233801794,99.8531076756
89.1281498034,98.7793943231
86.4399164058,98.2133606092
83.0488815605,97.7073262133
81.3797574725,97.4565392075
80.3042636138,97.2111221719
79.5388471134,96.9676231602
79.5534790724,96.712049091
79.6663280513,96.5274913249
79.6844497971,96.3974370067
79.5608950044,96.2743965107
79.0006528089,96.2841261812
78.5191326155,96.336689676
77.5624538718,96.4545905181
77.0042300726,96.5859047851
76.4793634401,96.6108231949
75.542024542,96.580800525
74.7397518886,96.5693725015
73.8549073865,96.5907414638
72.7068929945,96.7981102687
72.0673501749,96.8717582739
71.5250593602,97.3611633718
71.3765030556,97.7345024053
71.3843791798,98.1063172168
71.5083284769,98.6774840501
71.5957025605,98.9238840811
71.4153113469,99.2941516329
71.2401612222,99.2749416981
70.6623490817,98.9641427301
69.8632209227,98.5013698403
69.1082390043,98.6937880895
68.0877083388,98.8850289522
67.4820593641,98.8972330582
66.8811659511,98.780571956
66.0783701638,98.8138447271
65.6508345609,98.6888799153
65.2794631264,98.8244827109
65.0002273814,98.9035003384
64.7342307939,98.921407935
64.3468123202,99.0855268746
64.1612997995,99.1148091406
63.8775594969,99.1346844953
63.6850528248,99.0884415825
63.499791298,99.0309852795
63.1601554458,98.6494341376
62.838035677,98.3063202516
62.3877033606,97.9776083036
62.1925165604,97.8296665731
62.1001890813,97.8331371252
62.0876343029,97.7897145036
62.2943084726,97.7259785255
62.7714758724,97.6757436764
63.5767735063,97.5793550243
64.116213389,97.4668837283
65.1943071011,97.1651161151
66.2611523263,96.9598092138
67.633487579,96.7207765666
70.1415044595,96.2153543512
71.8658129087,95.9597184779
74.3213387392,95.50078457
75.9047299188,95.205706225
77.2850380327,94.8467104809
79.4121282896,94.5014462135
80.645498385,94.4401389865
82.2771716178,94.3183304501
83.3045498446,94.1568594966
84.2401464045,94.0385951716
85.4745392679,93.9816476009
86.1332818499,93.8390601724
87.0922634061,93.8264093773
87.6716151879,93.8423784788
88.286262557,93.8373560303
89.1574790087,94.0343842924
89.6876963525,94.0946505874
90.4335768375,94.5352208714
90.8665055793,94.7399378139
91.3340041713,95.1591404795
92.0952711961,95.490197136
92.6969983985,95.8778337591
93.5872028727,97.033737951
94.1811088774,97.8603191438
94.8481561739,98.8073171325
95.9398573476,99.2116187914
96.7169041166,99.7855968699
98.2738819446,99.9066531362
99.5339982061,100.070425631
101.03917598,100.106517853
103.424364724,100.075855531
105.000505536,100.154550408
106.533741988,100.218531392
108.706298977,100.259046882
110.046087953,100.333559141
112.112162245,100.346616502
113.40902436,100.314942899
114.669343259,100.277398012
116.455199671,100.093982406
117.575144139,99.9145334084
119.289785557,99.7582709321
120.45134286,99.6885977595
121.635357334,99.6393515156
123.317711675,99.4319732316
124.475994523,99.2353104494
126.062502839,98.8436256446
127.12256873,98.6393175811
128.220347135,98.3501144836
130.091633545,97.8270252821
131.530033541,97.4508427465
133.090829876,96.9811732253
135.85554766,95.9270170198
138.112006287,95.1613607434
142.152198568,93.9758658774
145.173010901,93.3707470633
149.96469672,92.2655009012
153.182214733,91.7223198933
156.238611566,91.2293432726
160.671102002,90.6480612492
163.266458846,90.2118006205
166.772758411,89.4638712761
168.760369138,89.0184824049
170.576543455,88.94800757
173.273419699,88.9246285268
175.267501812,89.0513265271
177.279207457,89.1276270742
180.257381906,89.4130398598
181.841235972,89.6480701304
183.769091117,89.881895467
184.601229221,89.8044332788
185.264988925,89.5202848581
186.250940674,89.0458522567
186.679079284,88.6851987426
