224.002705734,106.46742694
222.133015326,102.962066201
221.030805878,101.707689711
220.362327862,100.981848479
219.860446737,100.34290558
219.494977836,99.7292216649
219.526041113,99.7647721466
219.747721182,100.065362323
220.093191312,100.452637824
220.37240222,100.698799595
220.450770461,100.598639316
220.454829739,101.184025195
220.386481344,101.250025318
219.570802648,101.991536006
218.97915242,102.715860507
218.602411254,103.395010397
218.669419382,103.383637332
218.764745618,103.420283496
218.948115311,103.606801078
218.932179689,103.424057857
218.468901306,103.390370954
218.094498864,103.350361303
217.843819496,103.504858699
217.763811482,104.074990519
217.827859816,104.135427338
218.03381297,104.041107258
218.128853313,103.965614533
218.145012958,103.937076951
218.302182156,103.862829162
218.26925369,103.749044096
218.461895477,101.836974473
218.436196285,100.546271378
218.238172481,99.8058767793
217.762764464,99.5291294283
217.236449107,98.8966227422
216.00078,97.7935266802
214.997587405,97.0210524848
213.868473298,96.067150677
211.97998777,94.9078294036
210.46531678,93.9641534076
207.823127721,92.1837252559
205.91294022,90.7867519168
204.065315119,89.5051517417
201.678751584,87.6684164147
200.529704897,86.4738552614
199.632338403,85.5305214708
198.880426308,84.2790626406
198.763037096,83.6291749494
198.926924659,83.2011033003
199.076478863,82.7252740264
199.155423757,82.6429312556
199.124188085,82.6652673741
198.843054907,83.0874216392
198.226358005,84.3242769275
197.593740148,84.8374607638
196.979060587,85.1781960096
196.398671445,84.6821255289
196.354510958,83.3779133125
196.652666287,81.5596521487
196.951388065,80.9655542649
197.314655131,81.0349186104
197.625289829,81.6758823167
197.73560256,81.8062714979
197.762929403,81.3990476766
197.779395301,81.5205407601
198.075303772,82.0522021224
198.635809389,81.9002724329
199.06382756,81.3841247357
199.751880137,80.7205292609
200.133935826,80.3572347103
200.70781256,80.3632442873
201.682902574,79.9809894705
202.181515374,79.038973862
202.700450505,78.347077737
203.016749888,77.863216377
203.47911929,77.5603804218
204.418897553,76.491537693
205.225428754,76.0630047496
206.410888678,76.0048469711
207.049652184,76.2133901196
207.546639253,77.7682811411
208.338410781,79.5132505023
208.573219375,79.3199028993
208.992073359,77.8455015175
210.166357138,75.8826109188
211.331190806,75.1555369521
213.167352694,74.9035345022
214.160847935,75.0012645611
214.958331279,75.0777295113
216.164632997,75.1318221618
217.030830717,75.1287008277
218.225785514,74.8267581931
219.084821261,74.2824440172
220.060543464,73.6816054491
221.668842717,72.9265685094
222.764540798,73.0667220354
224.093527386,73.9767460909
224.768575424,74.7857608897
225.330742773,75.4928948473
226.007474804,75.7140653819
226.372503914,75.4835500324
227.123648671,74.7075961096
227.673572801,73.9658406627
228.458606803,73.0653966039
229.991247847,71.6035515429
231.049170969,70.9787447709
233.023745657,70.7781450656
234.6162483,70.8856998971
236.541126698,71.0039666854
239.527782253,71.9493161507
241.653865758,73.1359305772
244.862213807,75.1607849562
247.064369679,77.3325131797
249.230717291,80.2817486208
252.527840909,86.1220785639
254.492554708,90.5910140996
256.357707574,94.2264183203
258.855386384,98.4275214082
260.204003937,100.88029534
261.742114482,106.121921866
262.433964373,110.790042536
262.959525037,113.956563502
264.050102208,117.713889204
264.374864507,119.781749213
264.334933716,123.742324425
263.932230052,126.635814917
263.115302213,129.382501308
261.346940907,132.992578987
259.115594117,134.880403875
255.07189266,137.448891782
252.011009629,139.516009756
248.504775617,141.298016753
243.925939294,143.060835675
241.191604749,144.113506657
237.163138512,145.108307507
234.83081226,146.901865838
232.506675645,148.810547374
228.707201088,151.009180603
226.148701033,152.714644345
223.020943839,155.564610769
221.401502397,157.443837535
220.218284805,158.830423136
219.83996898,159.931796656
220.522925774,160.583816908
222.485115656,161.378061156
223.718841815,161.948200333
224.272390883,162.395113471
224.608219074,162.67529177
224.773521347,162.996153167
224.265856343,163.369087619
223.854145437,163.442796272
223.668498124,163.443435405
223.698707824,163.400161794
224.05810533,163.365087947
224.527906781,163.377149814
224.867743808,163.379965459
224.814225677,163.384971309
224.519227606,163.438845553
224.444592098,163.457875725
224.301622312,163.466397683
224.183470571,163.419319113
224.207507269,163.340652387
224.17667283,163.198013907
224.03793656,163.068645983
223.740753923,162.940296911
222.942694816,162.701159672
222.326597064,162.33364491
222.172989712,161.594782953
221.612816946,160.809272915
220.499133234,159.694646406
218.931210311,158.063940701
218.271340225,157.35967192
217.862241153,156.734252299
217.813288142,156.597499745
217.685067025,156.566642735
217.278863966,156.597637017
216.738368,156.691637522
215.239256115,156.41269199
214.263084186,156.332004181
213.968793518,156.46203083
214.036934988,156.523629425
214.740667588,156.180896311
216.364727453,155.45561983
216.934118406,155.112283001
217.31775958,154.877443823
216.871969261,154.736370843
216.123465141,154.519283861
215.060593564,154.230926526
213.322720488,153.636968475
212.33906619,153.251236809
211.055766839,152.418363707
210.192747106,151.842240248
209.365009658,151.42753267
208.740594187,151.05678626
208.761574438,150.944331684
209.008522646,150.25358141
209.1585301,150.11431875
209.204408376,149.755479905
208.816219716,148.934369157
208.037404999,148.211729813
206.123151494,146.947640059
204.76069605,145.522395498
203.632214744,144.10713427
202.379401571,142.200955473
201.794030942,141.155278367
200.750808091,139.530740313
199.755787489,138.476581051
198.328867601,137.440900504
195.517698519,136.209637881
193.756113714,136.187869175
191.046930684,137.278310551
188.780096808,138.918092017
186.85688029,139.513653666
184.953419666,140.388187595
184.305171233,140.409087383
184.494850782,139.986665784
185.007705972,139.036009153
185.200011187,137.869457505
184.415522664,136.386849947
183.279950115,135.316148861
181.719568105,134.482728289
179.575276804,133.847068158
178.642028697,134.079137633
176.173679837,135.208767476
174.408683861,136.183880574
172.489560511,137.034008766
169.791839049,138.049055489
167.932686927,139.306162845
165.447961216,141.616382765
164.599138951,143.679819253
164.687078448,146.873723209
166.724295495,149.829451133
170.119479109,150.110022462
175.414608548,152.799151349
178.388676776,154.923616759
180.542494345,156.354044567
183.630857645,158.698853667
185.715251932,160.420637011
188.408666847,162.296554637
189.825170492,163.440498709
191.67848781,164.641772144
193.21150033,165.861018678
193.979253944,166.367923387
195.23115601,167.100615159
197.857779043,167.587359997
199.316844214,167.983923624
202.401879501,168.457447736
204.346956118,168.703626778
207.608201932,169.079722103
211.377550179,169.170820132
213.058557362,169.247067272
213.987773517,169.509415622
213.112723477,169.574939976
214.156915626,169.798933489
215.493987359,169.62933878
216.114799624,169.386061491
216.640068807,169.287343681
216.67824595,169.365548222
216.114504251,169.304433077
212.039357133,168.664595072
208.572258509,167.612187978
204.26370648,165.365644376
202.47720299,164.545019594
201.013561839,164.35705468
200.650238984,164.529385183
200.520668429,164.578750207
199.768354351,164.945560909
198.773896024,164.836535358
197.148183157,164.204624828
196.697260777,164.010384211
196.641961121,163.802002831
194.541925526,162.779403855
193.755976271,161.483912473
193.980654776,158.694071081
196.982734041,155.558147499
197.925989713,152.431841824
197.612828466,146.285029079
197.089345342,141.58584096
196.436189885,136.614827575
195.659334371,129.0860709
195.336386153,123.841742048
195.417137531,116.235027682
195.960693829,111.725419343
196.818141059,108.140100983
197.535433871,104.880583282
197.819342955,102.71090878
199.102303144,99.5064787104
200.431075759,98.1554135488
201.945879164,96.8500536759
204.294026457,94.9672025629
205.791361616,93.9613347604
207.043594939,93.0392644557
208.290509684,91.4767484874
209.033665397,90.0390537643
210.136481941,87.779543833
211.32607491,86.5182998835
212.151560043,85.0107132005
213.310061735,82.360481967
212.544529905,80.5801444293
211.558677984,78.8668634033
210.817621427,78.0182416085
210.116013338,76.5037508198
208.61964716,75.1098273809
207.477125012,74.1904509144
206.570105861,71.4599835765
205.51474414,70.0600804146
204.695349053,68.7331059487
203.759123001,66.9828191048
203.112499441,65.2880828904
202.392294406,63.0597690336
202.042371814,61.6539367925
201.871981537,60.0447983101
202.29632591,56.7354970029
202.524622434,54.9963272695
202.940886891,54.3539508886
203.302334449,53.6757043057
203.933624435,53.4102038302
204.408464029,53.176989617
204.711221407,52.3859011595
207.546723854,49.4487156207
209.305060272,46.6626147703
210.453970062,42.1508498437
212.708509412,36.3072396769
215.107003759,32.53457546
218.656876616,26.2301857109
221.578087246,21.9198379365
224.524828584,17.746973796
230.770227019,11.9774313205
235.74543894,9.04018693806
243.733734871,6.57106612771
264.262461203,3.77270825087
283.175034045,2.69307688112
306.634232525,1.95080778059
306.630489159,1.68115909599
292.131964895,1.31103015771
301.973920848,0.803094763861
336.727007942,0.515131261601
292.227347516,0.19385975059
171.877045223,0.424361223903
142.771078048,0.378801630543
96.2305823609,0.666739561123
95.6440661252,0.891270574141
83.3022597976,1.43554965954
76.1983827602,1.8897987974
71.4209012813,2.3339810118
68.9246361152,2.71707666509
67.1962946407,2.84395161189
65.5236734624,3.01065897021
65.0166155941,3.04785156807
65.5472424514,3.08114096257
67.1780756628,2.9266132414
67.4708942278,2.86635955696
68.3784424541,2.71750691571
71.870882547,2.61242225058
72.3107724974,2.6007761437
72.6479389228,2.5185284487
72.8955034236,2.38706942357
74.0709797766,2.42486524457
76.1724412366,2.40354125544
82.1768970743,2.29888772385
84.2605057807,2.296919144
85.3055942246,2.35736951225
86.9548331477,2.43238410841
83.1193909454,2.55299943114
81.9860699736,2.52482043056
81.3326380004,2.45327794833
76.0705909554,2.50151087796
71.4589510767,2.51811482359
67.876273928,2.45001000448
66.2448927438,2.33926054458
67.739893184,2.18556989183
67.2302383816,2.23447542808
65.9091918975,2.42321281194
66.8440847597,2.56761538854
68.5911551022,2.67023948127
67.9700128686,2.73544171968
61.3469299117,2.53239152638
59.9648781153,1.89942850021
127.748114584,1.01611806452
160.670792733,1.3218756082
154.67141386,2.07796062969
138.715024958,2.56759671527
125.824585558,3.24029063859
111.492086205,4.08034696797
104.599072401,4.63838750209
101.761163207,5.03927545673
99.8838859973,5.08300312755
100.963737502,5.31545553132
103.683339884,6.40177655289
102.021407964,7.07024738478
104.624468538,7.42249769703
105.156729681,7.55636921539
103.120975414,7.49726767
102.935851976,7.29673985234
103.591920101,6.96042544328
102.826305716,6.69392932946
102.096378694,6.54421802788
101.87728082,6.40883625981
91.3082717561,5.62546240102
78.3025098776,5.34478336384
69.5798630941,5.09585471872
70.6129205296,3.98484093964
66.2293440357,3.6173376343
58.2210841696,2.73489180969
52.8444007981,2.44868433369
44.0459333235,3.16484486247
45.4412148569,3.38314402612
50.2769863828,4.30154754807
5.70377798149,1.84980250219
0.63817936914,2.13906553748
6.56002391864,2.34069136286
11.4327406351,2.5515591539
20.5206461486,2.636298726
30.1463873747,3.0827671967
32.6480809869,2.91269569262
39.980236304,2.35232660359
66.9351943884,1.98520152546
83.4908705429,2.27614458759
104.609872797,2.38796397455
120.364651996,3.13610044307
123.135843588,3.80674072923
124.438096128,4.00664598012
127.134090228,4.09206048792
129.77682141,4.25257228916
130.574034712,4.16544128862
130.957232706,3.93841308489
132.118288239,3.51771949761
133.625199352,3.3244360145
135.765702749,3.01719812721
138.261337062,2.8301802722
142.934398429,2.80352204084
148.034077247,2.71372296722
151.762277648,2.73861943071
154.425661239,2.76548741504
160.839399474,2.8015399919
167.147918206,2.85287589365
176.643383806,2.90809367097
190.522383589,2.81386610399
211.514809754,2.94791697533
242.676092792,3.78740100295
256.739912074,4.78823285918
272.902194909,7.01279737248
279.696414273,8.65794122984
285.39967352,10.6427127279
291.814050686,14.4681032783
294.85391905,17.2749611181
299.410004486,21.7060729746
302.517419724,24.8682334132
305.611513799,27.8775621195
309.881401977,32.0727820155
312.658869257,34.7703577767
316.747868766,38.5300276569
319.349294127,40.9602066803
321.9058999,43.5727757611
325.340725971,48.2195505528
327.361252788,51.3304409419
330.006894906,55.2608308118
331.677243931,57.5676301863
333.235578064,59.7464204545
335.331166208,62.387016357
336.683706152,63.8313870645
338.077748921,65.2639619921
340.111600743,67.3521580571
341.423965797,68.6027980709
343.216026642,70.352124739
344.224403536,71.0743489734
345.267140297,71.9142522336
345.634273852,72.1758656748
345.782411405,72.0285513311
345.92811384,72.0077239596
346.092959824,72.0793735857
346.359469139,72.3491939142
346.815168797,72.9952595879
347.110578579,73.6624106488
347.744085173,74.4799876997
348.254789807,74.7590123845
348.824028208,75.1302362747
350.156795999,75.9988707995
351.443239075,76.8881903379
353.961634367,79.1465134523
355.57524889,81.0282172473
357.052864547,82.7382631336
358.984597008,85.4256252221
359.908949674,87.3736317687
0.879280918042,90.6597289794
1.40685652474,92.8965616049
1.83024024053,95.3902581983
2.63759311014,99.8428875384
3.26387264035,102.905660572
3.97351705706,107.423294006
4.49157898203,110.4298291
5.26885932925,113.185798996
6.16419568668,117.667587767
6.6769070046,120.434790035
7.14147895174,124.534801171
6.88129211165,127.650628048
6.38331609652,130.566544329
5.63357845103,133.833497874
5.42458831602,135.650172386
5.17133296578,138.185151204
5.23420348083,139.757531799
5.32846485003,141.264292499
5.47530304959,143.034101416
5.61351378818,144.040505822
5.86036502069,144.886437977
6.30804239108,145.814925831
6.49555830398,146.322697342
6.4881368762,147.017049212
6.45402526435,147.14006573
6.42555951616,147.264628005
6.31863252929,147.335858819
6.22468809628,147.266953231
6.07678353747,147.030813817
5.97410978133,146.940158654
5.83147440825,146.884214075
5.4925220528,146.849187852
5.21833582092,146.814912161
4.71670613987,146.700220981
4.55607271287,146.581479546
4.44519326432,146.453017325
4.3054464677,146.14510012
4.17291837781,145.900091559
3.85416652605,145.556813382
3.39345172735,145.381296526
2.94895074445,145.386750925
2.29119851478,145.249906182
1.90750768783,145.193748132
1.63048617373,145.245325987
1.48039487966,145.437068691
1.43533270763,145.662394737
1.62656449363,146.123882146
1.67145222751,146.43335169
1.48989125634,146.910161052
1.19813031071,147.518779555
0.777952215278,148.218439264
359.963020817,148.896799331
359.447822791,149.844835966
358.363775142,151.332334499
357.485620724,152.04831828
356.658679153,152.827942864
355.305484784,154.281768165
354.549120987,155.171829955
354.088813898,155.997078189
353.872782452,157.286245458
353.629301939,158.187469045
352.944046426,159.643775925
352.376810234,160.65514045
351.474499933,161.783851195
349.689093679,163.652065722
348.501509468,164.976819519
346.192989279,167.08838751
344.528646571,168.5008507
342.155884868,169.886898068
339.199509545,171.844412679
336.190011098,172.89644334
329.603722054,174.154022249
324.641412839,175.122358145
319.768505471,176.017621742
307.03156415,177.258983479
287.324445697,178.115973014
232.705209511,178.445187214
201.845207076,178.008274106
185.471303066,177.192354171
176.835178734,175.797884547
174.325181652,175.093536589
172.677510945,174.191961015
171.362554433,173.676857753
171.069203353,173.350000552
170.614371813,172.544789841
169.348594835,171.926709275
167.585627613,170.736669207
167.167824205,169.938238969
167.750011247,169.163214799
169.813319844,167.959797741
171.232223907,167.479348619
172.594862709,166.977143418
173.678355677,166.131944654
173.941511082,165.607848707
173.614944403,164.866304703
173.627518196,164.704256884
174.11797679,164.437071717
175.136571547,164.052487274
175.993285477,163.688686968
176.452612033,163.312860116
176.520565831,162.944830595
176.215078069,162.707487695
175.962190662,162.226858268
176.297197811,161.72219568
176.868047577,161.288974586
177.115690981,161.214832745
177.32799439,161.212820216
177.393226362,161.743932946
177.511770773,162.405890551
178.176771852,163.799526332
179.602403149,165.389295441
181.296269542,167.368732235
184.895168163,171.275580532
193.531409712,174.580712536
305.723515464,177.216652805
336.908759495,172.275644925
344.605615799,166.715290632
349.251489499,157.180473562
351.695940695,150.163007799
352.528246662,138.104291162
352.841663678,129.537780229
352.799079307,120.777524106
352.630161253,106.377391894
351.964349977,98.1488497886
351.942918916,91.6836469753
352.031192655,83.8336347325
352.094635488,79.6737339424
352.010743303,76.6860519954
352.051312504,75.700075635
352.148824393,74.8260993521
352.545454464,75.1317746523
352.888869529,75.0424046853
353.020600735,74.4257827811
353.203016588,74.2334589764
353.426275462,73.8730165374
353.504440061,74.7234921407
353.532243189,75.3332230443
353.659196412,74.1552354227
354.016776952,73.7632839671
354.454451431,73.4679065724
355.330661474,73.1346824527
355.897757268,72.7426739468
356.394160659,71.2237600056
356.405446715,70.2086724299
355.748468014,68.933819275
353.810573179,66.1476348482
352.223039438,63.9364892649
349.744228156,61.1001470086
348.526213034,59.627246773
347.663986374,59.1083922305
347.023604715,59.5828965762
346.542552065,59.84565357
346.030725482,60.336986213
345.822282333,60.9245265755
345.392683791,61.3917946305
344.326309248,61.5048592097
343.449970812,61.6623197336
342.493091524,60.9574578142
341.771414735,60.1051608649
340.855497895,59.358755256
339.862871153,58.5685683534
339.217330465,57.9871139553
338.394548163,57.3312676074
337.172627729,56.1844059688
336.185286528,55.2505859112
334.720322621,53.5647013505
333.3844855,52.7613128681
331.825983622,52.8187647084
329.124822993,53.4313508524
326.999075215,53.5661650265
323.339264099,53.4066770195
320.654811194,52.9606197603
317.541306829,52.398677916
312.594107071,51.3016815015
308.845958084,50.3843401568
302.803971451,48.5878947027
298.771112631,47.6419427955
294.288952552,47.008791474
288.275548038,47.5620980053
284.959732607,47.774937881
280.0194684,46.7061739219
276.204055606,45.8405509606
272.52177565,44.9695780961
268.118587416,44.6624734892
265.092229904,44.5548736512
262.340817631,44.6303526772
257.915095984,45.0028442221
254.775554201,45.166424189
249.482204874,45.788888599
245.778191817,46.6849510103
240.209008161,48.0837691936
236.785517223,48.4612223886
233.721565902,49.0161497292
229.525007885,49.9715923112
227.075836814,50.7130584334
224.722995589,51.0175926632
220.595813664,49.6141449667
217.89220943,47.591506287
214.88737338,44.7942502389
212.802138591,42.7787132774
211.433766599,40.1544511768
209.630567766,35.9904476758
208.088217973,33.5288155371
205.598099803,29.9973502786
203.214381435,28.119101595
200.579998889,27.1072259234
195.825137088,25.0498270567
192.228277262,23.629643222
186.686208837,21.5594754425
182.436926352,20.472223486
177.78042439,19.7244194224
170.614625021,18.8794552637
166.433484182,18.2656882162
160.857569705,18.011346876
157.355908072,17.8896817937
154.246516197,17.6751268869
148.889993949,17.4850025092
144.802326622,17.3062730462
139.461153656,17.2012319711
135.78945404,17.2849568327
133.027477496,17.4227818498
130.686441574,17.9786552323
129.473884008,18.3166085396
128.759935812,18.7657005995
128.638983471,18.957284566
128.114061073,19.1380491471
127.741109287,19.2195191338
127.349621291,19.1800403232
125.634535951,19.2307903246
124.602031109,19.5005282245
124.300253702,19.9132991227
124.517713213,20.4678100397
125.104710328,20.705262264
125.156178183,20.5483724337
124.550844849,19.8746348707
124.435803562,19.605303187
124.048487764,19.4533376231
123.928374266,19.3268595223
124.253079039,19.606976406
125.718788226,20.1962903058
126.712220379,20.5541053921
127.628384843,21.1380770152
127.784699657,21.4937902396
127.804089801,21.9115925765
127.7879431,23.1325337167
127.680081533,24.5158774951
127.039907561,27.9487322113
127.287722374,30.2639304035
126.671061524,31.6965982162
124.378982767,33.1163472241
123.238396402,33.3481826715
122.807176112,32.9736955848
120.946609856,33.2289816226
117.955498288,34.296802424
116.868013101,32.9561016755
117.69682727,33.2463602321
117.776992832,33.4791841876
117.81585873,33.0835630158
117.725734012,33.1327700696
117.520467276,33.8432336928
117.725365249,34.7475465998
118.00715382,37.493537444
118.245474075,40.1093980515
118.745020132,42.8203291622
119.497160163,47.5755733356
119.942167877,50.6833544562
120.350657957,53.6318637221
120.294209503,58.1727490516
119.64170881,61.1556042373
118.203142148,64.972538152
117.114401056,67.1585550185
115.972934318,69.0810150792
114.620475176,73.1932465241
113.933394733,75.8132562423
113.027192019,78.7351408721
112.474067848,80.6083340378
111.585750215,82.4551426812
110.098892811,85.5922206332
109.036926332,87.3810818314
107.545393509,87.9591355598
106.762884184,87.8345961362
106.14263108,87.4325195277
105.123587755,87.0652941583
104.284956128,87.2212693062
102.685383671,88.977043732
101.519079285,90.8113950062
100.380742959,92.4044930162
98.8917755551,95.1191348979
98.095582609,97.0118178863
96.5753313739,100.209122251
95.6882232886,102.78357942
94.5633404966,104.752995143
93.6725054721,107.068361347
93.0983213009,108.458323914
92.365491138,110.258704527
92.0573140348,111.383748564
92.090840486,113.063166367
92.4044506369,114.151300248
92.5401062513,114.665670581
92.6808476201,115.758832445
92.8835783814,117.313407602
93.116993289,118.42368548
93.6089756092,120.541844842
93.8418681998,121.658002529
94.1415390977,122.982479395
94.5189833818,124.444380339
94.7148159896,125.021252027
95.1139346065,126.141536154
95.251136379,126.69357393
95.4872938854,127.239026551
95.9795378314,128.238463276
96.0508893571,128.753541654
95.7611755421,129.549109655
95.185274932,130.025706019
94.5551292958,130.553487147
93.7204017603,130.707522116
93.2053736486,130.391180175
92.0712304572,129.650022027
91.311754397,129.237955077
90.7279677626,129.66221297
90.3049373572,130.10610432
90.3736003145,130.063761246
90.6727045909,129.690063897
91.0593187093,129.516742627
91.2456035828,129.366916405
91.0576825928,129.016731397
90.803925532,128.794335258
90.5993208962,128.455182234
90.4259978343,127.884997654
90.3095319046,127.076457366
90.3107806105,126.255540843
90.5811534078,125.910766074
91.2127845569,125.390169852
91.4039164334,124.965735593
91.4479807054,124.340398705
91.3240086991,123.324766812
91.2236271059,122.882234918
91.1157933727,122.556305082
90.9366039191,121.705754903
90.8062594854,121.068331647
90.9067812521,119.10034827
91.2577386186,117.283312574
91.7266220772,115.882947933
92.6648676501,113.936568291
93.005301066,112.50579182
93.1644686773,110.775857731
92.8056811865,109.840334833
92.1456448474,108.926763651
90.6139013531,107.901760967
89.4670741727,107.250731183
87.4857882342,106.367415468
86.0136007538,105.460009887
84.6897328886,104.567001788
83.5070301878,102.94585516
83.2857325905,101.914225698
83.7877911373,100.310702896
84.7054489977,99.4832297485
86.0174659397,98.4475392165
88.0014242146,96.6025401253
88.9780539182,95.4662586551
90.1762498486,93.953612007
90.9403450997,92.8660043928
91.6137104041,91.8003612747
92.9470761993,90.6031906386
94.0125198638,90.5001885018
95.7374162268,90.5999617516
96.8019126866,90.4570821154
97.6372351367,89.8436918577
98.3894731626,89.4259733268
98.6334720783,89.3452667507
98.602082464,89.385927125
98.1523657924,89.5936568189
97.374245708,89.8497698816
95.9106900733,89.6018867639
94.9207276299,89.3572880033
94.063746369,89.065447828
92.8954141562,88.1113370589
92.3097211692,87.5813598286
91.3656924221,87.5463281172
90.4401224294,88.1552670661
88.8897061381,89.2992383923
85.5899684144,91.7603522167
83.2414978177,94.0020200637
79.9677163449,97.5101452438
78.2773603616,99.9326708412
77.003982309,102.453503533
75.7191454959,105.738027798
75.2904491957,107.567664257
74.8508642846,110.323829121
74.6534628272,112.004559418
74.5200793663,113.56687781
74.3100825112,115.825787433
74.1300438929,117.336148953
73.6950711443,119.691580419
73.3823125955,121.564583872
73.1599767987,123.868917808
72.9982267102,127.77334777
72.8305153866,129.911166733
72.5691155203,132.628445607
72.3830188606,134.007511593
72.3871133556,135.342279822
72.7506125735,136.29166593
73.1795965323,136.84876883
73.9013358211,137.879030792
74.2118846321,138.434780756
74.6365667367,138.928484765
75.5737838641,139.649348672
76.3583210748,140.423798849
77.5465571263,141.544460444
78.8795386049,142.669058375
79.7395600366,143.003187271
81.4659948399,144.205137273
82.5069530104,145.203650492
83.5011208335,146.240767634
84.7983453093,147.623835089
85.3334928729,148.383812834
85.802276654,148.728185229
85.5932769615,148.292682331
85.2717990092,147.650626573
83.8954095817,146.366324511
82.2688635808,145.082939532
78.9526697639,142.851437891
76.8954008624,141.647393722
74.858955806,140.64214649
72.0696852701,139.619244817
70.3256266528,138.850805041
67.6435071108,137.292654052
65.6950146014,135.899233581
63.7087729275,134.47108003
61.3456928569,132.141867164
60.2291843426,130.529906939
58.4902630368,128.163151398
57.2828295978,126.846228128
56.0387296862,125.567842624
54.2394043553,123.707469665
53.1674259152,122.40840911
51.8729482334,120.555058576
51.409723447,119.654149548
51.2487466172,118.626545888
51.0531080902,117.218913369
50.8151256811,116.570635823
50.5033357266,115.896390585
50.3472024545,114.258142682
50.2714958451,113.323771962
50.2268963101,112.48477492
50.1541934961,111.780783393
50.1704450091,110.924831915
51.2380545904,108.940417002
52.6103716958,107.54554516
55.4030372455,105.154841979
57.2671841005,103.641111282
59.2025165962,102.481194385
61.8485113291,101.149419235
62.9728465012,100.360048743
64.370469064,98.8371138828
64.9551893647,96.4191325948
65.4721100654,93.6228064888
66.7549000281,89.9445101608
67.8469383967,88.4936555171
69.7876030095,88.4699633384
71.240721324,88.6697037992
72.778556113,89.0082229232
75.5981417502,88.0573964921
77.739505083,86.5645928697
81.1263048649,84.3082281691
83.1236310657,83.4717944974
84.8244643312,83.2936584877
87.0013315811,83.6841855942
88.2038997857,83.8875159832
89.8073072768,83.9592082433
91.0195825518,83.457382529
92.3013337597,82.7286308711
94.2423673866,82.5006112533
95.4777354838,83.2845756304
96.6598688908,83.8667109927
97.8854698509,83.4425079969
98.3236191005,83.4413693292
98.4267396703,84.4169296597
98.3573119363,85.2733129401
98.2938507665,85.5708412248
98.1716868661,85.3798218422
98.1011919621,85.2838076366
98.2001743678,85.0671376963
98.6230098707,84.772488914
99.0673937536,84.4959741775
99.9191638607,84.8556199381
100.410603383,85.3225305117
100.756980322,85.6204526299
100.787072851,85.8893394592
100.722202883,86.0313713943
100.642128945,86.665436674
100.829461968,86.693893734
101.671820431,86.3804886941
102.362347804,86.1525386353
103.016816322,86.1183736783
103.760794381,86.2031013396
104.217038216,86.0871799371
104.82815038,85.7647574217
105.341504631,85.5946109997
105.86209585,85.4029956946
106.704402976,85.1526431215
107.315897667,84.9865898025
108.445912869,84.6512624765
109.030509824,84.2931463687
109.461906119,83.9064807021
109.459446936,84.002623265
109.210379961,84.7363456377
108.632552002,85.9658743169
107.105032094,87.3647727902
105.669262643,88.3224361499
102.993684105,89.5423700785
101.17944048,90.1368455546
99.6788288492,90.6817497298
97.6406545288,91.5060953637
96.5605970979,92.0822573981
95.2773599949,93.2496319068
94.4885152853,94.2302137062
93.7969026262,95.1601670767
92.7261113592,96.5328782473
91.9626573895,97.2885953874
90.7961957899,98.3875849973
90.1690961617,99.0105617062
89.6863413806,99.5801035894
89.5316694191,100.03028295
89.7685883726,100.28187763
89.8768337594,100.192144474
89.7934431775,100.299692342
89.2448639081,100.589417836
88.3261938152,100.938143189
87.9100933859,101.063057808
87.8089658177,101.046329235
87.8614782338,101.064879132
88.2192455149,100.979149786
89.1795615837,100.472039032
89.7678603146,100.100312811
90.2517901737,99.6550949372
90.7936014565,98.9497543961
91.1701583109,98.4056836522
91.7405831049,97.5096967644
92.1362832882,96.5679841476
92.8685355229,95.2269390483
93.4448900032,94.4189761217
94.0877581977,93.3584197744
95.1821579431,92.0866605382
95.8742785407,91.4073364221
96.5883199358,90.91549518
97.2224306744,90.5916062952
97.485038774,90.2244510723
97.8816905852,89.5101782038
98.1983818103,89.0106116174
98.4439967952,88.4171956274
98.9250466132,87.681396709
99.3699750272,87.3027346508
100.308691857,86.9118797592
101.12747062,86.4977059858
102.050830207,85.8728959507
103.479164477,85.1548369417
104.392170787,84.7395662752
105.606620608,84.1006400727
106.380018965,83.4503315953
107.117499424,82.5991506402
108.220777452,81.6455803725
109.044195586,80.7759464374
110.287988696,79.5160388081
111.05367422,78.9909188062
111.756946326,78.5225009917
112.812842858,77.6573422187
113.37410196,77.2998561232
113.983664532,77.0697682672
114.292445916,77.0597014332
114.574473227,77.1264963886
114.817226076,77.0721601654
115.026670156,76.9839394562
115.446231509,76.7747516183
115.881459784,76.5198633615
116.316412834,76.3304072724
117.082383243,75.9948750971
117.606523374,75.8272710548
118.461993004,75.5862428368
119.0510974,75.3527757049
119.541253386,75.1472845292
120.085291027,75.0097340055
120.20253745,74.9498581366
120.236439889,74.9181923213
119.819919674,74.3929530032
118.639843174,73.3931968984
115.295227286,71.4136685556
112.52003388,70.3712298871
109.884602471,68.8741448087
106.446952989,66.788004439
104.607590251,65.7171535533
102.179257125,64.6580982158
100.707925314,63.767436739
99.262568391,62.7007891551
97.4040428027,61.2722643293
96.716207326,60.4144679598
96.2939408899,60.0692421106
96.2589153525,60.4040401145
96.3261815413,60.552892384
96.2671101564,61.3667126553
96.2118121043,61.3806780604
96.1168489145,61.3632000714
96.3356025379,61.140081213
96.6874246032,60.7581277624
97.5162039578,60.5628038782
97.990688438,60.4079695043
98.5210991734,60.2825154584
98.7483133736,60.353255275
98.7970319405,60.4102836362
98.9331092679,60.6713356931
99.0779697884,60.9134522558
99.035604397,61.6118847422
98.9452810578,61.6597024637
98.8780868417,61.6310094937
98.7337463697,61.9441757393
98.775733511,62.4320125415
99.0263988239,63.048156054
99.561674682,63.9899209889
100.267165811,65.3343469593
102.827512499,69.4019237307
105.335092082,73.2843798425
108.049007476,77.6079261051
111.32731144,83.9497100609
113.24908716,88.9861943605
115.507499984,97.4984371482
116.558162871,102.907404967
117.508217572,106.916156697
118.016818396,110.889989962
118.488323798,113.25151386
118.512844624,115.864019576
118.452476706,117.960077318
118.193466764,120.34171199
117.706377798,123.597659952
117.530045665,125.226374658
117.228611038,127.644761089
117.204777665,128.653580759
116.966066494,129.899694108
116.313259955,131.943413661
115.713595199,133.469349812
115.241913739,136.01880069
115.468957281,137.494732113
115.798616235,138.879624869
116.234128341,140.377682531
116.247101905,141.275067804
116.288261553,142.389422367
116.508623123,142.851444874
116.75850954,143.501893754
117.075447325,144.699952597
117.164566302,145.65680322
117.123093457,146.69506988
116.36197244,147.554847776
115.544600266,148.080177833
113.575423037,147.498358152
112.171967758,147.421258609
110.266053693,146.543346404
107.915186702,144.762843868
107.007066271,142.936141634
106.18764464,141.949086768
106.585160728,141.168274929
107.046568088,139.646832502
107.798427617,136.256313646
107.755428283,134.801260721
107.049914496,132.407521744
107.518444214,130.582879798
108.618031511,129.163351497
111.501254418,126.558720397
112.790613788,124.965552846
114.164471697,122.599365448
115.447778957,118.844480117
117.190196782,114.715146484
117.873820289,107.594957959
119.21735197,103.253358432
119.910700521,98.4403213966
121.373500206,95.4652323156
120.889578738,93.9654070372
121.536661152,94.3273360059
121.563014242,94.7455382485
121.898462091,95.8525593162
122.500298906,95.8568269537
123.521607264,95.088236616
125.5454162,94.3681451678
126.888860393,93.934951632
129.222819905,93.1116912841
131.147466229,92.741765554
133.465682456,92.2633965541
138.449874944,92.6983087169
142.801760592,91.4676824749
147.765224423,90.2038411699
154.850532151,90.321040342
159.036322257,90.4647592209
164.472171173,91.1049688444
167.328889651,92.4814496711
169.933118395,93.7901649645
173.528290316,96.1322751587
175.478394144,98.0954731724
177.943139339,100.111799002
179.009055963,100.967880381
180.040287692,100.839851804
181.276916604,101.283271803
182.162304133,101.730007435
183.617071054,102.084464368
184.915731544,102.456331721
186.184616188,102.801431136
187.972988776,103.563042314
189.162690367,103.864709948
190.154542591,104.489369359
190.680738974,104.574209637
190.844279199,104.796683929
190.998840871,104.701127588
191.267887998,104.509878373
191.011687307,104.181617162
189.574681315,104.198563955
187.022568596,104.329851796
183.263467011,104.371824235
180.949594672,104.521501298
178.345849864,104.249865871
177.132707717,104.185320098
175.88082137,104.343552383
174.457820574,103.725882369
173.838800044,103.362120782
173.308504267,103.197149915
172.977402568,102.951110223
173.077196482,103.091760866
174.580219413,103.156734795
177.091648922,102.927686581
180.601692686,102.562426532
186.977291522,101.412246395
190.154712657,100.578250703
191.197780966,99.9016564688
190.929041612,99.1504191195
190.460933178,98.5010243211
190.093163627,97.7223373236
190.201783298,97.2828322416
190.535148245,96.6766063334
191.035781556,96.3122828761
191.39129802,96.1380586556
191.225326308,96.2764101389
191.15641625,96.3814485382
190.561019205,96.512419842
190.080542388,96.6101587774
190.15790141,96.3995134466
190.429092528,95.644703256
190.973173996,94.958793057
192.12580354,93.4475848345
192.672890896,92.6316261378
193.192329102,91.6485010917
193.734818062,90.241998538
193.918712991,89.0130797213
194.015697624,87.5040146183
193.790845973,86.427112978
193.453511161,85.4521544785
192.482214042,84.2517467587
191.540117401,84.0765588367
189.985630336,83.8101423566
188.693889284,83.6303041948
187.31540185,83.761177802
185.810337134,84.0562620505
185.064851751,83.8340741132
184.22940678,83.4968168958
182.852868411,83.206261366
181.741840456,83.2529922904
179.711373072,83.3985047688
178.643223371,83.6050233139
177.807267266,84.0201366327
176.99890235,84.7612236442
176.766175405,85.4542565082
177.471711947,86.9323994073
179.478078736,88.2477588257
182.614458162,89.9285323802
187.753699659,93.4341362752
191.11409109,96.3114590869
195.615537249,100.930475597
198.250301119,104.049611035
200.830937891,107.483408892
204.641149593,112.030347026
207.203354775,114.639545826
211.302430992,117.992099129
214.232642753,119.270121901
216.847145882,120.288187733
220.605923375,121.443743695
222.992736119,121.875774122
226.055505453,121.86696062
227.88987763,122.316561042
229.772064438,122.712280861
232.953604736,123.489419957
235.341397925,123.80014276
239.380544082,124.369502963
242.016037612,124.517437088
244.578521592,124.4104577
248.436474197,124.270039086
251.037578249,124.140704866
255.33002219,124.05820429
258.370266225,123.889685522
261.685080397,123.568478417
266.669881034,123.690903597
269.672187684,123.913878585
272.249589949,123.841450164
275.231537195,123.275612883
276.476010435,122.420958397
277.384643451,120.897796211
277.267608238,119.646342564
276.523390774,118.238560487
274.695719306,116.021962815
273.174263796,114.462095469
271.444087582,112.400662049
270.668480831,111.06322134
270.210360132,109.885643791
270.570484539,108.638097828
271.802086371,108.421038983
275.355850152,109.256083762
278.885768105,110.532133937
282.585842486,111.94550616
287.321301141,113.712169228
290.069832988,115.297998156
293.400168196,117.149378574
294.932368919,117.907677346
296.072138994,118.67393542
296.742841569,120.089548614
296.74793685,120.841112048
296.392115205,121.885660178
295.942281738,122.497918174
295.512440993,122.981534225
294.989933465,123.431857512
294.845652902,123.493593176
294.741766855,123.231563228
294.522637875,121.929992763
294.593484136,120.850057841
295.272868989,118.99582965
295.85371213,117.552453857
296.493951216,116.036874722
297.186803995,114.518811767
297.723136043,113.380386134
298.424422166,112.625547939
299.061929604,112.781867057
299.756439728,113.751243154
300.869223076,116.432791182
301.361050709,117.768167592
301.85145619,119.242599609
302.159361118,120.109909199
302.389656548,120.838253842
302.722097302,121.949066539
302.847473522,122.914973361
302.83315344,123.840144566
302.817961042,124.460053165
302.701688137,125.013867737
302.340685984,125.100746194
302.089613952,125.158121292
301.595915428,124.89701717
301.323239137,124.216480721
301.124107008,123.926719711
300.745683169,123.614898096
300.676681712,123.687176514
300.502646593,123.820664518
300.488879488,123.924257295
300.476262038,123.895786305
300.153600683,122.762420641
299.652196934,121.825567174
298.636547578,120.032212121
297.919049771,118.668055497
297.141127578,117.612473572
295.601046506,116.283169274
294.251484007,115.227929226
292.660680187,114.044589049
289.577341723,111.307154406
287.363234236,109.04422431
284.094666688,105.800298061
282.260891517,104.101394062
280.73225952,102.608324586
279.045593557,100.557676599
278.062991742,98.9494086942
276.719016733,96.7567444171
275.620639866,95.759194309
274.385469533,95.0756232482
272.458923488,94.1981470557
271.271923707,93.7970944735
269.539630163,93.2752728608
268.430545049,92.8972166461
267.483754361,92.5067665297
266.407428264,91.8864607855
265.830312817,91.404676379
265.028061716,90.8311915712
264.516253617,90.6349812725
264.110454744,90.55765766
263.831142088,90.7468350421
263.687773658,90.8853765366
263.606475819,91.2398785376
263.682541455,91.4330793572
263.769831903,91.4800404649
264.087964976,91.5961136898
264.240393338,91.7097147933
264.600495971,91.8924842556
265.029813314,92.144703099
265.781451873,92.4686664753
268.527002391,93.9667072116
271.142172403,95.8719432894
275.692394764,98.993888618
278.693507617,100.406232
281.368929925,101.190513559
284.754331523,102.472518741
286.481846188,103.04945034
287.70052289,103.38156829
288.588784244,103.79758802
288.645885321,104.425954988
288.270073462,104.554537182
287.584107701,105.27834847
286.957096203,106.240514491
286.164030516,107.426123264
286.070893229,107.636267164
286.207458824,108.164069089
286.354590182,108.527429579
286.648890362,108.709126587
286.891052251,108.377188567
286.9461824,107.910980708
286.691167224,106.771769819
286.209946349,105.822697089
285.439183444,104.775076692
284.070985013,102.401647687
283.110335869,100.888233304
281.578650036,99.2603158559
280.415456078,98.275461722
279.261102396,97.3778372018
277.496485757,95.8876908733
276.368061576,95.2781361929
274.642900871,94.7554583889
273.384896255,94.5701258545
272.250115768,94.2216833106
270.903755799,93.8162944308
270.064007782,93.4718253086
268.881760733,93.4365459469
267.912322686,93.745376467
266.847118408,93.870176701
265.258225345,93.797278981
264.252471139,93.9174808564
263.236584521,94.0863233433
262.147940786,94.1320629635
261.713811565,94.0466141944
261.266857159,94.090938576
260.977812404,94.024635285
260.680124621,94.0398984306
260.189737819,94.0879592244
259.91556626,94.0656518171
259.842890756,94.0915371061
259.830677764,94.1214159116
259.98079476,94.1853675585
260.45350113,94.0591146895
260.650931347,93.9342563987
261.025714907,93.6752482521
261.196623254,93.4749220598
261.477377686,93.2351809117
262.042512227,93.1530241493
262.424127651,93.0442037869
262.985377038,92.8143646387
263.15512873,92.8839301288
263.493853361,92.9945438933
263.590511565,93.0626411867
263.610536028,93.0728315701
263.531927231,93.1289981981
263.424208872,93.1690915517
263.287149653,93.2222795976
263.184172865,93.2788421281
263.149175042,93.2643624628
263.151315132,93.2336065488
263.000995659,93.1217853628
262.805796317,92.9337088359
262.550221664,92.6269683251
262.425422872,92.4042243533
262.479550498,92.0832127642
262.64794917,91.8174958947
262.81631987,91.7353376929
262.933053348,91.6026630393
262.960250754,91.688210324
262.918143753,91.9159062331
262.732333476,92.1525649805
262.628284016,92.1716892607
262.446483843,92.208744218
262.389269113,92.3902602932
262.421317127,92.3282754393
262.577177231,92.2441780701
262.709831106,92.2969015379
262.807400567,92.348664538
262.818112345,92.3466697098
262.758976742,92.2972688777
262.736777701,92.2051272472
262.686310233,91.9843634326
262.523713983,91.6499836997
262.430046566,91.5800590382
262.31167858,91.651804929
262.054521915,92.2824468876
261.961717888,92.5533060285
262.163349404,93.9231726016
262.195380491,94.8140044509
262.164691061,95.1331736931
262.409193559,95.1080190976
262.623604206,95.1430462869
263.253094465,95.1174052351
263.713728461,94.9439053036
264.167890677,94.7777591325
264.590207305,93.7795726321
264.824695878,93.1238585689
265.470417634,92.3235079868
266.152589956,91.57592461
266.786028188,90.5554526996
267.588973932,89.4668010731
268.012653625,89.5396869287
268.406049768,89.8781952667
268.656541948,91.2490516766
268.795219551,92.3156579662
269.059364116,93.8685090758
269.122050119,94.7467684815
269.055854665,95.3264080711
268.862785603,95.943238573
268.821157455,95.9313958413
268.675249845,95.5203998655
268.309549353,94.753325439
267.765966228,94.2716612257
266.465689876,93.8993884536
265.277146824,93.9701738532
