173.760311093,107.322699491
173.277302642,106.979683142
172.997399632,106.656792493
173.082724294,106.632801624
173.092945594,106.640054148
173.043000761,106.778110839
172.995404644,106.805450849
173.045519312,106.475154495
173.175437512,106.14525242
173.892773571,105.105045005
174.388386032,104.552253956
175.179112479,103.808498705
176.121321814,102.800122355
176.833754397,102.153946134
177.972247003,101.205877324
178.531177513,100.700851669
178.851288271,100.17799156
179.249621985,99.4090324884
179.502799221,98.9098679309
179.953968941,98.2812397189
180.198654396,97.8901896134
180.566902822,97.203670823
180.986937076,95.9917428586
181.313507823,95.0314379842
181.633704566,94.0200905397
181.912960054,93.2604156936
182.036624155,92.9167356073
182.502527628,92.378181029
182.9667428,92.4075307582
183.267788858,93.7391394588
183.401440749,94.2441274378
182.831877962,94.9328800123
182.177288202,95.5308512906
182.120897809,95.8874175742
182.323618637,96.2283281454
182.634107249,96.5590587928
182.701545051,96.856604111
182.706323391,96.8477205777
182.592894407,97.1592412821
182.477422379,97.5259765764
182.549076382,98.0578394777
182.61605566,98.515280748
182.496613186,99.0719209565
182.471782702,99.2825008776
182.410248673,99.6382719876
182.323436553,100.382114322
182.052474912,100.742054514
181.39298394,101.129233549
181.134063766,101.194767475
180.829620923,101.148699232
180.408709435,101.113553275
180.338760283,101.025873549
180.283795918,101.025682698
180.229722171,101.056734019
180.159688716,101.238287335
180.097557204,101.435031116
180.131955009,101.339266551
180.228016964,101.306155007
180.304101719,101.353257332
180.336883253,101.750135154
180.073817244,102.427103194
179.64405707,102.926034927
178.931337381,102.792056479
178.460859521,102.635821213
178.237652659,102.373471115
178.354921906,102.219299076
178.860117939,101.849648552
179.539295932,101.627444438
180.500710138,101.507792426
180.997957003,101.528237659
181.763584656,101.514795274
182.131712534,101.670127836
182.37468122,102.171479416
182.441658846,103.366590304
182.467841927,103.812523503
182.569459329,104.579997753
182.399225598,104.980497681
182.103268693,105.160568792
181.474572287,105.122074616
181.025090177,105.082649158
180.625108971,105.01065867
181.064936218,104.890482487
182.10915433,105.18594159
183.657703426,106.214355836
184.424926175,106.809459662
185.036861454,106.983981011
185.344696002,106.77490934
185.943779602,106.099525517
188.025758928,104.501101531
190.177630139,103.114213559
194.173771466,101.233154596
198.09228351,99.4159250191
202.510045926,98.0459508826
208.658286521,96.7248342346
212.158451531,95.9249444075
215.162596886,95.0360288307
219.144029594,93.7402004202
221.206070341,93.0914022295
223.792195333,92.4317063476
225.260154746,92.267228002
227.494415877,92.2843524119
228.963316968,92.5112183479
230.42701891,92.6389081041
232.628736616,92.7564088213
234.485494001,92.4429922629
236.867136405,91.9298161018
241.224946667,91.7532995104
243.941478137,91.8275700091
247.376944797,92.015432598
249.251809556,92.0732764759
250.865874654,92.0549486448
252.841399708,92.1269332897
254.122628904,92.1470196025
256.006799829,92.1763676353
257.577629835,91.7880653154
259.564454624,91.5454483547
262.898039245,91.2775770723
264.704518874,91.1343724009
266.505254213,90.7215875394
267.294592983,90.5187875062
267.870252148,90.3218452676
268.676809232,89.9936735559
269.432736228,89.828587958
270.908720464,89.71937524
272.118910806,89.8909017231
273.547223064,90.1489674666
276.222950571,90.6268758207
278.388574776,90.8908318201
282.532033393,90.9864050645
285.540981237,91.502046639
287.980590689,92.2747237034
290.193358394,93.503817023
290.794101235,94.1532121667
290.984296246,94.8529277582
291.148809037,95.0678082353
291.415255486,95.1492388248
291.825688171,95.3314839653
292.069867702,95.4508928781
292.220619291,95.5581765606
292.398114186,95.5449752042
292.455503825,95.4823941352
292.91573642,95.4397502974
293.489475497,95.5743068586
293.87593222,95.741505821
293.861929271,95.8890017272
293.655595226,96.1022975741
292.39611909,96.8027574827
290.744609421,97.5428682155
288.85007778,97.6691336944
286.030731738,97.732041436
284.195412383,97.890738374
281.410510354,98.5300013395
279.105122388,99.4201493318
276.027556951,100.855638576
269.907246814,103.316446703
265.460370864,104.670459369
258.114650797,106.509721389
253.167996853,107.367178816
248.357211282,107.870737798
242.446431592,108.152990316
238.393238208,108.753793567
233.051325943,109.342576205
229.266724532,109.793940028
225.363967099,110.261285698
219.363755057,110.586983225
215.884736214,110.371071108
211.086005332,109.995158146
207.922817119,109.7462196
204.770455684,109.373327918
200.340100121,107.717887823
197.230763009,106.218620326
192.939569893,104.34128271
190.620294386,103.618678961
189.134341928,103.300637612
187.94601797,103.571917589
187.675494103,104.035669343
187.581129151,104.60631838
187.540544295,105.3653774
187.328670558,105.707584057
186.703473716,105.883933092
186.092481955,105.811936882
185.344686463,105.622119395
184.080364434,105.295369281
183.202453711,105.105040778
181.81079905,105.098319865
180.963012228,105.137836405
180.082692047,105.166507551
178.42127563,105.247840876
176.61384727,105.006653666
171.28930002,103.402470381
163.761963887,99.9384087588
153.907027421,96.2725380857
140.90777678,92.5097185046
133.649460975,91.3051733139
125.469798009,91.2908997704
121.519865587,91.6192381333
118.1889948,92.008974074
114.197546736,92.8101019941
112.099049831,93.1944924881
108.480190603,93.6139808029
105.430978437,93.3931059577
102.271639891,93.1338627078
98.4928741993,92.9862332667
97.0140759203,93.199059422
95.9325873194,93.3616974931
95.6446942462,93.5206196898
95.2721098658,93.4215923258
94.7120265016,91.8416534354
93.6527329094,90.4901462341
92.7758816607,89.3276063496
91.7993542822,89.2643539304
91.6323148106,89.9624207738
91.1905529293,90.939027258
90.6992851968,91.3345409942
90.2758372989,91.4505544143
89.8676838435,91.3034381768
89.8415514682,91.1960044686
89.8125692868,91.0812841207
89.741111274,91.1013300204
89.5524212302,91.2477827738
88.9104861221,91.6888991555
88.3241463878,92.0207454597
87.1134581697,92.7262629385
86.0401383363,93.2655571626
84.9124958913,93.479231043
83.1492666597,93.5063555595
82.050669375,93.2715411508
80.2392841064,93.1264642132
79.1591743702,92.852501068
78.0301544688,92.7869159659
76.0331468933,92.8651371188
73.9989761075,93.1599703549
69.61728853,93.5906194114
66.612896278,94.0527561973
64.5557499476,93.9463711853
62.6813161872,93.999713668
62.0481866291,94.1925556559
61.305049238,94.396926331
60.761560427,94.3747293481
60.1601370991,94.2576603697
58.8136287303,94.6426331134
58.0691197659,94.8021316026
57.3814186725,95.05108914
57.2371357174,95.3437135038
57.0915172195,95.6143222444
56.6948180098,95.8316314245
56.3128434315,95.6292928984
55.9532542358,95.3398664428
55.2694544716,95.0889796674
55.1463904378,94.921588957
55.1795849001,94.6129805575
55.3835430086,94.0165798906
55.875606706,93.6187957879
56.3919974329,93.9790698979
56.518517316,94.506796703
56.7760080906,95.2751192686
57.158800962,95.8051266879
57.8174902407,96.0249373596
59.1852607959,95.7287241363
59.9193257453,95.5877602639
60.7164148432,95.3978007681
61.308089823,95.5425322226
62.1948849679,95.8520412497
63.9713038238,96.7498737238
65.6154424732,97.4526640888
69.2421970037,97.8956832941
73.2312665126,98.0533940232
78.8134036136,98.4050695198
90.1239997595,98.8397643261
98.6588732259,98.9134498703
110.375297322,98.0438881484
116.177656893,96.7245772033
121.047031855,95.6571179265
126.782888869,94.0099732569
130.153936823,93.2672517385
134.982518,92.093333692
138.069217916,91.5551147293
141.022980476,91.1582635135
145.030385328,91.2308860022
147.214298453,91.1525623768
148.940026095,91.2635963962
150.884051356,91.4735376293
151.670505281,91.5294071096
152.557877483,92.0539657206
152.916865652,92.6427384207
153.303655187,93.2272915947
155.408232928,93.3566923507
159.696704306,92.4917191856
168.79758811,89.9611387066
174.668691562,88.7376741347
179.393451484,88.1644482016
183.041747989,88.0876608477
182.650451013,88.5306402781
180.276588803,89.3295662563
178.957672344,89.7113796616
178.448237532,89.9182681409
178.67955571,90.2804575012
179.316058323,90.5640797777
180.979739245,90.7953616936
182.224523994,90.7038802757
183.205197865,90.7917342165
184.346404619,90.9821835596
184.84093214,91.5894493636
184.918005787,92.4330711759
184.462631315,93.1926299012
184.07097749,93.7588257377
183.569351945,93.7387981233
183.301320679,93.5260943156
182.761066473,92.9390590555
182.335885948,92.5460389703
181.92376443,92.5160870099
181.51846531,93.2713000709
181.258557752,93.7612373757
181.138797688,93.9719603671
181.272436897,93.8675822045
181.331763368,93.8231823709
180.878370959,93.6975247325
180.015847461,93.5780806772
178.923789622,93.2722366751
177.099988911,92.7829568283
176.14578926,92.7006149113
174.591574967,93.0714254539
173.742204959,93.5374332001
172.890322957,93.9692510303
171.905003529,94.3112473377
171.408836156,94.3147713413
170.983055762,94.054378043
171.175319021,93.2479540913
171.628820258,92.2837474259
172.170680432,90.5589101252
172.340661657,89.5087173303
172.222766028,88.0938760837
172.237326683,87.4427252375
172.372821766,87.0466159622
172.604807844,86.3599606988
172.892182979,86.2494423923
173.09713791,86.1526248765
173.098342782,86.1203775689
172.927336719,86.1846146282
172.429925389,86.2229408735
171.976134404,86.3843510554
171.640681715,86.2358970585
171.590837435,85.9390652069
171.663093485,85.4030304084
172.267730934,84.4057616186
172.791477332,83.9174642641
173.609774934,83.1450413601
174.250695944,82.6764269272
174.731811453,82.0563549267
175.155647023,81.2054564337
175.268683638,80.657742998
175.262934385,80.1663616557
174.932840368,79.3873368441
174.823518541,78.9983190023
174.864547975,77.5603048112
175.248955367,76.9439060094
175.797104621,76.6130382805
176.712645262,76.3391186979
177.319920198,76.262163254
177.984275348,76.0343306678
178.345694865,75.9439903126
178.765052715,75.9807059299
179.259232568,76.1913659181
179.637329206,76.45778548
180.469776134,77.3391079678
180.791303072,77.9210665007
181.12582399,78.7597634586
181.546018094,79.7631247783
181.858870523,80.4482789944
182.498466592,81.2956150265
183.01133335,81.8372473405
183.487095575,82.2662849491
183.999497598,82.7418955139
184.296053162,83.1268908127
184.839606047,83.6007231381
185.275066117,84.3091413852
185.738564587,84.940864746
186.559484894,85.8921297715
187.049223798,86.4661438191
187.563440221,87.5986859583
187.794456408,88.4900894146
187.939769362,89.2611804934
188.089731742,90.4173151323
188.906684605,91.2587179798
191.133149181,93.3678094064
192.107945475,94.494081257
192.48715568,95.1546902917
191.370955351,95.3395616542
190.153238852,95.2620636496
189.040450069,95.3240786065
188.462092215,94.4970646373
187.883100923,95.4743128182
187.432364763,95.7738343673
187.234685117,96.3430249145
186.883862019,96.6132908956
186.910185095,96.0472072067
186.264588262,96.3134940496
185.774927088,95.3181810996
185.008836424,95.6566845161
184.620530623,95.2342777366
184.299009933,94.8651557679
184.158405849,94.7907196009
184.535090695,94.3722461444
184.344867356,94.4559846264
184.123111801,94.1468732648
183.420648847,93.8582869312
183.064515481,93.7264671222
183.127905562,93.3490455567
183.193217693,93.34965618
183.506405634,92.9444225164
184.114122837,92.2987864289
184.089962283,92.3564747057
183.918134736,91.9846960371
183.658766742,91.6644298937
183.476248016,91.7016845331
183.564207869,91.3312579491
183.875361696,91.2274226852
184.577703429,90.9529859299
185.123512943,90.6549790159
185.406984863,90.9599844752
185.880629835,91.3322282197
186.184059627,91.5157262314
186.617833199,92.0992005652
187.278150168,92.0537605513
187.676008035,92.175963286
188.189031045,92.1001350584
188.522413033,91.929113528
188.714920463,91.6646930857
188.894602271,91.3115864401
188.97736572,91.1581735236
189.175720352,90.9627766588
189.286619897,90.8355815975
189.322223918,90.6769176706
189.328915759,90.5413911953
189.24797711,90.5150889306
189.259983217,90.4179491873
189.305233208,90.3082950724
189.371166175,90.2145123649
189.488424441,90.0487001068
189.514221014,90.0174282487
189.564591573,89.993054748
189.564052803,89.9501162601
189.56586083,89.874717674
189.608909166,89.8426736796
189.712820388,89.6309181197
189.953877062,89.7739235351
190.435645388,89.7647733668
191.198635735,89.9872126557
193.774264062,89.945898608
195.890518089,89.7202211431
199.543155163,89.3369153648
202.391867276,89.1972368722
205.13348472,88.7497606428
208.643848318,88.0489121909
210.766666173,87.8118870098
212.4956117,87.7354811021
214.776497403,87.9364624206
215.934553153,88.0834157873
217.471692609,88.1631465885
218.122917757,88.3209753641
218.805643955,88.3247183642
220.574402502,88.5581726182
221.795560309,88.8940726855
223.538999101,89.4413177243
224.364084129,89.8961251242
224.886561242,90.1332837558
225.497463653,90.662620014
225.882499844,90.9406338752
226.412989063,91.6909669463
226.660990763,92.2009799025
226.88170067,92.4301400092
226.601319795,92.9790292329
226.295834178,92.9569744718
225.806975818,93.3407716226
225.7496903,93.356249537
225.905933508,93.1033391011
225.891014089,93.4333117127
226.068091968,93.1944124561
226.264813871,92.9069842182
226.741504032,92.6486047727
227.569761727,92.5586246828
229.012988263,92.2159020042
229.74466759,91.9317929593
230.126915846,91.5916655071
230.582750118,90.7864211326
230.633804118,90.3787290569
230.600482478,89.7633616031
230.526869305,89.3759618524
230.26739203,88.8866169967
229.687815509,88.6268337457
228.867851996,88.2305667735
227.381262634,87.9286863552
226.346035036,87.7116553082
225.457363713,87.5474414365
223.814168548,87.1756190322
222.310766771,86.9958698175
219.108274278,86.8745399261
216.227324687,86.7098251082
212.701506388,86.2864587453
206.832385809,85.7369202353
203.014973384,85.3644547386
197.836720165,84.989247294
195.028502082,85.2650695723
192.866935901,85.4680157655
190.111743171,86.0248201361
188.745781742,86.4637376942
187.523846436,86.992602253
185.561652757,87.6081332461
184.247052747,87.8048315573
182.373538618,88.1341754002
181.318650972,88.3458355752
179.814963912,88.1790761673
178.943530785,88.254849432
178.4376036,88.4997757112
178.169546651,88.8152491688
178.232058403,89.0106246144
177.966579634,89.1446619982
177.913128037,89.4201651288
177.80088117,89.4641148616
177.410460736,89.5371081634
177.380881859,89.4013671306
177.336919068,89.2896546179
177.294091596,89.2005301079
177.13251802,89.1411470504
176.406214815,89.2281490422
175.949882178,89.2552836257
175.316929915,89.3290222203
173.077187449,89.1814131115
171.099898805,89.1613733399
167.953087227,89.3479317128
165.945691488,89.1997025359
164.208741232,89.5681115488
161.864666711,90.0845312801
160.5372882,90.4835132947
159.11867327,91.0606435639
158.400661129,91.191547522
158.005675384,91.0735905658
157.394550379,91.3898459507
156.937304428,91.6783786518
156.602553271,91.389347599
156.756856121,90.7191181402
157.037767467,90.3547992992
157.54265201,90.4818034794
157.851751272,90.8742862299
157.792935691,91.77795252
157.527390005,92.4822020264
157.248013384,92.995700782
157.071333269,93.303658055
157.029688979,93.5074423802
156.757012957,93.7451376639
156.302865571,93.6216387388
155.635273906,93.5483296341
154.077826816,93.4193959809
153.139820622,92.9584888938
151.950777937,92.3007007413
151.387055035,91.826153969
150.880462567,91.661120386
149.974138844,91.3656084394
149.288733967,90.919110104
147.87511786,90.2470206783
146.251522846,90.0320206121
144.601302425,89.4133379417
142.045362749,88.4227222178
140.70069336,87.679300196
139.565450143,86.8309323516
138.401995546,86.2422831033
138.291875108,86.0490032775
139.026572798,85.9204364946
139.425716643,86.0164839008
139.663280097,86.0938591608
139.261339005,86.2192647007
138.670586031,86.4153810115
137.658935932,86.55227766
137.121872595,86.469829895
136.693899859,86.4944301584
136.647744595,86.999218744
136.967657961,87.4145203618
137.310594823,88.203217872
137.445620557,88.4054601819
137.402220703,88.3578853225
137.059466666,87.9801680669
136.735426377,87.6612349316
136.160810151,87.3840490852
135.931013548,87.3655902102
136.042402922,87.6088862838
136.996016901,88.4762321208
138.001616238,89.014920751
139.07557035,89.702603413
139.504213666,89.9952041439
139.771034916,90.0680088687
139.749150331,89.9401487812
139.737131305,89.8446354566
139.499273812,89.5227488045
139.160754188,89.4064773021
138.994866569,89.2786638463
138.661388789,89.2352083368
138.501894304,89.2617006596
138.217347427,89.2833120482
137.856332272,89.2976954597
137.703577605,89.2205608442
137.514012969,88.8610248121
137.513251268,88.5934127587
137.573652744,88.3877973622
137.686784583,88.239631622
137.829812972,88.2174715923
138.144893661,88.3372453127
138.518426126,88.5318641575
139.037441942,88.6557691615
139.754257715,88.852450333
140.312325001,89.0850258472
141.103352775,89.392026935
141.656495251,89.5954828119
142.157886442,89.8180899375
142.813569758,90.1024242394
143.09405414,90.2437436161
143.286832197,90.4319068636
143.482023292,90.5407642524
143.614560407,90.6255102015
143.881885589,90.7177510849
144.151839927,90.7214578412
144.56128847,90.7022925245
144.872185225,90.6272410649
145.148716805,90.5419761088
145.513075778,90.227954906
145.31657806,89.8675769116
144.574685047,89.3854816553
143.320884483,88.7386091688
142.657011208,88.4179508531
142.112314984,88.2689062916
142.120705613,88.3938731395
142.293745816,88.5712372482
142.664254713,88.7666797979
142.755761271,88.8771097512
142.679649723,88.8436714023
142.381750198,88.7888612679
141.884992693,88.663536123
141.014603931,88.4298470848
140.292467279,88.2422012813
138.87790585,87.8035214867
137.809561562,87.4377451967
136.738418422,86.997661792
135.24625132,86.3083896589
134.429681484,85.920304836
133.653188994,85.5268685065
133.554031956,85.3719742295
133.749843716,85.4721969156
134.332279862,85.7569779189
135.224867965,86.136460319
138.28681753,87.2305809389
142.182137878,88.4809801518
147.567835929,89.9414182695
158.094214578,91.4589983455
166.32707159,92.4187017069
177.444545415,93.860946428
183.494968591,94.789727178
188.742926651,95.6393187318
195.012987157,96.7717738678
198.475862336,97.3365745063
202.960508965,97.9550679331
205.682060474,98.2550745452
208.167356681,98.6457008104
211.388824306,99.1727186359
213.027275256,99.4440913577
215.101783306,100.115807535
216.112476429,100.472308087
217.098600751,100.702577533
218.764285174,101.194598947
219.991788774,101.507177632
221.308407236,101.942135224
223.169683119,102.539000535
224.717285082,102.451586796
228.703881486,101.04913569
233.015214201,100.637287344
237.524104955,100.57057841
243.301705494,100.467279757
246.157899258,100.96749629
248.534225698,101.34924569
249.269123795,101.4884417
249.397605359,101.6328122
249.275041248,101.781386952
249.396354749,102.019659629
249.777376573,102.315851078
250.183366638,102.568310598
250.402953586,102.581974012
250.587978026,101.698095963
250.113182761,100.344529577
249.885167577,99.4279884449
250.18120743,99.2983222647
250.66518676,99.3532763217
251.7731843,99.801675667
252.417905021,100.073329331
252.935064398,100.261921306
253.007261399,100.401963032
252.972668106,100.539825447
252.633966347,100.912405399
252.405161952,100.935979753
252.035989786,101.051015587
251.916215439,101.082491742
251.809857779,101.124360014
251.574981725,101.365745444
251.421859616,101.488859035
251.143706002,101.703603093
250.892897221,101.943955864
250.7777449,102.046998018
250.621355896,102.250189079
250.548142891,102.285868346
250.338844625,102.216110573
248.802160717,101.7443561
246.729554509,101.449245605
244.036528193,100.78638732
243.052104559,100.438486461
242.889043131,100.085281205
243.399562116,99.9623635441
244.009465748,99.8102066441
244.568726825,99.6804223949
244.472880444,99.6978993471
244.470749778,99.6707847469
244.418722896,99.6168436505
244.529741053,99.6237789655
245.249388379,99.5978692973
245.937280336,99.6508537863
246.939069378,99.8445516832
248.722793433,100.623053861
250.327238966,101.167126874
253.182631478,101.87137679
255.146243254,102.198953785
257.063664532,102.618251535
259.79467546,102.771114501
261.373242367,102.951602625
263.607861651,102.75911804
265.010968806,102.634291177
266.493196219,102.531764557
268.876858194,102.222187838
270.446076665,102.033258989
272.557768891,101.992383708
273.776262518,101.981571484
274.743071906,101.817497372
276.026942268,101.652080616
277.137028469,101.484611691
278.457986492,101.437940605
280.473326674,101.690056693
281.399001605,101.862316544
282.393312791,101.879155357
283.022511881,101.928653961
283.544411031,101.787826338
284.141047008,101.726381655
284.401373825,101.723376217
284.60540338,101.80384622
284.602220507,101.895574774
284.573918261,102.043490143
284.339778169,102.39513185
284.163807751,102.500054121
283.86390687,102.686019948
283.576969486,102.760069597
283.295606502,102.766256
282.843866005,102.835500904
282.423188787,102.784375922
281.89196768,102.871967369
281.559777501,102.784160579
281.095681745,102.39933867
278.77946362,100.311391407
276.751009184,98.5289781274
273.83564569,96.1905142737
272.130480642,94.6710994035
270.676248755,93.5444759406
268.763006603,92.3556570009
267.804175064,91.6598850114
266.603441019,90.6796244055
265.983806509,90.2182519205
265.23404635,89.7803403921
264.049721921,88.6244607359
263.228908144,87.7130912122
262.417068142,86.7081637916
261.177288669,85.6673977246
260.409219292,85.1770825375
259.366228794,84.7638596291
258.785325719,84.7606430432
258.164175441,84.6983708429
257.019067697,84.5704966809
256.021610062,84.5834011633
254.347428281,85.0439293603
253.190160905,85.5434095993
252.100338017,86.1748282629
250.239772268,87.0703384044
248.759090052,87.4792299055
246.270430818,87.8701484404
244.805170307,88.3137464626
243.564443582,88.7702842715
241.969426989,89.3477938781
240.962771186,89.4389296063
239.743098828,89.5814780993
239.107793909,89.5709901065
238.641989473,89.5972084524
238.026274519,89.7309987876
237.490260466,89.8397835686
236.289990981,89.8663178014
235.36907615,90.0561062823
234.136327084,89.9350732109
232.097683787,89.7400050353
230.793683999,89.5504589928
228.589717682,89.3839630921
227.137340834,89.5413092111
225.612306049,89.5379046891
223.506104788,89.6425413219
222.005825123,89.7890314979
220.347811336,89.7363124442
216.938342029,89.6511156435
214.227194228,89.6853829208
209.70365071,89.3988191548
206.654625452,89.3860451894
202.318048359,89.1291453968
199.734999611,88.7644743864
197.373033515,88.3831959139
194.214502419,87.7541986246
192.363657152,87.5571674159
190.531847028,87.1768066172
187.967273239,86.7258647022
186.215183968,86.1578812642
183.503897022,84.977923282
181.17993997,84.34365077
178.571674537,83.6453456776
174.213113476,82.7639129955
171.029070769,82.252577436
165.949313891,81.2200461268
162.50817189,80.6197069189
159.281775704,79.7176206847
156.194877466,78.7939321913
152.241917632,77.393298564
149.006148375,76.5324950009
147.046979251,76.00530491
145.075324084,75.6913524706
141.394092366,75.1199447752
138.474580133,74.681948487
133.99361818,73.9519108677
130.988165992,73.4702577286
128.038724577,73.0826201086
124.187547854,72.4324580629
121.923017622,72.2399926918
119.223143145,71.9493123247
117.93625749,71.9065915238
116.997597143,71.9224290521
116.113417177,71.5534793183
115.54552968,71.3730383267
114.966310208,71.3454947261
114.211350909,70.9018722802
113.801921279,70.6037170621
113.157970984,70.1171009969
112.620010756,69.949506724
111.939834867,70.1013117325
111.239598453,70.4458830575
110.897355459,71.0649877462
110.576951451,71.7685954746
110.35105359,72.3636226536
110.231029471,72.9493154754
110.137916137,73.7365527726
110.168287655,74.2707092533
110.280418245,74.8046542006
110.467447259,75.0903854054
110.889251323,75.2008465625
111.840224466,75.3408520231
112.331387843,75.5457084858
112.811272955,76.2554769066
113.524906354,76.5558127208
114.54500765,76.7962926516
116.302435883,77.3545192651
117.524943844,77.9467230244
118.886087153,78.3986522044
121.054635763,79.17296673
122.721550939,79.4763128564
125.150337662,80.0245878754
126.788300881,80.4236321972
129.159381895,80.9959313939
130.634592998,81.5307040348
132.195113632,81.9329666739
135.082644264,82.5461877895
137.623500175,83.0479985649
141.19252474,83.6596579541
148.137071415,84.7769534858
153.133376875,85.5006654116
159.923340637,86.490757269
163.851361799,86.7900427357
167.300394673,87.0850940269
171.493283992,86.9815246671
174.146462073,86.9899683274
177.544386117,87.0404294186
179.941988252,87.0353048026
182.243231438,87.2816449778
185.571262126,87.743412522
187.655224246,88.0939545449
190.278018191,88.5567418615
191.586324487,88.7895970034
192.669880531,88.9242277463
193.721964689,89.1079605003
194.057486485,89.112496619
193.737277665,88.9630955611
193.046527728,88.6115208396
192.301799997,88.348814014
191.226387546,88.0012350653
190.502963226,87.9378595904
189.611059241,87.8366261117
189.04130446,87.8404418676
188.551614094,87.7706248149
187.729850257,87.6504330724
187.044082534,87.4612728606
185.749351652,86.9830623448
184.823083705,86.6091412832
183.880125827,86.2962460245
182.46236872,85.8184625881
181.529798805,85.5798263548
180.192570392,85.5326191993
179.414156352,85.52318108
178.691101215,85.4967723654
177.637365034,85.7299099856
177.127296309,85.5911264598
176.500135811,85.6861221913
175.58524071,86.0631361208
175.124328378,86.2886770302
174.527769244,86.4770396088
174.175700666,86.5424536315
173.697638632,86.6785920852
172.904804782,86.8441812301
172.251967571,87.0217519614
171.281505045,87.3740820836
170.709918591,87.5366335322
170.261992757,87.6767809023
169.774765094,88.0096586557
169.610741947,88.128088964
169.392825683,88.4920102553
169.360475159,88.716718478
169.431565236,88.9272149596
169.512864518,89.182477828
169.550408803,89.3009021706
169.508000207,89.5587466329
169.435021301,89.6011434766
169.322029679,89.5316930082
169.202758329,89.4017338594
169.404950868,89.4127797961
170.139479725,89.1811124068
170.548852352,89.3116358676
170.76579219,89.2390473771
170.982612305,89.1548380529
171.493574696,88.9259465395
172.455650137,88.31400012
172.984168906,87.8633757861
173.364520896,87.3142127177
173.759661163,86.7907178337
173.927445461,86.6694865873
174.076828836,86.4519024487
174.524380935,86.1609863334
174.877823456,85.9492559511
175.423536014,85.6284967096
175.823306514,85.5380116803
176.070596326,85.4740004484
176.129847171,85.44297498
176.036449148,85.4402800755
176.011087924,85.2988341247
176.23979716,85.1713200409
177.13471801,85.4463005612
179.574977937,86.3678805622
182.21889118,87.3786211755
187.357599218,89.0085712788
190.764564668,89.6769225589
193.865506249,90.1442876935
197.095735193,90.5727231654
198.515653155,90.6223278251
199.218847398,90.7530360858
198.968229599,90.7593461374
198.224848233,90.7109351834
196.437706362,90.5926895113
195.35087296,90.3317855128
195.110340717,89.6532377306
195.574388011,89.6331228604
196.073805326,89.5963390895
196.135074716,89.6550903363
195.824498556,89.6899567857
194.190805017,89.5237421918
192.669843597,89.2652516905
191.060761654,89.084901303
188.847521754,89.0024280018
187.761817789,89.0938228526
186.651302887,89.2277078086
186.184193489,89.1976519151
185.75811667,89.1485397218
185.099068622,88.9198120382
184.576147606,88.7690501223
184.05635693,88.5994186866
183.386041171,88.2818795791
183.131659603,88.0067618584
182.588458048,87.9171818024
182.022563865,87.8622991553
181.375503682,87.9875588569
180.291339033,88.2497998816
179.600697642,88.3138843492
178.772003368,88.2239258108
178.4836934,88.0219285151
178.15132269,87.8285703431
177.696300335,87.6769847582
177.497914547,87.5582561247
177.215493692,87.3968296385
177.069773517,87.2411981007
176.912953217,87.0760808426
176.831843273,86.8194822119
176.869880315,86.703125265
176.915794992,86.6081326558
177.046698734,86.4645509149
177.136236651,86.4046526002
177.202078086,86.3345053365
177.252747617,86.2912489944
177.372169568,86.1917357719
177.421363671,86.1585840311
177.495497153,86.108444553
177.559621971,86.1049961719
177.601158868,86.1106683996
177.65380896,86.1191292751
177.680167409,86.1257362188
177.714319299,86.1159181318
177.74463593,86.1133543448
177.750967125,86.1244147063
177.762553924,86.148830451
177.802507354,86.2308172548
177.878661909,86.2992449537
178.084414567,86.3844949077
178.203182912,86.3939864428
178.348122348,86.3943142088
178.535524777,86.3574316428
178.616005995,86.3774255139
178.734970498,86.434168274
178.78363926,86.4613139262
178.815392791,86.5163711294
178.864813588,86.6034177831
178.883486018,86.6457745834
178.954142119,86.6861775834
179.029610328,86.7350125661
179.136343711,86.7866436205
179.376277079,86.869115623
179.567042525,86.926312108
179.909949848,87.0291224101
180.214699273,87.129825622
180.448106855,87.203805315
180.80115013,87.3287088316
180.984344369,87.3909691718
181.290682618,87.5868390037
181.523005001,87.7545988866
181.818081855,87.980536987
181.975139457,88.1607671141
182.020492983,88.2672223283
182.080720047,88.3923386319
182.083305648,88.4304474742
182.061813207,88.4797379842
182.02130448,88.5380352165
182.007801764,88.5691278047
182.007729724,88.5815553704
182.060228919,88.5854011317
182.121986902,88.5819501735
182.155582887,88.6025454796
182.177295243,88.6049639131
182.176512849,88.6003434623
182.134223854,88.5714740307
182.100339802,88.5457731009
182.092931628,88.5173515845
182.094341402,88.5178386897
182.090860075,88.5263722646
182.101457825,88.5421406966
182.115936119,88.5427857019
182.174985143,88.5409176196
182.20630262,88.5360142453
182.234819406,88.5272577566
182.25527402,88.5076973605
182.261557753,88.4961244565
182.263724452,88.4745874808
182.241627783,88.4622625122
182.228547456,88.4465945779
182.191982053,88.4303843638
182.165836106,88.4536963802
182.145589877,88.4928240841
182.135613048,88.5280059874
182.13443859,88.5486045902
182.122028945,88.5954411006
182.110397393,88.6146234952
182.064627137,88.6680894397
182.032372208,88.6886203204
182.015913142,88.6904763438
182.008599822,88.6774668208
182.013330233,88.6696283136
182.011899318,88.6745678603
181.975087638,88.6974804234
181.957858268,88.7138559529
181.941729568,88.7327986429
181.927364172,88.7430676476
181.905948909,88.7528024929
181.85535715,88.7696425511
181.818456709,88.779498709
181.755449376,88.7997693962
181.716219513,88.8047792922
181.673275252,88.8130826305
181.592131805,88.8109157433
181.518345134,88.8308934639
181.42787296,88.8680684801
181.390851588,88.9658570724
181.340469452,89.0845212859
181.298181874,89.3074689488
181.297931823,89.433771022
181.316344055,89.5979492277
181.409082029,89.7067041076
181.521226479,89.8470389575
182.007409007,90.2483335092
182.89073125,90.7992034856
185.500937993,92.8167966185
187.675399219,94.8083390039
190.041412122,97.1953366876
193.509545026,101.013887683
195.732766544,103.301095999
199.007576749,106.649500409
201.28446593,109.178308432
203.451056958,111.964946809
206.288686281,116.031422644
207.528597769,118.387077547
208.533448638,120.83637511
208.51762378,122.090570613
208.193018826,122.839183721
207.149273248,123.555325463
206.626670491,123.584639732
206.083815906,123.625058955
205.736571127,123.849969594
205.552590841,124.086416879
205.360206826,124.491806753
205.096049884,124.640054137
204.672771303,124.787359164
203.839163949,124.890353964
203.178490988,124.859617729
202.279976252,124.60372334
201.771884465,124.353909303
201.283648311,124.137249448
200.653459091,123.90584075
200.281736985,123.874887782
199.840969914,124.046916031
199.599784884,124.314878822
199.363817619,124.538094407
198.861116471,124.846760913
198.278422416,124.824698698
196.866488404,124.510973331
196.045218059,123.952291608
195.014171607,123.326980802
193.621838755,122.325462016
192.842633562,121.773814998
191.295038565,121.36609603
190.313816528,121.238322708
189.480087774,121.314872074
187.618491548,121.896608017
186.351542733,122.281268332
183.738558865,122.6461922
182.084928607,122.393287346
180.356788395,122.074679936
177.874044438,121.213226569
176.329919149,120.677670054
174.753097291,120.045706636
173.554821386,119.954338754
172.377906008,119.975911561
170.767104043,119.922845476
169.764825101,120.08228126
168.517016205,120.124578116
165.958306528,120.103764654
163.894910597,119.737250304
160.405186381,118.67971267
158.273105253,117.708271587
155.953699906,116.700655798
153.10963636,115.244748712
151.143819879,114.40175895
148.230492017,113.228450652
146.197095298,112.39922718
144.266844009,111.521107553
141.587449984,110.382471223
140.157953592,109.75862223
138.229429539,108.806617428
137.449363532,108.111508542
136.501745044,107.591210218
135.070284832,106.691651499
134.074598594,106.359776732
132.574409053,106.117833265
131.53087212,106.102745678
130.493117274,106.104940492
129.161651327,106.276570903
128.324567739,106.490869871
127.106500581,106.904357031
126.615031169,107.261743785
126.190103513,107.611140746
125.759033675,108.062227645
125.556011301,108.323253732
125.643856078,108.375895298
125.766125775,108.028753191
125.804678421,106.60695745
125.79657897,102.872733192
125.286424074,100.175444098
124.275703949,97.3590301071
121.579657553,93.1321017945
119.528414369,90.3786698874
116.567713339,86.5502952571
114.595616147,84.5513018387
113.156831405,83.1283486368
110.904074698,82.2183210819
109.63822235,81.8436239423
108.601006337,81.0815596297
108.536586166,80.308088906
108.632312986,79.4764763753
108.167044577,78.5110282892
107.445306552,78.438183756
106.453056872,78.8849303175
106.097681863,79.5233288532
105.947454238,79.8427798225
106.269806538,80.0046011422
106.23689341,80.3728651209
106.002116016,80.9688827516
105.71618025,81.2708604826
105.75548696,81.4166312212
106.326086854,81.5112151833
106.88426921,81.3538818
107.875103817,81.2964715968
108.433773111,81.3357787719
109.08656,81.4576726107
110.392371349,81.7261990104
111.561804344,81.8680863602
113.696597615,82.3366215445
115.199568786,82.8344119356
116.735272653,83.6738124191
119.469702054,84.7928904219
121.281788581,85.4739403829
123.945633988,86.6846025616
125.518772414,87.1989984709
126.847817781,87.7821585216
128.390395099,88.6193296467
129.381536544,89.184480567
130.485336827,89.8283843347
132.833885525,90.8607403308
135.252379995,91.3878340842
140.258654054,91.95944192
143.896381524,92.4032200018
147.621121553,92.9744289209
152.76361279,93.8567857079
155.968780649,94.249964665
160.078676984,94.50428549
162.551221486,94.560572656
164.769185056,94.6028810704
167.957595551,94.6704026099
170.052373048,94.6894970489
173.847542029,94.1427149458
176.762589961,93.6875298095
179.937768923,93.3205100444
184.323345139,93.1236479075
186.809106397,93.1498388119
189.24775729,93.3913742789
190.259685845,93.3915079649
190.931399957,93.4527685316
191.477782886,93.3829187109
191.711770066,93.2496713521
191.85095871,93.1585017303
192.055863265,93.0929871612
192.022228522,93.1448879422
191.20852358,93.3978136084
190.265816678,93.4318667125
188.827317497,93.2110143131
187.985898583,93.0388701559
187.442958858,92.8468407239
187.128307268,92.7435255005
187.277120989,92.7448777313
187.443255344,92.5996623693
187.874263413,92.3560062326
188.2688623,91.9936805546
188.446362932,91.4254315905
188.486847561,91.0036595358
188.384493518,90.7077272495
188.23119397,90.6627189189
188.02444039,90.7613949567
187.743079369,91.1803919787
187.646091299,91.3944984328
187.589892174,91.4692815817
187.518237016,91.4951091203
187.506521757,91.4719695594
187.533140235,91.3945544919
187.574478488,91.388133864
187.633916711,91.4620686901
187.825783016,91.6409345322
188.048466329,91.7693489791
188.330508436,91.8779623665
188.492602665,91.8829629173
188.661301549,91.853761575
188.776936626,91.7825457461
188.820933628,91.7509477045
188.80380014,91.8528905119
188.798835134,91.9462198778
188.805071854,92.0232786611
188.863116682,92.1056768821
188.912323822,92.1161590685
189.031202688,92.0695037639
189.159403362,91.9958998357
189.248815305,91.968877696
189.38100278,91.959976619
189.444971294,91.9884305317
189.472574754,92.0384891307
189.452850358,92.1258635209
189.403810448,92.1627639503
189.334751909,92.1912953716
189.306108083,92.1985517742
189.283320755,92.2199077641
189.261008512,92.2782104307
189.271258739,92.3182464956
189.312609005,92.3562284815
189.363643175,92.394356933
189.381314731,92.4273087164
189.399335535,92.4908919219
189.391781385,92.5482189199
189.33265847,92.6323665454
189.290009175,92.6797990333
189.24322408,92.717031981
189.156917928,92.7697891618
189.107926372,92.7965020864
189.081019236,92.7960524701
189.08168008,92.8129602683
189.104677612,92.8528318378
189.172161442,92.9296498015
189.22270325,92.9670412643
189.285691813,93.0467129914
189.303156713,93.0746529854
189.309083724,93.0896049804
189.312577596,93.0677662355
189.320168806,93.0483008353
189.374185019,93.0334899449
189.403004263,93.0378817162
189.396626717,93.071176336
189.354377724,93.1448116866
189.331858949,93.2251272099
189.330642357,93.3035381827
189.358401608,93.3774052225
189.38444409,93.4051197942
189.418388736,93.4266693488
189.434163202,93.4339929288
189.433752197,93.4439095104
189.44199863,93.4466733326
189.431276509,93.4585854953
189.409697659,93.4872577706
189.386537266,93.5208957466
189.365559728,93.5757332711
189.346572624,93.7023807158
189.294838058,93.9166291716
189.070404837,94.4387328879
188.899131457,94.7207823559
188.802843538,94.938725633
188.713925992,95.0499429984
188.679740732,95.1250665992
188.673297776,95.2257823916
188.647716988,95.2815195648
188.634626061,95.3155300205
188.595695694,95.3434795707
188.561827627,95.3633794089
188.46262387,95.4262254019
188.340566048,95.5058560022
188.183070354,95.6080597656
187.906949227,95.8478606617
187.774816965,95.9734311645
187.620580523,96.1667321637
187.556727755,96.2312410207
187.502580352,96.289701719
187.440903146,96.3486620704
187.436713506,96.3669054611
187.446597084,96.4310220179
187.487481007,96.4588392923
187.54535259,96.4822627432
187.608967268,96.4957566281
187.598843302,96.5321294711
187.56429071,96.5875930807
187.512059203,96.6530978649
187.487934293,96.6822834768
187.497369927,96.7004506761
187.524489083,96.6990979326
187.570738562,96.688488845
187.645121923,96.6693753455
187.661267762,96.6913474177
187.667257022,96.8004880464
187.658369011,96.8608087979
187.66998278,96.9198700926
187.685806831,96.9681486725
187.695350967,96.9878150855
187.685058054,96.9901696668
187.679954976,96.983942629
187.689133414,96.9806180537
187.712867785,96.9896124284
187.707814862,97.0297739738
187.609395247,97.1161553561
187.546015927,97.1626906341
187.505502933,97.1897069058
187.483312232,97.2118252836
187.487414547,97.2078371281
187.481878767,97.1570828968
187.42009487,97.1199369783
187.370321784,97.112325089
187.276036903,97.1611525941
187.239900026,97.2304169876
187.213944979,97.3346806528
187.194807498,97.3818493317
187.177458984,97.418637532
187.14099386,97.4602554982
187.124992987,97.4748479016
187.111709941,97.5081416183
187.102023775,97.5300395347
187.073313941,97.5528672584
186.887353074,97.6322966057
186.654158328,97.729975943
186.442746406,97.7412308261
186.23126661,97.7904188989
186.199557538,97.7775762
186.070544861,97.7635519573
185.986286507,97.7550481677
185.914497221,97.7627553355
185.830477666,97.7817570829
185.766826674,97.8048285212
185.74519024,97.7953047362
185.724921508,97.7678143731
185.67306267,97.7351039481
185.60252601,97.6632054541
185.553222188,97.5887093217
185.523366578,97.4816068385
185.526194272,97.391693918
185.531946001,97.3060131307
185.513449962,97.1079227867
185.474349556,96.939335308
185.434689389,96.0968368318
185.362584468,94.8188413899
185.345321993,93.6676334159
185.419399728,92.3508790816
185.517675478,91.6735717031
185.702929604,91.2174174261
185.829999646,91.1796878178
185.938524994,91.2239570207
186.101002375,91.2318925476
186.216409112,91.2273054648
186.302460945,91.2395816734
186.358930171,91.224853321
186.429765569,90.9373926261
186.419523788,90.378389954
186.529113323,90.1646214885
186.805873273,89.9663135731
187.811791954,90.0075118234
189.122615221,90.3248858301
191.697657219,91.0967110172
193.77548692,91.6143425933
196.036614532,92.0607275851
199.594882779,92.4793800924
201.966016746,92.6397533824
205.265579432,93.1117936987
207.161161573,93.467480633
208.843802237,93.8999132765
211.179103379,94.6890532755
212.762817959,95.2458734063
215.114068964,96.1529165444
216.676472618,96.6402647333
218.231039919,97.1955670073
220.480757289,97.9746470498
221.858419443,98.5533123306
223.655534552,99.4856733537
224.561862539,99.9979065824
225.206631834,100.377399206
226.248585183,100.964788277
227.151929628,101.403316254
228.85702623,102.093448611
230.24313689,102.628007971
231.683965433,103.281448349
233.718314293,104.088221004
234.502741966,104.416886851
234.580853334,104.856477032
234.367450456,105.028958319
234.189768859,105.105739809
233.814189387,104.49847218
233.671248203,103.901157466
233.703223248,103.944597973
233.906676732,104.390636313
234.310848744,104.674878264
235.246927408,105.402241531
236.217728582,105.770312148
237.700566974,106.23214438
241.668046977,105.907539446
245.524641395,104.912672495
252.341134492,103.959487355
257.02483814,103.048820045
261.297174212,102.180717835
266.426925188,101.946377309
269.193406363,102.003080359
272.311430899,102.022829497
273.740645195,102.316836444
274.776144043,102.664226596
276.281426288,103.373458922
277.185578145,103.791412525
278.521077698,104.456642077
279.438824516,104.838727091
280.381936989,105.063987949
281.641087601,105.267862556
282.399420997,105.689751115
283.404699634,106.162105584
284.173102247,106.520682708
285.032887505,106.900848935
286.369541949,107.260078613
287.104847159,107.45623879
