177.376371467,87.5786391828
177.129952985,87.267531251
177.118271626,87.1453426784
177.210519501,87.011453941
177.575440404,87.0778826368
177.783966336,87.0464358222
178.018833219,87.0925072933
178.052092024,87.127405432
178.013463167,87.140089035
177.683711219,87.2720277976
177.430404307,87.2938537381
177.040041369,87.3444930346
176.781072223,87.3928438952
176.51267876,87.3601771064
176.067374317,87.3962843505
175.643287229,87.4490412157
175.003171548,87.6535092861
174.299455427,87.8140273367
173.4515598,87.9623294313
171.636712068,88.0772704636
170.129952965,88.0327074117
167.387942074,87.9308065462
165.183606922,87.7957088607
162.719401243,87.5610518718
158.542626914,87.2610315787
155.66303545,87.0208573961
151.41264485,86.6886502032
148.947757815,86.488116598
146.910806484,86.2949702892
144.743950799,85.9681832193
143.849765186,85.6760833004
142.965467147,85.4388775643
142.586224462,85.4094548614
142.482975467,85.4061118862
142.643664686,85.7592057894
143.091730679,86.1219875979
143.475054569,86.6410195882
143.957193931,87.733022165
144.155366911,88.3293677981
144.147377354,89.2152761454
143.753026173,89.8250453236
143.227024528,90.2093228039
142.301731284,90.1874189543
141.682628574,89.9499773175
140.739987331,89.4554638523
140.12776793,89.0857163722
139.568295281,88.9420682573
139.086447036,88.6931605275
138.922134972,88.6009151464
138.440016836,88.550306898
138.262082278,88.4545123032
138.192843866,88.4108206666
138.046045316,88.489963755
138.082499991,88.5852391424
138.085896594,88.9064682055
138.043355261,89.0460750977
138.029392171,89.129053972
138.020647659,89.2244510586
138.044492011,89.330889468
138.048773524,89.3885483468
137.929073478,89.4116873354
137.739967419,89.3966685547
137.021971839,89.5742951336
136.416009538,89.8150794528
135.309092251,90.2326883228
134.642809642,90.4238663089
133.784641443,90.5305021894
132.417597366,90.7542527348
131.661962834,91.0422354832
130.87758906,91.3794154239
129.903982063,91.9776750649
129.245497654,92.2521213655
128.442599846,92.5901365273
128.021215301,92.9001300632
127.602413571,93.4069131617
127.356144461,93.6673812908
126.948050508,93.8050796131
126.055539052,93.8928436096
125.444064596,93.8596240705
124.78581764,93.7061618221
124.147002899,93.3168186529
123.91555112,92.9932426556
123.977841954,92.761014733
124.067416301,92.5376410683
124.19835289,92.3376156565
124.611887863,92.012222189
124.955298346,91.8325095328
125.656710389,91.4539261553
126.140565533,91.2536013931
126.689013107,91.0402102701
127.503637964,90.8149783786
127.992908857,90.8021080066
128.739076987,90.9158032369
129.167775866,91.0439614493
129.591555685,91.2195306702
130.216127164,91.5555991539
130.618552986,91.7805845522
131.326494363,92.0583645588
131.956778867,92.3255970495
132.649146453,92.6435236514
133.944595624,93.2415182519
135.063471539,93.8160184933
137.115194072,94.825492243
138.665111017,95.7395891392
140.321401957,96.6159616535
143.037516449,97.7567824758
145.157451507,98.3876675636
149.783359307,99.296009
153.106861488,99.9368838359
156.353428106,100.527931262
160.599428927,101.180227061
163.045066995,101.41997548
165.176806042,101.465267061
167.954115202,100.857463233
169.369055651,100.365058375
171.734281048,99.8684131131
173.38484689,99.8903377654
175.285700875,100.011309764
178.200480315,100.266406908
180.565990501,100.213860401
184.053774776,100.010413689
186.154761729,99.6627620941
188.095904288,99.4107910764
191.183086059,98.7522287932
193.362797868,98.1910921516
195.540041327,97.2979891499
195.991855688,96.877938979
195.90598241,96.2566256183
195.080663293,95.5426256194
194.692067748,94.9129765375
194.67254588,94.2388598574
195.041515338,93.6427481661
195.3770758,93.1549837507
196.267157351,91.9640236537
196.619470696,91.3863366086
197.038582967,90.0300382282
197.109448191,89.3952432475
196.814630288,88.7389670149
196.130827095,87.437140744
195.52495896,86.6801309242
194.856498184,85.9737478261
194.530631751,85.3874464468
194.262183405,84.6658441174
193.726582113,83.7086322172
193.280885253,83.3101318023
192.717415099,83.0583082662
192.019354361,83.2001293964
191.525157369,83.2323715301
190.794308897,83.4516848938
190.313728844,83.8003677904
189.761002595,83.9479300286
188.955078355,84.2389694657
188.394514667,84.3911138641
187.652807725,84.5233704194
187.00081516,84.5107980105
186.066213425,84.6282630879
184.911400067,84.7710071848
184.042012255,84.8908908944
182.533402939,85.1422727408
181.403544689,85.447550343
180.131523989,85.8641848641
177.942546816,86.3569400876
176.28474743,86.8778788703
171.45535028,87.7455029475
166.886223559,88.2581034194
161.69889553,88.3367126237
154.253634983,88.8400792476
149.950633576,88.7880711898
144.549219899,88.4179945417
141.472070652,88.6266278687
138.619881587,88.8603625448
134.615234248,89.2646343086
131.907256436,89.7482272335
127.444839141,89.7443263428
124.446940037,89.3133585514
121.573698028,89.1170116689
117.457675883,89.1362223097
114.919258586,89.2721862685
110.618999102,89.5578012567
107.510843851,89.6083805269
104.426143017,89.4826615575
99.8932607689,88.8964513258
97.2400717235,88.6859744328
94.9779346783,88.333558302
91.6732381647,88.2601493044
89.7117835486,88.4855843211
87.0595920273,88.5348298557
85.4101180643,88.8192560169
83.8155612242,88.8695259254
81.8070836983,89.0134963229
80.3900364419,88.3469383101
78.8148188577,88.4477675306
77.5513583912,88.6151337216
75.8536000292,88.7926271669
72.9483215832,88.7248496497
70.7927243051,88.359621313
66.9995892307,87.8308606787
64.3184982855,87.1451229664
61.4919101845,86.4628479688
56.4902658523,85.7745322365
52.8067986408,85.1806770285
47.0329226042,84.4686723259
43.3453519922,84.122590489
39.5252395038,83.9433203925
34.8720554861,83.7948122978
32.6407026908,83.8281490259
29.9517212665,84.1122987246
28.4699803531,84.2606067551
26.9472411754,84.3773451011
24.2471346376,84.3121088326
22.2553967812,84.2361529907
19.2994384936,84.3289278335
17.2326038171,84.4654946577
15.456077896,84.2591645449
12.3547554534,84.0061260065
10.1120933307,83.6648902198
6.96075946192,83.8148390863
2.27069329437,83.2331563058
359.669850427,83.2364499535
357.438762514,83.3136178045
357.272235432,83.7815010445
357.81845547,84.3705059191
359.468011214,84.9268380159
0.564401586608,85.4524362704
1.65050587715,85.8026947101
2.30269719847,85.5823692362
3.07375414516,85.4583322954
4.83014064157,85.368655024
6.51246097605,85.391438004
9.27918747221,85.4043796081
11.2759272599,85.2147677462
13.3220070766,84.9806416366
16.6515312041,84.7875733181
19.287094692,84.5030921604
23.2782301675,85.2960052135
25.9863798628,85.5625378421
28.6936356362,85.976291573
32.0295590847,86.8724248899
34.4156788046,87.2325097733
38.7619745734,87.3952551258
41.7562686282,87.5207282408
45.1646069777,87.6899147572
50.4626170405,88.2144283116
53.9614438046,88.5794086352
57.680419601,88.5998374465
62.7299878678,88.8583419044
66.0722754708,89.56026043
70.8519102712,90.2855632213
73.98224461,90.8032494277
78.5153463207,91.4017392661
81.9327618537,91.7010645727
85.8942281708,92.0491902865
91.816605496,93.1731100685
95.8396208399,93.9995208863
99.8784340655,94.7035876719
105.88380473,95.8488415325
109.866517348,96.6578904619
115.759751258,97.8628553362
119.897641364,98.5867761288
123.930652254,99.3466083591
130.44098573,100.137407437
134.825110051,100.598508128
141.5590675,100.94774205
146.112853138,101.13583774
150.644531232,101.56796291
157.369217706,102.173269364
161.767262119,102.666735258
167.608457252,103.460578315
171.168102233,103.625636734
174.421830712,103.686422681
178.882289437,103.328152438
181.527653675,102.930328977
185.096067983,102.352984576
187.357592763,102.149349901
189.530371213,101.849048619
192.612492448,101.529721728
194.382489006,101.328013941
196.681301331,100.925161649
197.859647748,100.819662011
198.548897496,100.805267612
199.337297308,100.541764111
199.464456762,100.546173042
199.576474905,100.307181523
199.431313804,100.396697947
199.269059817,100.411759517
198.9598481,100.257743597
198.733608298,100.128942574
198.59570831,99.8432361573
198.496435421,99.6614926307
198.642843166,99.6704672129
199.288631588,99.7674681335
200.07321603,100.040777854
200.952243634,100.418498219
202.969065148,100.965972428
204.654498537,101.36702031
207.318256085,101.908620634
209.318330991,102.108008347
211.299986462,102.204833742
213.890184078,102.115334743
215.338086553,101.893067574
217.342708216,101.511361577
218.650787439,101.348299132
220.616094037,101.396609576
222.001434085,101.601846921
223.445456282,101.747225199
225.782244825,101.759433845
227.665293811,101.682224487
230.203943272,101.785037481
235.274549767,101.988971596
238.90929856,102.183049554
243.956202383,102.331111229
247.171102173,102.097520687
250.137520058,101.759531964
254.028595513,101.138542191
256.376569817,100.708544979
259.701110319,100.188317677
261.866203802,99.9489157095
264.021829575,99.7366706502
267.158942648,99.4319718899
269.000492887,99.1602539032
270.831058764,98.892950284
273.483456767,98.5758997904
275.305384441,98.4418970966
277.701914684,98.5882000097
279.269561945,98.6719086714
280.659388655,98.7252276662
282.440875669,98.7918183186
283.540637468,98.6721936297
284.843519528,98.5555514453
285.638755584,98.4443110024
286.361521391,98.384037545
287.258135152,98.3011795634
287.781886101,98.2615664964
288.343681358,98.1753544475
288.786575037,97.9922068126
289.098933078,97.819090533
289.508805427,97.6326663984
289.740597125,97.6286931024
290.09654666,97.6798713937
290.662743273,97.7839983255
291.222254826,98.0143315348
291.89540982,98.4870244033
292.135404,98.7666492945
291.993309625,98.9188009841
291.795827451,98.9814614693
291.264479043,98.9545586882
290.102678673,98.7831170359
289.387348887,98.6964553164
288.664842517,98.6151608837
288.298931008,98.4900067172
288.014222765,98.4597607979
287.838116459,98.2913535738
287.878318067,98.0152581202
288.038339733,97.7415244431
288.31871391,97.3455296684
288.600229152,96.9872156706
288.939651002,96.3076136526
289.023875124,95.6898209571
289.323281827,94.9363117792
289.681671425,94.0794722894
289.6788885,93.5591358901
289.668365401,93.0441012875
289.388247156,92.7744757208
288.948821811,92.6685918251
287.986317939,92.6011707622
287.30396312,92.4129180477
286.639696724,92.241047923
286.206747047,92.0037989534
285.612017678,91.8512709948
284.947853178,91.6682113983
284.603405457,91.7386077802
284.47483738,92.0313057963
284.316323025,92.0836631239
284.265467784,92.3636033478
283.78248576,92.1701375507
283.579506285,92.1545871883
283.871353632,92.2808044376
284.117690823,92.312620088
284.430373323,92.257326977
285.599602263,91.958520393
287.178247431,92.0076831509
290.358023675,91.9906140617
292.772612788,91.8477555972
295.454061745,91.6059590669
299.551940028,91.442771178
302.23049525,91.4664658884
305.82042874,91.3853428389
307.845837776,91.41469489
309.691237545,91.4815122309
312.19663905,91.6196838937
313.461734987,91.6083682456
314.321508918,91.5396034926
314.477273604,90.9958185032
313.907283986,90.0398189084
312.887984473,88.5854951149
312.57860009,87.6768225137
312.721967658,86.8764678443
313.964013954,84.9067219821
315.813346153,83.1929449544
319.003223684,81.1093755031
321.014640397,80.026536386
322.338604803,79.2162499224
323.893366525,78.6858487069
324.565691165,78.905884087
324.856557517,79.4294469745
324.693918771,79.9283370371
324.373400508,80.2358902569
323.741137352,80.2536401596
323.218799862,80.2242493945
322.351093172,80.0837909789
321.652551486,80.0662553578
320.869468131,80.1081268243
319.296951956,80.176117955
317.801200191,80.2938159246
314.997204554,80.6335491689
312.881166881,81.0529875949
310.540255641,81.5271717096
306.689954698,82.6807585398
304.034923297,83.4616028226
300.391674646,84.6528270377
298.28213852,85.31448831
296.836262298,85.7658391398
295.57326625,86.4829167299
295.415255841,86.7652567559
295.709048695,87.2752680658
296.010327406,87.5229285199
296.338049881,87.7031913143
296.997904899,88.0501850294
297.481046991,88.2072553021
298.123712005,88.3331674344
299.325212572,88.3783917613
300.313537199,88.301230526
301.74238837,88.07549213
302.626836923,88.0039160323
303.35415327,88.0550361427
304.29684718,88.239341181
304.738836594,88.3450326801
305.577134331,88.4691823294
306.110925568,88.4973657076
306.650336512,88.5683571533
307.421265109,88.528498791
307.93759356,88.5899352708
308.663145325,88.6421288937
309.030960218,88.6917558651
309.289962124,88.7397927278
309.582515861,88.7822498781
309.83383904,88.8843020212
310.491790072,88.934561485
311.035915146,89.0119748574
311.660213908,89.0856412479
312.469160675,89.2772011591
312.771014564,89.3604667565
313.055401042,89.4544307741
313.184418996,89.501759133
313.350369516,89.5931713551
313.704141016,89.7230024405
313.884761063,89.8303753265
314.191922628,89.9563291251
314.310790146,90.0550319973
314.645506603,89.9591766963
315.398714386,89.9234754683
315.96513719,89.9564314783
316.474109476,90.0072982505
316.798470636,90.0066337993
316.796831985,89.9000898632
316.436597481,89.9151083877
316.146251879,89.8543900589
315.729044324,89.8027945964
315.095121365,89.7272498943
314.843056271,89.7248883473
314.499313273,89.7797075154
314.312649045,89.8295445513
314.072296448,89.9701257913
313.607913745,90.1233637058
313.284613743,90.1735153127
312.795031912,90.3800552735
312.557747712,90.3200929965
312.353840346,90.2933452448
312.114526528,90.3322645201
312.039455161,90.3282178182
312.045260974,90.297273184
312.102929743,90.3253458148
312.16425907,90.3849754543
312.262345372,90.4514155424
312.256476101,90.5343679421
312.041682411,90.4881150075
311.478820743,90.1543177629
311.103554984,90.0152270904
310.829127382,89.9476477297
310.797601068,89.9412241135
310.643354008,89.9378775935
310.52809266,89.9182652109
310.424474746,89.9280307604
310.22752467,89.9488875284
310.10927884,89.9885456821
310.027870908,90.0404241697
309.966003393,90.1468823149
309.955873779,90.1985453777
309.963846094,90.2563104581
309.973631503,90.2769569397
309.989895882,90.3073479414
309.974980464,90.3768799868
309.989924666,90.4020715007
309.993540851,90.4563649106
309.987306109,90.4686341851
309.970800202,90.4762747786
309.912160654,90.4988561702
309.825460233,90.5854923335
309.129012371,90.7751295414
308.324034575,90.9216373298
307.153625054,91.1465845851
304.597027261,91.2638213422
302.546429937,91.2761732074
299.203489085,91.3327005735
296.935736811,91.3995152343
294.589821731,91.4863019102
290.950528994,91.7159004306
288.465846418,91.8585566684
284.126283154,92.1349255132
280.883855634,92.3502355935
277.394846505,92.4881026333
272.044816838,92.343134931
268.473024163,92.1529350726
263.099156849,91.7098077485
259.85412684,91.3723212611
256.905711514,90.9208384775
253.305584744,90.3897785193
251.687472009,90.1369721108
250.188444923,89.9645732541
249.631385164,89.9285368946
249.13550962,89.960788914
248.67295148,90.1417373977
248.499669861,90.3132847971
248.383005302,90.5735768523
248.544773553,90.8683295372
248.772978487,91.0109269874
249.121605753,91.3258722508
249.43002793,91.4568790827
249.680812109,91.6174547279
250.07011105,91.9156720388
250.285102277,92.1759927812
250.545969286,92.3726399795
250.715785215,92.5134104141
250.792073003,92.6041998202
250.865017393,92.5028542662
250.714877412,92.4828733677
250.507183224,92.3818111049
250.078509117,92.418096576
249.465539046,92.3205232861
247.965880406,92.1685526586
246.760684023,91.8607861546
244.399486596,91.6082018344
242.54331736,91.6128407656
240.791341809,91.6339468001
238.32780945,91.6417903133
236.822976297,91.6817345561
235.125639377,91.955908031
234.491515972,92.272958362
234.208317684,92.8064523448
234.464436301,93.7444319852
234.903626408,94.3463702206
235.439919732,94.9167621279
235.229355537,95.1872250867
234.814132179,95.1412018834
233.299193652,94.6840245532
231.725944174,94.1858790833
229.730843128,93.5086546251
226.435063882,92.3983324269
224.238288805,91.7063870335
220.33298212,90.9644435035
217.592341803,90.3915765839
214.594593913,89.6714475976
209.623691786,88.7020341363
206.140416491,88.1178798141
200.928598197,87.2646972126
197.501227334,86.8493972045
194.123578653,86.5881128306
189.204366602,86.3699168535
185.935274372,86.3803636384
181.127454346,86.4628353414
178.097951651,86.5847806763
175.16433326,86.714045477
171.321254726,86.8432842847
169.041592572,86.9186824658
165.980388396,87.0538788435
164.185781187,87.1571802063
162.511426852,87.0501251736
160.047926661,86.9102135743
158.560456697,86.8855032514
156.289782199,87.0543091259
154.860758882,86.8285035064
153.514856514,86.9357087421
151.084444731,87.3517684061
149.225378698,87.5391549767
146.118048877,87.4790994428
143.810871954,87.3225548318
141.44431378,86.9849346489
138.073912849,86.3592637274
135.703767295,85.9663154299
131.908447802,85.1804069956
129.275088144,84.495432841
126.601581159,83.8999175069
122.670985048,83.048552551
120.278248715,82.4884702862
117.972247765,82.2135032042
115.085823432,82.1425973605
113.21584522,82.1574137073
110.60200238,82.2693500786
109.15353303,82.2420513797
107.729728482,82.2928364706
105.970586301,82.4759677981
105.03351765,82.668491001
103.774065183,83.0259408293
103.192574177,83.2090058618
102.66641684,83.3580420287
102.082069942,83.5393726744
101.76604326,83.702624283
101.497795129,83.9553275718
101.625771221,83.9414946864
101.734558251,83.938579355
101.900790534,83.998133922
102.129919447,84.050365021
102.6693196,84.2319508228
103.151092604,84.4113468454
103.780613228,84.5837338412
104.753356399,84.8401111515
105.467930157,85.0243870049
106.832899875,85.2249397533
107.81835783,85.4565605256
109.133749347,85.6110035816
111.430611898,85.8060225316
113.167199508,85.8865217823
116.289878749,85.6938058954
118.518087873,85.6095533423
120.88353746,85.6682985127
124.705663171,85.7845958731
127.406650011,85.9062419234
130.139440055,86.0017216183
134.202693667,86.1016476909
137.015618777,86.2605138569
141.532014092,86.6374529502
144.668084931,87.057706324
148.049255575,87.3779104525
153.195265181,87.8690032596
156.54215049,88.1673216735
161.437692121,88.7696328609
164.520964408,89.1271174254
167.213329411,89.5065430044
170.816405174,90.0323387309
173.105509879,90.2412322027
176.432417224,90.465548204
178.824430577,90.5429376298
181.224549136,90.5464195686
184.865016606,90.8349526816
187.516511595,91.189101957
191.501638866,91.9245425008
194.15775645,92.576430904
196.74561451,93.1302534601
200.160839492,94.0661714352
202.138808838,94.5109269008
204.601998618,94.8115714923
206.000415363,94.9877858592
207.225062367,95.1187081805
208.709814874,95.3157870857
209.552549632,95.4478556365
210.635588233,95.4267764189
211.20214596,95.3363558126
211.726960305,95.2807904462
212.870169746,95.2047657002
213.834822659,95.1577339423
214.966196467,95.2433626678
216.80075766,95.5028435046
218.26282044,95.7510706142
220.802299979,96.0051956295
222.557026723,96.1584148354
224.478498677,96.2764306375
227.28093105,96.6279890081
229.322042356,96.9351078432
232.348330201,97.4882032684
234.466755711,98.182074145
237.059668795,99.1329964185
241.489952069,100.50324541
244.763183314,101.181345381
249.255460624,101.894885377
251.716999168,102.248191335
253.445110285,102.583336996
255.302180312,102.553230077
255.829934245,102.300338033
256.3641611,101.333078823
256.594967849,100.746193893
256.675359113,100.332297472
256.796716526,99.9917739548
256.858421136,100.009517951
256.662466141,100.226041827
256.515307372,100.482385155
256.320159095,100.784212054
255.847490947,101.577855199
255.752847101,102.281746119
255.585931752,103.222982635
255.608997092,103.595591188
255.50126085,103.849596545
255.576368739,104.067709521
255.600715777,104.014034666
255.667109452,104.076249077
255.691107656,104.037979066
255.747494786,103.992737437
255.838010244,103.843456155
255.999613522,103.71080927
256.2862785,103.556782177
257.249471276,103.408598154
258.188503928,103.421972004
260.051251207,103.597247075
261.519290845,103.860316171
263.30278268,104.196316038
266.403246631,104.45736907
268.651484576,104.604859871
272.168972142,104.796830429
274.576633765,104.817190445
277.135759957,104.785608966
281.237948459,104.464100611
284.02080613,104.216074873
288.11174799,103.610152877
290.9178759,103.075877349
293.791232584,102.542680476
297.89915854,102.013172832
300.613943552,101.735129513
304.511967156,101.199421522
306.669358739,100.897773294
308.590817622,100.424821914
310.414106272,99.5633952828
311.125207928,99.0627003989
311.586887312,98.560098034
311.740841385,98.3759690827
311.8088548,98.1026294067
311.529881562,97.5962579445
311.08650046,97.2761473242
310.191906413,96.8626900926
309.722987254,96.6284516815
309.306793161,96.423285237
308.648522739,96.2138898649
308.087344262,96.074510147
307.213213983,95.9301330647
305.626458028,95.5714404262
304.481022169,95.4057277798
302.661534445,95.1984102854
301.25942364,95.03256833
299.611105947,94.7506652125
297.015991069,94.2379719871
295.304554601,93.9389366219
292.623946344,93.462938742
290.571305203,93.2006972361
288.381330635,93.0844060418
284.509558911,92.8688144819
281.816122005,92.5741474557
277.611643855,92.118187556
274.926164803,91.579511971
272.391361798,91.1179456952
268.959247789,90.3673787011
266.927842184,90.0333822419
263.802983641,89.8296780865
261.656549324,89.7860080739
259.292991335,89.6094895126
255.612746,89.3220383545
253.374226262,89.132611097
250.381264493,88.9083100496
248.72365677,88.8823368267
247.41149461,88.8794023334
245.782748842,88.6341398345
244.801003737,88.2851291811
243.595334447,87.9138556349
242.953411262,87.7029654103
242.331552623,87.5256195444
241.33743446,87.3163773859
240.694634231,87.2512654084
239.588958164,87.1152397331
238.669849272,87.0816940629
237.648197578,87.0527683329
235.941774363,87.3025290738
234.737181014,87.4827265622
233.547194954,87.7989771743
231.850679445,88.1415275583
230.724703227,88.4274856542
228.614196149,88.909133631
226.986026139,89.1168283017
225.002726865,89.4311196858
221.565339862,89.6505549309
218.962763858,89.5907173513
214.54802701,89.5389302962
211.337712223,89.6888131236
207.930254362,89.8688244549
202.089909658,90.0566047443
197.902788583,90.0522599518
191.397828435,89.9575754416
187.202004092,90.0201188668
182.99042422,90.2598563241
177.212831551,90.588972635
173.855890975,90.6206690372
169.714634636,90.3640026161
167.391827884,90.0282388277
165.294461437,89.6666436251
162.349304283,89.1566696449
160.46662739,89.0117437148
157.281988862,89.3149877785
154.965216965,89.7523317817
152.518023974,90.2697358005
148.792353304,90.7134805249
146.432927364,90.7429817868
143.102541249,90.7122866772
140.966183136,90.7082922677
138.884558546,90.6373795998
135.754078268,90.4846625122
133.65024488,90.5130504776
131.441058483,90.5062302098
127.96908063,90.6201525657
125.282563289,90.7242852921
120.792261741,90.9612167627
117.471908886,91.1262269703
113.795967663,91.287601976
108.204654339,91.9550860568
104.460316629,92.2453827531
98.8581108394,93.0953031693
95.2152564687,93.6526157093
91.7277538178,94.0907291707
86.7907856136,94.6885181527
83.7754001865,94.8670877321
79.669893951,95.0754247651
77.3210064564,95.2126825021
75.2200185839,95.4032437828
72.6694353544,95.5072355996
71.5274746523,95.5458103553
70.705952482,95.675026382
70.7227251454,95.7924000553
71.0039263155,95.7496253952
71.9245382947,95.6014799413
72.8042976377,95.4932716079
74.5645249957,95.020726237
75.9511529498,94.7846498917
77.5880540283,94.5772753725
80.3577883358,94.2696755055
82.2079881255,94.0864356685
85.2790219031,93.690705928
87.1983841164,93.393147857
89.2261807244,93.1989848075
92.4284856915,92.7026683757
94.4352051561,92.410830873
96.4996546488,92.1022042121
99.4903565459,91.825774719
101.421603169,91.7092272551
104.096107264,91.6774176027
105.755562017,91.7421397325
107.344366292,91.711970186
109.464142166,91.6994190984
110.798527465,91.6137931606
112.693637202,91.5759503573
113.92346851,91.5162684232
115.15360618,91.4291456319
117.010443728,91.5832813983
118.284878599,91.7312307296
120.761267279,92.0311699107
122.519175192,92.023801868
124.356382972,92.0476317208
127.039286215,91.9306869188
128.53727075,91.9753808775
130.497837857,92.1808896342
131.704720793,92.2520133368
132.853590271,92.2252042577
135.023470192,91.8934746875
136.675221925,91.5501233677
139.16870048,90.9962434558
140.872633865,90.6828156508
142.640998943,90.4182104646
145.2047869,89.9626616912
147.199934007,89.5952983241
150.724230362,88.8657647096
153.445234334,88.2109624057
156.664208743,87.6889200179
162.157251347,86.8718525279
166.363326089,86.3593456665
172.873172199,85.5695080592
177.228409224,85.166090766
181.190243672,84.8451420382
186.73425274,84.4243007046
189.292113072,84.4648190571
191.480783078,84.5791382547
193.210373279,84.8508786772
193.674729744,84.9745429546
193.931412136,84.9785570606
194.350167132,84.9972487401
195.062557256,84.9300214036
196.718164482,84.7680804324
198.118354249,84.6316061888
200.590897363,84.5728033393
202.336382953,84.6281498393
204.119537493,84.6588412864
207.244689644,84.4905656124
209.337760402,84.4741792672
212.347180123,84.3211768489
214.137335499,84.2589420864
215.788731075,84.3319981271
218.021094324,84.6001065847
219.289467895,84.6734222924
221.098941689,84.8672436799
222.135915666,84.9818916116
223.133139665,84.9707901593
224.285298043,85.1749748812
224.621023871,85.2648566804
224.819030702,85.5082064477
224.916512882,85.6707750608
224.970615352,85.9677897487
225.112738972,86.1428721374
225.274069946,86.2142715748
225.587936871,86.2323333101
225.750389008,86.2099382458
225.7734083,86.2340073012
225.626412153,86.3450894933
225.323964937,86.4415697698
224.991184538,86.5104247328
224.647179421,86.6153946985
224.489005685,86.6543081637
224.360980778,86.7709342888
224.244428607,86.8616259991
224.094144127,87.0847789244
223.728604178,87.2819306026
223.398812442,87.353176782
222.80105248,87.4984052612
222.3387284,87.5827860616
221.832705874,87.6109444358
220.970291996,87.6189069582
220.209556345,87.7262211515
219.036345166,87.5894256908
218.24796843,87.3243577161
217.433163488,87.0940061871
216.318575015,86.753163691
215.669222691,86.5189838684
214.679938737,86.1807623665
214.083049254,86.0128843176
213.555577748,85.9464131066
212.928160415,85.8071574251
212.58848971,85.6244856019
212.294804425,85.5362932428
212.246539618,85.6238964217
212.347918973,85.7286167011
212.546302883,86.1356474736
212.731750809,86.4354064231
212.840837338,86.7490285699
212.840862968,86.9142118223
212.778950571,87.0034485433
212.609993796,86.8586476077
212.615153911,86.4149107266
212.696601572,85.949816495
212.759282506,85.8283590939
212.799955418,85.6997436272
212.870632434,85.5565117571
212.904262993,85.5252955747
212.888167955,85.5278810093
212.719248395,85.5447769075
212.45584971,85.519106585
211.826643316,85.399385767
211.306839474,85.3310090934
210.686470082,85.2792580417
209.40544075,85.1962863994
208.173895247,85.2130804456
205.933599938,85.4157283162
204.23772588,85.582246422
202.601454395,85.8071727159
200.180366038,86.1219131745
198.67403957,86.3231440655
196.8625851,86.3814228349
195.956949453,86.3823875262
195.34835497,86.4074318812
194.853872623,86.3979196131
194.812703106,86.3396124604
194.864081251,86.1808870006
195.015705227,86.0639075983
195.087240413,85.9703955075
195.181697949,85.871124654
195.220448589,85.8251677987
195.251419241,85.7429962455
195.398484752,85.7246311966
195.605946275,85.7444088868
196.296603859,85.8797776968
196.922631441,85.9309937433
197.880496756,86.1204099958
198.422462395,86.2865594413
198.815840231,86.4700119356
199.118750289,86.7995343663
199.120213458,86.9108736322
199.173589585,87.0377678409
199.311860216,87.2401981593
199.406497213,87.3646099776
199.561792395,87.5223053787
199.681250161,87.5532887791
199.767671733,87.5561427217
199.930811186,87.5901840123
200.047158051,87.6314719574
200.557454262,87.7905220767
201.094311838,88.027396858
201.608556388,88.2793393193
202.639942016,88.5670586108
203.453896556,88.6528459267
204.801649206,88.8057934394
205.734001572,88.8709099024
206.648037055,88.9128592859
207.946368763,89.0409686161
208.809156654,89.0386493033
210.345438768,88.9376786355
211.484166821,88.856903366
212.92386868,88.7770926703
215.649513784,88.8679926103
217.936378426,88.8397064873
222.063020712,89.1976655062
225.084500257,89.3216957315
228.284120008,89.5701381894
232.949782105,89.795142813
236.068130951,89.9738496599
240.493714783,90.2627619914
243.131021374,90.5742804262
245.651972293,90.8760731926
248.993229084,91.3955101096
250.989341006,91.724356418
253.663997785,92.1941809668
255.245403025,92.4459073
256.630386813,92.6977784835
258.463352502,93.1203982796
259.373625377,93.4698333228
260.124150757,93.7035484469
260.94388379,94.0337900459
261.355884508,94.1461905
262.147128721,94.319729101
262.672165672,94.3093096425
263.151284937,94.1875008353
263.747644423,94.0961197598
264.182536317,94.0917273557
264.9105597,94.2969819037
265.464218365,94.407396352
265.997890876,94.5665265229
266.829950924,94.7675366922
267.34998447,94.7408860034
268.185208525,94.5382636355
268.612414048,94.3639353351
268.890942787,94.2047141695
269.526401693,94.2151739039
270.114417547,94.0553981125
270.872679337,93.8915961512
271.384373917,93.8386673306
271.910307186,93.7470318966
272.815495605,93.6147170421
273.554961258,93.56564721
274.691292346,93.613698493
275.477307027,93.6831756757
276.379733423,93.757351235
277.780162214,93.914299886
278.860033859,93.9086461187
280.805017298,93.8278688822
282.133444694,93.6386606878
283.440401491,93.481833928
284.975154886,93.1730355741
285.910310964,93.0092393384
286.954424348,93.0336359407
288.959325238,93.0806748281
290.268594411,93.3072895743
291.934417776,93.7777497426
292.886833923,94.1107686669
293.738928034,94.4102547895
295.035373948,94.8854625662
295.91523545,95.1643108859
297.145789845,95.6886870078
298.218543122,95.7533360327
299.224337825,95.9534733133
300.70859174,96.3086407584
301.773568486,96.4411778748
303.333191045,96.6159027566
304.348091111,96.7326301522
305.149657615,96.9105876403
306.265496624,96.8436610358
306.694484117,96.8080932307
306.966406203,96.7643155386
307.030678874,96.7183280651
306.99206116,96.7424257068
307.098575151,96.5655589305
307.112253425,96.6589899584
307.293205374,97.0783637743
307.549637864,97.4792332797
307.771122853,97.7443525651
308.262815212,98.1167291271
308.790999764,98.3560020878
309.456947105,98.5391720424
310.488695645,98.7247461842
311.254239647,98.7776006488
312.773335503,98.7942689331
313.873558578,98.8407151413
315.952916142,99.0760951064
317.38533193,99.4571151474
318.967268276,99.7672311609
321.611712129,100.346478538
323.554685321,100.556992436
325.356451232,100.765272124
327.903988383,100.74423011
329.414875312,100.784740311
331.683998074,100.496514129
333.524833733,100.279343826
335.633071119,100.100282323
338.312523924,100.136214236
340.179181776,99.9862489811
342.634441452,99.7728058657
343.889915757,99.4665818368
344.926892876,98.8658844537
345.49499078,98.1001280493
345.556863827,97.5680425575
345.377947197,97.0860428269
345.281303514,96.8423125246
345.340896771,96.7830281619
344.896935703,96.7628497947
344.534978268,96.7924624604
344.02939584,96.4320399078
343.853992223,96.3300103855
343.721764051,96.1563213515
343.627404522,96.0402584107
343.606433689,95.9443851695
343.499212507,95.9478001962
343.360937909,95.8564988776
343.088294328,95.830629918
342.679968519,95.7383510031
342.477095944,95.670406646
342.287490181,95.7061055891
342.19910444,95.7121309687
342.159826392,95.7259512434
342.085034563,95.7544119437
341.984250244,95.7902518321
341.871683637,95.8146428138
341.750396656,95.8459037494
341.717355051,95.8854760324
341.667815518,95.9484324039
341.665711625,95.9458891772
341.813504823,95.8645583113
342.13399667,95.5716675883
342.292994943,95.2748383276
342.420219814,94.8048951618
342.510144354,94.3533160121
342.526768452,93.7478384343
342.058633434,92.2591120353
341.2753877,90.5787202761
340.002289273,88.5398394003
339.292076256,87.3971316872
338.687822415,86.475127442
337.881933804,85.2842325265
337.36186025,84.7006777985
336.283659215,84.1809357173
335.491735038,83.9204760121
334.545373588,83.7088789336
333.021307054,83.4699768878
331.747191524,83.4432525789
329.720151651,83.7844703337
328.339195615,83.9029717756
326.875099154,84.1998850366
324.503515869,84.7739590843
322.797739778,85.0348273279
320.551993043,85.2184393459
319.308321656,85.2368418284
318.226613892,85.0730866647
317.068330458,84.8218104695
316.387500835,84.5306927556
315.76589518,84.519559271
314.538953292,84.6881501198
313.23751495,84.9978893397
310.199975802,85.8656750762
307.569468295,86.4664168128
304.493071958,87.2185149044
299.821158656,88.4622690139
296.798908893,89.2245381413
292.552740638,90.1294481107
289.874522372,90.6420698112
287.443883433,91.0625307091
283.88366634,91.6280715325
281.442032299,92.0087415394
277.793668378,92.1132267486
275.561234611,91.9242541197
273.468937878,91.7281984941
270.545324791,91.6464038043
268.685279877,91.6318918317
265.835586358,91.5064985611
264.157130523,91.2394190892
262.400924013,91.0449362033
260.024009438,90.8878063814
258.680518971,90.8805326939
257.039231458,91.0276333056
256.156024408,91.064585536
255.293909859,91.1516035176
254.128326581,91.1434552142
253.464939221,91.0593116147
252.627329751,90.8455918829
252.158097477,90.7062652957
251.787632745,90.6282015981
251.255203466,90.6225707949
250.740760183,90.6422977717
249.83929681,90.5146453274
249.157799674,90.4559615825
248.587811672,90.3764127857
247.826738921,90.3559018918
247.427584448,90.3253712029
247.054970755,90.2935531167
246.577382839,90.2888761656
246.384334054,90.2865659225
246.10665567,90.2012775894
245.926287295,90.1711323269
245.823606417,90.1486955307
245.581334701,90.1667305503
245.453889478,90.1961710551
245.02235667,90.2751093437
244.751166952,90.3998294574
244.531531196,90.4411019755
244.15030586,90.6301533567
243.948892813,90.6660968135
243.42797542,90.8259960062
243.080150836,90.9091316656
242.853613556,90.914643294
242.420460034,91.0548343278
242.216725859,91.1373264688
241.88357312,91.3041491499
241.588820307,91.4184651477
241.214901585,91.5240237678
240.627626688,91.654134277
240.243315283,91.7529504123
239.753365382,91.8383544138
239.548165668,91.8996326795
239.325280217,91.9262928965
239.07826538,92.034322296
238.790043939,92.1230247532
238.438868167,92.1685917612
238.109235291,92.1972537472
237.602986654,92.2141982923
236.867278975,92.2025460792
236.325291967,92.1791204971
235.720314033,92.0982427036
234.652736002,91.9252035078
233.709265112,91.7342778784
231.737011094,91.4621037922
230.064853712,91.1999377664
228.159491947,90.90739594
225.099009445,90.403222112
222.81340302,89.9998626506
219.03843764,89.2764257078
216.264166416,88.7176410973
213.34497571,88.1867944982
208.660540965,87.5421086351
205.587500531,87.143755985
201.308508881,86.32697887
198.870468194,85.7909528338
196.830764889,85.2194915715
194.554898251,84.8048316923
193.434651142,84.725285609
192.029146819,84.9244540122
191.177358466,85.0390504056
190.245123085,85.2212715216
188.534184223,85.7765487143
187.356592129,86.1547388573
185.768117973,86.8243977312
184.842333809,87.2189919208
184.130135088,87.4783431249
183.266173273,87.7275513881
182.847712918,87.8837396909
182.448637767,88.0754247592
182.25990134,88.1708911894
182.139038789,88.2976396607
182.053126526,88.4510395454
181.990209353,88.6095890956
181.95827982,88.8364281256
181.977092592,88.9230112981
182.014958606,89.0231886688
182.07325227,89.1946076801
182.111146873,89.3063016893
182.137172704,89.4561356819
182.238759117,89.6117771475
182.349643451,89.6913430179
182.574706274,89.8562286059
182.749976401,89.9729389665
182.885995304,90.0743898885
183.037447652,90.2663432356
183.10122492,90.3000363133
183.217347655,90.3484872598
183.321492934,90.3519080571
183.46986844,90.3778935259
183.687244043,90.4367227347
183.805273742,90.4929559896
184.048629866,90.5334171655
184.185877062,90.5397103455
184.297381265,90.5444857186
184.508683773,90.5447987284
184.645515822,90.5435784628
184.800368802,90.5643197008
184.936496219,90.5629780439
185.055987247,90.5659570934
185.191313942,90.6038917158
185.307800513,90.5988252146
185.491958669,90.5951685881
185.620144764,90.5905557815
185.733343804,90.6086666615
185.886796977,90.6224018694
185.986025305,90.6254719795
186.119548412,90.6327133659
186.254534592,90.6227339699
186.349660071,90.6069894071
186.487216438,90.5990469728
186.595816698,90.574578332
186.699157877,90.5272300613
186.810473897,90.4951701905
186.911502718,90.4679394657
187.071607686,90.4241149583
187.153364175,90.4104473582
187.233140327,90.4132030552
187.33836557,90.4094988283
187.388909618,90.4164936608
187.441498174,90.420222663
187.458254221,90.414997261
187.464365365,90.4239434023
187.486186521,90.4013100238
187.507820611,90.4098489126
187.525042505,90.4175449066
187.537997572,90.4337643541
187.550076219,90.4361426784
187.512862084,90.4771857203
187.489921122,90.4989654309
187.459322897,90.5558287713
187.458392438,90.5729521293
187.459988781,90.5901716961
187.467841794,90.6141261139
187.495974947,90.6161487245
187.542612068,90.6123774639
187.536426265,90.6353026315
187.493620891,90.6745226018
187.429092866,90.7286051184
187.394546701,90.7610025133
187.365001852,90.7989673794
187.36088451,90.8197196548
187.356778074,90.8366076075
187.34061344,90.8430996964
187.327412902,90.8280078739
187.317980843,90.8262702651
187.320649264,90.835394105
187.30630404,90.8587825353
187.273450044,90.901236632
187.239562592,90.9429739965
187.208031049,90.9616677936
187.159950177,90.9853869474
187.119747143,91.0055336253
187.01273836,91.0295989702
186.892045559,91.0516489049
186.775708002,91.1136216365
186.535789831,91.2793183342
186.484784327,91.4756652115
186.467192624,91.8148872731
186.470017829,91.9797836575
186.510015503,92.2032653524
186.608350402,92.410800281
186.707088807,92.5346588389
186.887187024,92.6777855547
187.033899683,92.8680272003
187.165084737,92.9943594341
187.32888055,93.1998357856
187.397343491,93.3195176631
187.592283636,93.551531397
187.79257261,93.7884351395
187.991970595,93.9207786252
188.259394368,94.1807299866
188.523722731,94.2768840699
188.921314413,94.3069110818
189.119671343,94.2753109898
189.268019714,94.2481409606
189.418951163,94.1825249273
189.495153044,94.116985738
189.54058614,94.0055289351
189.559241254,93.9664279279
189.605407349,93.9407990455
189.627871086,93.9229733592
189.626975574,93.9296619096
189.631805296,93.9430877402
189.63967454,94.0149653174
189.632343146,94.0620631945
189.665433095,94.0951810774
189.709403547,94.1001168501
189.760677865,94.0926590468
189.853543482,94.075790113
189.898292592,94.0896309177
189.964934025,94.0966160329
189.984557943,94.0996428095
190.034728509,94.0749123836
190.110609191,94.0296529544
190.181271386,94.0034774407
190.283266989,93.9668617981
190.370675049,93.9253861726
190.480912716,93.8925626148
190.646781566,93.8463824578
190.783417316,93.8466115601
191.012508573,93.8110487502
191.086227144,93.7892814277
191.196294242,93.7823617757
191.341591267,93.7479106864
191.400319479,93.7301992837
191.493743671,93.7007511354
191.617518138,93.6533807198
191.797101653,93.5821050089
192.006951806,93.5397059586
192.1395476,93.533942132
192.334911514,93.5283533626
192.418465976,93.5330891154
192.456253631,93.5217668532
192.520365318,93.507900865
192.556303184,93.4950446685
192.597079669,93.489408171
192.658449716,93.466056385
192.681739753,93.4473786798
192.72801345,93.4215031567
192.748918656,93.4133093166
192.77023626,93.4283304452
192.800223202,93.4358488675
192.799587702,93.4436306468
192.811865692,93.4471487504
192.794479021,93.4343016442
192.752125519,93.4159669591
192.657815495,93.3588060164
192.605036215,93.3018685855
192.466067525,93.170602602
192.401360615,92.855781896
192.151770734,92.5714304527
191.6436873,92.0431079782
191.373323041,91.543615231
190.924434911,90.9818155169
190.58055585,90.6097586792
190.386609946,90.2530035766
190.323582559,89.8608411201
190.242291998,89.7581296725
190.043016583,89.8200629034
189.781272268,89.994486029
189.476070927,90.1442363695
188.882100193,90.2164192254
188.555865726,90.2938696426
188.412824027,90.2618713384
188.270894911,90.1802786878
188.247835687,90.0174210769
188.125585865,89.8372817092
188.011920353,89.7904073954
187.734468442,89.6834180753
187.594581883,89.6096204341
187.50616044,89.5965373832
187.342008116,89.6906720976
187.291895654,89.8284220844
187.298577809,89.9683812813
187.136002033,90.2994720543
187.048374652,90.4220417251
186.856212042,90.6328761739
186.744843873,90.6941198329
186.6044186,90.7717073414
186.516908898,91.1098743211
186.543175638,91.4880839669
186.827608919,91.8691336366
187.252469361,92.0425688971
187.748049109,92.1156514144
188.783174856,92.2300282331
189.437600775,92.3274735331
190.200634606,92.4911756295
190.638050659,92.5077902555
190.993339232,92.4570307173
191.550526242,92.3401201544
191.979099786,92.2626186271
192.530246501,92.2409189364
192.958593179,92.2720208249
193.241212181,92.5253160421
193.275624237,93.0088078861
193.156843252,93.3616820195
192.907454823,93.669809787
192.821644601,93.6552415176
192.624225482,93.6142040966
192.423129441,93.6544954221
192.192588567,93.6223914231
191.526411789,93.8662351364
191.374680867,93.7589052607
191.556428116,93.7187659897
191.911102687,93.855987673
192.274202338,94.0715409901
192.680855033,94.4003853943
192.932870409,94.8399716947
192.965629843,94.8338210458
193.025370784,94.7586925088
193.0088812,94.5809769869
193.048064476,94.36878784
193.24099886,94.3758349512
193.544753866,94.4464324942
194.521016778,94.6919285867
195.476361281,94.9918091758
196.621936418,95.274034327
198.262539743,95.6120134628
199.528046445,95.941496095
202.286893685,96.7322094989
204.300548365,97.6426068227
206.059246652,98.532063948
208.375363861,99.4956590586
209.552965187,99.8853179464
210.975376219,100.187788119
211.884724179,100.270603681
212.645103599,100.304159717
213.821160476,100.41455429
