176.987339732,89.3673075116
176.335820957,89.0452568949
176.25933926,88.8903823997
176.273760366,88.6186151447
176.338554095,88.4840208412
176.463137093,88.3916522074
176.686884999,88.2206524344
176.796166799,88.1456198112
176.96618936,88.038686584
176.995153279,88.0499173518
176.911112906,88.0444999762
176.702351497,88.0262003521
176.544171763,87.9815629807
176.324515534,87.9822345106
176.231742117,87.9777147833
176.282220221,87.9448989723
176.444875025,87.9175095904
176.55108483,87.9377265058
176.613261352,88.0519393074
176.675523319,88.1671251107
176.765695752,88.2114677842
177.035811657,88.1572570196
177.354697551,88.0937340764
177.742071008,88.0294876754
178.375508289,88.0281356248
178.814637742,88.0786742177
179.312466475,88.1552860535
179.461667068,88.1152193539
179.622276342,88.1090355719
179.63372235,88.2182237835
179.060381541,88.166759606
177.337868777,88.0054889484
175.364933474,87.876251308
173.124104909,87.6309486429
169.265828884,86.9373184382
166.809488918,86.6774090083
163.744883581,86.612324686
162.140958183,86.6566896623
160.898529403,86.8317959729
160.089735782,87.1885892029
160.086268699,87.4035825526
160.45841227,87.7634918223
160.579584752,87.9073402103
160.597260993,87.9968959742
160.359761518,88.0817112011
159.809007093,88.0100249488
159.088035772,87.9516497922
157.902639451,87.8394852864
156.939502726,87.7451300637
155.422200554,87.7046554144
154.571226316,87.7959993048
153.798940917,87.9586145261
152.713467959,88.1002357808
152.042449142,88.1835088898
151.111483989,88.194117553
150.449065777,88.1170564373
149.699898784,87.9649795938
148.531987512,87.7519426763
147.666882713,87.6040884397
146.329671684,87.4831880173
145.445402008,87.4026691053
144.565367679,87.3378858436
143.341926724,87.2889912336
142.402835646,87.1812440637
140.763146676,87.0619041512
139.513738899,86.9863924933
138.061000214,86.8646073853
135.279289234,86.5974225571
133.40067617,86.4556742898
130.711668732,86.3490477057
129.054482223,86.4448822095
127.558201489,86.5467833479
125.397244656,86.5510842283
124.022590461,86.5376983079
122.174442422,86.6898051259
121.133334884,86.9158922538
120.273909619,87.129493463
119.177394856,87.3626147048
118.459293335,87.6199122276
117.766240447,87.8215310947
116.596099431,87.8226390145
115.654364197,87.7121593651
114.118562247,87.3537748969
113.568123655,87.1134690732
112.049523094,86.5366743768
110.580349,85.8781529134
109.465320838,85.5011375582
107.545143733,84.9628789936
106.277456506,84.792354509
104.836317411,84.8593253671
102.675715591,85.0422178229
101.51574897,85.1147778597
99.8147082099,85.2505176639
98.741223843,85.3111082755
97.6070025729,85.2484468722
95.9283908195,84.9816241749
94.8219947078,84.6811652401
93.5324817919,84.1585035149
92.7198242871,83.7254332591
91.8828005488,83.2726970201
90.6966331711,82.704790238
90.0456059608,82.4174584406
89.3691091499,82.376965386
89.0525958654,82.5227651692
88.9768710079,82.9082872105
89.094500168,83.2168942113
89.5937329105,83.6245505884
89.8618360792,83.7037865169
90.1114391444,83.7998834259
90.3936227154,83.8831856147
90.4423337904,83.8067074838
90.360303538,83.7518277842
89.9800725287,83.71955879
89.8219756896,83.7762414582
89.7426722689,83.8339217308
89.6909377254,83.9326753726
89.6351372689,84.0092401408
89.5673284306,84.0337738772
89.5029419214,84.0735611761
89.4225570233,84.1258998827
89.3140745162,84.1826955575
89.233459135,84.2186541428
89.1459350957,84.2721051707
89.0566073721,84.291984391
89.0121471444,84.3320282159
89.0456503977,84.4302261898
89.1506048708,84.5996138658
89.2435767332,84.7512183885
89.4084306343,84.917452766
89.501323648,84.9919241337
89.6525247017,84.9422451384
90.2822401893,84.836792636
90.4535251785,84.8035993163
91.0614127279,84.7203001591
91.597802361,84.662512391
92.3474762168,84.5665983596
92.8707659548,84.504223529
93.3464802551,84.4806594585
94.2782237403,84.5928386082
95.1321435501,84.7185796193
97.1391497159,85.026878826
99.1956278491,85.1221181938
102.044373239,85.1338176862
107.994344579,84.8831623876
112.345152701,84.6611384778
118.549535024,84.1019539583
122.231148105,83.5236094768
125.725956821,83.1862572839
130.033378783,82.9340167583
132.472439882,82.6852355094
134.344571326,82.3667704222
136.398710857,81.9242498447
137.457143859,81.8315186531
138.962441512,82.2145711294
139.99415452,82.5360875575
141.15457727,82.9427077316
143.034827402,83.531854785
145.143133912,84.0078190278
146.635213534,84.2030755569
148.135125241,84.2976438285
149.633695185,84.2614786589
151.630702532,84.0997757958
152.871688183,84.0361042812
154.664712525,83.8276766365
155.878364844,83.8164664833
157.192280773,83.9811451606
159.297874527,84.5051884345
160.670327654,84.9271598914
162.488470104,85.4280565819
163.482995635,85.4789339086
164.176725607,85.4207806046
165.181664832,85.3255779381
165.993477067,85.2458856825
167.334017078,85.1090143321
168.306267287,85.0480597799
169.44524306,84.9943527883
171.271398976,84.8619766635
172.572686012,84.6776977121
174.329324747,84.3521715268
175.02233608,83.9564112522
175.548770456,83.5301617538
176.178995857,83.3148377049
176.548414735,83.4243674771
177.235212379,83.7293111033
177.878134172,83.8790020639
178.517437713,83.9264531495
179.582524268,84.0146939898
180.273661027,84.0315010216
180.889637971,83.953702246
181.741320367,83.8862793096
182.318339492,83.7940458592
183.384841665,83.4513758159
184.256698765,83.2980378229
185.138483437,83.2385045522
186.240779636,83.3080482433
186.88569609,83.3386444531
187.701939248,83.3000599247
188.158304747,83.5589656448
188.56640566,83.9239842974
188.988263141,84.288164802
189.179190006,84.3005216893
189.677526666,84.3328139916
190.026497523,84.2156693517
190.405574623,84.1597609889
190.879169783,84.0273255858
191.295312244,83.8768500251
191.771376148,83.7392032718
191.978045202,83.8469891386
192.090893468,83.927155598
192.312387154,83.9596955336
192.497613299,83.9928011654
192.72414772,83.9622031778
192.933312882,83.9338966422
193.289686935,83.9510356148
193.835029066,84.0184708862
194.224332868,83.977366285
194.983543105,83.8206450197
195.601805235,83.707973644
196.26441715,83.580687706
197.362213931,83.4117277678
198.106425968,83.3489504415
198.81363758,83.3229422702
199.948801072,83.3707401894
200.855399896,83.4225663191
202.511406849,83.5019063649
204.203160582,83.6841542385
206.345806685,83.8355380724
210.307619879,84.0486659247
213.135747903,84.2095135362
217.332856563,84.4387383364
220.070149343,84.5180498391
222.574475146,84.5073420046
225.722204406,84.4204893835
227.406154523,84.3653103685
229.449935488,84.0543629548
230.631641258,83.6496965379
231.720411096,83.1204026171
233.298491015,82.3036907457
234.401759634,81.8967533278
235.817679277,81.6193740221
236.681349681,81.5696467232
237.517290653,81.5725819047
238.650857879,81.6726009909
239.377644611,81.7179536379
240.449343486,81.8790235584
241.058943848,82.0400119889
241.558123362,82.2421569428
242.098879888,82.5891865456
242.340040254,82.9092449704
242.586453783,83.3157776586
242.723945364,83.5819402292
242.913985038,83.8110619894
243.350442192,84.0779922791
243.785760883,84.1411481041
244.339649047,84.08252455
245.399061173,83.7888716026
246.026749471,83.5999407678
246.796647264,83.2812376609
247.143266243,82.9408371798
247.568837741,82.3903527629
248.187761716,81.8286821788
248.61573136,81.8269020646
249.5735469,82.0508418145
250.565914302,82.3944183219
251.732306851,82.8914783145
253.544918296,83.4460514051
254.838071317,83.6945966253
256.52733582,83.9751428749
257.546657762,84.1862420743
258.550321265,84.2731813864
260.056181897,84.3627247204
261.15422405,84.4172853431
262.955794965,84.3307542377
264.118107448,84.3188897857
265.198598668,84.3919789777
266.768806442,84.5909719022
267.745864543,84.781660505
269.207087951,85.0905478243
270.206237965,85.1474835423
271.20419662,85.1310337819
272.763277473,85.0891463209
273.825495558,84.9709237695
275.550115688,84.7408896379
276.794372425,84.6441522568
278.19487538,84.5841005442
280.520866814,84.5084297301
282.119915503,84.4958415992
284.605212003,84.5849294982
286.190373566,84.7628218583
287.807913032,84.9547578623
290.178449403,85.2363699354
291.643550318,85.3817019415
293.034467746,85.3778900506
295.102455758,85.3278403889
296.387496952,85.2565936561
298.021297648,85.1173874537
299.040644198,85.0493411205
299.933088601,85.294933872
301.083515385,85.7310862379
301.763113729,85.7510625248
302.062479903,86.0912745529
301.502031993,86.3155464816
299.929668494,86.7785800017
295.767748444,87.0980330291
292.61780296,86.8928887462
288.11865167,87.1147720193
285.879718269,87.0145130981
284.741237653,86.9286136161
285.186980146,87.0062707837
285.868278125,87.4061192887
286.587232031,87.5209705537
286.678049613,87.4296712675
286.719256179,87.2850726966
286.973445981,86.6873940541
287.036648515,86.436385618
287.067721345,85.9407071964
287.065716871,85.0274406414
286.684527349,84.940833913
285.703471351,85.083882226
285.017632363,84.7083301676
283.871198792,83.9124552691
283.068432932,83.3485105939
282.309160413,82.8524093273
281.474419011,82.2813351898
281.011673365,82.3014949429
280.377496357,82.4863336785
279.467584411,82.2461909627
278.555173719,82.4062158772
277.315844583,82.398640531
276.680721033,82.4000759479
276.0552521,82.5525208557
275.301407342,82.4110284096
274.849020042,82.2173725924
274.244739057,81.9250444939
273.961155086,81.667590347
273.767582337,81.5806113416
273.493350618,81.1661502622
273.303142583,81.0321503554
272.907661997,81.1017580907
272.688717188,81.1353625957
272.638602119,81.23422562
272.677603758,81.6666004224
272.759708239,82.0340349443
272.874446619,82.3458994494
272.921973422,82.5470875651
272.896308491,82.6474923676
272.884924629,82.7951165101
272.874224886,82.8506871932
272.865739321,82.8554560391
272.945482411,82.6947680643
273.044026631,82.5462696776
273.328788822,82.4422913828
273.527717639,82.4202409423
273.575974729,82.5420172276
273.492333322,82.6547109512
273.079479506,83.1881586142
272.34387598,83.7672351275
271.97120731,83.6706173695
271.683366828,83.4135441779
271.725202017,83.3542641285
271.862231414,83.2639356487
272.427346904,83.3584842974
272.665345244,83.8542193415
272.742814516,84.2914404399
272.765626072,84.3995411407
272.757898652,84.4073586685
272.819508481,84.131894742
272.952831387,83.8983927043
273.145882184,83.8355693822
273.524224161,83.9098297708
273.793352347,83.9779354408
273.980353854,84.3952365744
273.992105034,84.4391268887
274.146958174,84.3315633241
274.631007746,84.1555480882
275.240426082,84.1315037648
276.403584258,83.8885481737
277.415320381,83.753480341
278.616687285,83.4973276024
280.738917218,83.1371259188
282.340221572,82.871442748
285.18520754,82.4249299526
287.366248872,82.1037332142
289.763095872,81.971246369
294.162438209,81.8382096888
297.428669446,81.9610851648
302.926431124,82.1504149005
307.098850398,82.0838965173
311.478056858,82.0042209276
317.900333597,82.1531558578
321.961068994,82.1820472386
327.520471954,82.0613078482
330.591090432,81.853030531
333.159848565,81.5067825189
335.934738949,81.0097249348
337.238033713,80.7581470777
338.383297203,80.1402693803
339.792808328,79.3613574008
340.479064166,79.2165612863
341.559657226,78.7147931561
342.467127221,78.4537368247
343.472018266,78.1036900549
345.41272929,77.4213904505
346.896189756,77.3535127401
349.195596353,77.5912741827
350.422508614,77.9896606138
351.551140193,78.372407751
353.024325544,78.8480730891
354.12262742,78.8938525122
355.788385936,79.0386688992
356.959757468,78.9789100785
358.018422546,79.1501691494
359.295490621,79.7524934254
0.0858891443021,79.9536930658
1.20812021031,80.0934276922
1.98185247341,79.9206962069
2.85867751502,79.8997659003
4.61979254617,80.1794972931
5.99031978639,80.4614377351
8.4273213929,80.7567752301
10.129097979,80.8826937034
11.8236799397,80.9576571575
14.444161969,80.848896576
16.1908028607,80.8509645059
18.7425523503,80.947285003
20.5870777127,80.8451540117
22.4346398648,80.6830903029
25.106667311,80.8752745142
26.6550041425,81.0852138169
28.0726794242,81.23493414
29.8992373063,81.3181247739
31.0859695659,81.3122012764
32.6515950036,81.2954678088
33.6722569881,81.3538052828
34.7512817319,81.5005042101
36.3190786085,81.5637712771
37.4798788247,81.4215833418
39.5702342965,81.2839356629
40.9077297395,81.2428283098
42.024151819,81.3187339292
43.5733199344,81.4066780822
44.5564630881,81.491625442
46.04074451,81.7730133285
47.0384318954,82.0071488147
48.0537409014,82.2105656139
49.8506514977,82.2488495513
51.2643623355,82.1258865866
53.7385105365,82.0649725628
55.422061707,82.0203771414
57.1474711038,81.9675039709
59.7634290956,81.6526617258
61.3848344578,81.4553346067
63.484152988,81.1962454726
64.6348964805,81.0821361004
65.731228805,80.9242433093
67.4483379623,80.8404577116
68.7401422063,80.8951446519
70.065071724,80.9536208818
72.0123851361,81.0577427816
73.3674488419,81.1053906439
75.4374204807,81.0841227662
76.9223516489,80.9469468387
79.2253866008,80.692888359
80.903933433,80.492050092
82.6436433511,80.2720428241
85.3351195162,80.293826955
86.9209488019,80.3037653606
88.5419395592,80.2507083818
90.9760659415,79.9613870074
92.4608615392,79.5885306514
94.350671175,79.2037651953
95.429725178,79.0730287718
96.5655744848,78.9072999189
98.4575989434,78.7071215807
99.8596277876,78.8154802035
101.949751387,78.9924463477
103.315636516,79.0614749873
104.415548028,79.0628692076
105.769224108,79.070342497
106.469733633,79.0802954214
107.59593028,79.1878775623
108.503955864,79.3406244466
109.577168912,79.5850332156
111.327415519,80.1804066092
112.422049616,80.6180762169
113.824951695,81.0599458812
114.665163228,80.889785452
115.453270623,80.4957311844
116.752544085,79.8797266588
117.679210939,79.5810539553
119.450478672,79.4028353068
120.688622893,79.2972649985
121.909261288,79.2187215458
123.732944705,79.1704679868
124.956911233,79.2693445627
126.214266303,79.5864709158
128.133558228,80.2301773627
129.335885567,80.8300672887
130.96977478,81.6810215381
131.917375579,82.0285608929
132.807393592,82.4087345238
133.961340485,82.4906562523
134.683570994,82.4495526145
135.835076471,82.474221741
136.761650461,82.4833624245
137.732659517,82.504090868
139.185344399,82.6648296793
140.1367072,82.6774442394
141.529161678,82.6291472397
142.361200581,82.5789684397
143.097948208,82.5450759255
144.192502593,82.6112263073
144.779941365,82.6384756957
145.40167549,82.872201563
145.729934832,83.0543498481
146.046851192,83.217886387
146.432369694,83.4387868621
146.758376551,83.581315327
147.261993806,83.7640322501
147.703265646,83.9040319554
148.247192762,83.9716325603
149.861228967,84.0465727489
151.645688447,84.0622768156
154.661788887,84.0437935289
156.625864819,84.0386054778
158.351731382,83.9640381568
160.602715045,83.7940909318
161.708059587,83.570678058
162.638236575,83.1665100114
163.568586257,82.853089205
164.016547711,82.6646874047
164.449212685,82.432799784
164.681910173,82.3021081451
164.958202222,82.2677672293
165.06036081,82.2211963095
165.170873779,82.0495991125
165.286000268,81.6835075613
165.298502866,81.4186798567
165.310654617,81.0356823501
165.310474733,80.6802833205
165.204859268,80.5272687338
164.9818521,80.2298922097
164.805242527,80.1733583662
164.652259381,80.033642208
164.480981292,79.8780392069
164.368623248,79.9049815094
164.27653841,79.9111202298
164.282014712,79.9318941656
164.288592702,79.9625339724
164.244579973,80.0430239872
164.223516816,80.0523957159
164.141492471,80.0829288486
164.048854504,80.100927045
163.886004613,80.115302654
163.476052903,80.1426726948
163.264820028,80.1839697974
163.098562394,80.2390279261
163.041238806,80.2738870443
162.983357048,80.3436859816
162.870735364,80.4832267706
162.773521149,80.5716108193
162.529456826,80.6684933934
162.318108678,80.7250469371
162.166314362,80.7570248609
162.005828205,80.7535882191
161.899528864,80.7228954914
161.764375914,80.6939178177
161.623565969,80.7146268796
161.491492341,80.6730194642
161.353867248,80.6172514924
161.305745209,80.5902554214
161.256407044,80.5504956869
161.135092916,80.4922494909
160.886801634,80.4162079817
160.438740144,80.4017480454
160.283766615,80.4478414252
160.060067319,80.4964768901
159.755426134,80.5531645987
159.386012068,80.5948403689
158.958041728,80.6972044461
158.630626852,80.7253622034
158.349424808,80.7644281759
158.016572179,80.8373141968
157.842866993,80.9000377805
157.669020765,80.8800767863
157.554303191,80.8446879715
157.488555893,80.7986017258
157.344720582,80.7023761569
157.232039836,80.6809494488
156.992906768,80.6734289318
156.763156364,80.7187733964
156.405692835,80.8439637994
155.815589127,80.9867869928
155.47095172,81.0803394121
154.974656391,81.3971116527
154.76554785,81.5898088877
154.689344244,81.6652852529
154.568180412,81.7667808888
154.214511808,81.7289945925
153.715015421,81.6425393247
153.577072507,81.60615753
153.439240246,81.6711632951
153.358036824,81.9325818759
153.259896002,82.2146795641
152.909060383,82.9439256911
152.559547409,83.5761292588
152.048371831,84.3711358485
150.925222254,85.7958913277
149.787466825,86.8246286729
148.544846615,87.4036426505
146.784169723,87.8213866324
145.755911101,88.0755682675
144.388458763,88.6468270414
143.459429994,89.0963062491
142.623740828,89.4350236366
141.272812108,89.8290467817
140.288766969,90.0141464656
138.769566888,90.2836432275
137.885096225,90.3205328814
137.07610861,90.3562715919
135.887486504,90.6081231139
135.066167714,90.8392332228
133.936279483,91.0873884094
133.136590038,91.161996301
132.345975276,91.2187659261
131.054634907,91.2671578257
130.113881469,91.3447837919
128.493838422,91.2959550275
127.261081691,91.2615347472
125.797422186,91.1431194502
123.381133572,91.0331256906
121.70163524,90.9937746782
119.204392657,91.0330788666
117.672509908,91.0950345186
116.276061637,91.1381560002
114.391066684,91.0833537188
113.382340829,91.0444320117
112.494398831,91.0447305804
111.28117592,91.2522821723
110.47794406,91.5343755445
109.314493693,91.9960360623
108.343207407,92.1956030107
107.294910137,92.227763025
105.434984465,92.3454459561
104.029702425,92.530621911
101.904114112,92.7190309436
100.464187887,92.7741398892
99.0542452929,92.8140644257
96.9901679219,92.7602438862
95.7042500973,92.6901191449
93.7813708405,92.7167402714
92.4671500449,92.7630873748
91.1390218695,92.8063797843
89.142155445,92.7194084207
87.862575295,92.6938012076
85.9390974652,92.6399283248
84.7809500562,92.6513391618
83.73217448,92.6627107212
82.3551038028,92.664581583
81.6105955912,92.6429976447
80.6022826256,92.5886894887
80.0622596724,92.6521541078
79.5327865303,92.6140296315
78.710956527,92.3799639089
78.1930109898,92.15385492
77.7199819999,91.9288008111
77.7840837641,91.8049783647
78.1853467098,91.6428396616
79.4078591129,91.3702042255
80.4339214836,91.045755988
82.1516072324,90.3315052077
83.401060991,89.8914609945
84.4513384329,89.3857745224
85.7356747863,88.4776141284
86.3639119632,88.036469738
86.9703772647,87.597561971
88.1891228426,87.1816934402
88.9315488734,86.9927858154
89.7364137208,86.5498582632
89.906182486,86.2278003774
89.9569688886,85.9289145712
89.806193884,85.7352040901
89.7308384467,85.735216374
89.5771474949,85.7249188133
89.4386514966,85.62837756
89.3652547305,85.388557193
89.1690446998,85.1380983153
88.856430078,85.0090537531
88.0315924703,84.7832966316
87.2727518816,84.7124779527
86.5090971514,84.6784429149
85.1567725013,84.6350359873
84.1886301763,84.4743338739
82.7035317228,84.1746072972
81.8659658942,83.9592391864
81.0437353229,83.7796483293
79.7620766482,83.5340987382
78.6794783025,83.2723037591
76.8342568583,83.0901236298
75.4335007401,82.9962928168
74.0345536026,82.9397141292
71.925881651,82.9151323308
70.6140586191,82.9779655749
68.6656162423,83.0563886065
67.3217099878,83.0576215945
65.9001935013,82.991519933
63.6554899135,82.9445556889
62.1075234567,82.8980711534
59.7832491524,83.0486240497
57.9407655693,83.2930737349
56.0396530702,83.4276185384
53.1248957617,83.4858509758
51.2543535524,83.4892423303
49.5777736946,83.5597721956
47.3260195568,83.5323339998
46.0828106548,83.3719482565
44.4655700764,83.2352467629
43.3500570397,83.1896756865
42.3436544529,83.0862186
40.7344988676,83.1321908206
39.5554400306,83.4622369182
37.7462754948,83.8231262889
36.4427344195,83.9335891146
35.1473309451,83.9915930933
33.3401358365,84.2671144227
32.2659595292,84.5391473488
30.8929716003,84.8432275401
30.0160525323,84.9877275713
29.1613055576,85.074936947
28.0414682794,85.0451776402
27.3751107543,85.0451294543
26.7064153653,85.123811932
25.6202532415,85.2451291332
24.8695709348,85.3730350605
23.6790062968,85.716774118
22.8302430997,85.9081347462
21.9811949798,86.0274680861
20.6067261526,86.0899418001
19.7526357784,86.1098734305
18.6356714447,86.0827454999
18.0464845415,86.0497278985
17.3374927736,86.0546792067
16.8864519152,86.0415144166
16.4969603054,85.9918114621
15.9601686943,85.8918789232
15.6075981903,85.8434532673
15.2135191687,85.7705951125
14.7040718733,85.6073853932
14.476911443,85.5998815452
13.9444785488,85.5865785767
13.6400742357,85.5416012042
13.407229848,85.5068475656
13.1090067022,85.4511182341
12.8813276964,85.4232411667
12.3977611418,85.4525506231
11.9643138045,85.4673599399
11.5136084919,85.5456960351
10.7332409541,85.7190197707
10.1851368753,85.8470868821
9.31704651108,86.0789100692
8.72609104189,86.2559985412
8.1533094542,86.3380693218
7.27313597734,86.3540051293
6.55906839062,86.2068303994
5.51378122436,85.9422778016
4.84277076622,85.8192532176
4.21701616905,85.7359518212
3.55543015502,85.6912186965
3.20947196844,85.7709108378
2.79286340982,85.7148225728
2.51120123207,85.6581815129
2.18367591136,85.5604484239
1.62142527821,85.3916139053
1.26136066789,85.2891178411
1.25288086788,85.1565827433
1.34418387722,85.0253509239
1.59344744369,84.8992369057
2.19953702466,84.6918704833
2.57760053001,84.5363844817
2.86534303041,84.3256556657
3.09434865187,84.1623959689
3.18343718506,84.0434877475
3.45802038102,83.7294133607
3.73539137073,83.5170387815
4.080224997,83.3456914776
4.69990435306,83.0750742036
5.18135669854,82.9260573434
5.71560579105,82.8496070071
5.98887435997,82.806767982
6.04947277822,82.7532005182
6.22908974599,82.8089196336
6.32561613653,82.83912712
6.36863784772,82.8753696153
6.29348474188,82.9088499576
5.98110726045,82.9516884584
5.30613117175,82.9752255398
4.92588532058,83.0304333048
4.45589905692,83.2323788141
4.20177009788,83.3782641465
3.93425085045,83.5247538651
3.51205150717,83.8509244158
3.24217638793,84.1121283623
2.9107219845,84.5481535471
2.7428807387,84.8676968724
2.59765664032,85.1848171195
2.47380015607,85.7419230984
2.41090694387,86.1197070948
2.35479865893,86.4150942693
2.22544536255,86.7392837328
2.10523555357,86.8396291112
1.89258419591,87.1787171234
1.82966949493,87.4167532939
1.76984994232,87.8166257867
1.73412980589,88.053539186
1.58652107493,88.0983806584
1.3045730302,88.0238145959
1.13293359217,87.9488320886
0.968901886018,87.9089050723
0.80780271308,87.8768994567
0.72772667537,87.8586282702
0.589054271453,87.867184437
0.448585487285,87.965521412
0.299319259895,88.0793923123
0.0985644661503,88.1538025305
359.923024601,88.1425515817
359.117660018,87.8705950933
358.175490541,87.5436059783
356.60078146,87.1562245968
353.232320433,86.3223559655
350.741094074,85.983098942
347.32626973,86.0607315139
345.598927608,86.3366376335
344.183963526,86.4154139465
342.755054737,86.7758970337
342.228397492,87.1374176375
342.001621237,87.5212313468
342.087727026,87.6845715194
342.013811263,87.8273426611
341.865649306,87.90231124
341.70801197,87.9205575039
341.397038681,87.8960527511
341.117740349,87.9364914976
340.792171224,88.0403390882
340.098347362,88.202948337
339.659999438,88.1873028035
339.001918298,88.0233987287
338.63294983,87.9709339953
338.417975424,87.9498220476
338.059907431,87.9047825621
337.827223445,87.861440998
337.465698376,87.6942032104
337.257970704,87.6115652755
337.125250342,87.5287141181
336.877679202,87.451368968
336.665442775,87.3973278784
336.498434851,87.3676102949
336.225949078,87.3354815355
336.105065382,87.3134196221
335.976956792,87.3114354683
335.929402852,87.3013440638
335.904771409,87.2806055956
335.924788944,87.2440043095
335.999500585,87.2092669302
336.243475792,87.1220244238
336.477526784,87.0502163882
336.815596936,86.9917918858
337.250130735,86.9139368893
337.588105706,86.8907226006
338.228889876,86.8280336139
338.624485908,86.774164752
339.07465906,86.7103420818
339.842478766,86.5338881982
340.460929901,86.4411441835
341.411518491,86.3560965969
342.126450815,86.2870725203
342.862189502,86.2027893024
343.99365329,86.0787424528
344.831278387,85.9893230861
346.178649896,85.9049665324
347.231810291,85.8694177654
348.483489365,85.8890245662
350.922878988,85.8482773681
352.824693361,85.734678479
355.029673304,85.6752923828
358.364088171,85.6250240038
0.489578114847,85.5846598966
3.24642772961,85.5031086275
4.78498447352,85.4094580427
6.16893351078,85.2741386435
7.98179996987,85.1046670867
9.05358207738,85.0737126806
10.5272607223,85.0361090899
11.4981153797,85.0169750626
12.4782873845,85.0348140106
13.9162375817,85.0658938676
14.980214606,85.045859298
16.6688703153,84.9964407916
17.9050233051,85.0125046705
19.2215736112,84.9932334601
21.2096473452,84.9928737793
22.5400186206,84.9737880922
24.4779625839,84.9467339382
25.7164964328,84.9712621236
26.9164636319,84.9760713707
28.708006488,84.9924641991
29.9073946428,84.9893844292
31.6439109812,84.9549486446
32.7399783707,84.9188660949
33.8484933479,84.883701987
35.4902121862,84.8555546686
36.5179815826,84.8357955344
37.9935356829,84.876275342
38.8811236186,84.8836890588
39.6854596586,84.9275106008
40.7764834524,85.0802906923
41.393477227,85.1913507591
42.3030477227,85.3570490587
42.8736660785,85.4215640993
43.4468768746,85.5275753383
44.3516015798,85.6903015663
45.0139802758,85.8548200031
45.8812222298,86.101535906
46.3967506833,86.2362661702
46.8800651971,86.354976452
47.3721051776,86.4931015722
47.551454856,86.5440669556
47.6972735207,86.5788288442
47.8276373868,86.6685204153
47.8223148146,86.7554813916
47.7913601108,86.8441612448
47.7463509007,86.8674453828
47.6601132806,86.8705231187
47.4699113708,86.8539126441
47.332167202,86.8746459469
47.1563287918,86.9392116889
47.0548939893,87.0039523577
46.9959518379,87.0548600513
46.9165435418,87.0842675853
46.8367946521,87.0908480645
46.6926773099,87.0725093233
46.6241365227,87.0855564119
46.5290451347,87.1323035264
46.3899109068,87.1896748099
46.2861932215,87.2254658181
46.1853657033,87.27278081
46.1188096023,87.3104575996
46.0807242983,87.3529474597
46.0531717882,87.4055487072
46.0537132997,87.4232612577
46.1011611804,87.4272325
46.1587344708,87.4183576363
46.2180859673,87.4249153841
46.2997751305,87.4339468856
46.3324871525,87.4162887844
46.3281170298,87.3976142602
46.2724932913,87.3469336976
46.2160497871,87.3219112704
46.1563382863,87.267505685
46.1308640023,87.2324394776
46.123909224,87.2163237769
46.13913956,87.2004732893
46.1368234137,87.1781970184
46.1193078664,87.1243352418
46.1057703915,87.077959235
46.0925152902,87.018877223
46.0996980874,86.9209796797
46.1141717455,86.8828882336
46.1671005765,86.8739417919
46.1755363539,86.8789832855
46.1675965425,86.8738679664
46.1422990201,86.8357034767
46.1286930366,86.8149170567
46.1340096454,86.7999108895
46.1449852112,86.7917826274
46.1554435348,86.7740332818
46.1698455291,86.7310059212
46.1766455056,86.7146126004
46.1737470422,86.6532548688
46.1682480425,86.6114578028
46.1480123432,86.5631246247
46.1606364168,86.509531112
46.1811805686,86.465724476
46.2414571278,86.3473074569
46.3194372991,86.2490791658
46.4255413415,86.1213090967
46.6479824428,85.8588934854
46.793563475,85.5772962443
47.0773488149,85.1580980198
47.2518144246,84.7302149551
47.4429635591,84.3828344898
47.7293535668,83.9253844074
47.9472564173,83.6912235548
48.1301749633,83.5252010095
48.4185975967,83.3535971537
48.5038437735,83.1913367903
48.5491716999,82.9809800044
48.5063267646,82.8464596875
48.4166362143,82.7161503121
48.2188316914,82.5334058256
48.036289738,82.4096071665
47.7913219942,82.2752169913
47.5525706712,82.2387760132
47.331624462,82.202534181
46.9606207793,82.1692548685
46.7260919897,82.0891472077
46.5532284978,82.0603279874
46.4816248403,82.0225266181
46.432618719,81.9914253081
46.4238237315,81.9210723249
46.471306841,81.8679236878
46.6856595894,81.8016211372
46.9001619875,81.7551982834
47.1247823217,81.702046007
47.589146731,81.540477036
47.8487809676,81.4657654293
48.3749028915,81.3535650792
48.8186607447,81.2742066858
49.2701250568,81.2153876326
50.03953249,81.0379274713
50.538977436,80.9329728084
51.2345593267,80.8163665393
51.6521240201,80.7608602917
52.0256534492,80.7138746314
52.3994941244,80.6916033159
52.6534415904,80.7084197409
52.9105004649,80.7322573493
53.146694165,80.8214770814
53.2883710897,80.8901055956
53.4754594013,81.0546431073
53.4979252736,81.2380312542
53.4161574909,81.4777509444
53.1693865888,81.7525292927
52.9597928731,81.905347254
52.7625927387,82.013608365
52.7186492187,82.1043976669
52.758463998,82.2638267465
52.9296248209,82.5420310913
53.052459742,82.6812779652
53.136274154,82.8408259585
53.1686349988,83.0202824126
53.0784618485,83.3252613916
52.7973926923,83.7865045928
52.591965877,84.0346012042
52.0497829708,84.6040642585
51.6074607963,85.0232357094
51.2124249043,85.3044297667
50.6961476718,85.5181031571
50.5756156073,85.5820292599
50.4470815804,85.6550718945
50.3170514203,85.7360544424
50.2412959324,85.7947557007
50.1338959368,85.8410026951
50.1451513168,85.904472747
50.2132779725,86.059307287
50.333376006,86.2347264376
50.5096386388,86.4553945984
50.7285903246,86.6586477784
50.9721940283,86.6690659082
51.4814160946,86.6488877075
51.9059958609,86.7094856574
52.3770835179,86.7703550828
53.1799331014,87.1366830837
53.7349013659,87.3462002632
54.2537239124,87.4945282939
55.0240642717,87.4763460072
55.5427599372,87.3921523796
56.4288700367,87.0608971693
57.0934530525,86.7387554505
57.7716930102,86.4705594281
58.6862159188,86.2929201783
59.258514891,86.1425638467
60.1613784327,85.767877555
60.7746787787,85.4917137517
61.3751586536,85.2488312254
62.3679308243,85.0322223467
63.0311250443,85.0391614333
63.9755169401,85.3444474309
64.4831876091,85.7732848561
64.817495909,86.0751865609
65.427867054,86.1332268877
65.8700055801,86.0222434469
66.6811870689,85.8914551404
67.252812752,85.9059157887
67.8652226109,86.0951318793
68.9269895033,86.3265266381
69.7542406293,86.4316562171
71.0695151125,86.5939909589
71.9045001272,86.69910339
72.6869014165,86.8091453324
73.9239113282,86.9254685195
74.6917833188,87.0053695111
75.6704050213,87.2047461602
76.2714267264,87.279596101
76.8524612268,87.3355909836
77.6865241736,87.4062028244
78.1944891882,87.492655208
78.8983641703,87.7419859671
79.2764207486,87.9508356163
79.5446613121,88.1932732652
79.6781824616,88.5414904897
79.6719735225,88.8056738578
79.5898329345,89.0970347203
79.2828391244,89.5059576501
78.9792677785,89.7364090917
78.3531725276,90.1435866282
77.9115632822,90.3623764077
77.4120938205,90.5722726676
76.669273829,90.7775891152
76.2236592849,90.8299865158
75.6702652019,90.7836920913
75.5078381528,90.7600883095
75.3938463563,90.7043381987
75.3437672294,90.5717238934
75.4305802516,90.4584461739
75.7580105604,90.2860985401
76.0690285052,90.1923456644
76.377179289,90.1536617238
76.6861932378,90.1177580359
76.8922971472,90.0734362499
77.2224185878,89.9701850855
77.4095157676,89.9467015674
77.505648036,89.9563664407
77.6026693515,89.9817954575
77.6454240408,89.9757981016
77.7028369329,90.0076422257
77.791835463,90.0674917739
77.9007305261,90.1231503026
78.1635274348,90.2496824933
78.2421055752,90.2537572022
78.2943929169,90.2173402808
78.4403877885,90.2997320451
78.5437451474,90.379231341
78.6566114537,90.4618432929
78.7063070724,90.481565077
78.7511366861,90.4763413758
78.7834001137,90.4762117912
78.7851436644,90.4893764567
78.7711797364,90.5196691996
78.7810290419,90.5174998811
78.809035055,90.4862511795
78.8419544397,90.3898201031
78.8587654219,90.3310751911
78.8895711188,90.2295736874
78.9440092192,90.1687228386
79.0010072497,90.1358078091
79.0817054079,90.0841222781
79.1023010095,90.0523673872
79.1140009515,90.0063596711
79.1290623601,89.9742549313
79.1513431286,89.9489676738
79.1935828148,89.9004602787
79.2144399797,89.8813224222
79.2060348894,89.8484622612
79.1621960258,89.8318214622
79.136155039,89.8211552883
79.1095828447,89.8272052927
79.1145667433,89.8324044264
79.1257785682,89.8238725422
79.1640439654,89.7890088922
79.2080489083,89.7553851364
79.2884742336,89.670410559
79.3533453958,89.5990576733
79.4407547129,89.5323138923
79.4933181779,89.4983088561
79.535437327,89.462558532
79.5833304955,89.3994345923
79.6030023041,89.35920907
79.6348658341,89.3236973206
79.7005060197,89.2656450985
79.7501618941,89.2557475975
79.8628574681,89.2444122379
79.9533283416,89.2294759319
80.0284738644,89.2014905537
80.1155783765,89.1906776268
80.115247023,89.1197804152
80.0301884973,88.8926358052
79.9773293649,88.8019543334
79.9701026614,88.7764085655
80.0371417298,88.8303601501
80.0979675624,88.8916827066
80.1643297361,89.0130029537
80.1635880319,89.0829923434
80.1480802537,89.1463883324
80.1087111977,89.1460521178
80.1078365347,89.1284243217
80.1840353676,89.105566504
80.2957682643,89.1035510737
80.4211461875,89.1154643509
80.5448403247,89.108550017
80.5947877819,89.1016913684
80.6281363669,89.1103544905
80.6214495272,89.1278385191
80.5889468484,89.1453594952
80.5114695771,89.1276578561
80.4142455153,89.1361588784
80.2686605767,89.1189913019
80.1530007196,89.122998685
80.0210005071,89.0871171456
79.7058751574,89.0636684874
79.3470039471,89.1255239706
78.586600074,89.2380742189
78.1128529039,89.2932437017
77.7708992082,89.2238214922
77.677752816,88.9097223601
77.7764473172,88.6083775333
78.1517266557,88.2244345913
79.0487098227,87.7903337774
79.7263981103,87.549241858
80.8173939443,87.1247123194
81.5241271848,86.9449896674
82.3554966988,86.7818128548
83.6866773384,86.6986916555
84.6521542294,86.7767584081
86.1978905018,86.8810351345
87.2997268612,86.8308329226
88.6108860161,86.6563585479
90.7233831015,86.5493630726
92.2326161141,86.4382236481
94.678032726,86.1028700245
96.4804280038,85.8281024588
98.2802587964,85.6845627138
100.832311118,85.8171498073
102.275210588,86.0100616686
104.147902708,86.3250190117
105.139122554,86.5302152993
105.845117449,86.7926122685
106.72222428,87.0953334079
107.318335645,87.1881434196
108.059312315,87.3617607563
108.543494397,87.3437574504
109.040708643,87.2812106066
109.815255284,87.2472650694
110.372346179,87.3447097298
111.223826436,87.5050262317
111.780467689,87.6723093121
112.283784557,87.8343694786
112.939080841,88.1552012587
113.374428423,88.2054574193
114.131837131,88.1600870463
114.683432561,88.1145904642
115.298194842,88.1394464583
116.267518752,88.2590058895
116.995554184,88.3132193078
117.743526014,88.3543154033
118.941456333,88.4095748059
119.770278296,88.4372908671
121.072307915,88.4202598867
121.960444192,88.447379678
122.85777015,88.4614795752
124.082574937,88.6147655391
124.887888575,88.7990615403
125.95662743,89.0730008557
126.65601599,89.3539122293
127.35056548,89.657557288
128.280145769,90.086231887
128.919331058,90.4009958423
129.727849662,90.8974692944
130.268435079,91.1459596198
130.734574795,91.4275919889
131.32485693,91.8440261016
131.646158997,92.0922662256
132.000031337,92.3801301666
132.271720155,92.5281330327
132.527375768,92.7015594492
133.088212917,93.0508315962
133.529871329,93.3013866488
134.319622892,93.6027191769
134.827835392,93.7361887812
135.385088622,93.9046420798
136.216832482,94.0466119933
136.703403768,94.0509375619
137.301437697,94.0217943121
137.666005703,94.0244979096
137.930692057,94.0664413084
138.167810879,94.1484424063
138.2498281,94.1973927868
138.304854208,94.2314233181
138.286406261,94.2809776727
138.216920673,94.3436766075
137.99792473,94.4514424813
137.812693529,94.5122980894
137.572703124,94.5391652664
137.082675273,94.5844621806
136.834530285,94.6042280496
136.301026719,94.6241864836
135.995397151,94.6294303452
135.651881711,94.6228274514
135.237841386,94.6147446484
135.0110466,94.5822638161
134.63348678,94.5602127649
134.402733006,94.5515720279
134.220046089,94.5358555154
133.891381535,94.5473309473
133.627921513,94.4905439032
133.25449157,94.3871273141
132.99209872,94.2934760244
132.818791332,94.259437724
132.550070926,94.2293828074
132.406118592,94.2259158601
132.255058572,94.2315281113
132.167399276,94.2517368526
132.113873252,94.2442922654
132.029059969,94.2371639818
131.971621853,94.2081199349
131.925093281,94.1616881729
131.91062646,94.1251831129
131.909861717,94.0766300567
131.921650263,93.9891401234
131.928749482,93.9367188833
131.93035592,93.9071430054
131.922497944,93.87355954
131.926331122,93.8568952362
131.931322959,93.8311874081
131.946024697,93.8090798938
131.971908411,93.7924399873
132.011718307,93.7630435268
132.018382121,93.7491790029
132.01893616,93.7248988928
132.012054472,93.7050663972
132.008279959,93.6837655121
131.997884064,93.6544387731
131.997532467,93.6471018963
131.997398827,93.617073436
131.996169245,93.5966459431
132.008774603,93.5652586974
132.053084788,93.5123864377
132.102052816,93.4743740117
132.176325027,93.4374154359
132.217104131,93.4135254016
132.24109157,93.3974933139
132.247198244,93.3690601959
132.241570723,93.3436077277
132.236616999,93.3280841423
132.248076846,93.3119482375
132.259007076,93.3086448034
132.272897297,93.291820185
132.273203255,93.2863108182
132.247390316,93.2757925437
132.232979669,93.2646622119
132.220293421,93.2509679329
132.229978393,93.2416222267
132.237814069,93.2347768501
132.251778073,93.2224367687
132.254380294,93.2165561596
132.253693428,93.2157653783
132.254678828,93.200512141
132.256823497,93.1814176403
132.267862476,93.1595964081
132.29514432,93.1390597945
132.320260155,93.1334226255
132.32834273,93.1147473754
132.319528709,93.0842946728
132.327067024,93.061189647
132.344067859,92.9908725589
132.426026838,92.8836488679
132.621829898,92.8056903311
132.812269192,92.7256989545
133.062837428,92.6504881651
133.43504161,92.5208954988
133.692995295,92.3898086454
134.131365535,92.1901222196
134.432076209,92.0354120522
134.750267764,91.857498589
135.253625214,91.5798095386
135.626276326,91.3668675937
136.164511644,91.0649186584
136.50691718,90.8586277878
136.92260372,90.6664656009
137.51742768,90.3484721745
137.903391738,90.1133824125
138.526905737,89.718757488
138.872852131,89.4614945999
139.270617082,89.1915512786
139.799789817,88.8284086061
140.114014633,88.5914691486
140.452167554,88.3226092531
140.906752527,87.9182230822
141.187140882,87.6037712939
141.550498693,87.1540562563
141.740379112,86.8415028661
141.864905232,86.5113451324
141.790808656,85.989405064
141.584242865,85.7310871151
141.215503933,85.3899876758
140.962839108,85.1540089576
140.763530863,84.9539063709
140.477720609,84.7422545193
140.401091691,84.5281314987
140.36642122,84.3272939128
140.399775385,84.1755167791
140.454120973,84.0330398595
140.585068006,83.7053497945
140.710961898,83.4916429445
140.988269682,83.1890002467
141.194599074,83.0824219993
141.361895936,83.0408436264
141.610905558,82.957343212
141.710649175,82.9235674406
141.870704764,82.84432578
141.956665164,82.8185037361
142.035753571,82.7819773757
142.229282771,82.7547659165
142.451985946,82.7361398136
143.058997435,82.7907033199
143.580890818,82.8908251523
144.096835263,82.9890998176
144.951199466,83.1185023441
145.464146962,83.1761394238
146.292498215,83.2736985084
146.902035974,83.2633193179
147.449691148,83.2460352275
148.034943172,83.1442917989
148.306211878,83.0219127954
148.413684478,82.9180248759
148.472554352,82.8211116558
148.453771725,82.7844500418
148.266211372,82.8229133009
148.090808186,82.9468653678
147.931521543,83.0233526134
147.764864837,83.0274129734
147.685991315,82.9770905476
147.68545066,82.7959546044
147.784820722,82.7121681308
147.946706748,82.6681932967
148.263192438,82.7157868509
148.494353536,82.7458618287
148.713065337,82.8204705444
148.824597236,82.7420404348
148.939633771,82.6094669362
149.019215379,82.6102744245
149.027975165,82.7121883292
148.874870535,83.0933088763
148.648881741,83.3740890172
148.456019855,83.5282638822
148.343544511,83.4445842791
148.289372468,83.2094231396
148.494676017,82.8094751626
148.793795336,82.5981717471
149.210381031,82.6035454143
149.656609673,82.7134838412
149.921785503,82.6072381211
150.360554402,82.6401184305
150.56909802,82.8159942084
150.698820095,82.8637013532
150.836386038,82.8398015991
150.970887118,82.8014321911
151.298084532,82.8481216163
151.574214354,82.988737504
151.9607872,83.0907111514
152.59263997,83.1320193818
153.025354787,83.1425485219
153.528086265,83.1087875038
154.427533598,82.9489402865
155.082634025,82.836713501
156.098559246,82.7068861736
156.773748667,82.5708594227
157.52699314,82.4294000688
158.595542702,82.2582410103
159.289081268,82.1829623146
160.309362725,82.2051369891
160.890255868,82.2683601526
161.478084591,82.3237673619
162.278475324,82.2892392883
162.816192422,82.3145475619
163.611911997,82.3562821492
164.139642889,82.3658675141
164.615186254,82.4504825368
165.195038787,82.5783481702
165.467893102,82.7213189781
165.715663935,82.8207223673
165.855562593,82.8773443571
165.930085192,82.9476097744
165.98020744,83.1970631109
165.909103964,83.528165609
165.616415723,84.0261099472
165.272355453,84.3793774166
164.951708898,84.5772010991
164.403178754,84.7407195003
164.065267543,84.7321851442
163.714023063,84.6690335536
163.233706195,84.5424729913
162.963484807,84.4897863129
162.535566975,84.4178130108
162.278487171,84.3863760374
161.879513385,84.3067020816
161.607607846,84.231634819
161.397869417,84.1865095798
161.045819413,84.0096272139
160.892988602,83.9414648589
160.757896102,83.8445862687
160.575899414,83.7032624861
160.487711061,83.6041608476
160.426617352,83.4998548562
160.403743966,83.4490599849
160.388759198,83.4388463235
160.391676848,83.4685989347
160.38174589,83.5100186537
160.349195567,83.5554266555
160.343639253,83.5797193327
160.350540033,83.5949710057
160.474884591,83.6027607262
160.573073033,83.5937787914
