181.794581874,70.8212381402
179.608855104,70.3304626378
179.495038029,70.2672557603
179.816825363,70.4181184297
180.664597272,70.6211667916
181.293439952,70.9373074797
182.050125423,71.4183166775
182.291241404,71.7283011582
182.137680066,72.9655752893
182.068400334,74.1097442605
182.230193798,74.6194824171
182.50864425,74.6041102827
181.870043374,74.7410704572
180.116842448,75.6572290223
177.136339758,76.6146072661
175.090920949,76.6476381447
171.533864955,76.8586021109
168.798722691,76.8643763731
165.812036554,76.9563145696
161.755127275,77.007158499
158.915148149,76.8814148605
154.836135251,76.8326401359
151.475306192,76.9824783618
147.440013322,76.9323813069
140.463772657,76.2327405121
138.20668619,75.5911666431
130.86306817,74.1574162884
128.083607024,73.4585023116
125.804481823,72.5002552222
122.30594425,70.9922899944
119.553702399,69.5411952186
114.779088661,66.8788307206
112.099587066,65.7179615518
109.714854829,65.0665869088
106.257905624,64.5841869487
103.986351431,64.3693175982
101.083567442,63.1168899571
99.5372368019,62.4194525707
98.2664624741,61.7848444795
96.5041008437,60.7747704773
95.3695184532,60.2601917086
93.6724348372,59.8403406267
92.3207872732,59.9727361716
90.5500048907,59.917860121
86.7368391803,59.3624966319
83.6941463177,59.2859541098
79.2569391981,60.0139791197
76.9563316707,60.2396543548
75.0253827009,60.3052905661
72.2735676164,60.3531892303
70.3860073838,60.3220482042
68.5351119849,60.6093089261
66.2665168666,60.9220022901
64.8829977665,61.3802780302
63.0660072128,61.6890993662
61.8515477613,61.94349153
60.6708239342,62.246179949
58.3914496033,63.0296713818
56.6526107214,63.4807764329
53.9875541307,64.0407177275
52.3095370771,64.3907101721
50.5639845004,64.6352035349
47.7189131815,65.0435032873
45.7989119306,65.2206309347
43.2486514191,65.6231069097
42.009914428,66.3047451965
40.8128268678,66.985477367
38.8670654465,67.7162574545
37.4012468383,67.9804730392
35.1497025549,68.4811272446
33.8914316914,68.8676799977
32.8390970033,69.2867501696
31.79437863,69.8367441069
31.3244430571,70.1181414533
30.4619667425,70.6775611036
29.4810263973,71.2958287901
28.1974977579,72.2484729248
25.9607483718,74.1955856417
24.5836699986,75.4882221016
22.4037854974,77.4416245599
20.6556186438,78.9250095185
18.6943010568,80.1933844844
15.0241106112,81.8536656757
12.8701522858,82.2189707397
11.2174369298,82.66921602
8.94356724964,83.0535976728
7.1333332589,83.3363915476
4.69563061904,83.4958871573
3.65055957648,83.1644083961
3.23207932001,82.9156543247
3.08420519156,82.2929361429
2.97799349094,82.2017478061
3.1919018968,81.7118228291
3.67766557378,81.2208886052
4.62878404791,80.804257214
6.06168868017,80.7160002553
6.92615082808,80.5120287321
8.00187440451,79.9376470514
9.42221255456,79.1038172998
12.2078345897,77.8349126184
20.8176213018,75.0247203167
28.7343276712,72.7217175117
39.4378925904,70.2160302174
45.6257394162,69.7113137506
49.8631172058,68.8356264292
55.1206614277,66.8744992032
57.4469011102,65.612013059
59.6093782231,64.5766449415
59.5327714597,64.5665171556
58.5382046758,64.6176644418
55.4145123302,65.0884854731
53.7237560883,65.3048394279
52.3980558754,65.6058390776
52.3623336334,65.6697964344
53.1376188814,65.599673001
55.7944882071,65.2179819012
58.06049141,64.7655428885
61.6991273801,64.0538471266
64.321116148,63.8772968202
67.0166438036,63.6800303186
72.0178350522,63.4420641807
75.6328967277,63.2397458391
79.479780625,63.495524516
85.3237409874,63.5985963295
89.1820684304,63.4585524138
94.4488223535,63.3210982028
97.6893652393,63.2292135038
100.76812098,63.2446021521
104.49673912,63.5008149059
106.799715301,63.7601235549
109.767039932,64.5307379081
111.462237772,64.827718531
112.75205436,65.1859220918
113.919195274,65.4738873845
114.391016879,65.8489216011
115.61766233,66.4931838523
117.21640346,66.9500580037
119.053423146,67.6416291376
121.492738545,68.7660112132
122.510752983,68.9144372801
124.165406019,69.5240824043
125.388678928,70.2034875847
126.75867108,71.3294431732
128.688780063,74.5888289598
129.957594858,76.1499405009
131.568091226,76.1727019271
133.163552284,76.429483669
134.688521226,76.9167332309
136.310128634,78.1104617011
137.150643097,78.8229630086
138.819665836,79.4842953057
140.192521093,79.9070065605
141.827285671,80.8339981268
144.681233848,82.551959081
147.026928136,83.7220961242
149.543850389,84.9752139266
153.843326672,86.6413090912
156.657292105,87.4263022728
160.852517937,88.403707201
163.382568958,89.0151036008
165.655848079,89.6099270826
168.745365181,89.7804140255
170.593021724,89.554670815
172.729144507,88.9690849953
174.277232095,88.5230785408
175.743877633,88.2807460406
178.221212174,87.4033857544
180.129466439,86.7767020102
183.587940161,86.2090454065
186.218602736,86.0115576039
188.745025307,86.1713653407
192.653103699,85.8869988641
194.938791484,85.6570635002
197.584923384,85.6453694179
198.983135861,85.3780748161
200.148324614,84.7605556768
201.234734058,83.5108687851
201.997259037,82.6277384048
203.158606791,81.5692703343
205.292515369,80.2978092385
206.475805582,79.9709921217
207.774728979,79.6446236492
208.128082956,79.6876972538
209.277024548,79.4969537523
209.717429558,79.3309192582
210.255601741,79.3359375035
211.443252261,79.3335327912
212.596831085,79.3376295709
213.880757993,79.2186455386
215.592950303,78.9046034554
216.507667292,78.6201443442
217.792741784,78.2366292371
218.636707371,78.0129942293
219.510736511,77.7589505793
220.840955511,77.5121203374
221.799521969,77.3225997035
223.530777862,77.0935445255
224.763522985,77.0915460415
226.043046629,77.0651362089
227.932836404,77.2243945638
229.06006102,77.3123982154
230.360423742,77.324794197
230.995235546,77.3266609411
231.52441634,77.3344132081
232.431473738,77.4417039272
233.223020524,77.6890007994
234.280223114,77.9582364074
234.826966981,78.0039615471
235.19520404,77.9946905573
235.292849162,77.9960881448
235.285433827,77.9933548283
235.26417578,77.9670526811
235.025148166,77.9578479564
234.905331883,78.0531044516
235.118339752,78.1102726544
235.373891968,78.3618280125
235.624769703,78.7079179674
235.842482755,78.7863441913
236.397318879,78.7758085725
237.538773138,78.5894645491
238.333044725,78.57704149
239.25735785,78.6722815947
239.661225062,78.9304150637
240.011097447,79.1714401491
240.523071758,79.6655388475
240.84216884,79.7897150081
241.155567514,79.8166700927
242.162804878,79.6701294171
243.126139756,79.5980834151
244.634993718,79.8564934772
245.469022798,80.010466348
246.305538208,79.9737530374
247.463393964,79.8338785271
248.250789026,79.8540934067
249.680180137,79.9499155931
250.684997783,80.1352031583
251.70445628,80.2950142982
253.319232927,80.2820257959
254.440344569,80.1847644606
256.055748531,80.2068542965
257.19247798,80.3564970512
258.388052596,80.4559889963
260.349744848,80.6947763535
261.770571574,80.7485158579
263.335400696,80.7138988759
265.779056133,80.4993874177
267.390904066,80.2818304944
269.875846298,79.9830787888
271.567666616,79.8949566545
274.094825436,79.8790149442
275.859361761,79.8622912327
277.637377025,79.7922879254
280.294294951,79.6218760339
282.054248593,79.4660021434
283.75032534,79.3109131863
286.220062791,79.2339049004
287.753719234,79.2964378575
289.883345235,79.4329341164
291.254246688,79.4636958572
292.58111445,79.5002649156
294.577672212,79.6092118083
295.943234854,79.675345218
297.766385314,79.6764020271
298.971798815,79.6470837312
300.213120404,79.4727014137
302.159347093,79.1715966932
303.463200506,78.9461050633
305.480708743,78.5725267711
306.77914749,78.1650260522
308.164956022,77.6631720099
310.30919735,76.7748432725
311.703947694,76.3939902031
313.604277986,76.215904665
314.731666292,76.3367936588
315.991395159,76.5730328576
317.852550705,76.9679372925
319.041280574,77.3156350382
320.711972464,77.7527038432
321.744720063,78.2121172014
322.679775365,78.8355883001
324.302620524,80.3571746183
325.738159791,81.7961105765
328.058078719,84.2599077574
329.513960487,85.7040449929
330.925067929,86.8129653016
332.736545909,87.4610848112
333.807068093,87.3200708781
334.978778987,86.4161917276
335.538317819,85.8923970035
336.186721532,85.535478846
337.359364118,85.302583721
338.147620186,85.1670072914
339.381516565,84.8338055456
340.163299806,84.5553572417
340.940966575,84.3222716071
342.048107391,84.1465140718
342.552456113,84.1656987675
342.911331587,84.2399463012
343.223332954,84.262395977
343.311261756,84.2635112024
343.513006302,84.1808371523
343.537639015,84.0895277292
343.474024943,84.0271796347
342.915488334,83.9236872081
342.440623304,83.9382635742
341.33458156,83.8404130984
340.427920971,83.7285680111
339.365388598,83.486803691
337.524199352,83.1969243698
336.138607008,82.9638720488
333.919775142,82.6201152564
332.547722381,82.3780819802
331.102997697,82.1193165598
328.753730636,81.7810923632
326.788954617,81.4093266452
323.494151725,81.0161534741
320.730081198,80.5051721625
317.972257688,79.9721719689
312.696315058,78.9872507621
308.816435616,78.536451999
302.361091679,77.6677027274
297.891223658,77.1622983949
293.594295275,76.8400102561
287.142510965,76.5490527585
283.366532074,76.6714827695
279.455184028,76.7193317013
273.631786893,76.769562887
270.207170034,76.8656762241
265.358194314,77.0201213188
262.293264687,77.0984916675
257.647080305,77.1076227131
254.222009835,77.1321133524
250.224761783,77.1679866571
244.013596567,77.2377463147
239.854058187,77.2006574694
235.984146736,77.2100450673
230.346805661,77.22366747
226.953122082,77.3230005676
222.027646235,77.6797396766
218.644333664,78.0543109165
215.215414919,78.5291722534
209.894198054,79.030404501
206.442637753,79.4253911402
201.252709065,80.124017795
197.699161053,80.652095452
194.163528486,81.1504385367
188.930926757,81.9216364267
185.601736921,82.2237249365
180.801006411,82.6322455618
177.653978399,82.8164710313
174.548869333,82.9696548611
169.996418813,83.1204352366
167.056847505,83.0970463262
163.090670576,82.8977281094
160.76785353,82.7497529579
158.500411103,82.5541475929
155.279726648,82.2319371841
153.000842882,82.0502670856
150.589660628,81.8284144354
146.966343544,81.3380965407
144.41883683,80.9147060303
139.760728314,80.0143949282
136.40679311,79.1832472346
133.549665847,78.7330822598
129.445203249,77.9924027027
127.04412386,77.2743564166
123.889664974,75.9962890118
122.094957297,75.1311250094
120.401576661,74.3374939916
117.792188507,73.0735336928
115.817687744,72.5287886263
112.807307462,71.5381970154
111.012575947,71.2006876714
109.283805165,70.9809591276
106.947547267,70.8798042525
105.383214513,71.0389280992
102.782494751,71.3731151654
100.843855915,71.4801786652
98.9256721898,71.516217914
96.1226195409,71.2909205103
94.3830478471,71.0647973585
91.6995748717,70.8147820886
89.924815914,70.7542419676
88.1263035334,70.8012772168
85.7159930919,71.0294061687
84.2491050425,71.1489711016
82.3131930785,71.2649333226
81.0589274014,71.4500552833
79.9078118857,71.7047361889
78.2003582161,72.3061286281
76.9846017377,72.7603992303
75.0024637251,73.3765697784
73.6276192828,73.7311770606
72.3103966279,73.9944883199
70.6237681928,74.2202431691
69.7739059022,74.4416988774
69.0936820816,74.6670589874
68.7097769088,74.9247411749
68.2904698536,75.1222311946
67.5145855227,75.3025820489
66.9073936099,75.274861936
65.8058094241,75.3758598986
64.9969847376,75.4123847349
64.1997762577,75.4815845925
63.0181600648,75.5255692081
62.1872110858,75.562389818
61.312645097,75.5161131155
60.018647629,75.2890569075
59.2527073318,75.2457951043
58.1982702134,75.2780541663
57.5396797305,75.1452695813
56.9321809415,74.9659989121
56.0347811367,74.4904044809
55.4099138117,74.3962292268
54.6479600981,74.5873463197
54.2595815825,74.752090687
53.7542053952,74.845314061
52.6880136541,74.6244210109
51.7099550901,74.3279609058
49.7957555772,73.8478457544
48.1290406289,73.663047398
46.0670782743,73.5234117285
42.9282790329,73.3570965788
41.4504978011,73.1496040006
40.425504647,72.9320692518
40.6353138658,72.8323939556
40.8863419744,72.646549677
41.0379888231,72.5866161812
41.2286156774,72.5070275471
41.3213298766,72.4515437875
41.4834681876,72.4461521421
41.559991432,72.5123502033
41.6522814649,72.6080835164
41.6720347206,72.6975446133
41.7417632763,72.8605804775
41.7790363381,72.9104996917
41.9361247824,73.0734563612
42.320066825,73.4084940362
42.6159979047,73.6574097373
42.9411282383,73.8991230282
43.6607919055,74.2698839536
44.1187993005,74.5462893213
45.2319473978,75.0007027092
46.2486343804,75.3571296172
47.4335150061,75.6019789462
49.1405870073,75.9200875489
50.2483095718,76.1723785306
51.6312163673,76.3336707047
53.0116519988,76.5401791783
55.6361711677,76.8169096497
62.7766821279,77.5501700325
69.2225133848,78.5712781742
77.993252439,79.7895176162
83.8151666167,80.1578036247
89.7679930064,80.5855741001
98.3536447228,81.1791979768
103.996254251,81.9034902236
112.439315754,83.0938175148
117.199142491,83.9380102327
121.371040546,84.7880315117
126.379476465,85.7148450481
128.856826056,86.1562437014
130.870415013,86.34129293
133.250647971,86.4584903905
134.729367571,86.6246630932
136.559808249,86.6924356272
137.731772152,86.8277534761
139.425388832,86.8502965073
140.452967099,86.8603662805
141.473424722,86.8165271653
143.031551186,86.715671343
144.207821313,86.699662695
145.240582475,86.6459286379
146.727776197,86.5670717929
147.63263504,86.5416893138
149.016862892,86.4087984011
150.048489187,86.3355085458
151.182776293,86.1831720406
152.96457893,85.9384795646
154.182646332,85.7805523081
156.016575476,85.5259473744
157.22005961,85.3501790696
158.317298752,85.1959734598
159.907592569,84.9664103699
160.91311743,84.8172477252
162.383669677,84.6057609714
163.423097371,84.5043713129
164.41586183,84.4229178215
165.961381292,84.3597777163
167.01201998,84.3338618213
168.646926214,84.3692684411
169.801714671,84.4493058487
170.972954874,84.5306431009
172.655036449,84.6685198382
173.799165079,84.7029987581
175.418646036,84.7848873297
176.453625999,84.8219642977
177.452575092,84.8986283013
178.69333188,84.9083228717
179.419613596,84.9311691247
180.260562923,84.7556432256
180.595818969,84.6372127863
180.778217279,84.5649688995
180.941704546,84.4946039919
180.986412626,84.3637333231
180.777771005,84.0318419531
179.630323386,83.0296954642
178.409456506,81.7351646213
176.303177176,78.4340500953
175.065630375,75.4456882639
173.993124185,72.6950455003
172.701717265,69.3898225304
172.03806871,68.2657094408
171.306646474,67.1927101563
170.881885666,66.7634532815
170.52656882,66.322728553
169.923280689,65.6612057184
169.38679003,65.2736481133
168.605586138,65.0239779382
168.1129251,64.8805903732
167.587804032,64.8535111633
166.957783794,64.853966339
166.545054472,64.9158611074
166.097018903,64.9801892755
165.786829746,65.017009166
165.372341475,65.2327654333
165.077082445,65.3924808814
164.682089592,65.7593371727
164.149156867,66.2837442708
163.759716442,66.7996220396
163.359200266,67.1897351513
162.906014281,67.7705079398
162.690221254,68.0405092566
162.494230427,68.4901806927
162.384746834,68.7220864484
162.345300597,69.2205291869
162.208034326,70.5219334214
162.258412178,72.0041853646
162.619211673,73.8995794856
162.972371113,75.1256920373
163.390633209,76.3088542561
164.19316676,78.1218911804
164.735104636,79.4127606788
165.242209489,80.4767835669
166.138827417,81.6870105874
166.697897059,82.2204192253
167.481925254,82.9284641137
167.895974449,83.2566309236
168.351219259,83.6525482734
168.924273581,84.1360082582
169.259348425,84.4257805455
169.506851022,84.6319364611
169.788434562,84.9556262242
169.824688472,85.0535741679
169.885973215,85.2398087445
169.934297545,85.3362529117
169.974827915,85.3363044064
170.04599998,85.321571935
170.184673849,85.1844056425
170.450339138,84.9243053525
170.63654552,84.7166751426
170.797774174,84.5694612156
170.913716387,84.3975138799
171.031806126,84.1951229265
171.549636362,83.7415585058
172.362011261,83.5349564857
174.862616662,83.4016667967
177.498160924,83.544787678
180.97813306,83.7353990964
186.221221731,84.4984215714
188.376302574,84.8525421786
189.796050706,84.9523454321
191.555791545,84.954992559
192.596551969,84.9491403337
194.452292156,84.92266367
196.100581705,84.8349673834
197.898694883,84.7441270311
200.560143383,84.443701936
202.27326165,84.1540052016
204.72410137,83.3190515052
206.310277593,82.3218171708
208.021811568,81.1817349516
210.784164518,80.0037963348
212.587539936,79.6662674295
215.297090069,79.2113816799
216.963489221,79.0986528821
218.605369258,78.9353137098
220.807114364,78.7293316835
222.196545521,78.6819339897
224.016061613,78.5849257949
225.174344785,78.590337822
226.209717214,78.6195846578
227.562744414,78.6880857237
228.39436091,78.673452643
229.635671356,78.6297051516
230.496270954,78.6060788282
231.431006429,78.5699306985
232.701978537,78.5356029165
233.554966412,78.5904776587
234.743017315,78.7077757705
235.48038929,78.7637976267
236.223531549,78.7960407015
237.449274663,78.8417707375
238.307143816,78.912612594
239.568253379,78.9365589707
240.219279803,78.9060582458
240.676280018,78.8905972872
240.772077099,78.8978709652
240.65344954,78.8705010271
239.230900728,78.6630764143
238.050579213,78.4536847443
237.183284891,78.3583197345
236.146582001,78.2567556841
235.824807345,78.3026683704
235.681952457,78.2283419537
235.567206772,78.1710764058
235.508077705,78.1321141362
235.365856161,78.1222966913
235.274249907,78.2003886958
235.130901742,78.2972741271
234.584479401,78.5484383972
234.152844844,78.6937416879
233.354920806,78.9536135917
232.839924359,79.097032068
232.336339564,79.2563979905
231.664542704,79.4661753595
231.074679528,79.5716092406
229.686567883,79.3841116652
228.891624196,79.2840524639
228.275691339,79.2005713085
227.76184514,79.2427521685
227.659883995,79.2752329026
227.661553948,79.2511674332
227.725019767,79.2616688395
227.846289732,79.2894328732
227.977799372,79.384009395
228.031589649,79.4480189487
228.01533602,79.5222642149
227.944837463,79.5810643808
227.862313986,79.611290389
227.648103882,79.6632822166
227.50008801,79.7074799455
227.32523415,79.7718124505
227.041258706,79.8533333788
226.917064463,79.8742245826
226.503523281,79.8478826201
226.079107086,79.7758063923
225.351767259,79.7921423339
223.300112372,79.723487723
221.33053209,79.7127457764
218.497361084,79.5056351081
216.50164551,79.4406694816
214.196212915,79.1482353585
210.888803633,78.8595467287
208.887880587,78.8901795699
207.212119354,79.1809615929
206.618566556,79.2979275702
206.45943748,79.4651649071
206.852429561,79.537397848
207.672323347,79.71523893
208.960781893,79.8844511903
209.682490645,80.0024127427
210.249442308,80.175509957
210.528283737,80.2753796825
210.485220135,80.2786288969
210.455979041,80.3058536902
210.326270282,80.3206608155
210.242605415,80.3309169113
210.137758271,80.3440182828
210.072548702,80.3793375006
210.038887392,80.42216758
209.928576995,80.4813004889
209.790001847,80.5046090626
209.538664821,80.4632955898
209.420459458,80.4272445955
209.317551009,80.3973031019
209.279177844,80.3710176313
209.281557372,80.3403274189
209.368357321,80.3258653224
209.472088099,80.3541973225
209.561633995,80.3720966806
209.731354711,80.5059981943
209.822215544,80.5667902075
209.932721405,80.638572239
209.969872868,80.680176132
210.130812015,80.7970348188
210.338100061,80.9338001513
210.586452495,81.0332836917
210.998260765,81.1023648371
211.263930034,81.1206153338
211.518865295,81.1098719386
211.87392469,81.1116897506
212.142912907,81.1405562497
212.683415958,81.1294921791
213.180141365,81.1850349944
213.846928455,81.2026627672
215.202513857,81.2102139221
216.249994362,81.2666073073
217.91092878,81.3314292673
219.149465636,81.3087276034
220.34332783,81.3606769456
222.022769862,81.3895946649
223.12655153,81.3981314531
224.544616112,81.3941791612
225.321457702,81.4362276285
225.930435757,81.4311874823
226.554947641,81.4498233335
226.800406174,81.4016048906
226.999977609,81.4000335399
227.16412461,81.4414321178
227.288153879,81.4811784043
227.343709508,81.5080724845
227.245588632,81.5154273355
226.832928224,81.5422776719
226.490117584,81.5965744593
226.229748536,81.6322658795
225.855753468,81.6023603117
225.60313282,81.5658848999
225.368769601,81.4943332367
224.993378225,81.3918235038
224.719111586,81.3717971986
224.348881493,81.3393357871
224.068008003,81.2978663634
223.797076226,81.2641877257
223.148801742,81.1903842675
222.776704186,81.1920969843
222.147763792,81.1912856923
221.659090053,81.1968204481
221.162399598,81.2393974758
220.205404501,81.2837994287
219.437906939,81.3888542548
217.852373239,81.4799621977
216.316938602,81.4721659586
214.614538182,81.3607634706
212.057926035,81.1887378098
210.356648187,81.007132316
207.894647029,80.795098716
206.425289499,80.7601818485
205.050257714,80.6873012028
203.112795185,80.696470008
201.77624457,80.7020283165
199.964669417,80.664655739
198.60207747,80.6516448828
197.13592381,80.604066363
194.418714027,80.6455218867
192.208071783,80.7072216242
189.681295448,80.7969634538
185.229354194,80.9898582763
182.071942681,81.0704365992
177.040821101,81.347442428
173.595169892,81.5324742988
170.411423529,81.7195801556
165.747143899,81.9320327137
163.002345242,81.9855964724
158.946266262,82.0445131822
156.40920029,81.9872508118
153.822221282,81.9247806619
149.794077141,81.5762175581
147.306889685,81.2363425058
144.437000897,80.5505126032
143.001821745,79.9071271538
141.274733153,79.4048253401
138.229981056,79.1481710805
136.158091077,78.9788078572
133.108579214,78.569705686
131.234966665,78.432987059
129.663272289,78.3258695794
128.096312319,78.5091791418
126.909540851,78.6373678917
124.737469208,78.7102613677
123.023336386,78.6868186956
121.169366543,78.6117807177
118.456673555,78.4815434002
116.650408637,78.5457777367
114.84630861,78.5767561028
112.288430868,78.7652199232
110.758037064,79.0148611822
108.722494329,79.5811928523
107.385919315,79.9199693745
105.467398116,80.3467435973
104.171123575,80.5336248314
102.827573897,80.7479136642
100.755701506,80.9842227353
99.3256407293,81.1287975356
97.0003945207,81.3072797081
95.4519427458,81.4467262066
93.9269791466,81.5681239152
91.5257290287,81.6403114948
89.9874996511,81.6133082655
88.4285903073,81.582036136
86.1387035983,81.5049437435
84.700409446,81.4517169727
82.5342696499,81.2747545102
81.120648719,81.1745434898
79.7693476133,81.0455573311
78.0651252904,80.9684642707
77.0975232663,80.9676454814
75.7547079979,80.8911544752
74.8036686825,80.733520846
73.7118743011,80.5142443513
71.8809299768,80.1094887265
70.5683960503,79.7730378618
68.4821859471,79.0020921164
66.9189503565,78.4060327331
65.2315008001,77.5784609311
61.9879955019,75.3747454974
59.1822856421,73.0695103529
54.7606043242,70.8593502369
52.0508929007,70.071395471
49.5792640736,69.2728363192
46.2500265138,68.5505919148
44.4625291258,68.0954061706
42.744526838,67.6632148241
40.2761379297,67.7673137599
38.541409561,67.846553136
36.6199468742,68.4344546585
35.7855168815,68.7763388345
35.2219583908,69.1671852829
35.0353248925,69.2686524181
35.0862559858,69.352337158
35.1888166217,69.480731765
35.1848241917,69.6725399451
35.0718646221,69.8274153477
35.0466485697,69.9048237907
35.09256928,69.9711978002
35.5255611674,70.0690066673
35.8551324213,70.0960462929
36.3070980439,70.257134222
37.3673823621,70.4551504864
38.4744949575,70.8853826914
40.5209247717,71.356302507
41.9328995268,71.7471261966
43.467245605,72.1662025124
46.3642395471,72.8755590816
48.4851272499,73.2044622315
52.0832433491,73.7195820693
54.0647111989,73.8321392497
55.6101922844,74.0653478281
57.6568416211,74.2223322272
59.6663721272,74.581352478
64.5603068597,75.7703466369
68.9747599208,76.9297746368
74.4668564498,78.3167119315
82.1331206454,79.9586160468
85.8005520281,80.4810082258
88.7851036152,80.6547551495
92.7306346869,80.5968277076
94.9166190337,80.4662027957
97.9503994067,80.3369209871
99.9134506121,80.4075164579
101.493259723,80.575400383
103.998254941,80.9585332948
105.575038877,81.1654285734
107.555768143,81.3416877612
108.785361262,81.4720368654
110.213334514,81.4898559856
111.167222793,81.5424047335
112.099896591,81.5789396408
113.550326051,81.4808501973
114.553878559,81.4312944605
115.624417344,81.3826194613
117.338647376,81.3342185742
118.534087404,81.2919645328
120.23145444,81.2811989584
121.346629546,81.2564088496
122.597089599,81.2295283756
124.937941049,81.2357434641
127.157950608,81.3688147652
131.456696455,81.6080038145
134.549653894,81.8121944357
137.724690959,81.9871513759
142.527945853,82.202562614
145.757866143,82.4282515256
150.631210103,82.7168912465
153.851634111,82.9882383634
157.007575151,83.1516240067
161.288759557,83.3082533346
163.882619941,83.4013691529
167.28597388,83.4416279035
169.444242633,83.4852185824
171.37769777,83.3750405413
174.362934047,83.3023950319
176.338248429,83.2397428984
179.408449763,83.1589609975
181.456879314,83.0222449794
183.485859142,82.8806213703
186.536594509,82.6584924552
188.525199426,82.5097821557
191.5489463,82.3460963347
193.550068951,82.2862700963
195.338238992,82.3364135018
197.496291096,82.3328212767
198.532134173,82.2252810405
199.28521481,82.0576542441
200.041881761,81.8418134419
200.281210022,81.7540358146
200.327411068,81.6265449463
200.304665179,81.5302198268
200.402058958,81.44543475
200.626891481,81.3538459077
200.786923044,81.2727022335
201.134006292,81.1863881397
201.402892862,81.1664137163
201.731391678,81.1842027019
202.044622795,81.1649227811
202.208498511,81.1424378134
202.363248042,81.0998775919
202.424916121,81.0616023595
202.46005484,81.0024950168
202.465857703,80.9598320148
202.462206334,80.9200060034
202.429243093,80.8473152982
202.409677962,80.7973269316
202.386283197,80.757329393
202.327079831,80.7584683037
202.211195934,80.7637776608
201.960455408,80.7286876003
201.801920496,80.6431196498
201.74583219,80.5598529776
201.691269672,80.419513391
201.679166544,80.376172849
201.633845562,80.3142976457
201.569176801,80.2717485104
201.470124118,80.2219159509
201.398163025,80.1606026527
201.373992182,80.1346437752
201.349841269,80.1000477209
201.321866686,80.0968336069
201.270707394,80.0777202426
201.110199807,80.0081242287
200.993189791,79.9627696449
200.83023998,79.9214799705
200.586900717,79.857925817
200.429079038,79.8112078259
200.25106252,79.7329848624
200.121163158,79.6578018754
199.942428324,79.5694834352
199.721048748,79.4608262687
199.590420767,79.4005790007
199.408852385,79.3149476812
199.313229946,79.2697795554
199.24852604,79.2476149083
199.11192168,79.184749299
199.078101119,79.1624453779
199.053776936,79.1049492427
199.074070154,79.0931379545
199.120072308,79.0845712777
199.189972633,79.0332702965
199.231027653,79.0021413135
199.233374701,78.9642242242
199.189483865,78.9578944865
199.169355753,78.9502096434
199.126886079,78.9483386443
199.097122025,78.9325524533
199.057134887,78.915927557
198.987780728,78.8759163285
198.959554854,78.8616012318
198.880732554,78.8246565189
198.80618446,78.7858262098
198.688565772,78.7349814275
198.611607159,78.690065087
198.545145131,78.6480426777
198.409879812,78.5698079567
198.336058053,78.5350615853
198.282803585,78.5268950419
198.256153935,78.5017605296
198.265286382,78.4768211533
198.282904945,78.451183044
198.28057008,78.4517875004
198.252884531,78.4567554077
198.190030286,78.4371049816
198.152585725,78.4222701879
198.138144308,78.3911117346
198.164078889,78.3665093802
198.188494602,78.3443991427
198.27282725,78.299116138
198.339266849,78.2841379055
198.547095889,78.236993798
198.751815747,78.2248626313
198.876091494,78.2005181571
199.003878886,78.1427941959
199.039736334,78.1037196044
199.045301022,78.0166462661
199.009738946,77.9861281034
198.887336979,77.9332867454
198.288469503,77.7008542039
197.80556947,77.5458939714
197.284683746,77.4123670676
197.183332228,77.315437161
197.091836215,77.1895046484
196.96126693,76.9208827392
196.829492752,76.7042799809
196.602965191,76.5106666565
196.407386304,76.398641256
196.213192782,76.3361509105
195.700121951,76.1673946701
195.291116148,76.0571175568
194.843352174,75.9491537136
194.247121059,75.8286906775
193.945535061,75.7478128707
193.722402088,75.6172527592
193.592461428,75.5360043177
193.457406106,75.4714206243
193.31298029,75.3517954302
193.173480733,75.254766272
193.00260559,75.1810178904
192.863718748,75.1607988569
192.748702958,75.1493541627
192.614386394,75.1316953891
192.541224384,75.1179541774
192.419450437,75.0802681352
192.354509869,75.0405840873
192.248413229,75.0240381158
192.099438523,74.9912599413
192.015527948,74.9823274688
191.938555722,74.9696576378
191.925716248,74.9550667378
191.920514179,74.9373768663
191.877232639,74.8959552964
191.801289865,74.8469210419
191.658347335,74.7750112885
191.524348398,74.7342286422
191.424716718,74.6924854732
191.319608027,74.6080644573
191.329121172,74.5682322832
191.47910175,74.5444688542
191.810293161,74.5597725129
192.127501755,74.5411422316
192.527439805,74.5024002291
192.990591858,74.4015558048
193.876132157,74.2122054796
194.932000458,74.0737685669
196.658729378,73.9747431179
201.170376408,74.28478745
204.355682793,74.7082988479
207.423201646,75.1384336045
210.836271367,75.4135862121
212.31020383,75.4804916917
213.881316004,75.3586572494
214.634946527,75.1815501295
215.26542261,75.0185991181
216.394702928,74.8617628523
217.163342026,74.6416516724
218.09998509,74.3220626485
218.279761401,74.2102688402
217.581846962,73.8968180685
215.238961906,73.1939902287
212.980944681,72.6696528102
208.70591595,71.8823737039
205.492120244,71.4129673383
203.000762471,71.2115429416
199.720580705,71.0464438536
198.172278905,71.0177933551
196.244495161,70.8081313401
195.083447935,70.6070753845
193.933649114,70.4304603867
192.342885436,70.1256959786
191.463734361,69.9706783932
190.199744224,69.6800658505
189.294383415,69.4990208225
188.257353977,69.3747357985
186.757166935,69.2302538962
185.772598182,69.1831862709
184.562581885,69.1138941491
183.861779722,69.1263151759
183.175100859,69.1886284181
182.288013878,69.2727071824
181.604118434,69.3289746797
181.03613444,69.3166468925
180.218153563,69.2731126568
179.656615046,69.2747389822
178.994754284,69.335196949
178.612291564,69.3383724142
178.201809504,69.3383922487
177.600056897,69.3275150573
177.174698769,69.2927707699
176.516278712,69.2758158439
176.046114148,69.2433216063
175.543986819,69.2849027382
174.755871073,69.2534907764
174.293420393,69.2982318874
173.528806088,69.3054181559
173.091021338,69.3346704207
172.679351703,69.3789662213
172.10936696,69.4891722458
171.738757774,69.5467734896
171.141972419,69.6524808455
170.756253734,69.6811868756
170.373481031,69.6901636776
169.781554854,69.7136691848
169.392256948,69.7232849603
168.761378432,69.7479370674
168.356924336,69.7481619683
167.945427519,69.7544995258
167.456969096,69.7489554398
167.146555752,69.720615723
166.748810026,69.6783957787
166.132878979,69.6402115981
165.670365027,69.6310875181
164.990024658,69.5544495784
164.547179944,69.5315369343
164.171605876,69.5221379021
163.631917964,69.5562042904
163.243939392,69.5856909675
162.683415642,69.6602961663
162.342748349,69.6743010742
161.970212572,69.6880308506
161.34735922,69.6792572921
160.869127694,69.6480898553
160.133980831,69.63394825
159.631582868,69.615232498
159.124112935,69.6226363163
158.333383344,69.6146685211
157.785959421,69.5915456583
157.104868678,69.6104694356
156.611844839,69.5907204086
156.128190671,69.6538523853
155.459768278,69.6751029524
154.986227003,69.6782082789
154.263795589,69.6683599215
153.755429706,69.6614535553
153.123622649,69.6624560346
151.797216881,69.5837115986
150.686562496,69.5630874914
149.018764309,69.5105488366
148.252356823,69.5608243012
147.677714729,69.5985064057
147.057233548,69.6673741616
146.486945353,69.6521152109
144.846135223,69.4953691081
142.884992673,69.268115917
140.756964646,69.0302429154
137.621150888,68.6911871888
135.746843858,68.5552343031
133.208348097,68.4575972987
131.900209727,68.4572121585
130.86178274,68.4523728473
129.516469622,68.4132133089
128.363740947,68.3920435937
126.346528544,68.2720876156
122.533504209,67.8912592755
119.721127501,67.3913165487
117.18006481,66.5834493453
114.139620448,65.7263698342
112.508714248,65.4601761287
110.714257134,65.460969448
109.328867936,65.6293888205
107.631091562,65.7606135058
104.079369785,65.6714966192
101.381352102,65.3764516698
97.6823278027,64.9234200846
95.5679769077,64.8038804185
93.2669142324,64.7687209663
92.4076134836,64.8237912895
91.8934958849,65.0234609706
91.6910543699,65.2177942979
91.3957979594,65.2117427349
90.4186162471,65.1496496827
89.3098632661,65.0595852639
87.9323175542,64.9636301527
85.3486762998,64.6522464821
83.5934217623,64.4743308431
81.0720416141,64.2237566126
79.8472257964,64.1028476134
79.143959072,64.0525599861
79.3020374762,64.2139058887
79.727709409,64.3486474726
80.0730356936,64.4347293332
80.3222692525,64.5571964189
80.4130749322,64.6129858375
80.6286266715,64.7508465534
80.8410101073,64.8782484395
81.4066752532,65.1517658581
81.9485411263,65.4813787623
82.9125375591,65.818175043
85.0536132975,66.5832645955
86.7850424938,67.6274244585
89.1137846795,68.4144785952
93.2619227186,69.4972227457
96.2730130323,70.1022003662
101.610875954,70.9293542667
105.185124917,71.6522456328
108.795873558,72.26344878
114.026595327,73.2535720185
117.143695705,74.0235260476
121.497472576,74.9520859109
124.127302284,75.4132157771
126.358550364,75.729283425
129.400033264,76.1045059083
131.318411204,76.2938720506
133.550807385,76.6021641502
134.69226614,76.8167118415
135.699742575,76.9550408839
136.910377195,77.0928093904
137.478765157,77.10170972
138.29299223,77.1348588944
138.789975261,77.150487547
139.236815543,77.2067192788
139.9402947,77.2738436643
140.377782945,77.2747102086
141.125792893,77.1543612414
141.644757059,76.9963520959
142.178306244,76.7566968949
142.997700272,76.5829481309
143.479716776,76.5038437919
144.192053676,76.2391124928
144.612006425,75.9537804208
145.073830487,75.7576391519
145.613719701,75.4131837537
145.799175996,75.3821954415
145.950036308,75.335400873
146.257175469,75.2703143473
146.401402596,75.2024949974
146.592061311,75.1435640401
146.665481866,75.1055788282
146.718135166,75.0859891149
146.771299541,75.0868370056
146.800589199,75.0932400812
146.870450189,75.1097366901
146.949547851,75.0999339893
147.067255035,75.0818702534
147.286176703,75.0522949267
147.412407618,74.9949005591
147.630302215,74.8214992528
147.727384182,74.6026780391
147.838723316,74.4189850958
148.15072247,74.0329074572
148.334696724,73.8204082637
148.666802597,73.242826557
148.867975684,73.00311081
149.02528257,72.8996212999
149.226758056,72.8152748345
149.34741928,72.7911588758
149.666016119,72.8340759196
150.331468646,73.1184796196
151.019804346,73.318963974
152.138131754,73.7087226086
152.920759851,73.9422888661
154.005969047,74.1881433543
154.715625942,74.3541854232
155.22583409,74.4815018101
155.680286143,74.6452771373
155.686887488,74.639387972
155.682816604,74.6312759396
155.641377177,74.6448859258
155.619148745,74.6421309658
155.575931547,74.6508431802
155.54571487,74.68293296
155.53498123,74.746707565
155.557853401,74.8953044714
155.652982582,74.9845566228
155.842452473,75.1296968126
156.027929985,75.1884200088
156.245343195,75.2649099044
156.561375377,75.3321025208
156.693386454,75.3685759521
156.811114799,75.4344600378
156.847198435,75.4718532561
156.851628355,75.5023480494
156.873667872,75.5335424379
156.905058258,75.5485022896
157.002270804,75.5725245666
157.064993439,75.5862711592
157.119442513,75.6231629612
157.169697343,75.6715260328
157.212035661,75.7053381919
157.299269556,75.7419769204
157.474229012,75.7451850474
157.77411563,75.7296252525
158.506537095,75.6359135403
159.0296726,75.576969634
160.038729093,75.5631971807
160.882118313,75.6509607975
161.812266138,75.7154631366
163.330777952,75.8341086048
164.413258748,75.8647356429
165.945344405,75.8701223244
166.95702304,75.8292056173
167.978296064,75.8784329769
169.564695073,76.0052686968
170.737352536,76.1082788177
171.917878592,76.2507133678
173.663447756,76.4379804663
174.794093248,76.5771771178
176.376890496,76.7306705504
177.13839932,76.7239438317
177.667778416,76.6367749541
178.175252172,76.5858732442
178.293834826,76.5621237745
177.099376029,76.328806768
175.406901204,75.9901783125
173.642380951,75.7488469182
171.232434658,75.4724303058
170.298799987,75.6416129568
169.366318266,75.8146311991
169.235424603,75.8661083173
169.353626664,75.881225871
169.967987761,76.0184299558
171.005930166,76.1215311709
173.283284654,76.1800077151
175.331267218,76.3742415112
177.688562678,76.6227971975
181.012114666,76.9696479418
183.053736326,77.2911143418
185.006040292,77.4380116035
187.380714844,77.5478952874
188.690260296,77.4357685911
190.052051956,77.3058007297
190.671340037,77.2350526619
191.25962009,77.2195901793
191.615377433,77.0852006466
192.297468054,77.0165570972
194.040390299,76.9721017407
195.673958058,76.7749620382
197.467220194,76.3907999724
200.201467153,76.0187056972
201.998823597,75.606914044
204.637220092,74.7493515302
206.612489162,74.2568082427
208.27715577,74.0746065058
210.639284532,74.1450357701
212.187002915,74.1683402702
213.7337372,74.264948258
215.866939235,74.3411047171
217.2197915,74.3346937819
219.417927478,74.1390151704
220.800869176,74.0083255824
222.662101781,73.8374908325
223.903911991,73.7148783521
225.096152439,73.5608418187
227.439840295,73.1305973569
229.430402934,73.0233619027
230.974956548,73.0869423699
232.46879786,73.0027461448
232.983413823,72.8338836279
233.56586291,72.5404861645
234.144238207,72.290799183
234.926856255,71.9464947299
236.585886253,71.1371379934
237.937898055,70.4878960866
240.039178856,69.7894621135
241.668648879,69.2792808577
243.994901712,68.8540302482
245.183091569,68.7876881496
246.137975063,68.7988284112
246.871464347,68.8573838239
247.081036458,68.8416343725
247.37279854,68.7284991999
247.904178069,68.5503553249
248.032733798,68.5282111429
248.038617984,68.570798421
247.174881432,68.6346011384
246.073841605,68.5425270578
243.89477921,68.4017168167
242.102719373,68.1559312638
237.036672168,67.6396597386
230.143610494,67.0377152669
220.839788995,66.3075840805
205.932308164,66.2506491301
196.653159965,67.212649765
184.614869171,68.7527562286
178.840769128,69.8620154907
173.974601849,70.936043292
168.787648521,71.9647930678
166.718368549,72.3657155698
164.758751321,72.8995194729
164.253801636,73.1029849975
164.039099344,73.2161047723
163.457023409,73.18793498
162.58275599,73.0967491101
160.054414992,72.7276223767
157.347579007,72.0850490452
154.153271385,70.1131201869
150.203582223,65.5145279901
147.558833199,63.3710065244
143.787516429,62.1237630506
141.177255508,61.9460219091
138.303282062,61.739406335
134.10336886,61.8748102979
131.451908478,61.9631898813
128.082011952,62.1623476756
125.994451679,62.3546558533
124.149558257,62.5484427952
121.390385632,62.739124779
119.557097774,62.7308549393
117.745663093,62.7462096521
115.033541544,62.5425863895
113.382017941,62.3143966585
111.20243046,61.9199974262
109.759412935,61.6996452736
108.300530056,61.5100249204
105.904525338,61.3641802262
104.315015234,61.2574744058
101.950180987,61.2998274516
100.559195578,61.3480415091
99.1900566481,61.4224718621
97.3928700804,61.4327697932
96.4058481823,61.4333207535
95.4478336008,61.3322118573
94.9509284547,61.2750007142
94.5465762912,61.1514636301
93.9283262133,61.0827869202
93.6021960844,60.9762886714
93.2910651076,60.9976574272
93.2286980987,61.0066472339
93.1447473594,61.0696695017
93.0951253337,61.0902962687
93.070982308,61.1050606213
93.092658233,61.0944327695
93.0650576201,61.0941786674
92.9560228253,61.0588920722
92.22186994,61.0023166109
91.9286204598,60.8562501262
91.7050207834,60.7642345708
91.7450001563,60.7935196311
91.7425482802,60.802551449
91.7465054213,60.8995732522
91.635261084,60.9879035416
91.1735185027,61.1022657637
89.9710503033,61.3072276688
88.877758597,61.4309068119
87.1658197679,61.7431771729
86.1530917528,62.0078157521
85.264522204,62.2342409875
84.4410013684,62.5814110077
84.0778785523,62.7992931518
83.4523988299,63.2361412465
82.8641495877,63.5242753372
81.9419173486,64.1118719416
79.8844689216,65.5961165559
78.4715006177,66.7775973493
77.8553023137,69.524587539
78.1940530012,71.117631922
78.8386752183,72.0397734614
80.2880632321,72.5015932971
82.0461280342,72.5185066358
86.5820488887,73.1280439753
91.7560292552,74.0702434269
98.9430087152,76.4017750384
112.268156159,79.8521112772
121.119548029,81.4243220178
133.214788039,82.5430694588
139.879344609,82.4354013031
145.304696998,82.6536060978
150.354757015,83.4741301128
152.899220755,83.5561221793
155.322587319,83.2675751887
156.899871017,83.3686482303
158.343701778,83.2829323127
160.394702929,83.4031551586
161.954493239,83.5083746842
163.493576345,83.777067533
165.718516396,84.0509068589
166.74751935,84.2564408978
167.964293437,84.2984593045
168.702824949,84.238058434
169.480963643,84.077457265
170.514195691,83.7381845726
171.256363972,83.5026250086
172.188085434,83.2821990081
172.868705996,83.2526409181
173.359501075,83.2389907809
174.084642022,83.2261830462
174.459954047,83.1199808372
175.153698137,82.9349585395
175.681709622,82.779548101
176.227337168,82.5507972777
177.094201858,82.1350139558
177.822625717,81.950695946
179.034701794,81.6807247982
179.955366785,81.5825504677
180.840115222,81.3969620104
182.350298844,81.1211880486
183.537923722,80.9678491782
185.318419845,80.7619846977
186.487437892,80.6350597621
187.597092309,80.5387526274
189.189410291,80.4982984291
190.084476937,80.533332164
190.869184101,80.5971250957
191.603145389,80.6056756852
192.252908478,80.5107701568
193.548801268,80.2898200345
194.1286452,80.2031030874
194.805800413,80.0709124372
195.767220272,79.990831164
196.424175213,79.9115498519
197.372219141,79.7943390524
197.962747021,79.6792760089
198.781191261,79.480956782
199.133173695,79.35926789
198.983930829,79.3456606098
197.005379655,79.1676925401
193.408829329,79.2100694993
187.509557675,79.2059088436
177.760352388,79.3397454753
171.521329982,79.2402597315
164.667710315,78.8623493085
161.584400277,78.5637476806
159.043500355,78.2103284161
