179.58069565,97.9990156958
179.857265822,98.4044822394
180.060984872,98.698288902
180.323414344,98.6785375738
180.542022734,98.8723547775
180.809593507,98.8084202667
181.076885152,98.7695075931
181.315030365,98.6897765369
181.504340554,98.6276259845
181.939603592,98.2402184577
182.238979509,98.1002339679
182.92869336,97.8516976929
183.428469478,97.7052756874
184.021177531,97.5838156708
184.920739648,97.5463531722
185.617708303,97.6110796588
186.632448519,97.43507695
187.30534175,97.3900318466
187.909347228,97.3210560268
188.81547207,97.2819952042
189.469990227,97.3438776468
190.5625548,97.821965465
191.339974678,98.4161017371
192.270794081,99.0536412885
193.752112774,99.8954310999
194.707090076,100.50745752
195.577794836,101.263666429
196.671035491,102.834597106
197.258950954,104.17048739
198.219836657,105.794856375
198.914523324,106.440569436
199.442723718,107.089834422
199.825728091,108.065625792
199.839170413,108.858113375
199.498446897,110.055635124
199.307394425,110.538847465
199.338253091,110.82060305
200.141331009,111.644836659
201.591141126,112.413289201
203.676212861,113.270572192
204.825107089,113.748572191
205.663622376,114.185883036
206.252404988,115.028226831
206.423523443,115.530704807
206.716182309,115.89831013
207.19212758,115.946543645
207.952727028,115.953873264
209.105931854,116.169619596
209.632012057,116.296033285
209.836997627,116.5072476
209.591243588,116.563127186
209.121334476,116.611826481
208.284375819,116.884780601
207.894016547,117.281021697
208.161271306,118.414231106
208.408309679,118.725013398
208.535721508,118.602817378
208.410278693,118.627403577
207.860898316,118.70138099
207.294835339,118.76492451
206.575331358,119.001832873
206.044075653,119.324217001
204.701278173,119.751106414
203.332695427,119.893854763
202.046321719,119.859194612
200.429587659,119.932013919
199.775783308,119.722376637
199.30914873,119.474113454
198.519711668,119.780114859
197.463526695,120.080834313
195.977934715,120.198950233
195.35425826,120.140850791
194.602275291,120.02409205
193.906245184,120.014368627
193.685429723,119.835887793
191.801075608,119.980748814
191.085443955,119.963708718
190.431967438,120.315907341
189.875985321,120.949944796
189.335714552,121.584224784
188.258264484,122.325383879
187.616432024,122.776461434
186.361253687,123.281336131
185.607756131,123.649358425
184.733251972,123.968245836
183.003416068,124.391252489
182.117621605,124.432218597
180.72979411,124.548124934
180.138080617,124.437866231
179.727851255,124.244224143
179.127771831,124.308383629
178.730167083,124.450774112
178.367110708,124.654622824
177.956601268,124.661096065
177.81198652,124.586875012
177.256062694,124.609063613
177.059910258,124.538667346
176.745902832,124.518777673
176.149888418,124.566108518
175.709418211,124.480418741
175.143648116,124.251153112
174.61954468,124.090222482
174.251665917,123.802493828
173.427087766,123.408672814
172.840349028,123.149390264
171.690218868,122.757038505
170.772560614,122.523825865
169.646050424,122.284251483
168.01239965,121.876755573
166.826173619,121.525604188
164.997755779,121.048885921
163.805408285,120.783228755
162.558898269,120.615601326
160.728151519,120.59044084
159.409099733,120.59083311
157.665885729,120.588133155
156.591504399,120.485113568
155.48289748,120.421076607
153.833879513,120.42494724
152.558272127,120.465849581
150.541812348,120.521454901
149.148830287,120.497953996
147.778574506,120.471304635
145.57694724,120.358665267
144.406100429,120.255813548
142.739229417,120.023263859
141.754306855,119.865698328
140.83440984,119.921005506
139.347699381,120.097518799
138.411235899,120.197295871
137.592064189,120.330639328
136.533607706,120.474247688
135.820568412,120.527898298
134.857873146,120.775884786
134.302189933,120.942577373
133.98541524,121.023335045
133.66456793,121.180015231
133.595219881,121.163123065
133.571022487,121.166963906
133.584734857,121.138500228
133.840101918,120.993121317
134.469023135,120.85753926
135.009100567,120.731720472
136.105449458,120.474838985
136.83702662,120.264431863
137.536023977,120.097379198
138.393588592,119.699126058
138.765008618,119.455826706
139.360885937,119.047584995
139.689407496,118.871071791
140.15938411,118.536359179
140.862112762,118.041937045
141.506148401,117.660703429
142.672881625,117.010480759
143.624490612,116.521671866
144.697935122,116.12963419
146.210503785,115.647194
147.274376028,115.375813538
148.844275714,115.059749649
149.826511781,114.908007638
150.82472597,114.680952423
152.064668811,114.339832713
152.778173973,114.025525006
153.392788021,113.682977989
153.869353433,113.110425925
154.109073165,112.475192102
154.209800919,111.347834525
154.246771196,110.620822621
154.343032062,110.017079622
154.49020858,109.370355611
154.720013537,108.892385743
155.185972553,108.251442852
155.504931597,107.94504253
155.84032122,107.62012754
156.383449146,106.980030829
156.596579543,106.530868317
156.757115915,105.672969713
156.83994709,104.943106221
156.820178469,104.270574573
156.775439445,103.114140822
156.717800667,102.329006617
156.794902677,101.049289213
156.922145103,100.300051647
157.078805113,99.565759181
157.383732332,98.5907358297
157.707220516,98.0291282277
158.187597702,97.3120521196
158.527702912,96.7600275694
158.855686993,96.20720257
159.302157179,95.2689443607
159.566923182,94.5960628539
159.942474299,93.3660740686
160.321467505,92.5672099066
160.820291146,91.7844343412
161.781977419,90.6860203792
162.417251578,89.8580872654
162.900522087,88.9338451753
163.480854044,87.7609496131
163.701068974,86.9481951133
163.697259113,85.6497802253
163.538961152,84.7574402311
163.292497612,83.9031788519
162.88317984,82.6329482102
162.539530231,81.8552455648
161.954724651,80.8515726794
161.477242803,80.0983462846
161.0074609,79.3611228813
160.160564533,78.3861818282
159.571968137,77.7129107857
158.701699716,76.7840438891
158.146363364,76.3196000169
157.663882667,75.8911590566
157.212405086,75.3964844732
156.746807977,75.0441096589
155.770572158,74.4777383022
155.135010877,74.2665995752
154.261076741,74.1050577915
152.666566788,74.0220539311
151.352992315,74.0663387772
148.730124413,74.3160787206
146.585977681,74.6014928113
144.437840564,74.9786470064
141.562451027,75.8104326876
140.059163048,76.3512338902
138.370207215,76.9954286294
137.632158025,77.166183264
137.214297976,77.2695312858
137.053048527,77.2422639785
137.071800331,77.2383448919
137.045183854,77.202336548
137.008587193,77.1762367839
136.954023996,77.1850500823
136.760258048,77.4904782481
136.601663595,77.8314164002
136.529537967,78.0571467137
136.573335943,78.2815374282
136.773234944,78.3669784849
136.876008496,78.4508403807
136.337583736,78.678026072
135.870767641,79.013937649
135.572258457,79.5095023978
135.69787279,79.533354202
136.053315391,79.7957810767
136.064685536,80.2720867448
135.864966177,80.986594982
135.235652409,82.3470889016
134.665547811,83.3771068712
133.825118558,84.7497501658
133.259713335,85.8269010651
132.626707246,87.0746289374
131.452499574,88.8832031776
130.581063794,89.9573917261
129.20083044,91.5869323544
128.137785832,92.7749660992
126.922710932,93.9160912699
125.057652841,95.377198551
123.897555785,96.1326680892
122.738477191,96.9681613472
121.376379423,98.1390365741
120.458745364,98.8979676256
118.986041016,99.8535949446
117.840868118,100.191475144
116.633969276,100.430129818
114.953346891,100.521747139
113.811134174,100.427471533
112.438354815,99.8769966493
111.455703263,99.6542460937
110.518992245,99.5096323142
108.954459728,99.1288648594
107.756424248,98.9971169562
105.432536354,98.8242749169
103.570549841,98.5660549939
101.518328383,98.2480600093
98.1420239037,97.8181102566
95.9186242055,97.57633681
93.1697753912,97.1911867517
91.7218821635,97.0177790037
90.6403559868,96.823464767
89.4916838502,96.559619388
88.832421227,96.4629420898
87.9266341733,96.2431838186
87.236306443,96.0083460733
86.5042092479,95.6644181335
85.38320007,94.9745302702
84.611212645,94.7208152705
83.8909774753,94.547109024
83.5935971985,94.6699764991
83.4225512491,94.9701921534
83.2523893913,95.4675254228
83.0326826909,95.7625447321
82.4862782329,96.0838350365
81.999110897,96.3045166118
81.2818336677,96.4516572788
79.7104369763,96.1459263118
78.5551514864,96.0274925187
77.4241492885,96.136311314
76.9184401405,96.4107647567
76.5960932702,96.5919055267
76.0327037196,96.9261601045
75.4238605378,97.0586989833
74.6682428344,97.0078473118
73.0882484495,96.7187808547
71.960976569,96.647512661
70.5828467627,96.741772879
69.9307974278,96.9494601464
69.3545661712,97.2030639311
68.5537851183,97.4527161035
68.0015511419,97.5101448855
67.1625132611,97.4503055949
66.6247319703,97.4361992406
66.1180281097,97.5254223222
65.304310402,97.6170000843
64.7940763365,97.65537281
64.4535192786,97.6497320998
64.4913269736,97.6535888877
64.5492450403,97.6717830911
64.611475428,97.854448563
64.5692291075,97.9546176882
64.3801772242,98.0789860094
64.1722946138,98.2196588738
63.9459063282,98.4216710743
63.6909127318,98.6712279418
63.6569953652,98.8600913195
63.8564031484,99.3156359249
64.3118508165,99.7351714643
64.8095136575,99.9879010025
65.4132189525,100.306555138
65.603832045,100.494779966
65.4733665733,100.769132048
65.2004892727,101.241811971
65.0646915533,101.347757958
64.8828669133,101.629888092
64.8810675926,101.812595769
65.0220061122,102.142124254
65.0674480745,102.373629655
65.1411697879,102.681888725
65.2309074685,102.997425654
65.4128356409,103.299577633
65.6992261511,103.62962588
66.2090523687,103.882624998
66.6932545117,104.107512283
67.4436830114,104.456793461
68.0426161008,104.662218717
68.8931398712,104.749233767
71.0466656198,104.904419973
72.877779091,105.182939639
75.7529758955,105.917111943
77.8672192726,106.588183345
79.8894631352,107.301656032
83.1436673248,108.324184172
85.1031987897,108.83293248
88.5645732456,109.543093018
90.9777864197,109.867173949
93.9536680873,110.12872511
99.1114323772,110.649279125
103.079720307,110.962358219
107.640461271,111.182083785
114.582920196,111.523531952
119.141655522,111.695409727
125.542846369,111.491217458
129.523143612,111.205550326
134.737235167,110.792130452
137.584900147,110.491675406
139.914138735,110.136441191
142.507431275,109.687870822
143.78864638,109.379499778
145.677003945,108.920703746
146.924453084,108.695513782
148.428631888,108.414579639
151.597723289,107.996590759
154.086064002,107.882736646
156.760265269,107.672743684
160.769381894,107.550989495
163.322774561,107.469200237
166.848027473,107.335229038
168.879044844,107.208377431
170.868740697,107.057727819
173.715642902,106.798097054
175.644618297,106.669708702
178.631747108,106.472911928
180.635492886,106.407190901
182.500171537,106.468398643
184.732369237,106.556820307
185.964529402,106.511496614
187.454920258,106.572773244
188.330619041,106.524793112
189.119941753,106.55688138
190.086130677,106.778509689
190.667737474,106.871973897
191.297188997,107.058292097
191.698411664,107.056114886
192.043485003,107.1379731
192.343676162,107.472065618
192.532500967,107.732567621
192.711494225,108.06348226
193.028886375,108.387032164
193.233157802,108.456176748
193.397547423,108.508956556
193.384234836,108.534577525
193.312201785,108.579691489
192.803227939,108.612876586
192.256255224,108.598573845
191.697602506,108.63776589
191.396724434,108.655325238
191.268953806,108.717879382
190.99212159,108.813038858
190.820549026,108.875377519
190.568142316,108.969335401
190.379519542,109.006971875
190.187866314,109.026638163
189.965802892,109.061529748
189.873932696,109.086510601
189.770125146,109.118325816
189.725979574,109.125441944
189.686307531,109.170702767
189.64180099,109.208126507
189.561992241,109.288128723
189.356246154,109.454849602
188.733793833,109.829069544
187.958868154,110.28454403
185.883803737,110.519822368
184.060071855,110.478295589
180.487380629,110.407622641
177.502605468,110.396484305
174.224731503,110.285805112
168.405368847,110.432625331
164.217275681,110.557558196
158.31010897,110.500560481
154.593605838,110.50525385
151.314212432,110.313059477
146.626185221,110.094237535
143.765691885,109.917306903
139.892879388,109.491449512
137.77428227,109.127787574
135.918583433,108.819164399
133.775825417,108.438982643
132.468474864,108.283389185
130.497483892,107.983004709
128.880023008,107.84942321
126.708903471,107.519312653
123.188329044,106.815559974
120.840004906,106.241216062
118.75005733,105.622437477
116.104312819,104.866061544
114.658750333,104.499799113
112.697322199,104.266055421
111.651175235,104.217217788
110.86880958,104.330135735
110.025172436,104.533736894
109.655317796,104.73464484
109.249506238,104.96621647
109.090171936,105.07901714
108.938247076,105.190680946
108.760054519,105.371705857
108.683286364,105.448505573
108.67117172,105.696528378
108.694180792,105.931082578
108.729963041,106.17673277
108.800086786,106.377183074
108.887156414,106.48950565
109.250128642,106.689067936
109.787204064,106.834446967
110.590795249,107.042763192
112.737205179,107.587511335
115.109809201,108.410691881
118.573222241,110.069012528
123.942329113,113.421008692
127.412763426,115.619585495
131.943037155,117.655371962
133.966121173,119.023801752
136.177282481,120.349287468
136.50672436,121.670120275
136.824574966,122.543910922
137.00367576,123.663693651
137.756287202,123.626223307
138.405565507,123.52716693
139.626431571,123.272093657
140.576036202,123.30229372
142.319482268,123.529593263
143.759050656,123.778633996
145.073528413,124.184279455
147.384328345,124.67939932
148.863542566,124.970807222
151.033366689,125.471628402
152.762754914,125.931694475
154.731026385,126.314551034
157.864471396,127.004305836
159.819433518,127.373454948
163.199545805,127.633896324
165.755911108,127.7556526
168.332917405,127.938106158
172.376256723,128.521938579
175.435369651,128.961152144
179.558800163,129.763770754
182.300239052,130.35520252
184.892115195,130.891920699
188.343243061,131.561592627
190.448725151,131.91134285
192.994083206,132.468013692
194.202513443,132.828893057
194.960801137,133.063933971
195.82106823,133.261749665
196.342094505,133.346811163
197.118095882,133.539371163
197.5663135,133.755700599
197.798593846,133.958427704
198.102853778,134.201454565
198.084818087,134.323429158
198.360562987,134.299045477
198.543646655,134.245117793
198.826794008,134.091199784
199.402169149,133.656453959
199.896242232,133.327441686
200.674247148,133.021503586
202.04027762,132.663488586
203.129011888,132.342690111
204.655551438,131.939931064
205.610620984,131.688333648
206.331289259,131.3736261
207.085541322,130.928037629
207.40425283,130.630251055
207.670193872,130.287868986
207.945246215,129.951550945
208.481680512,129.514745515
209.097966281,128.82396906
209.509954938,128.319027385
210.045315165,127.732431474
210.604846363,127.437209404
211.331626834,127.177061486
212.862454974,126.83070219
214.121437916,126.581624159
215.810721244,126.521849901
216.902586723,126.643683845
217.961248102,126.813312182
219.291872875,127.039319674
220.13401713,127.094676972
221.408480274,127.070265491
222.23372544,127.011902333
223.084758761,127.050733391
224.440840978,127.18276545
225.358558225,127.390042509
226.971362168,127.734168537
228.106540173,127.923261494
229.355157614,128.085317907
231.86615857,128.217308756
233.934538705,128.431301872
236.32859283,128.754186174
240.094605594,129.388409009
242.675508167,129.604949919
246.616952497,129.653582148
249.173980094,129.50864873
251.846593611,129.155146497
256.003116004,128.436393736
258.701496095,127.967109262
262.392812748,127.21327451
264.623980646,126.650281896
266.830281255,125.936158531
269.834159932,124.765645502
271.714100902,123.973910756
274.447759655,122.708402749
276.316475069,121.879428316
278.008906235,121.208407104
280.160036681,120.137262349
281.310558079,119.572961185
282.872806435,118.801517495
283.772447278,118.2736825
284.660296857,117.596590902
286.033310332,116.506221855
286.839773259,115.878650212
287.304863938,115.042409967
287.145792911,114.026608001
287.099253758,112.699978311
287.261026807,111.387890592
287.923599204,110.646494688
289.076649337,110.028555101
289.933410475,109.859029077
290.680501401,109.806778191
291.212730454,109.946326026
290.966545709,109.993370797
290.428909489,110.149331267
289.770287174,110.348171611
289.90698225,110.275061183
291.05801149,110.098702504
292.263208725,110.122467905
293.733470644,110.208820343
296.158927743,110.398909269
297.741650955,110.510013122
299.889097665,110.632782163
301.275155091,110.582744489
302.644236804,110.512946463
304.400940699,110.632380859
305.41642389,110.699105193
306.616446265,110.830177592
307.304855401,110.925562406
307.843000139,110.959267646
308.43881834,111.091464298
308.715537908,111.194239228
309.233631904,111.235555462
309.734483726,111.1813555
310.461547792,111.194500504
311.955441388,111.21231002
313.214518084,111.278697128
315.263525887,111.402369931
316.760132541,111.497316229
318.542195266,111.529950449
321.597518658,111.356191238
323.858362934,110.996020693
326.886754056,110.665636505
328.610025876,110.281781074
330.045341693,109.974947003
331.862411662,109.455472532
332.881749477,109.07194937
333.838638352,108.576820825
335.240050785,108.135560902
336.087683889,107.916471339
337.397370014,107.631653069
338.288344504,107.549000539
339.215682913,107.455260058
340.671488142,107.303045057
341.534521758,107.207593783
342.598456134,107.058596805
343.190861044,106.91117802
343.825194138,106.813071226
344.974804768,106.762134108
345.81847943,106.712748437
347.236708329,106.609628872
348.042655956,106.56266638
348.783501875,106.484661985
349.630934422,106.497967666
350.162945311,106.518859384
350.913748482,106.548082624
351.414200235,106.558009569
351.929759757,106.56188667
352.629022395,106.641839419
353.101286488,106.640882245
353.700656271,106.675870259
354.084063248,106.576525778
354.433505334,106.417951715
355.056127369,106.183297239
355.488667014,105.977569047
356.191084578,105.624935318
356.551773815,105.420672613
356.772295205,105.175064837
356.694879545,104.769805893
356.458972167,104.401721192
356.155326749,104.101704847
356.060856109,103.998674193
356.047296738,103.92444407
356.106202418,103.853837065
356.10152621,103.853598136
356.025431282,103.846182807
355.872771361,103.802802612
355.780904601,103.758793355
355.544469955,103.754005804
355.402854984,103.800624869
355.191845043,103.863116214
354.773837417,104.04503466
354.522454678,104.127472142
354.209899718,104.185080901
354.036665645,104.203753736
353.944416278,104.220281062
353.826182956,104.224270069
353.79067383,104.214798671
353.792873327,104.176678347
353.853730279,104.127766845
353.934387203,104.071315121
354.075650171,104.026164551
354.196516719,104.002513159
354.372210138,104.070254084
354.493188906,104.043181182
354.726825545,104.061532049
355.477175503,104.023856341
356.003348735,103.919760262
356.98824517,103.747865107
357.751345288,103.571421991
358.510845117,103.350977969
359.942722768,102.493965906
1.00401188772,101.998706116
2.69221467961,101.468992118
3.91045100183,101.147819992
5.12610404298,100.900564172
6.84115568414,100.778742824
7.93557617117,100.704873737
9.04598823227,100.671338547
10.7628403595,100.634601125
12.064385828,100.577211693
14.2668105273,100.565515087
15.6197298669,100.56905195
16.6995780267,100.632926551
17.7836561758,100.682803045
18.3684396227,100.645432671
19.3304556962,100.619238803
19.8939537817,100.541805698
20.3051281714,100.490127126
20.6425553785,100.249366796
20.8954510785,100.038595453
21.2970537247,99.8360632672
21.276601614,99.8540810083
21.115684236,99.882836759
20.1567831822,100.056967747
19.3491699789,100.162853776
17.7693597323,100.197894192
16.6064268394,100.213004069
15.6317287416,100.000464205
14.3575556173,99.6203860021
13.9641852849,99.0200243346
13.6920923629,97.6546446321
13.233171408,96.8189324909
12.1730763371,96.1833455714
9.83955006561,95.6341274761
7.91669273702,95.6916094216
5.29446421437,95.9184207422
3.75780056541,96.1027785373
2.64519031736,96.1986377259
1.63251867046,96.383769944
1.16247508123,96.5360846103
0.835233164352,96.6797054015
0.620499157246,96.7857075517
0.548438454169,96.7700501783
0.286501230875,96.9160911959
0.0658371999713,97.0048854708
359.895479663,96.9596228185
359.482042533,96.9536609675
359.230150957,96.9362475561
358.841687841,96.9439552718
358.610344718,96.9977890404
358.515178991,97.0056322625
358.437764169,97.1494351418
358.462131409,97.3179260134
358.506858904,97.4915228077
358.515819588,97.6204362956
358.542630449,97.7361696695
358.534394692,97.8213047873
358.50806656,97.8283537951
358.456574648,97.7782767865
358.424708379,97.7483393501
358.391457486,97.7358943084
358.328486694,97.767367941
358.275215139,97.7941905574
358.236214511,97.8202293221
358.230061852,97.8551968665
358.214387369,97.8781174651
358.181028539,97.8967453051
358.090401911,97.8976260622
357.950496781,97.8385260139
357.841292099,97.8152478332
357.758287112,97.7822053913
357.634599382,97.7542210147
357.595243407,97.7540282512
357.524655723,97.8014079512
357.469453565,97.8418915817
357.395171972,97.921221457
357.29010803,98.0274655031
357.260063479,98.0799915024
357.24495108,98.1359083591
357.285144914,98.1804915122
357.313349923,98.1848784058
357.132889128,98.3267767091
356.519528292,98.5378282915
355.640621237,98.3661515766
354.051422001,98.2411261816
352.887505752,98.0344657804
351.353172507,97.8694349722
350.426440522,97.7747298529
349.488564481,97.8082114781
348.378669927,97.8218555783
347.771225631,97.8256133958
347.180295798,97.7747087708
346.995342871,97.7768096778
347.01100348,97.7837301351
347.174556403,97.9886420604
347.562320839,98.1772446885
347.876216994,98.4533720636
347.902119665,98.547411637
347.85244751,98.6210851535
347.234452967,98.7575212836
346.709264284,98.7892121516
345.96618719,98.713918182
345.726471675,98.5521618901
345.707586212,98.4067285807
346.002917746,97.9600270493
346.542018358,97.7056341028
347.363449544,97.4627057486
347.876298905,97.4495662462
348.433379704,97.4552295134
349.332193443,97.3431635842
349.952703032,97.361306089
350.947081722,97.375488006
351.662312272,97.3453088577
352.360783361,97.3705705718
353.388624393,97.3751143851
354.020141117,97.3865280829
354.648202278,97.4101572163
355.557276422,97.4874626596
356.16411849,97.5448428176
356.913143069,97.6338953359
357.376998379,97.7708472761
357.699023744,97.8523846664
357.950637712,97.9365825545
358.061531067,98.0026859649
358.147028343,98.0952025652
358.118813821,98.1340752611
358.053334528,98.1816712251
357.7607927,98.24858283
357.528094081,98.3220302524
357.02150227,98.415684817
356.739197555,98.4519934991
356.572852369,98.4690706834
356.296856814,98.4234383855
356.223578755,98.3982127642
355.889777572,98.3530102805
355.356502009,98.3171498329
354.776090959,98.2430113355
353.815723411,98.0911447868
353.277948848,97.9696503858
352.567516695,97.8576696318
352.17264771,97.8506272293
351.816518905,97.8515041392
351.290977008,97.953333629
350.923081854,98.0142868765
350.457549352,98.1147045228
349.608888699,98.2397448744
348.987463423,98.2545721055
347.896502765,98.3394510756
346.845971263,98.2632206198
345.286783513,98.0940677216
341.845838285,97.8438061258
338.966419495,97.6854795719
333.931002204,97.6521970143
330.710575619,97.4114259325
327.772788984,97.3455062959
324.275445819,97.2220977501
322.284834159,97.3433650198
319.02229542,97.5610253934
316.708953847,97.8437872663
314.226907909,98.2180098358
310.487111215,98.6758364891
308.038928293,98.9695624556
304.624240106,99.1741180246
302.448648007,99.3301519053
300.305175667,99.5373678488
297.031148406,99.8669134341
294.785805968,100.011821335
291.375554467,100.128999181
289.09898986,100.176655994
286.762810052,100.217552358
283.31998802,100.198532501
281.057006249,100.130109379
278.00462609,100.23733174
276.410362054,100.493575856
274.955511187,100.864378372
272.909728335,101.186500389
271.354626723,101.211367524
268.647753304,101.132721003
266.720748738,101.106509531
264.628692655,101.060344492
261.548767737,100.826783358
259.708563621,100.73018113
257.296793675,100.79603346
255.837175498,100.900419181
254.363393093,101.118926028
252.18006138,101.466407075
250.731932087,101.693049157
249.173676941,102.026923753
246.863979225,102.475490034
245.407588114,102.878452001
243.283340699,103.422364983
241.997450518,103.769381194
240.778964971,104.108404552
239.069701551,104.677839363
237.794825168,105.23012294
235.602159914,106.388196451
233.541891342,108.202677868
231.160909007,110.460060333
228.001426092,112.499960723
225.858054519,112.969946723
222.573061694,112.829681629
220.091225109,112.619404827
216.987211755,112.601210833
211.516195547,112.681796156
207.827014468,112.574670213
202.667027832,112.223377621
200.180668652,111.910184289
197.780378076,111.964018786
194.975703059,112.069776516
193.329119594,112.332589628
191.440363322,112.43462723
190.376365452,112.521606442
189.451192127,112.548601839
188.310412588,112.529178163
187.768321995,112.484725411
186.997995245,112.727103037
186.660960053,112.905929445
186.268874652,113.206262882
185.638652818,113.626117199
185.190243706,114.129836213
184.608983946,115.072831876
183.351646596,117.468353749
182.619221325,118.660627068
181.34059004,119.752096932
180.621729735,120.281891705
179.917793756,120.733150742
180.33636621,121.662265891
181.313089781,122.937225894
183.341384077,125.027757428
184.334760109,126.377225593
184.919752554,127.334532394
186.016093328,128.057745395
186.166247247,128.39465549
186.273298643,128.559076766
186.08309905,128.673149113
186.074656645,128.654694787
186.540447699,128.378222552
187.223059251,128.383832048
189.076707604,128.87350432
190.453406145,129.378234258
191.831533801,129.782199342
193.702994037,130.378456723
194.779969534,130.658645882
196.445601326,130.908641904
197.627117127,131.138359074
198.810180675,131.459715818
200.960748627,132.037159581
202.774734653,132.465840643
205.36118439,133.447293608
207.079802663,134.113983339
208.831986177,134.634994885
211.683725926,135.084896153
213.774447452,135.260197461
216.60881262,135.441813788
218.33697529,135.494295085
219.931210453,135.410410329
222.305351945,135.266485912
223.877616555,135.126119706
225.51316976,135.046908552
228.16440782,135.053770433
230.334151087,135.429921912
234.58971054,136.624866219
237.381800865,137.557383735
240.133602722,138.52795584
243.800850337,139.588504091
246.06506288,139.874985631
248.911666319,140.037767594
250.425580879,140.000946996
251.81507727,139.934183055
253.639482816,140.016034223
254.802235147,140.095146009
256.317899464,140.149326881
257.298902884,140.097158479
258.481818701,140.070526883
260.304538427,140.037674498
261.539446223,140.018937248
263.550038907,139.871354768
264.996522941,139.697134955
266.642144114,139.508612603
269.098393836,139.371624501
270.519909357,139.331977906
272.129772661,139.287020856
272.76101002,139.242885133
273.091101093,139.193798875
273.077661411,139.101471455
272.994214154,138.905405726
272.842109797,138.564220333
272.823360116,138.10069783
272.793424812,137.686576106
272.505108258,137.2635071
272.118175209,137.124862861
271.605873781,136.996723898
270.646380267,136.778969977
270.057128352,136.626974116
268.884361204,136.402971732
267.986055174,136.308534941
267.245504157,136.220452539
266.383476656,136.068147475
265.916966623,136.040903525
265.075787735,135.973224384
264.32496705,135.819394161
263.447248708,135.595094529
261.851087691,135.302262492
260.637575636,135.098452419
259.248440577,134.89197319
257.783067083,134.598620378
255.587645571,134.200279294
253.477973251,133.752334608
252.118780689,133.450390826
250.098771999,133.111472304
248.671021624,132.859879192
247.160119973,132.615268821
244.552838653,132.016021395
242.744979683,131.44681817
240.907353911,130.83468379
237.923973954,129.871871155
235.851987132,129.013919534
232.301894616,127.456318098
229.807079192,126.196262657
225.915458766,124.346303087
223.238854118,123.102053829
220.738861627,121.99603388
217.304650875,120.54178693
215.468107888,119.972737945
213.834749197,119.691672923
211.484131001,119.778913201
209.651736181,120.185263542
206.89236318,120.838836619
205.174501328,121.129626921
203.443692606,121.25835461
200.967935306,121.193040238
199.203933932,121.167998508
196.349162794,121.023351426
194.155002402,120.766706793
191.889242995,120.405080004
188.405258846,119.736795469
186.111495597,119.27286989
182.716524638,118.569732548
180.42225118,118.071310726
178.110740341,117.512118103
174.778398536,116.66614519
172.828667478,116.151682852
170.26801422,115.666684215
168.733629448,115.480638
167.316278855,115.389990232
165.117863748,114.952292961
163.316448319,113.856695059
160.029289836,112.114448673
158.177591887,111.261977203
156.699371737,110.684456342
155.041311036,110.481846834
154.175072556,110.626670623
152.832192542,110.675398854
151.957750778,110.689079096
150.965397658,110.678794877
149.63014225,110.609669615
148.994094382,110.710832015
148.235188818,110.673862863
147.898767122,110.741657847
147.704106523,110.822959734
147.489079517,110.880045801
147.312692562,110.953239816
147.072669765,111.0399591
146.885276481,111.11490261
146.71054844,111.184137492
146.475038427,111.372912624
146.389228637,111.486466511
146.337999207,111.589116469
146.282957176,111.745471573
146.258184138,111.867549873
146.158357702,112.193294242
146.066739238,112.381038199
146.092553648,112.48321541
146.154705306,112.539849986
146.273243028,112.567682686
146.478485414,112.59583185
146.649908904,112.624917138
146.894692832,112.792119481
147.53843584,113.22686145
148.125653082,113.754264902
149.698742811,114.857764268
151.196808622,115.630497271
152.881990529,116.40372396
155.315887847,117.597297556
156.934979269,118.15887881
159.35389556,118.711157915
160.847611183,118.6283142
162.326322804,118.408073963
164.308084541,117.943498024
165.739392832,117.484296551
167.932609156,116.956777787
169.352000782,116.593113816
170.806602979,116.256289167
172.883028348,115.716015503
174.265147553,115.288368588
176.591449401,114.333209593
178.031168899,113.670044564
179.478633496,112.984421839
181.720067156,112.036878729
183.241048181,111.51222365
184.899920212,111.081057877
187.362744675,110.676995272
188.952953654,110.345722839
191.233150914,109.8473069
192.61419618,109.497494541
193.871485831,109.13324928
195.506459153,108.457195222
196.458548737,108.01469838
197.712969524,107.427235093
198.541989138,106.905394834
199.372933759,106.56969688
200.675512387,106.035796252
201.477284261,105.868840537
202.77248147,105.599123422
203.64764849,105.359378353
204.518266848,105.03269694
205.749625543,104.369192767
206.536057861,103.999765768
207.797287254,103.514064886
208.831153553,103.381898534
210.006182776,103.383132256
211.8675725,103.171303121
213.150663449,102.802600678
215.319794573,102.09352615
217.013486325,101.578362809
219.056721055,101.099854845
222.504974057,100.388566472
224.960933702,99.8895637445
228.442665312,99.2550059089
230.63022405,98.7773816933
232.690974336,98.4363807244
235.365432167,98.0161844068
236.891877789,97.7983317204
238.284040486,97.6324441488
240.023265071,97.4271007366
241.192359864,97.2786388562
242.80223259,97.0087221866
244.05975484,96.8095976866
245.269923779,96.7074479415
246.881249303,96.6373311623
247.929987046,96.6271136111
249.335092265,96.7180924444
250.356875207,96.8171654362
251.263347333,96.9032504608
252.443207313,97.0655322056
253.244687485,97.0656303446
254.206932421,97.1220679008
254.812570191,97.071571735
255.316662999,97.0474239675
256.040253779,96.9581899665
256.458475105,96.96667577
257.124132671,96.9272884542
257.633312252,96.9791593051
258.309809312,96.9744814945
259.686809524,96.8209228949
261.161947746,96.6359325072
265.244117402,96.2862395283
269.781410322,95.8592768856
275.810676296,95.2645260841
284.397514489,93.9937118112
289.064682166,93.305232972
294.768124713,92.9619871678
297.823898553,93.2137467734
300.400774474,93.2263621437
303.21566441,93.3180758994
304.51538487,93.3152636454
305.452620917,93.2404987526
306.688085213,93.173676055
307.444933273,93.1977294049
308.664940236,93.2244238499
309.634052879,93.2499054748
310.651385702,93.3332881301
312.235289177,93.4232356783
313.292035807,93.5263140783
314.710636789,93.663998808
315.674215537,93.7697796385
316.612226508,93.9380313019
318.216892633,94.1602284349
319.546351157,94.2524445723
322.008577594,94.4198435255
323.834637375,94.599314826
325.619344286,94.8074416875
328.135150115,95.1034654025
329.550620496,95.2708080659
331.205525354,95.7203725908
332.032866485,96.0050066555
332.573571569,96.433145215
333.336189317,96.7248090806
333.866785695,96.8704291488
334.798200101,97.0699772956
335.318652262,97.2865299732
335.592856899,97.5581412114
335.476125066,97.813194081
335.114627631,98.0611071719
334.175809099,98.4074408924
333.56080663,98.6368958335
332.83331034,98.994554461
331.635837236,99.3778224013
330.559269079,99.7829305381
328.581980699,100.572326826
327.251192038,101.172630933
325.697349912,102.11884003
323.490097789,103.337240678
321.827461187,104.350579256
320.223675215,105.003379515
317.905610582,105.6742701
316.379250537,105.56914485
313.82716769,104.932125285
312.052196453,104.510507992
310.207724142,103.885121073
307.294822271,102.812441476
305.188644142,101.804855193
301.314987032,98.8847819449
297.554702075,95.4359263041
293.037704107,92.4602616418
285.428100284,87.215576793
280.386302223,84.1149880193
273.285140969,80.4002348994
268.972280737,78.2031669651
265.65777373,76.6131886173
261.203798541,73.7489062416
258.460220782,71.9812072702
254.982779173,69.7688659254
252.846270854,68.6730423217
250.563279223,67.670004895
246.917697046,66.6053775419
244.398697074,65.8999360808
240.16907378,64.9257746401
237.090521332,64.2371971295
233.676771003,63.4843698162
228.296362087,62.4358088249
224.835213461,61.7661319831
219.595575619,60.9930525069
216.358273903,60.6550238958
213.184435647,60.4254462145
208.463683763,60.1313358677
205.711782006,60.0185966898
203.368499159,60.0780346043
200.383315131,60.4941913955
198.557371527,60.7792903977
195.803401109,61.1150299058
193.753918756,61.2880541291
191.76775617,61.635517235
188.42954572,61.9421270716
186.452901032,62.2878514519
183.849130426,63.0266339638
182.01268346,63.4789543378
180.071948601,63.9425313359
176.372260524,64.8988465765
173.717984495,65.896393777
168.714630943,67.8947017702
165.31637561,69.5148497796
161.786063451,71.2747833341
156.968168105,73.334497865
153.94976103,74.2685688164
149.88763208,75.0153224269
147.171145778,75.3522151975
144.592621025,75.8798447674
141.331948082,76.6030392588
139.549139111,76.788801054
137.250449448,76.7720386829
135.596158496,76.752581643
133.794378884,76.6540948676
130.669271182,76.6965524861
128.558041901,77.1850875473
125.353704469,78.2449957746
123.305876035,79.2249421246
121.216117763,80.2693432226
117.853062146,81.8511417232
115.646274018,82.654391857
113.434165522,83.1071731588
110.2347283,83.1015229624
108.284255986,82.8766621861
105.709591361,82.6442153302
104.143280465,82.6010636141
102.778560441,82.6038464391
100.852042277,82.431101999
99.6928923085,82.3128215018
97.851902683,82.1413726104
96.5490492487,82.1395024292
95.2088364084,82.1930554089
93.2439676938,82.3604803321
91.9639748114,82.2773653177
90.4493195496,82.097546845
89.466132948,81.9803647276
88.2829019458,81.6126103253
85.8290152633,80.4093268436
84.0988389338,79.2719356316
81.5734167203,77.2979422065
79.9388125401,75.9329614546
78.2836633339,74.5348319463
75.8214003368,72.4881458819
74.3200594379,70.7624986131
71.436302683,68.2255822956
69.7200429947,67.066783808
68.2794628697,66.4607885499
66.4164777016,66.3390808622
65.2703944472,66.5401808039
63.5920890383,67.196150334
62.5391405881,67.7612552913
61.3568718851,68.2339419331
59.6384407573,68.3619053856
58.8183663533,68.236714762
58.2465566694,68.0917335816
57.7977071127,68.3354846994
57.5214185291,68.7359276083
56.6635030639,69.5482094545
56.0538637413,70.2988821964
55.4777492478,71.1220543311
54.0556692138,72.4538244576
52.5305557156,73.3023105614
49.4223987482,74.6386132743
47.2457890463,75.6679075311
45.5198692259,76.652220068
43.7112920521,77.6936618647
43.155876146,78.1572608764
42.8804884817,78.9790950188
43.2304490409,79.7103434113
43.8933256458,80.5190844415
45.3724490153,81.4628965164
46.6547360711,81.9751994375
48.690237183,82.6654011589
49.9494794775,83.4236777667
51.0909930726,84.1536812152
51.8588193073,85.4810118693
51.5419533823,86.045441818
47.7817316496,87.1365354026
44.5333475292,87.3283928387
41.8366307827,87.5439765319
39.2578525179,88.2753864514
38.179609473,88.9617083266
36.8102367181,89.7116652586
36.1320598849,90.0947222119
35.7537384013,90.3027193375
35.8299541319,90.4606108322
35.9073014186,90.636805333
36.4303740073,90.9776762614
37.1968771324,91.1669243772
38.2406056626,91.3729192989
40.2271489152,91.7694121832
41.4181021096,91.8863908152
42.7975794078,92.1442941367
45.2258007839,92.683136567
47.9807149266,92.9449081068
54.4814518896,92.6842180181
61.6075676295,91.7137092631
70.2986027735,90.2321343127
82.6858993975,88.4465866618
90.3201231285,87.4040620472
100.610164447,86.3603666711
105.94483004,86.2341075205
110.802493394,86.5065062765
115.476747195,86.626296235
118.356528473,86.7806568104
121.631409637,87.0518793999
123.514248917,87.2075598007
125.105006384,86.8598462723
128.39146057,86.2113225433
130.300400311,86.2457848479
133.452024505,86.1843678241
135.569668825,86.2804996989
137.856072194,86.5450806327
141.439735786,87.0923113497
143.775603326,87.4022726174
147.446448673,87.79932559
149.659845781,88.150960375
151.789056406,88.4484169797
154.771289678,88.8891614536
156.663582464,89.158555658
159.623785477,89.5012531406
161.726101435,89.7754902024
163.861790707,90.0743588724
167.347842439,90.4952173614
169.803144502,90.8637206648
173.437260968,91.66180554
175.56729326,92.1169834517
177.257142455,92.78380691
179.130759808,93.8733724644
180.04274208,94.401327928
180.890427594,94.8405800484
182.107528149,95.3254644521
183.042489604,95.7005070558
184.365786233,96.1869875972
185.291127085,96.4434445876
186.163798122,96.666451606
187.370352952,97.0123172891
188.161892972,97.2094779276
189.283898008,97.5737154972
190.104301982,97.777176415
190.97207998,98.0127326401
192.339407567,98.4573886188
193.312921408,98.6933967517
194.484560358,99.5625706298
195.147691193,100.248543624
195.624451088,101.031198961
196.207398875,102.487774944
196.617463948,103.563362345
197.297597407,105.198747608
197.929109149,106.405556988
198.738826139,107.646697621
200.631866705,109.402384886
202.892982264,110.44041913
206.1426127,113.429735737
207.74122663,115.744430311
209.566883207,117.856963781
210.510453302,121.47657265
210.054725971,123.689289234
208.736745902,125.417296849
207.718357516,125.864699715
206.37802961,125.962513248
204.202377279,125.869622226
203.080223209,125.677803727
202.192389546,125.690957956
201.606115518,125.694450937
201.562628498,125.766988831
201.366420376,126.006515442
201.318625333,126.231337685
201.31838663,126.445517097
201.393036037,126.756375303
200.948595527,126.854251327
200.844175704,127.007146626
200.564557521,127.086958287
200.34844242,127.237533743
200.314215739,127.237249054
200.280365683,127.243822629
200.246338368,127.202761016
200.297507712,127.154004782
200.475723118,127.086997647
200.431337641,127.079524332
200.177813159,127.026214477
199.822306987,126.78919259
199.70267751,126.628150101
199.726409322,126.481471319
200.166865601,126.244137648
200.875130427,126.23798535
201.301418977,126.348491821
201.716562387,126.498593311
201.889849902,126.512997664
202.021148899,126.419867707
202.099406999,126.276779694
202.411511993,125.764606144
202.51102466,125.59591305
202.8791368,125.3956382
203.963769769,125.071848518
204.563303555,125.011739166
205.376685709,124.929823461
205.475659068,125.009824513
205.418441458,125.038817934
205.08659207,125.062739719
204.729471834,124.981255205
204.433676255,124.912821461
203.821890222,124.92110971
203.189871468,124.833533424
202.33026245,124.41168192
201.740549204,124.099092351
201.08231601,123.770652171
199.848944288,123.512331759
199.039550526,123.476528558
197.721370836,123.623781843
196.783462968,123.828599569
195.769583596,124.032101759
194.280864873,124.221607738
193.288564749,124.191030505
192.49146248,123.735985719
192.050964451,123.367160907
191.315021956,123.091650281
189.92194337,122.776500958
188.797615678,122.577558938
186.840803472,122.352976765
185.240553367,122.362337495
183.435664242,122.325476919
180.810273571,122.10892358
179.093620477,121.826064555
177.008308294,120.986203237
175.915757317,120.351316542
174.699422332,119.854822346
172.664923617,119.372210003
171.337496319,119.200830202
169.383991585,118.916577992
168.13291675,118.781666076
167.009050984,118.725677417
165.362320636,118.731196334
164.340311944,118.760972529
163.51831322,118.782412791
162.243564237,118.853310646
161.532323221,118.878645894
160.476777392,118.902528315
159.843630068,118.928198911
159.231984377,119.002135857
158.473075264,119.162821875
157.960285783,119.284135988
157.276837026,119.364230166
156.832163587,119.421448688
156.377724325,119.464596283
155.791519625,119.518734653
155.360717521,119.575593751
154.774150255,119.699318047
154.408307775,119.767257842
154.048206734,119.795470366
153.567538282,119.763069186
153.430637317,119.621502727
153.240581629,119.364203293
153.042471198,119.26561935
152.971542871,119.143997507
152.772518156,118.948479054
152.654907955,118.899615776
152.367838199,118.906882929
151.890710462,118.84056475
151.47464441,118.747048903
150.850738689,118.659997431
150.574183417,118.623617931
150.104818012,118.632712462
149.938582243,118.649617088
149.750437028,118.6645097
149.331228677,118.635761517
149.03873183,118.569226829
148.470628665,118.42819076
148.096190052,118.375982463
147.770067815,118.347153582
147.391373688,118.387068253
147.201549992,118.401225582
146.915367056,118.439910427
146.547632966,118.439498397
146.236986889,118.412298636
145.813258709,118.379063683
