182.692722952,89.8265917201
182.255639495,89.8517984901
182.464952033,90.0137024571
182.890970369,90.2040449713
183.522157525,90.6172145761
184.102405188,90.3696856672
185.062466549,90.3420800321
185.577872958,90.7061063075
186.129522374,90.9962873628
186.864231246,91.0889572488
187.25707401,91.093211859
187.598364065,91.0567688632
187.762012589,91.1059451821
188.25905491,91.0968808771
189.018945681,91.031481614
189.602437281,91.0000396236
190.439646375,91.0055385049
190.914616854,91.0386254548
191.419003165,91.1374743899
192.558563349,91.1976092769
193.932783534,91.2886842848
196.982617059,91.5299083319
199.535877546,91.7807376666
202.421010422,91.9769689925
206.737970251,92.2343058204
209.319681804,92.3333814547
212.41491359,92.3204313719
213.867287495,92.2133370529
214.693927881,92.1009778084
214.97084193,91.8792490999
214.668148028,91.7690745409
214.166950025,91.4258434455
213.333205158,91.2490183603
212.860012938,91.1668287674
212.296837307,91.1823332373
211.913934896,91.1874908891
210.881890497,91.1275443886
209.697184357,90.9930111425
208.397907271,90.8324614666
206.190956629,90.5748226345
204.630157892,90.3850672694
201.98359518,90.1659166212
200.019266689,90.0062913803
197.917446739,89.8536316457
194.568353326,89.6968587364
192.403093161,89.575114067
190.393432549,89.4291792593
187.775811011,89.3390449349
186.28880164,89.3354336794
184.392333839,89.2684942689
183.365468689,89.1899888774
182.477009297,89.0793011285
181.375518095,88.9447219622
180.749520337,88.8443389468
179.578979883,88.6756424401
178.608800433,88.4894693876
177.552188738,88.3829732927
175.805278455,88.328752762
174.535228854,88.3438186486
172.41055688,88.4493211075
170.80695983,88.5320821795
168.757630337,88.5975389086
162.734062216,89.2133562238
156.316514331,89.0398783048
147.649716722,89.0904351203
143.183438165,89.1014107275
139.720056304,89.088324374
135.31215705,89.1675581905
133.037401882,89.0196225045
130.346336057,88.8407347819
128.818790475,88.7763259949
127.319066766,88.6201014431
125.374030892,88.3528788439
124.271324679,88.2055520804
122.747775642,87.8884144841
121.871228199,87.7091744037
121.05141828,87.5948146385
120.335866929,87.632475874
120.267997031,87.8536099952
120.296267025,88.0107176078
120.251810984,88.1752522284
120.140477887,88.1640382009
119.454328285,88.1029712809
118.878459048,88.0277304036
118.213257977,87.9217093191
117.521005745,87.6686026909
117.509570789,87.5012193362
117.618683772,87.4214458192
117.723839363,87.3142746491
117.774197598,87.2315049806
117.752164634,87.0770780946
117.695871944,87.0055084482
117.463705139,86.8940732539
117.25997925,86.8177331808
117.001809917,86.7865845126
116.467653011,86.73091411
116.07445585,86.7263761523
115.58466059,86.6387693563
115.206124448,86.563292619
114.723329128,86.4851704627
113.725647618,86.3608587455
112.620065129,86.1920363095
109.97572714,85.6636372421
107.641728422,85.0861488784
105.065112996,84.500059945
101.260990578,83.4868557133
98.8075489773,82.8367668241
96.4872862599,82.1967435926
93.1886127108,81.1598164131
91.3616241186,80.415098831
89.1442985856,79.3961792792
88.0322082349,78.994362788
86.9716478799,78.7690096863
86.670656088,78.7215007837
86.6155876562,78.7244373185
86.7106981385,78.7471892973
86.7104684369,78.7801011025
86.8761727409,78.8867131926
87.4545830791,79.1846042625
88.1889555498,79.5351807952
90.0301581758,80.2015005808
91.5953308691,80.7376351502
93.2459801192,81.2737808262
94.8115269522,81.7825360224
95.1972655086,81.6979521887
95.8513079402,81.6202479222
96.7716223331,81.7677862548
98.1444656074,82.3304020307
100.939413536,83.2926310866
102.845962947,84.0237877051
104.755311012,84.6464015446
105.800488789,84.8835525394
106.980492468,85.1180105498
109.473353883,85.7605076464
111.821214582,86.4557151832
115.791154663,87.4783809114
118.495078972,88.1614870451
121.027353216,88.6910016009
124.723086633,89.0628633214
127.284337847,89.4060333024
131.500998585,89.6772124231
134.616793236,89.7627543216
137.622881308,89.7444895264
141.623586487,89.7381492447
143.897670674,89.8078940018
146.893048806,90.0168515326
148.642054259,90.1421974541
150.33570983,90.2234925638
152.974289366,90.1875616729
155.093652389,90.1694467523
157.668726495,90.1512777414
162.453699422,89.8506129782
165.831872085,89.7896274886
170.766103478,89.8196665495
174.073465671,89.8802070186
177.26450645,89.9900392949
181.608214165,89.854464262
184.277665644,89.6927551251
187.979535987,89.3977611445
190.106619385,89.2197080089
191.914717001,89.0382543079
193.918113797,88.7740966167
194.882176991,88.6560041205
195.940193675,88.5082180538
196.492168124,88.4540877804
196.980871735,88.3965092038
197.679382308,88.2599696151
198.286264931,88.0866531509
199.23124122,88.0088819182
199.95677573,87.9879507125
200.753240029,87.926844533
202.264973706,87.8294394181
203.977186661,87.6022048937
207.726578009,87.4739688616
210.957708966,87.262315712
214.378216534,87.0155153795
219.490728066,86.6538895367
222.546005181,86.6075574533
226.205768903,86.5328919144
228.136379704,86.4384234508
229.680241918,86.1428571079
231.313003789,85.7474847842
232.051399473,85.633428728
232.566457622,85.640590513
232.828048941,85.7869909157
232.857804507,85.8715706699
232.850884857,85.9901655393
232.840172717,86.0630169522
232.757622686,86.1260472138
232.69387189,86.1604673548
232.682066582,86.1865735111
232.849816249,86.2419847959
233.097689139,86.3063308491
233.486293381,86.4136648359
234.341111569,86.5321618661
235.333748632,86.7626279848
237.784549571,87.8103142014
240.371426364,88.8650802988
243.624007824,89.8651885214
249.159462782,91.1817383072
253.16497857,92.0144634423
259.394883698,93.366466284
263.732644809,94.3859460612
268.389754977,95.2961771997
275.025588892,96.6894081118
278.675923696,97.3121780462
283.132533114,97.8749465927
285.442439635,98.0371409875
287.446012927,97.9409721661
290.076010901,97.8989784017
291.471654382,97.9694367107
292.971708373,97.9801236035
293.518346975,97.9009423941
293.736349613,97.7820222866
293.551086667,97.8197757354
293.403191623,98.0809268912
293.0990561,98.7693912114
292.976218153,99.4067109038
293.116279984,99.4096607836
293.135937999,99.4166233346
293.025979659,99.4109942685
292.768195561,99.3674096656
292.54995092,99.078923221
292.636468358,98.884449602
293.394935604,98.3464409863
294.103580859,98.0532907258
294.991959962,98.0745014457
296.613180746,98.6370466852
297.628540199,99.0630641408
299.08048745,99.6091345532
300.140381062,99.7199780086
301.362688155,99.7154999624
303.616363473,99.726190075
305.258618679,99.8548514822
307.460395587,100.162318882
308.860838556,100.28242338
310.239950855,100.315122572
312.432076404,100.398695883
313.982098556,100.557860401
316.490402337,101.415249696
318.277556546,102.14777165
320.201656295,102.751392453
323.218202562,103.531806973
324.869641157,104.030883286
326.688851808,104.624221426
327.636323182,104.696222485
328.3153243,104.758165071
329.13539407,104.799558954
329.640224545,105.081967979
331.200107319,105.547068029
332.518980345,105.923038852
333.857898962,106.04374928
335.415307773,105.532821774
335.589494083,105.26684318
335.465395211,104.824562023
335.862698241,104.08993316
336.847176398,103.816765556
338.693537844,103.791341294
339.881369698,103.835883157
340.960494155,103.68851298
342.40944382,103.54598725
343.6623564,103.352103769
345.877055113,103.069170424
347.611714773,102.827481249
349.244850474,102.520817492
351.225744701,101.986220137
352.275326526,101.411659152
353.616038026,100.851942517
354.594362457,100.633418159
355.604513421,100.377503319
356.978935809,100.125459162
357.746514735,99.8269990078
358.909539337,99.3934272121
359.855438932,99.0641916759
0.865746667715,98.6556628701
2.33566066879,98.1055581484
3.06641504511,97.7648430733
3.62083320139,97.1639982714
3.76473798022,96.7408939054
4.01749199125,96.4079828337
4.79724287518,95.9369972338
5.4146885232,95.6047970275
5.86288552792,95.2952396204
5.4307180752,94.7495199804
4.6090886787,94.1673772135
4.22220585804,93.7360469432
4.46607185726,93.7551274657
4.85367822851,93.679356734
5.92120146108,93.7100631278
6.41315831737,93.7124852802
7.25360591964,93.6110035406
8.07699363479,93.5608073095
8.97348697564,93.6521109774
10.3789841288,93.7060074068
11.4966431211,93.6975984518
13.7041294115,93.7978020715
15.7539474443,93.7199767877
17.5554522128,93.6938195812
19.4186931774,93.6107805921
20.2316469575,93.4234413246
21.2355941262,93.2117769496
22.1538031674,93.0824567678
23.2574781839,92.7809821934
24.7441052728,92.7312235479
25.4477945375,92.8312735039
26.4654198675,92.9147500007
27.2254540143,93.0630160738
28.0375937217,93.2312150569
29.2089085064,93.4445879596
29.8338791374,93.4882060854
30.5730902871,93.890020809
31.1316873558,94.2611707615
31.8856416928,94.6189259965
33.0951395091,94.7609052933
33.8978270131,94.6647060503
34.8305729441,94.341969184
35.1894315464,94.0955185769
35.5292881891,94.0077638922
35.9591699,94.0148068992
36.0809848749,94.0524075424
36.1560627646,94.1061546104
36.1422791413,94.1949657803
35.9295506772,94.3110958932
35.0682101804,94.4444737199
33.572748527,94.3144819949
30.8598837901,93.706544074
25.0256773672,92.6533513797
21.6720134346,91.5016049229
15.5361861133,90.8951014743
11.0878402112,90.5645337785
7.31945070443,89.8602427714
2.49108233017,89.2137388509
359.728194266,89.0216539293
355.752354579,88.9304005217
353.632800382,88.7064967405
351.726521445,88.7975266776
349.428860558,89.088199165
348.089040532,89.1743987907
346.181118355,89.3473329575
344.590297873,89.4607043791
342.771008274,89.5601108957
339.574246353,89.6712024204
337.4224352,89.7964198221
334.472901536,89.7548166722
332.540809075,89.7295242953
330.803339916,89.6246530338
328.625543318,89.2660263197
327.451240927,89.0843843184
326.027530463,88.7169175705
325.136733944,88.4942324831
324.288282934,88.2200137537
322.989397903,87.8760524266
322.131170335,87.6894760303
320.809960337,87.4882240789
319.858551747,87.3927953787
318.827099461,87.2884703173
317.202944904,87.1138965219
316.144506037,87.1083705788
315.181697049,87.1349619078
313.722192751,87.276571165
312.792485577,87.522269989
311.529690754,87.6126922379
310.793787572,87.579757619
310.012849937,87.4181822781
308.922215017,87.1040979419
308.325698607,87.0444908095
307.631141024,87.0658682567
307.244022362,87.0683697559
306.884259416,87.0937704417
306.252115516,87.099295302
305.870225224,87.0902169125
305.299753793,87.1179429349
304.848943911,87.1804442081
304.333241747,87.2040984582
303.51231133,87.1914265428
302.929443972,87.1679042008
301.852371029,87.0769042312
301.086271261,86.9678616742
300.267521495,86.8972503926
298.94925987,86.6844580077
298.032445876,86.54044531
296.838372209,86.3095317295
296.166075459,86.2994108808
295.495947042,86.2933364832
294.602189783,86.2458867677
294.113698126,86.2678590104
293.410185436,86.2937139415
292.977085213,86.3179390253
292.602331183,86.3038631981
291.985036515,86.196313257
291.706839407,86.0603401514
291.453845269,85.9953758432
291.20068063,85.9001410701
291.035092059,85.8226388322
290.812254067,85.7405349938
290.683604803,85.717680826
290.494035596,85.7066210642
290.250285906,85.7413050019
290.095781557,85.7889005984
289.916793203,85.8750100723
289.855121839,85.8600621208
289.840946142,85.8213964724
289.894736941,85.7323138429
289.992274401,85.6421016296
290.227214835,85.5123379704
290.352132708,85.4854079211
290.449518694,85.4951054888
290.551458132,85.4968532933
290.601325123,85.4990744274
290.609450692,85.4970635245
290.599585456,85.4884509515
290.606024443,85.4762893755
290.652846678,85.4738651067
290.697004765,85.487211518
290.731140582,85.4850961263
290.757423989,85.4856642314
290.757139139,85.4945984299
290.771410516,85.496572839
290.805557663,85.4997373407
290.860257108,85.5399337506
290.896840483,85.5472823576
290.918439222,85.5566037062
290.902880655,85.5847705526
290.869740684,85.5987977855
290.842258452,85.6239557836
290.834646043,85.6696733318
290.835509281,85.7012646361
290.845084983,85.7124591948
290.85452279,85.7278740886
290.874077401,85.747438167
290.895550412,85.76323099
290.907828958,85.7608069419
290.907508156,85.7594095893
290.869890957,85.7971952386
290.656620514,85.8911562769
289.689024804,86.0721823479
289.002633316,86.2808412053
287.878339085,86.60205407
287.018006697,86.7138366667
286.077127931,86.6379129115
284.523399298,86.400941771
283.241917018,86.1820527717
280.793600323,85.8859218505
278.750399977,85.6144411798
276.2242018,85.2222495635
271.09811906,84.9353775775
267.071146027,84.9542205989
260.909347701,85.1419917134
256.893217155,85.279030234
253.095189611,85.4233429564
247.788282425,85.5432856802
244.033167603,85.6213905646
237.369007954,85.3518653605
232.939379289,85.549333031
228.961088783,85.8247564483
224.206588612,86.2571557801
221.740402852,86.6674941216
219.625412457,87.3471576607
216.709108501,88.3300291137
214.689039344,89.0283599468
210.747479789,89.9645250821
207.685263549,90.4984857538
204.615628654,90.8542562033
200.495242562,91.0726431147
198.197627006,91.3542654459
195.370069617,91.8574702081
193.637960877,92.101258568
191.798819626,92.2796230705
188.083516005,92.3301975023
185.34138512,92.1098848577
181.26459321,91.7265202098
178.823967985,91.5655106053
176.76397773,91.4157538837
174.252860866,91.1509726875
172.864943295,90.9868924952
170.982746803,90.8514004406
169.943968094,90.7390006415
168.981128875,90.6231825091
167.616754315,90.348488637
166.857919974,90.0193886309
165.880233258,89.4804130026
165.261222387,88.9630002466
164.646871214,88.3864132892
163.883382378,87.6488758244
163.499643557,87.248179864
163.306200111,86.6969048889
163.217539453,86.3560392161
163.249607454,86.1322158934
163.272809752,85.8866021783
163.390411125,85.4238407317
163.60347882,85.1641962182
163.814993096,85.0307960624
163.872755373,84.9341580031
164.023587128,84.6157501069
164.13216707,84.401382518
164.186836208,84.3072816014
164.389102136,84.0898958506
164.614020236,83.9809736029
165.094985346,83.6904318758
165.426886316,83.6242320685
165.760975581,83.5919660854
165.964974293,83.5801143836
166.114638219,83.4350762896
166.302852663,83.1664704656
166.471451715,83.0380768684
166.652941058,82.9100514383
167.159659959,82.6181390094
167.373508594,82.5649212223
167.672531733,82.5181692232
167.770268081,82.468606401
167.902237501,82.380456902
168.047630086,82.2469407871
168.18072046,82.1871231979
168.367767383,82.1348461806
168.457127279,82.0727699173
168.526631573,82.0126904323
168.619138477,81.9177010659
168.642940565,81.8998062771
168.708119202,81.8246840875
168.745361887,81.7677529215
168.798257127,81.7108465957
168.938732404,81.6394392928
169.011059208,81.6419409097
169.127478288,81.6526224225
169.192898241,81.616774576
169.237051149,81.5728689974
169.272803591,81.5108216567
169.302092665,81.4292851625
169.358044271,81.3244639954
169.420295176,81.2874352194
169.481366893,81.2642539715
169.54697178,81.2535469939
169.55280657,81.2457270575
169.553971596,81.2318753393
169.552417196,81.1765872926
169.571018597,81.1226741081
169.600592724,81.0791795853
169.634337238,81.0527788334
169.677149221,81.0445197171
169.722517837,81.0396584622
169.734669818,81.0363735386
169.725951971,81.0350976344
169.725774093,81.0221006406
169.725320187,81.0150036549
169.73493783,81.0153564399
169.760025227,80.9884496435
169.803093429,80.9663590339
169.823281954,80.955657502
169.838680391,80.9477051678
169.845565833,80.9332658187
169.854013299,80.9295348038
169.877816222,80.9292563937
169.85759756,80.9298849116
169.810180575,80.920473744
169.821073442,80.9195382306
169.848511804,80.9168965872
169.901793839,80.9126056954
169.968016428,80.898272239
170.007804402,80.9073670722
170.035861219,80.886218796
170.058811765,80.861512764
170.079115463,80.8385432256
170.080611508,80.8352492381
170.095541469,80.8087923931
170.125158819,80.7289085883
170.165163507,80.7006870943
170.198826821,80.6720160881
170.24823848,80.6480493535
170.264073109,80.6487077049
170.292658567,80.6411235428
170.31547768,80.623836977
170.32165976,80.6101723583
170.337212277,80.566553858
170.378858588,80.547783021
170.444744945,80.5202450027
170.479647295,80.5237145752
170.490235359,80.5429275206
170.47791085,80.5725977653
170.453915291,80.5785560182
170.419212439,80.5875714122
170.406097977,80.5873388397
170.402309769,80.6005059753
170.428442655,80.5977021346
170.459904944,80.5659688317
170.513818654,80.5451404712
170.545873183,80.5527003105
170.571818328,80.5865297611
170.604875483,80.689291865
170.621896672,80.7579642232
170.665052601,80.784366039
170.679967745,80.7589992267
170.681292051,80.7336404257
170.669219564,80.7084414039
170.677215117,80.6957705598
170.68999665,80.6841701484
170.713590147,80.6877036084
170.723698161,80.68846979
170.747005828,80.6903834547
170.779505156,80.7044027922
170.78920387,80.7174980493
170.775423628,80.7550972737
170.748799513,80.7683467515
170.739860636,80.7535059415
170.786038565,80.7286095606
170.859219815,80.7330835145
170.950195449,80.7649700814
170.960542844,80.7740357026
170.901608574,80.788417209
170.84342923,80.7930706828
170.81062051,80.7837219495
170.816793104,80.7636358892
170.863969938,80.7355847412
170.94984123,80.7018559248
171.006777734,80.6882574988
171.040444336,80.6786953365
171.045121793,80.6751772349
171.008759439,80.6834840075
170.955239778,80.6770755779
170.944463543,80.6699204956
170.947643619,80.673849424
170.958630345,80.6757153268
170.964184899,80.6671684923
170.981060972,80.6434636051
171.016241243,80.6416379057
171.040547027,80.6604769759
171.043304735,80.681950181
171.019270305,80.6940247852
170.959977335,80.7020028273
170.933420431,80.7110250314
170.920896573,80.6882716169
170.914976497,80.6666899859
170.935575574,80.6480132077
170.999928764,80.627069447
171.0282552,80.6245430437
171.047338031,80.6236355704
171.051451033,80.6106503222
171.045043445,80.5949010529
171.058224769,80.5619873614
171.135757276,80.492851535
171.207665586,80.4586986124
171.285409125,80.411841867
171.33476352,80.3784361879
171.368880089,80.3448937547
171.427362362,80.3249805618
171.461385531,80.3246662021
171.497266,80.3060235834
171.507180748,80.2707026602
171.495362116,80.2437055133
171.484844426,80.2022713909
171.485572421,80.1749116692
171.518412005,80.15124806
171.553741197,80.1273373894
171.586996451,80.120851288
171.60638624,80.1172400212
171.603998748,80.1194196649
171.589269205,80.1375847442
171.594127766,80.1266765729
171.599385223,80.1178910312
171.619260997,80.1190978396
171.629121233,80.1362232241
171.65226708,80.1388156449
171.676377323,80.1122983441
171.69273023,80.1077870547
171.711031805,80.1097936874
171.720446125,80.138211338
171.697854393,80.1649340378
171.678090487,80.1726266498
171.674681471,80.164355291
171.716501592,80.13670905
171.762843977,80.1215008217
171.828620948,80.1043193294
171.8566551,80.093716718
171.866828315,80.0836783335
171.85018249,80.0966934256
171.839236055,80.1120466599
171.821835223,80.123140881
171.806015869,80.1266579638
171.816037074,80.1369800219
171.841818994,80.1360156891
171.855155114,80.1319747081
171.856534595,80.1160899096
171.842488626,80.1373493423
171.829674391,80.1573188581
171.80684897,80.1809758824
171.790154097,80.1906861617
171.768983862,80.1946032278
171.769463424,80.1749268695
171.763219236,80.1679825603
171.784729843,80.151613558
171.795213193,80.1382379688
171.811383251,80.1340710586
171.827307476,80.1201248719
171.831026058,80.1060100635
171.840537685,80.0938006782
171.837384337,80.0842326023
171.827342143,80.0769156199
171.780687359,80.0882571802
171.707126881,80.094800326
171.714264757,80.0453250029
171.785230452,79.990943455
171.84085151,79.9910117552
171.81623325,79.9988441704
171.643125827,80.0214661072
171.204324565,80.0899411739
170.62167619,80.1633414491
170.448751475,80.1419504898
170.057976381,80.1997145072
169.599998032,80.3119409214
168.893588179,80.3530025855
167.386481291,80.3189875324
165.960215394,80.3141228832
163.363145694,80.4622495218
161.280571192,80.6162716683
158.710713025,80.8436605814
154.121059732,81.0846757453
150.966890624,80.8964710433
145.913103182,80.6412513802
142.135204533,80.5791753378
138.158608612,80.4642912436
132.93200865,79.9682945625
130.365922084,79.6995682382
127.411411158,79.6865069023
125.813317596,79.7159111981
124.317776784,79.7222143446
122.086078106,79.634604699
120.3877771,79.4055879987
116.930409855,78.7494431995
114.925865934,78.2622122287
113.577207823,77.8126891776
112.931442454,77.5799104842
113.231527771,77.7109205146
114.176312758,78.0328089929
114.803165391,78.2637720332
115.361710832,78.4392712754
116.37203901,78.6316335893
116.972598308,78.8193520785
117.774380413,79.0941141079
118.082229402,79.2821512229
118.430736534,79.3724711148
118.706300831,79.4623530659
118.933214659,79.4540774783
119.066096587,79.5276393756
119.351841929,79.640870956
119.669155302,79.7578695407
120.519083806,79.9481720039
121.091666195,80.0646613667
121.730105692,80.1004523988
122.804404697,80.2912735138
123.64893599,80.4410134398
125.456019138,80.979874278
127.891885461,82.0412217958
131.665732373,84.1830933951
138.775384544,87.1736508247
143.791611943,88.1772978344
151.500090321,88.7835569877
156.998148804,89.0874181824
162.187794436,89.5997588824
169.773848685,89.6155641123
174.315527827,89.2959160132
180.30747422,88.5183080478
183.685372425,88.0575463164
186.503901921,87.6085151563
190.013989001,86.8515630759
191.836060477,86.484205086
194.105692146,85.8176041445
195.558609444,85.5409575929
196.964709219,85.4238168227
198.966285291,85.3567953305
200.21835158,85.2634002719
201.914970952,85.2204172922
202.803146368,85.2048502069
203.483791462,85.2275731795
203.893926505,84.9923334277
203.876123854,84.724327511
203.721555898,84.4008664344
203.427678731,83.7751623584
203.327466217,83.4459684257
203.270084853,83.1146516388
203.282167267,82.9116421017
203.169110674,82.6872595733
202.601573256,82.2424324142
201.630343794,82.0949196209
199.790470912,81.4594514584
198.705733646,80.9840764346
197.941978499,80.5458755223
197.445928972,80.1731395472
197.461908665,80.0498898308
197.716618792,80.0195332494
197.872020195,79.9831661164
197.944867966,79.9896193848
197.880074494,79.9418405741
197.617795341,79.8784964223
197.00112727,79.7594299517
196.630933901,79.7106756171
196.428943579,79.6874003897
196.261190183,79.7187280774
196.155860645,79.7802418671
196.040078538,79.9090398486
195.906896254,79.9873652248
195.803571668,80.0402138196
195.646156398,80.0727250977
195.592757037,80.080259662
195.501153354,80.1317390097
195.460038955,80.1612792601
195.43566062,80.1933701224
195.408219565,80.2918806855
195.374416402,80.3243312507
195.279171569,80.31178922
195.211661384,80.295469635
195.134763606,80.2754262932
195.061206565,80.2512186134
195.041399642,80.2006404724
195.039534433,80.1809881737
195.035400804,80.1624998642
195.028864412,80.152501118
195.005087948,80.1443225458
195.004775115,80.1445633708
194.998221926,80.16227954
194.971541359,80.1742989827
194.933483486,80.1759134726
194.895964731,80.1880242132
194.846098054,80.2193310727
194.682266673,80.2708251696
194.08168514,80.3380327332
193.481726142,80.3757672958
192.696901403,80.4481432908
191.995433036,80.5337787463
191.133630923,80.6245557763
189.617572382,80.7113161109
188.46259368,80.8109980225
186.51561004,80.9321503073
185.250047502,80.8670564946
183.881361011,80.8164651082
182.00308151,80.6444009195
180.791104143,80.5369607732
179.13443056,80.3879398942
177.990092749,80.3160360292
176.832120769,80.362422762
175.206383351,80.4533984971
174.425562045,80.4985822965
173.725829747,80.4260277726
173.484657048,80.3205078236
173.487198978,80.2625744829
173.291050087,80.1950066029
173.088277276,80.1188947743
172.826239085,80.0308630782
172.551917657,79.960758679
172.308932943,79.901289224
172.122112985,79.8566937287
171.957520806,79.8176606507
171.877883401,79.8109386813
171.773565919,79.8588036528
171.698664729,79.908502884
171.660525172,80.0123929531
171.625268984,80.0846777477
171.585803864,80.1462629767
171.536449998,80.2608483242
171.473905918,80.3657063002
171.165776672,80.7581584483
170.851405518,81.0440846316
170.371102444,81.2460808331
169.378781935,81.5261938418
168.662293416,81.7120434703
167.539265199,82.0252200022
166.979123759,82.1495473383
166.531836191,82.2244715934
166.341857806,82.3490590499
166.424715351,82.43490836
166.678652182,82.9986587218
166.813995909,83.2648648831
166.93260763,83.3624956325
167.039737526,83.3671065394
167.185527323,83.2435207363
167.447178006,82.9129096802
167.515601729,82.8396661047
167.673654649,82.6063727136
168.073590127,81.9986128424
168.458143026,81.7543746438
169.100379821,81.4328383217
169.509156436,81.2506356842
169.811265865,80.9846960288
170.053854524,80.7902769932
170.139512056,80.7487434443
170.213519779,80.7567350151
170.391920803,80.7002492218
170.574469696,80.6033051086
170.802026833,80.4301128144
170.888539771,80.4047514812
170.978457531,80.3802488163
171.06387466,80.3733041481
171.09785414,80.3687452176
171.077067752,80.3972587535
170.96174161,80.5077112686
171.090354435,80.9421375443
171.572860112,81.4485216323
171.930062596,81.6444071989
172.245773646,81.7331008043
172.305595095,81.6839930977
172.293645771,81.6808939996
172.166298878,81.6284737862
172.009319279,81.6273715479
171.672916573,81.6817343326
171.543743802,81.7436145868
171.541581993,81.8246220178
171.607504268,81.9057073809
171.688708591,81.9417886764
171.761365709,81.9728573096
171.837128282,81.9612840094
171.835318237,81.9059724557
171.761748192,81.8199482848
171.699777516,81.8042263154
171.63349925,81.85694651
171.580060284,81.8894025413
171.518640281,81.8972933276
171.386857801,81.8643578427
171.32622546,81.8314527341
171.3195413,81.8046450697
171.354428723,81.8070473317
171.378962373,81.7489139561
171.414527186,81.6342571496
171.398526607,81.5876814604
171.351828434,81.5215292864
171.216532891,81.4314604408
171.142739975,81.3899221814
171.039879603,81.3340070915
170.982883127,81.2950183234
170.927278602,81.2801630864
170.857882733,81.2139338598
170.78255641,81.1688244509
170.669636466,81.1416872838
170.606905885,81.1499900204
170.537425659,81.1630475247
170.481764108,81.175242699
170.463172601,81.1512311229
170.461854962,81.0893480792
170.501878357,81.0742362696
170.558019797,81.0374864991
170.719453721,81.0152391
170.798754605,81.0205552594
170.875579246,81.0219616788
170.916148216,81.0268764307
170.910617336,81.0450053997
170.848566863,81.0674725606
170.817691845,81.0839723987
170.812423757,81.0860426598
170.826883703,81.07263577
170.852093668,81.0425147142
170.905438942,81.0220429988
170.943785527,81.0055934772
170.999421443,80.9731348611
171.024209472,80.9807801625
171.018356422,81.0017136339
170.933401274,81.0117570215
170.771988065,80.9620678879
170.556533059,80.8620681704
170.336604961,80.7227587026
170.239060956,80.6732052009
170.162008805,80.6587983665
170.171109618,80.710192654
170.229105096,80.7820808984
170.223465079,80.8332225844
170.158336657,80.8442411467
169.961150746,80.8232431916
169.854850934,80.8142550404
169.767260538,80.8137000188
169.693918895,80.7864044895
169.696386657,80.7680702185
169.730659853,80.7432683124
169.765042924,80.7060146185
169.786578322,80.6482375074
169.778909766,80.5821400131
169.755352722,80.5551435875
169.731091512,80.5119935443
169.716651811,80.4733148708
169.722089038,80.452139556
169.754421606,80.4221917869
169.78665964,80.4055909866
169.832051117,80.3922174839
169.85615016,80.3830941792
169.867473104,80.3736751099
169.864938841,80.3706030342
169.854211677,80.3804309101
169.851046747,80.3616598363
169.868228386,80.3258035258
169.889725441,80.3162654374
169.929431328,80.3141816988
169.933846572,80.3068157511
169.934844024,80.3061915254
169.924461541,80.2987341961
169.92948462,80.2712304213
169.972562823,80.2252869869
170.0095148,80.2146530709
170.04927555,80.2069654389
170.095564369,80.1954279183
170.106990366,80.1947900865
170.109336246,80.2027812253
170.088198502,80.2078211598
170.084676401,80.2060649089
170.094296084,80.204613961
170.097925111,80.2149149187
170.096043203,80.2317145333
170.095073418,80.2307031967
170.077683459,80.2117871718
170.032364269,80.2015025135
169.991706591,80.2050291527
169.945367764,80.2301484644
169.90969009,80.2433491712
169.879132011,80.249151529
169.858203827,80.2100872854
169.847739145,80.1982349617
169.830418402,80.1997056446
169.804433807,80.2221126677
169.770155204,80.2398455074
169.742144118,80.2585684947
169.718697643,80.2639314161
169.698773352,80.2631217732
169.672257078,80.2561076003
169.66264909,80.2585205263
169.663251991,80.2503132583
169.673935051,80.2513213928
169.685006032,80.2600201032
169.653542582,80.2628104161
169.622752409,80.2514320594
169.59896387,80.217545981
169.599850817,80.2158386253
169.619068454,80.2199910074
169.643925006,80.2208196522
169.64826748,80.208342186
169.622815506,80.2061500244
169.609725212,80.1868101334
169.607006706,80.1851476101
169.618951864,80.1903823818
169.627819523,80.2028886599
169.633570162,80.2153300309
169.62629335,80.2236332648
169.609279204,80.2329398302
169.592836822,80.2323358284
169.583402376,80.2323788761
169.592002968,80.2329618151
169.605803229,80.2336596423
169.616286592,80.2394640568
169.61229699,80.2562120471
169.612297345,80.2769182011
169.625234867,80.2925829662
169.649515765,80.2878419208
169.665678561,80.295323355
169.667536177,80.3040982574
169.648127074,80.3002349768
169.631985489,80.2933955565
169.613909455,80.2821511374
169.608429372,80.2784254004
169.623860254,80.2573575235
169.640707348,80.2425763583
169.658713166,80.2372059318
169.671521447,80.2419194439
169.672672929,80.2607981963
169.655976182,80.2800398493
169.646303567,80.2899485589
169.641256791,80.2934509305
169.635992574,80.2858444521
169.635749805,80.2777890985
169.660805131,80.2603285235
169.671613296,80.2586107745
169.667562804,80.2491167674
169.63421528,80.2492158432
169.622443923,80.2399316654
169.653272232,80.2219088797
169.673764523,80.2240242696
169.677705486,80.2368977696
169.642320239,80.2499192692
169.61416673,80.2578293829
169.58596372,80.2774065729
169.595662895,80.2700681253
169.619069221,80.2717996308
169.644326866,80.2662857185
169.648153119,80.2641361307
169.651161499,80.2761814115
169.659849119,80.2895042
169.664937477,80.3108256032
169.678821772,80.3229800887
169.665734456,80.3159142891
169.636446133,80.3178723266
169.626213685,80.3129980051
169.626342551,80.3009331868
169.627828068,80.2901676628
169.618306237,80.2676160773
169.582498244,80.2317608619
169.565040691,80.1881023691
169.544110867,80.1473466965
169.518943089,80.1249111282
169.506398904,80.1360527076
169.476650831,80.1517426016
169.428722323,80.1734056715
169.400878427,80.1945638495
169.39681695,80.1995829032
169.416320173,80.1983092492
169.434017262,80.1928457755
169.46149199,80.1873639809
169.468052614,80.174304077
169.499264772,80.1503199862
169.519497205,80.1417759241
169.531925744,80.1357710349
169.553758649,80.1237054054
169.566634284,80.1165306223
169.583027098,80.1188154052
169.601752196,80.1292878364
169.629009054,80.1432980216
169.662344423,80.1487657324
169.682923519,80.1386302083
169.684751531,80.1398949334
169.670987242,80.1509919336
169.653225792,80.1608207543
169.631007253,80.1709662206
169.627485838,80.1625108387
169.62377297,80.1453491707
169.62603191,80.1230640896
169.638385743,80.1173707191
169.653994189,80.1191951664
169.666215176,80.1180123914
169.677325003,80.1202962894
169.678126125,80.1144118211
169.684410655,80.1142273107
169.698592991,80.1010506875
169.697870839,80.0987261302
169.70527184,80.0909954184
169.705882679,80.0897364426
169.712691932,80.0965488424
169.703440441,80.1065469392
169.697009926,80.1068721025
169.700226219,80.0940178144
169.706395982,80.0851169311
169.71140861,80.0858409048
169.705653209,80.0895998571
169.704265078,80.0920610505
169.694121359,80.0828622889
169.691924108,80.0700619228
169.6996728,80.0578245432
169.717019313,80.0514740303
169.730906599,80.0400685583
169.747029498,80.0309533537
169.750224088,80.0410456603
169.749583726,80.0448135127
169.740168403,80.0423207454
169.730446605,80.0367554898
169.733600731,80.0327829417
169.735805547,80.029369156
169.739785121,80.0323504551
169.740333794,80.0426171281
169.73023918,80.0509037352
169.72307167,80.0519983657
169.731850458,80.0469901204
169.737632934,80.0536225718
169.741199876,80.0527472009
169.734830084,80.0453981044
169.727650977,80.0330264252
169.724115742,80.0181339526
169.720305568,80.0023892517
169.73906957,79.9950209002
169.760095,79.9817058256
169.776308786,79.9715260076
169.780249813,79.9576750439
169.792180615,79.9571619003
169.790706157,79.9581572674
169.791520181,79.954404308
169.799159958,79.9475981742
169.811498006,79.9393750456
169.820242042,79.9408053172
169.828953286,79.9448262976
169.820090124,79.9496956742
169.824115746,79.9458249375
169.847828959,79.9364053084
169.848190818,79.9472088734
169.832088891,79.954127955
169.794446145,79.9535355677
169.791984198,79.9511797294
169.797897339,79.952437783
169.806263308,79.9339880446
169.820744252,79.9286837946
169.852492132,79.9236670884
169.868269418,79.9209813507
169.864402681,79.9231259928
169.873958432,79.9224590137
169.886304673,79.925709802
169.89567891,79.9239599104
169.897193594,79.9168662752
169.894913761,79.9096685852
169.889135221,79.9142307562
169.885073644,79.9232045959
169.881186745,79.9325611813
169.885589321,79.931023805
169.888649885,79.9211560277
169.873413993,79.9288930661
169.858638457,79.9334768876
169.836502218,79.9331580192
169.835867111,79.9285901124
169.843653091,79.9122812875
169.855276688,79.894470744
169.863432708,79.8992934249
169.880898149,79.901525788
169.892312697,79.8949428697
169.897827541,79.8907432491
169.899450805,79.8989558004
169.896291989,79.9076788355
169.887877867,79.9089270698
169.891402698,79.902934965
169.895626389,79.9017084731
169.900794688,79.9044975052
169.898817753,79.9165845283
169.881459345,79.928971938
169.882283137,79.927572242
169.88439809,79.9137864613
169.870072057,79.9252384832
169.8613638,79.9323543817
169.853247458,79.9318430925
169.8466551,79.9311810099
169.847148653,79.9199935799
169.858523575,79.8985337766
169.875140387,79.896529183
169.899689965,79.9006383116
169.896982921,79.9009148178
169.886150015,79.896596206
169.884401179,79.8993241326
169.89024284,79.8973738921
169.899878091,79.8949347435
169.892478863,79.8862747133
169.87532193,79.8836498968
169.863954683,79.8944405969
169.868152637,79.9063055348
169.885189734,79.902512408
169.896670094,79.8836724322
169.901278198,79.8905816787
169.872504166,79.9070635931
169.841951169,79.9096645316
169.821986325,79.9090082622
169.804018534,79.8866615203
169.806360025,79.8714060934
169.830260211,79.8500498786
169.851624213,79.8469927152
169.863473045,79.8455876142
169.86375394,79.8347475306
169.860643684,79.8285071127
169.860229499,79.8316935115
169.853910168,79.8251179595
169.840723576,79.8076589892
169.821679393,79.7843772081
169.831789907,79.7804498455
169.849981346,79.7771056898
169.860917195,79.7746684424
169.856844182,79.772197505
169.83997161,79.7866858434
169.81915185,79.7919681542
169.799333843,79.7900265398
169.792843873,79.7848270559
169.787281333,79.7909492308
169.784696271,79.7979920064
169.780939657,79.8353341197
169.786936992,79.8702019
169.787672918,79.8794106559
169.786586413,79.8813878639
169.801793795,79.8719005087
169.818769246,79.8708716646
169.847605281,79.8584185796
169.858468264,79.854345716
169.863451197,79.8550120995
169.848062913,79.8646396167
169.835273718,79.8408226705
169.846066952,79.7846891105
169.86955277,79.7520811219
169.901665879,79.711661796
169.93312554,79.6744493314
169.949497307,79.6621853984
169.971403029,79.6512412599
170.024896916,79.6200869412
170.057961876,79.6037392746
170.115728391,79.5880577446
170.155893957,79.5901355437
170.191070294,79.5816852248
170.237714403,79.5587544459
170.265459376,79.5244568914
170.326858162,79.4892343685
170.365829879,79.4732911191
170.406221574,79.450264746
170.422016335,79.4225739436
170.418106239,79.433635026
170.408852268,79.4863270268
170.397175254,79.5056464056
170.372971706,79.5053450213
170.346482568,79.4814918969
170.346485501,79.4677973465
170.356830345,79.4461450661
170.373510773,79.45417049
170.380525604,79.4594488734
170.358973651,79.503263748
170.34006798,79.5327403489
170.322761589,79.5517259328
170.310120781,79.5611900218
170.304350244,79.5591310287
170.287404214,79.5454664272
170.275949131,79.5311179649
170.272584612,79.5257160819
170.273480841,79.555413811
170.261467127,79.5786724156
170.225434598,79.6035643791
170.201624071,79.6097052407
170.187297387,79.615165308
170.1798659,79.5953501125
170.1871408,79.5830001556
170.233578779,79.5492564988
170.258925609,79.556519068
170.266254462,79.5825168187
170.237042382,79.6527215255
170.202831606,79.7172661608
170.165864422,79.8356768458
170.152178319,79.9196499334
170.170755171,79.9744420558
170.240237594,80.0246457664
170.238791645,80.0700216315
170.228156116,80.1710685782
170.206819881,80.2337034703
170.193629496,80.2791588125
170.183346407,80.3191599982
170.18386348,80.3396155165
170.206413507,80.3318762647
170.232892846,80.3282927444
170.268045506,80.3283750041
170.345415677,80.335719971
170.373427151,80.3451907162
170.392446538,80.3686134926
170.385557424,80.379092594
170.372869631,80.3836632841
170.353637437,80.401446839
170.349899853,80.4190085494
170.349618041,80.4234344357
170.365792847,80.4034458026
170.371520861,80.3981124581
170.369467791,80.3996780693
170.366123226,80.3913982509
170.360125763,80.3677208369
170.351398335,80.3477670917
170.362936923,80.3268221585
170.402101115,80.2701559225
170.421869858,80.2401733528
170.448382282,80.2228936216
170.48027465,80.2195352916
170.485254487,80.2157409111
170.479115738,80.2230544345
170.475787473,80.2162635024
170.476624211,80.2131114657
170.471001843,80.2051854164
170.479412863,80.2035946391
170.473338661,80.2140715196
170.462368695,80.2196717308
170.453686184,80.2168150148
170.432667607,80.2212890974
170.411885197,80.2336341173
170.381343108,80.2482434155
170.335950349,80.2503660644
170.308302695,80.2292757424
170.262190362,80.1985815434
170.26331808,80.16199078
170.29155422,80.1465752757
170.322470105,80.1362741903
170.351194994,80.1297725117
170.354726556,80.1183249994
170.341955395,80.1074209581
170.338052824,80.0967438722
170.343474122,80.0959097774
170.343721017,80.0902565908
170.34695759,80.0788376185
170.35249299,80.0899442476
170.351455681,80.1222616388
170.342330191,80.1371959815
170.349318526,80.1401183878
170.372541637,80.1268171071
170.383758391,80.1348887345
170.386327602,80.1421775219
170.391839157,80.1512809973
170.396274753,80.1541783186
170.406208246,80.1418390553
170.426674476,80.1129024576
170.462317987,80.0901571622
170.50062007,80.0735987981
170.529872114,80.0624038018
170.558545136,80.0539767179
170.571463771,80.0386502806
170.585676881,80.0265463684
170.596603775,80.0096590266
170.603693842,80.0017205604
170.625902423,79.9961581979
170.640891135,79.9918114322
170.655788604,79.9768403219
170.687745343,79.9748585172
170.699787832,79.9789670312
170.703135039,79.9881345306
170.701580053,79.9783019746
170.702431709,79.9710928443
170.705730358,79.9616675237
170.710169539,79.9585327333
170.712356365,79.9558628754
170.713700661,79.9497689982
170.711444926,79.9438583026
170.714277588,79.9305494261
170.729128743,79.9369409085
170.755807033,79.9455291341
170.775369786,79.9337071535
170.781019803,79.9268566784
170.775139242,79.9210119495
170.757866698,79.924656101
170.742726952,79.92303815
170.722651812,79.925501035
170.722931792,79.9416450701
170.682121824,79.9666250932
170.64798529,79.9719536777
170.618685574,79.9774412384
170.536009308,79.9924674803
170.479926573,79.9989845066
170.456851891,79.9950921388
170.467400759,79.9849206578
170.478472139,79.9680094686
170.479577236,79.9463058256
170.476422421,79.9320713355
170.494058398,79.8976001805
170.504120759,79.8728368371
170.512134162,79.848169015
170.497866431,79.8134919302
170.491192347,79.8022634399
170.504463429,79.7882127566
170.527329052,79.7809302116
170.550471813,79.7771393828
170.559691711,79.7656833017
170.548038381,79.7686897119
170.531617348,79.7580131547
170.539625305,79.7268333505
170.546670659,79.7150324916
170.532493825,79.729164462
170.514954427,79.7538561054
170.491021458,79.7917198417
170.472028744,79.7989622079
170.461242622,79.7992514169
170.446562365,79.7838046919
170.450665539,79.7884976528
170.444025285,79.8022451435
170.435827538,79.8044389284
170.424523586,79.8019344012
170.419697049,79.8022547376
170.40809825,79.8196515532
170.390650103,79.8375270733
170.372231482,79.8347164435
170.361904627,79.8387536465
170.328886808,79.860252975
170.276731064,79.8749415496
170.210936446,79.8854349272
169.815581251,79.9857324336
168.986700554,80.0469965175
167.528965389,80.075405538
166.452487282,79.9889356954
165.17945225,79.9405902817
161.820579942,80.0033158587
159.145653308,80.1279677412
155.34730308,80.5281387658
153.26266872,81.03276614
151.632043233,81.6236689403
149.565188256,82.1971771408
148.416175535,82.3786559245
146.90311854,82.3202669468
145.942414399,82.218951698
145.064173984,82.1232894012
144.02150405,81.989180056
143.597601798,81.9713058953
143.217173078,81.9694352143
142.971054266,81.9411210566
142.641520474,81.9112171331
142.245391999,81.8432558368
141.920587178,81.8601533678
141.311845245,81.8939924544
140.922234981,81.902245865
140.581456413,81.8507234784
140.143205144,81.7781280517
139.799155539,81.7433139884
139.43444168,81.6992980109
138.660642885,81.6668930019
138.241898531,81.6126497493
137.650413769,81.5313024589
137.271133614,81.515790686
136.949490069,81.4848003006
136.456381723,81.5375806851
136.135396396,81.5679536851
135.80404465,81.597599899
135.729349401,81.5863472966
135.676084355,81.5833126337
135.623555964,81.63283434
135.679192844,81.5971116754
135.833441385,81.5306893989
135.999047816,81.4846292469
136.264397519,81.4419605996
136.788908509,81.4526839875
137.21374036,81.4782505715
137.982754496,81.4770667941
138.568122273,81.4733158568
139.126257419,81.4514575279
139.914594201,81.4554034705
140.348473223,81.4579553043
