180.538630969,74.2910185949
181.121975234,74.6807997328
181.255642873,74.575656096
181.808628388,73.8577908928
182.17361574,73.3037513817
182.566758986,72.907774663
182.654391494,73.1700479803
182.652457479,73.2734714578
182.395693123,73.8222652565
182.310973751,74.1029106916
182.341042082,74.1636458229
182.685086508,74.1591251216
183.219888043,74.193649884
183.962865622,74.163093656
184.439115965,74.0006141092
185.012049557,73.7004065124
185.774743895,73.6015866597
186.386696207,73.6770422161
188.345400572,72.8064265963
190.412519495,71.3455597141
192.715265953,69.6671284109
195.140117506,67.5588837717
195.757510666,67.1150282658
196.004933054,66.6523620859
195.99614923,66.5699769334
195.909196892,66.418147732
195.845932281,66.2235270011
195.832840549,66.2063649952
195.791056199,66.2192102741
195.586762491,66.6090132576
195.467010571,66.9378983364
195.182472807,67.6837350435
195.078624083,67.589748788
194.737224077,66.76169718
194.262051959,65.469152728
193.947070398,64.7345224744
193.753285551,63.733807914
193.780606738,63.1617302264
193.807515022,62.6389308266
193.846399662,61.8630096021
193.650245781,61.6066335641
193.167433688,61.2794302117
192.855980018,60.954956656
192.658935824,60.7649749469
192.589160144,60.7958349877
192.654669057,60.6306962027
193.358829176,60.5712275269
194.211933774,60.3812331263
195.431905363,60.0591955131
197.414863823,59.2156927212
198.86496512,58.9460760968
199.993961471,58.6015331031
201.126928813,58.3755692713
201.472039161,58.2473730389
202.101978349,58.162633945
202.545730654,57.9639126466
203.22096844,57.8022189078
205.326974184,57.4994696373
208.002087038,57.6162961607
213.56559119,57.4067583663
216.968516915,57.2714692204
219.930472522,57.1839855053
223.312736763,56.8709366257
224.949107782,56.4218494863
226.868753679,55.4675611117
227.862826189,54.7961950568
228.745473247,54.0606971847
230.127940894,53.2686253239
231.255602962,52.7014272633
233.288857074,52.6274768391
234.591953406,52.5100405227
235.53086164,52.3597436178
236.574131602,52.1123107392
237.17947863,52.1497475907
237.078477564,52.159712939
236.547588825,52.0238936486
235.843961193,51.7644478199
235.109464758,51.2907276625
235.234266122,51.0431246077
235.699418955,50.728572543
236.145448463,50.8279786626
236.483797389,50.8446886067
236.239579212,51.1086602662
235.468247576,51.5882941628
234.170007729,52.0311661829
233.308463535,52.0503945825
232.464211277,52.0541475017
230.93510388,51.8356678655
228.96333183,51.333707506
225.709850849,51.0897653229
218.355297975,51.5148248511
212.779317899,52.1028820251
205.057447253,52.9174827477
200.588377256,54.1315697343
197.124722682,55.9251074852
192.547740888,58.9657654307
189.61343238,60.1763163589
185.688541088,61.1871283932
183.156084975,61.3886651065
180.857145267,61.5603364692
177.369398837,61.8136754606
175.200953617,62.0252663635
171.800740509,61.6425949016
169.590790107,61.2051177748
167.840130286,61.1942214395
165.233654753,60.7383992412
163.855553736,60.7495881176
161.61835096,61.4195911644
160.316349771,62.3660500471
158.987561442,64.0141187783
157.082348754,66.4188848052
155.705784031,68.046826342
153.3695512,68.540793851
151.525005987,68.2324861961
149.155048078,67.8853729648
144.859965742,66.7949672397
141.518952734,65.4036160728
136.666737583,64.2114787699
134.110387012,65.0807267804
132.071682234,65.924474481
129.074135146,66.5293689849
127.178870858,66.5787369132
124.534334082,66.3096056771
123.222476298,65.5624210535
122.335806733,64.508884672
121.772734255,63.0604791502
121.512804404,62.5028103191
121.382921904,62.1667584875
121.124636084,61.2901435371
121.275089764,60.4716506939
121.881339804,60.0406720669
122.322489386,59.7645581826
122.718175536,59.4267256875
123.341671219,59.1413100191
123.474810197,59.0872118058
123.517094278,59.0140304796
123.389313897,58.9074471788
123.216707158,58.892034468
122.843678589,58.7666801106
122.762364435,58.6841089385
122.856858275,58.5297848177
123.075881012,58.3892606178
123.441054364,58.3454402993
123.998930033,58.0548505258
124.130449266,58.000733087
124.25299206,57.9756059213
124.303344855,57.9311813979
124.329322838,57.8712914108
124.451150146,57.8615913316
124.557396783,57.8424945122
124.687895912,57.7855018439
124.755339836,57.7496971633
124.833623568,57.6719633865
124.961851039,57.558516899
125.145816444,57.4862339303
125.46401996,57.4095779119
125.881541094,57.4719661975
126.162409453,57.4597642736
126.361986792,57.4451487013
126.424279949,57.4129916328
126.43154708,57.3825652564
126.303618953,57.288403647
126.102098079,57.2322757889
125.965837312,57.1374552216
125.940197762,57.0407507945
125.994763522,56.9198321525
126.208887173,56.7528602486
126.385510733,56.7104724238
126.682060246,56.7759067593
126.791269699,56.821668694
126.837056928,56.8356715678
126.867321618,56.8543206139
126.870443035,56.8636006532
126.848892625,56.8594626393
126.858853096,56.8139504783
126.892175322,56.7766646186
126.993594933,56.763745538
127.090864526,56.789936359
127.287874684,56.8676551774
127.429143079,56.9587582208
127.520568425,57.0053408788
127.631568997,57.0491682102
127.705080445,57.0639544528
127.808162048,57.0825704313
127.868712068,57.0851510614
127.922238145,57.0944096014
127.947393826,57.1133659629
127.953502031,57.1184073366
127.939987287,57.1245754043
127.946188697,57.1182330054
127.9699827,57.0845219433
128.054522363,57.0883499828
128.151018636,57.075871048
128.261563965,57.0721891493
128.302333337,57.0994230926
128.334490116,57.1026201883
128.342829537,57.1005643135
128.396880765,57.1348366053
128.593579399,57.1717623291
129.036562724,57.1462209514
129.67642863,57.1321362307
130.477813853,57.1151556274
130.7760654,57.0423314751
130.845014192,56.9923070598
130.941930928,56.9399203962
130.979768438,56.889566106
130.9962615,56.7922323837
131.057212736,56.7541464719
131.142645719,56.7563568432
131.229428332,56.7224121184
131.268535745,56.654486171
131.344352329,56.6386542094
131.436215413,56.6553551257
131.547411982,56.6844415533
131.683609411,56.7259515989
131.709404714,56.7571343415
131.681618798,56.8403239623
131.565503338,56.862981447
130.507146299,56.928210468
127.576368237,57.1712317396
124.820641309,56.9341243349
120.734472125,56.3861256134
118.490418855,56.0306680931
116.789917216,55.6949990891
115.051495103,55.8898592047
114.086500456,56.3286329673
112.768123899,56.5409243915
111.944474607,56.450023589
111.191549132,56.6540230277
110.047796765,57.562579667
109.129810747,58.4342122675
108.091493572,59.2829698052
106.442167971,60.2067747564
105.15727893,61.1576929639
103.520600071,64.0298985054
102.847808256,66.9488005109
102.40510006,69.619456795
102.144229148,74.9220545352
102.020058644,78.3612830439
101.673632881,81.4853394078
101.410356519,82.5980544003
101.332074782,84.3411237824
101.06722448,86.1396152075
100.933062674,86.3994409563
101.102718838,87.6022965172
101.345796035,88.5014910592
101.588163434,89.8273051024
102.15445288,91.8404255963
102.485616419,92.8537960234
102.869617291,94.198543867
102.778735545,94.7253202079
102.281550882,95.1020131428
100.908014847,95.0302251606
99.6385217261,94.3681314388
97.1803881463,92.8429337187
95.0617662635,91.7878597719
92.7459268112,90.5809435413
89.3500571922,89.3052345499
87.2357869027,88.8511623143
85.3711000917,88.660456305
83.0730318364,88.6595017924
81.8753749642,88.5312933674
80.2337282212,87.9720135989
79.3927561374,87.7123910064
78.7127894109,87.4623642494
77.8714379477,87.3217143245
77.3500577623,87.380571571
76.5250661205,87.2156701165
76.0073364377,86.852777558
75.5920603687,86.3091354554
74.9896929593,85.0081005527
74.7663358807,83.6378913014
74.3523664075,80.8658652402
74.0567661542,78.7655105655
73.8650183595,76.7353819494
73.2489735819,74.8874459987
73.019783032,74.724394328
72.9000358589,74.997933219
72.7752353367,74.8214194899
72.5821280427,74.7080192471
72.255758885,74.7011622427
71.8649828,75.0108278857
71.0181541485,76.269951624
70.3120426772,77.1276026707
69.6925596107,77.5050031887
68.639330649,77.6542084366
67.4279956091,77.8506498739
65.7680463424,78.0818416964
63.1151390433,78.3586686316
61.886274126,78.4372576002
60.8277725161,78.2949488422
60.5047781949,78.3971154444
60.5264099368,79.0496122971
60.3404994047,80.3562982875
60.046052818,80.6489606073
58.8556425354,80.2090259942
57.9338051347,79.4701152195
56.9984695348,78.7623643984
55.3603043406,78.4852402566
54.2565056953,78.889213225
52.713471972,80.2934779051
51.5186252097,81.4381213677
49.8854513396,82.4566900364
47.2813194872,83.0299765113
45.7074784255,83.6556883411
43.6025961554,84.5777130049
42.4264179119,85.2843499563
41.4118523799,86.3098370969
40.050741343,88.0619846193
39.2797703669,89.5934392721
38.3980266379,91.4612128795
38.1222863628,92.2615834905
38.0702541747,92.5823948079
37.8218636034,92.9454322637
38.1077804901,93.0590239641
38.856856276,93.4517869597
39.7614395385,93.284756065
41.1693145605,92.7987003899
45.4841736069,90.632810645
49.8738546956,89.2662545774
56.4389947338,88.5406620982
60.2460344619,88.4911512022
63.545937332,88.5764478255
67.4312020116,88.8472418648
69.2068896851,89.1553288739
70.9871646215,89.2962941045
71.662333888,89.1188611572
72.1889652311,89.0097848358
72.7150970999,89.4782729937
73.0552763888,90.5717350966
73.2285105804,92.0607468622
73.782496754,93.3693785843
74.2754006236,93.5878715423
75.2625228271,92.9919478634
76.1978680114,92.5406828196
77.3277801777,91.886337726
79.4089709587,90.1889808388
81.225053136,88.5172906592
83.8931154146,85.7150714828
85.0051798115,84.3151688356
85.6186566009,83.7266479248
85.7675950643,83.2420486517
85.603645078,82.7417366491
85.0258089116,81.8995762659
84.5854151859,81.3725084433
84.1181444184,80.9244457974
83.5204948937,80.7586355355
83.106563772,81.135753477
82.6295326445,82.0010456019
82.563187526,82.2652571992
82.6577721465,82.1291879974
82.8767996002,81.8232182618
83.0912872246,81.8467024548
83.4097053697,82.9339695479
83.4113318983,83.6262668285
83.3296826383,84.2508324034
82.9487016398,84.5799546172
82.6370481456,84.4247307316
82.1220690922,84.5182527358
81.6887484124,84.9692870327
81.2530555349,85.3635782729
80.6154687468,85.6814608661
80.3087319323,85.5238513707
80.2899776955,84.9293788899
80.9395596903,83.5640275473
81.7600783055,82.1003219173
82.7923661194,81.2046153879
83.0320662679,81.0804069429
82.6189466035,80.8864356663
81.4040861589,80.5862879805
80.3219238827,80.5390143358
78.660669955,80.5801199653
77.4237348292,80.6513327193
76.0867944076,80.6925023102
73.9414810469,80.5587857044
72.3985049151,80.3096406573
70.248594003,80.0676727305
68.9418497779,80.0544475389
67.8158566441,79.8693578847
66.346936216,78.8104935647
65.5667568989,77.4764738706
65.0079203281,73.8728057316
64.9891311621,71.6457328792
64.8582515377,70.3532594043
64.8890088358,69.4401296347
64.9115495237,68.9829024769
65.1813527929,67.8655820526
65.5150842154,67.1871721399
65.8783271034,66.4112100773
66.1525301034,64.3342118327
66.1501915155,62.8369745084
65.9539281385,61.9161058405
65.810334678,61.789950673
65.7398969116,61.8813672283
65.4501884865,61.9467666241
65.0784261051,62.1786401665
63.8429582646,63.1003018031
62.3509745635,63.6903355429
60.3172383163,64.1244073354
57.0895859157,65.1016708324
55.0353425276,66.0781413024
52.3980643449,67.6603930931
50.8665245624,69.0801378427
49.2289236285,70.4674923015
46.3831352677,72.9572012858
44.3162222593,74.3748588765
42.3379796743,75.4858596007
39.8991733184,76.5646782973
39.0416637876,76.9331497096
38.965485462,77.1995955511
39.4897372328,77.3086967192
40.1024955314,77.5923476602
41.0242925552,78.2956560767
41.8316797948,79.0536926195
44.2687860269,80.3473916876
47.2636402614,81.4787213543
51.3369116862,82.3962528083
59.1546906259,83.0489196096
65.4492011868,83.3533181939
74.8453877386,84.6214328064
80.887669308,85.5148903743
86.5351399619,86.4105645814
94.1459647755,87.7649959541
98.8123898582,88.6273814415
105.09792159,89.2192008051
109.069311573,89.2625168455
112.648045046,89.478715932
117.479727946,90.248487802
120.444391085,91.0245380981
124.329964982,91.8695111427
126.562315895,92.445537274
128.688020764,93.1607532692
131.662974085,94.0877576651
133.828642412,94.8269563058
135.869461726,95.4743746381
138.938096571,96.105678236
140.817980596,96.5544191267
143.685717298,97.1564310067
145.613583087,97.3583773321
147.458724287,97.1606116889
150.379595943,96.5676524441
152.194565164,96.1946700333
154.809354704,96.0475498862
156.339959393,96.2072291806
157.786968901,96.4457317887
159.608655078,96.9206181567
160.749450392,97.6014858708
162.218590621,99.9820923852
163.153575256,101.832714068
164.398587743,103.863866021
166.294889989,106.708974009
167.38452224,108.155280281
168.863192528,110.165564049
169.790416206,111.628613024
170.796838159,113.376317694
172.267168279,115.767190157
173.278937874,117.052120494
174.872090422,118.665431949
175.874378318,119.468065894
176.933949528,119.820327936
178.451195647,120.261442828
179.601595977,120.902834137
181.234643363,122.44614254
182.035421435,122.463769332
182.597142104,122.270347451
183.508385489,122.747704156
184.127382953,123.021376339
184.595875097,122.635621713
185.278885521,120.924322007
185.972698433,119.94624305
187.14578935,118.686610981
187.97017743,118.413690585
188.806236792,118.661576425
190.218544582,119.060103899
191.239753238,118.824630683
192.57861282,117.247534465
193.347833531,115.326078449
194.135961853,113.458102836
195.22777133,111.151665245
196.008610023,109.83313648
197.300059038,108.096536203
198.393076606,106.975371186
199.716311378,105.874169804
201.730958139,104.16977581
203.241333465,103.078516471
205.378903442,101.13727088
206.545964421,99.7155364956
207.540743011,98.4316036517
208.476457351,96.4129420042
209.000036705,94.8968744741
209.602185881,92.1150408712
209.97012893,90.143878205
210.312008885,88.0734547921
210.945228837,85.159005848
211.43560392,83.1591922754
212.022200101,81.0886258856
213.111405502,78.3173902613
213.942548927,77.0580603436
215.355031889,75.1187481906
216.422445653,74.1656447866
218.117787292,72.9549302263
219.40146982,72.0908160365
220.797019786,71.0588918597
222.98112263,70.1917897487
224.383792204,69.618968625
225.586282656,68.7751886862
226.724326723,67.4932331457
226.931215093,66.5884050334
226.670343183,66.4185195487
226.342129089,66.3758820999
226.000622787,66.1447756034
225.177971008,65.6013514842
224.244508086,64.9819355319
222.070084549,63.6239187486
220.164378887,62.3895059452
218.241244295,61.7641128975
215.808870046,61.0800065311
214.573631437,60.6513783912
213.307774793,59.5235884366
213.117403642,59.042393853
212.961261503,58.7789402936
212.817715865,58.3376199152
212.636904958,58.2983966945
212.567849596,58.5131246829
212.588654817,58.555799617
212.626591216,58.3218464825
212.938014036,56.6584955235
213.134174225,55.3936497396
213.146925779,54.6107588914
213.374865792,54.4843971566
213.592314285,54.0176867245
213.763238812,52.4173913309
213.724687882,51.79054656
213.570811563,51.1528615161
213.422318509,51.0020045734
213.255733988,50.9989907509
212.992152454,50.9043102563
212.750593403,50.778115614
212.608877643,50.6636667784
212.771389375,49.9306872863
213.304460588,49.0264888297
214.55675109,47.1393491398
215.275643238,46.1045207702
215.645214937,45.6809412054
216.465469029,44.6835009475
217.046874097,43.8681605668
218.152014629,42.1133957289
218.784328665,41.0407346929
219.6820756,39.7629532557
220.745546224,38.4106181057
221.424829321,37.7914173714
222.220561443,36.2064182183
222.698079685,35.449930496
223.004904552,34.7350248765
222.960743323,34.6246746396
222.914934848,34.6601487969
222.927730892,34.5275068566
222.366884375,34.9450433573
221.55711961,35.7135439428
220.384890023,36.907039667
219.957092477,37.2984585974
219.556349503,37.171741344
219.176858181,37.0568246239
218.592038037,38.1576414435
217.78529512,40.3274662021
217.486952255,41.1815784208
217.18442296,41.9789360903
216.901856949,42.9241434639
216.694476696,44.0649796748
216.382448551,46.6612914322
216.224161701,48.360035249
216.037371703,51.6913516202
216.015467841,54.0083519803
215.940122694,56.3134608525
215.630353476,58.7736189569
215.426149639,60.4415128874
215.102994568,62.1807597462
214.669617785,64.6737954286
214.361856391,66.3729293327
214.040669691,68.8719509142
213.835622234,69.8456156359
213.617454724,70.8665790675
213.154854566,73.2668024842
212.839560434,74.5998053601
212.337858264,76.2767909878
211.994755853,76.6538934443
211.631882697,76.6559783939
211.044027066,76.5392574101
210.591623092,76.8564309363
210.084925457,77.4847627053
209.832272973,78.1682254079
209.574067739,78.7064888835
209.178601195,79.9627183057
208.643319624,81.3820869864
206.007821655,84.7036169492
203.671256626,85.479172227
201.327655909,85.3535594472
198.63086224,84.9760879528
197.336769795,84.9514668748
195.921593984,85.2599056687
195.255973613,85.778507733
194.771006838,86.3837422044
193.854100058,85.7698714932
193.195041586,84.592715065
192.34237548,82.0357376014
192.071091032,80.0803637675
191.869591992,78.8657282619
191.727667007,76.6300980368
191.962333606,74.5034831584
192.454990486,72.9748651008
193.10583571,71.89952794
193.283807864,71.1438169577
193.095423821,70.6582406043
192.992928225,70.9757381202
192.834236588,71.1723082768
192.545458912,71.6745682702
192.435796118,71.9226229243
192.452701911,72.542055823
192.647616495,73.2470817877
192.990034672,74.225233788
194.04500547,75.887326315
195.0350888,77.1411044248
196.550608883,80.0431239685
197.456262414,81.8443337652
198.255155881,83.5230654457
199.277565903,85.1738631806
199.834922347,85.9626947792
200.420116362,87.3428462038
200.811036567,88.3907132767
201.182708276,89.6168724205
201.891395972,91.3360226127
202.230716212,92.1420354411
202.358726499,92.5005241243
202.472356748,92.5397140547
202.727447384,92.9156306242
203.475540059,93.8095153091
204.176919348,94.3836206012
205.512907644,95.5245760018
206.547628737,96.5652122936
207.924379671,97.651599201
210.207120091,99.1960650132
212.011951475,100.073239175
214.892619119,101.369301619
216.908682305,102.167900568
219.278882879,102.927243324
222.936406216,104.213007542
225.387606273,104.999861121
227.950840732,105.666448173
231.614186731,106.314043321
234.053030879,106.442620753
237.363053189,106.543299109
239.252193913,106.410708144
240.972167383,106.47563818
243.007877879,106.968707487
243.961528295,107.633473662
245.010580421,108.312895889
245.492533124,108.741497419
245.828248541,109.025908947
246.299627708,109.217039126
246.718380754,109.214537757
247.427065987,109.072552234
248.236823873,109.099378344
249.191698882,109.219555363
250.772650824,109.309566106
251.857647946,109.29132637
253.577322388,109.177368754
254.791781783,108.991850212
256.075271927,108.780055382
258.003711563,108.587958064
259.364257631,108.412805664
260.664575455,108.204589718
262.716507289,107.720050839
264.05515866,107.246278783
266.051294073,106.519182301
267.39682045,105.863583808
269.577428952,104.840602014
271.150900433,104.109640813
272.741385634,103.395262484
275.365033772,102.247687647
277.100059422,101.489229677
278.722236361,100.765984104
280.916380519,99.7286492583
282.213375172,98.8886894751
283.965904853,97.6766536597
285.155766182,96.9136689379
286.316372192,96.1456465432
288.021039731,94.9332350469
289.095358149,93.8979948686
290.521805943,91.9426934463
291.251908546,90.5914816105
291.901716542,89.5779230733
293.017367735,88.8563145908
293.903897293,88.4437481809
295.297327535,87.6134068853
296.136538584,87.0922724727
296.894251656,86.5596200749
297.943073045,86.0268243873
298.54343238,85.8188468015
299.260580366,85.6901211661
299.631560457,85.644767021
299.945462484,85.6137462223
300.18162388,85.3606574631
300.319293088,85.2692370928
300.551684867,85.1139070808
300.702596002,85.0230263059
300.891889362,84.9321851935
301.278772321,84.8800868342
301.64388655,84.8167874861
302.380968326,84.6870894182
303.136383768,84.5118709654
304.097641281,84.3022694682
305.534349171,83.6944580032
306.482779199,83.2712925243
307.818070547,82.4793819725
308.685271661,81.9540192646
309.355004482,81.480953416
310.326300728,80.99621967
310.944748369,80.5706081834
311.506872417,80.1901323888
312.364256007,79.6326694408
312.929543842,79.4624437673
313.669147686,79.2167060962
314.098766302,79.1935098781
314.435060748,79.0636409648
314.946541187,78.8510047434
315.24663098,78.7724912506
315.701311202,78.7654668078
315.922842002,78.7970602688
316.037668574,78.7216002981
316.275412354,78.7319416931
316.428170297,78.7048680262
316.757914291,78.6713179319
316.95913379,78.675000938
317.133499308,78.6994590039
317.461615115,78.6328454884
317.582462244,78.6360082187
317.866673458,78.5784881693
318.093196474,78.6040131641
318.558589896,78.6347440178
319.479362162,78.777110286
320.077918894,78.9333502524
320.991671542,79.3861361138
321.571191013,79.7262743502
322.09582789,80.1641926172
323.093838651,80.9022296598
323.584048584,81.316625218
324.037603852,81.6719372427
324.086319109,81.7563191832
324.125397652,81.8459197895
324.172774637,81.8957552974
324.212923643,81.9575132923
324.235019555,81.9647574645
324.423413196,82.0701625032
324.592012444,82.2274566918
324.809711255,82.3053998275
324.907630628,82.3903364539
325.006023195,82.4579849296
325.048040227,82.4822300781
325.038138344,82.5017522596
324.977099618,82.4991723663
324.944595594,82.475417629
324.947598379,82.4390298363
325.061585996,82.3245067266
325.130272153,82.230618848
325.134789708,82.1538353557
325.105186325,82.1075499905
325.080530196,82.0670896842
325.087617422,82.0383082562
325.077456235,81.9916085914
325.038077587,81.9822833239
324.969678255,81.939732297
324.900461319,81.8883933426
324.805771109,81.897133291
324.7595269,81.9183614434
324.67533474,81.9213125784
324.581276615,81.8868568283
324.50015213,81.9118886021
324.308125042,81.9326827436
324.145950332,82.0280496655
323.336185024,82.0102012986
322.34864728,82.0573603508
320.432957207,81.8510016218
316.426190061,81.8140796256
313.038482029,81.4040470282
307.092418742,81.485492017
302.558432329,81.3881211458
297.621082881,80.9794172601
289.67758725,80.4610847449
283.574860996,79.7913947271
277.076877895,79.2932918287
266.551688416,78.6493866862
259.758959266,78.2356652925
250.203377948,77.8095916567
245.157806882,77.904129907
240.606487993,78.0008135157
235.886794042,78.193794427
233.130787782,77.9046597052
230.051900034,77.0852439863
228.174523207,76.7384052537
226.379543127,76.4066600878
223.42826893,76.0437359696
221.478391943,75.9975299626
218.776761605,76.3825181094
217.154240028,76.5891262966
215.973926212,76.7721619068
215.125840916,76.6724519974
214.939106255,76.2462111196
214.836941403,75.7395472889
214.828692467,75.5024862374
214.856699698,75.3519890141
214.843269373,75.0783926043
214.893913454,74.9368236393
214.941943357,74.7589583819
215.039350739,74.6679087205
215.105964062,74.6942371201
215.527879795,74.8487480691
216.07126755,75.0181773953
216.824497116,75.1747813251
218.351290183,75.5093905838
219.742320621,75.6697853864
222.372327249,75.792513557
224.496444558,75.8714819252
226.903098115,75.9421284727
230.831788046,76.0875685829
233.695501399,76.1612691636
238.263661325,76.2670103003
241.611085019,76.429730376
244.945547275,76.4823056886
250.1462711,76.6897942543
253.68912181,76.7214893791
258.715779286,76.8190933741
261.93562001,76.905488778
265.060672487,76.9808844622
269.491358473,77.1199221737
272.194887616,77.2566267014
275.812478927,77.3291009177
277.547018086,77.4220061528
278.836908875,77.6234479544
279.777222008,77.7990277054
279.787214311,77.8024014472
279.809251405,77.7096596758
279.989662743,77.7295935248
280.704140156,78.0750328778
281.850730878,78.4616935543
282.745901224,78.7462590494
283.710807462,78.9583739126
284.25800183,79.1413436855
284.705917407,79.29056949
285.476495885,79.6776784604
286.19503329,79.8813812695
287.495943355,80.2376494716
288.565356584,80.4517522517
289.786916076,80.5906955688
291.64502629,80.744329797
292.914845579,80.8762805944
294.275916482,80.9518116279
296.435396361,81.1530937753
297.920990339,81.5041474957
300.545645343,81.5328069022
302.59696372,81.508894983
304.754673779,81.3559694447
307.991105657,80.9700629193
310.062916249,80.6758642994
312.869463711,80.2544107641
314.566924222,80.0696743
316.081880615,79.9318547383
318.258978704,79.6824470689
319.694687189,79.541555792
321.940542597,79.1903365106
323.590922637,78.7868068123
325.287989074,78.4178660742
327.861376743,77.7259759908
329.786641894,77.2386865441
332.867319546,76.4553424065
334.785864527,76.041792921
336.566533011,75.6326975472
339.283112051,74.9849900946
341.060494599,74.5641886333
343.335816552,74.1711691974
344.732009733,73.9273716474
345.87930115,73.6008765493
347.118546186,73.0039981429
347.51125809,72.7834619104
347.520275359,72.814087691
347.427035122,72.6268467768
347.271343324,72.3329329905
347.00251679,72.0264351848
346.860813958,72.2533705528
346.526840895,72.5532132055
345.847757818,73.3035906924
345.644152645,73.6914649248
345.46845266,73.8275024913
345.47376922,73.996846791
345.512769968,74.4121917337
345.518757876,74.7553062225
345.541890131,74.825407839
345.589767566,74.8948978006
345.651565362,74.9164017283
345.797062518,74.9943236694
346.241607746,74.9197912394
346.504434295,74.7900130364
346.793761933,74.7025616396
346.938691542,74.6234234314
347.121706664,74.570023404
347.354035967,74.3693681752
347.432766853,74.3538740929
347.538507105,74.1765241141
347.487685801,74.1091942786
347.089911687,74.0754444757
344.58408266,74.6268125918
341.28228129,75.2498845492
333.800798223,75.4217059865
327.353256586,75.2450090399
319.998413672,75.191420496
307.656132438,75.8057505796
299.337596145,76.4998821885
286.802438033,77.7024088653
278.713307472,78.237737656
271.00022477,78.8544371733
260.060195081,79.5826572258
253.436230932,79.7583714647
244.232137641,79.9577381235
238.637042784,80.0827609882
233.393526808,80.4049150367
226.041366231,80.2728049349
221.49701163,80.2296529432
217.270937275,80.2066253594
211.176237173,80.0201404242
207.376955195,79.9778997024
202.086232486,79.9073642388
198.685305649,79.9680130036
195.460802451,79.9802407015
191.024776221,80.1350341488
188.442110152,80.2505561604
184.735758771,80.5180632594
182.338375328,80.7283280451
179.988458834,80.7588176563
176.330475404,80.9766377523
173.873530839,81.0052431216
170.298669534,81.2758915796
168.126145205,81.5259373223
165.878233469,81.7086002271
162.480086067,81.7993916324
160.08071177,81.8329809921
156.593800083,81.7190023259
154.197645029,81.6137091005
152.073588842,81.2044287094
149.334728528,80.4954013752
147.745468547,79.7034782361
145.610491953,78.6514261616
144.329641064,77.7557138444
143.124439998,76.5705949421
141.453533827,75.3737759309
140.286285095,75.096683256
138.342300182,74.815333398
136.855298181,74.7321228358
135.161172397,74.6375279922
132.492893189,74.6658475167
130.553496509,74.7849500627
127.710609703,74.9759589272
125.948334803,75.0804588045
124.380732741,75.2550184024
121.956759488,75.8358769952
120.285048328,76.3868331564
118.454333589,76.9404217262
116.020905922,77.3883144138
114.520469786,77.7728283315
112.474092135,78.2353621332
111.083670273,78.6723183404
109.684335575,78.9339066013
107.630913193,78.7993616043
106.290951533,78.4072020589
104.561546845,77.6009130567
103.460876332,77.1488408667
102.385313227,76.7581695818
100.672870551,76.2743525472
99.4861043901,76.0266074818
97.5219979173,75.8204374568
96.2437428938,75.6551752686
94.987191542,75.7078940535
93.1184905045,75.581580792
91.9184763068,75.4871967084
90.1723361962,75.372341888
88.9790635036,75.1658477603
87.7031096706,74.9223968121
85.4878060489,74.4713322889
83.8463902698,74.0075144258
81.5194713573,73.2643340759
80.047744626,73.0472290831
78.7431210225,72.9461039765
77.0084550611,72.7587666534
76.0818281085,72.7867257016
74.7195657948,72.8629916105
73.8501877847,72.8280129987
73.1625165052,72.6827629417
72.6355852428,72.3281781342
72.3009881871,72.0780825919
71.8693011486,71.9302584758
70.7874654624,71.7788866548
70.0502672159,71.5643016774
68.9107624224,71.1640488159
68.2723898622,70.8895919906
67.6590409369,70.8431895565
67.0512486714,70.277799647
66.9582283764,70.0739888064
67.1125553543,69.8317295908
67.2398161544,69.7382525444
67.5530372371,69.6547474493
68.235685948,69.7412473897
68.7469319189,69.8515096814
69.5034385612,70.0575515744
69.856232034,70.2500725531
70.0195850613,70.1922865793
70.3583696192,70.0363921708
70.8677283743,69.5947151821
71.696887907,68.8694582534
72.3494470191,68.2059085455
72.91201038,67.7750328219
73.5484317852,67.0966163645
73.8084716965,66.9666243895
74.0699709624,66.6870351536
74.2331733098,66.6625208764
74.4731999865,66.6698575291
74.7167447259,66.6088286261
74.8556906937,66.7589389867
74.975153843,66.9474720146
75.0234486137,67.0623036609
75.0500447542,67.2030453874
75.1194512893,67.4009132227
75.1372342898,67.3877649355
75.0966327747,67.5649738567
75.0691885759,67.6679956584
75.0444615589,67.8991395137
75.0441167856,68.2530680303
75.0399389091,68.3573233075
75.0363481861,68.4271426051
75.0864162044,68.5266846231
75.0896946019,68.7162366275
74.9401119012,68.8305260765
74.5455811024,68.9167105913
74.1925102665,68.9160392948
73.8496698538,68.6077119701
73.9526874379,68.2678308807
74.4594027834,67.9472817572
74.8226947533,67.7598346935
75.1755021879,67.3287765888
75.5785006223,66.315626644
75.9183875573,65.2747666149
76.749752157,63.3167866064
77.5639045907,62.0533221888
78.4466774292,61.4174024011
79.2689503077,61.456466465
79.6367926282,61.2597411726
80.1768468953,60.8051401052
80.6483287014,60.2291017193
81.0872279046,59.7817855237
81.6800552515,59.5723466829
81.7940170824,59.5582215987
81.918521481,59.4863471591
81.8382093354,59.3801961011
81.5913137428,59.0490748969
81.0210237366,58.390739966
80.6238258049,58.0226798511
80.0850168478,58.0011647628
79.7988181358,58.0814535025
79.5413089211,58.0808770737
79.3377012055,58.0291055294
79.3209862041,57.9642297688
79.3856921035,57.8421197217
79.5274360808,57.6254504911
79.5492075884,57.4984178448
79.4498097253,57.2177746544
79.3877302816,57.0184929045
79.3714738659,56.957947047
79.2460048326,57.0766288943
79.195190174,57.1253517175
79.217129278,57.0742805776
79.3356795142,57.0580276276
79.5769630007,56.9830180122
79.9029737734,56.9129667931
80.1016037233,57.0089520072
80.3002822762,57.1479049608
80.409980849,57.1576666997
80.5510254425,57.1630522294
80.7644128911,57.2102743317
80.9306064942,57.2936932558
81.0751163904,57.3307869945
81.1156407905,57.3670884033
81.175084056,57.4220932061
81.2164108852,57.4302795068
81.2698635876,57.3662233931
81.3968349529,57.2536217079
81.4599877871,57.1397851257
81.5685110682,57.004012463
81.6067395102,56.9079273501
81.6320705094,56.8629697191
81.6360623138,56.8485871606
81.6154404988,56.8572069416
81.5648395025,56.8586215357
81.5261006847,56.8840790869
81.5023006613,56.865120884
81.5019306446,56.8371747884
81.5088900272,56.8567181291
81.5098640852,56.8598708166
81.5151285291,56.8974584741
81.530561769,56.9170148138
81.5801889399,56.9148038801
81.6282531208,56.9137807203
81.6491985178,56.8936930162
81.6758242533,56.844799978
81.6903415508,56.8290873628
81.7013394671,56.7940050156
81.7623646306,56.7800725962
81.8201034847,56.7726673762
81.8986108086,56.7643112208
81.9534599334,56.7491677869
82.005525356,56.7313486485
82.0457949045,56.6882094285
82.0711636823,56.6999503823
82.1176271665,56.6985803159
82.1500673968,56.6924298399
82.1933225872,56.6735003022
82.2661216632,56.5900708578
82.3103789218,56.5384536212
82.3796379604,56.4346892264
82.4466560613,56.3805413887
82.5433706932,56.3093840653
82.7739893982,56.1721309966
83.0043123344,56.0735676263
83.3371303814,55.9953834311
83.4773330158,55.9971786454
83.5534224607,56.0036689424
83.5888069253,55.9967580888
83.5717502049,55.9714105663
83.5610355423,55.9557230567
83.6334442623,55.9288757563
83.7161460699,55.8904540826
83.8949072089,55.8331453808
83.9672178075,55.7912480594
84.0425388639,55.7346982342
84.1147493719,55.7018285063
84.1634348878,55.6625397781
84.195483584,55.6254994952
84.2175170284,55.5982989435
84.2475585979,55.5603428066
84.2736985752,55.5555949271
84.2958104105,55.5290186704
84.3391564467,55.4973338538
84.3843393381,55.4887132037
84.4325789696,55.4852219603
84.5130998758,55.4565712597
84.5947119314,55.4469606114
84.7356068472,55.3934414602
84.8664091464,55.3672396502
85.0139229606,55.3124488463
85.3886171143,55.167210539
85.6912483682,55.0686285216
86.2613016879,55.003280558
86.6789092001,54.9477962343
87.1640558383,54.8328746053
87.8673351757,54.6411133112
88.3736157477,54.4624653478
89.2738722461,54.150467232
89.8484126366,53.9341730195
90.4479708981,53.7556371766
91.3084150523,53.4005722984
91.6909925392,53.0952234908
92.1277639908,52.7667265864
92.1966306576,52.5228089021
92.4008512232,52.0716378662
92.5143793828,51.477024938
92.6042374688,51.0305166219
92.635254955,50.5878562801
92.7408374535,49.9810265965
92.750329133,49.8253607161
92.789348204,49.5388886534
92.7974719348,49.4857611063
92.8870106925,49.5005129985
93.0879604208,49.6317880508
93.1268944122,49.6051310108
93.0716531465,49.4681934845
92.9580895883,49.3265013203
92.760125731,49.1693080945
92.5790234693,49.1116088804
92.5074704956,49.1137446687
92.5149939528,49.009669301
92.6152393116,48.8762272551
92.6651553345,48.7124867206
92.5643418062,48.4324538106
92.4675564256,48.3808934662
92.3055035036,48.3861158561
92.2269123101,48.4311140459
92.1901684373,48.4649077031
92.1738220924,48.5501213611
92.2059776303,48.6010346098
92.2694154876,48.6488553077
92.3388733649,48.6755838333
92.425597052,48.6854893736
92.5909835364,48.729519693
92.694180089,48.8062016853
92.9574942829,49.0746497999
93.062256948,49.2067707878
93.10369731,49.2929527265
93.1614208048,49.3378246392
93.1599768744,49.3203616289
93.139217031,49.3186857974
93.1713902498,49.3095459001
93.3530186764,49.3088574643
93.9243455885,49.4027203682
94.2154915917,49.4338661575
94.4005250532,49.4907119023
94.4756044463,49.5909614604
94.5039573573,49.6254788693
94.4838096465,49.6471732686
94.4776502397,49.6445107165
94.4224531375,49.6549765052
93.0847952427,49.8299357709
92.2512188505,50.0470591065
91.5866627253,50.3694239256
91.7205113271,50.4381859226
91.8603423273,50.5497663349
92.2755796907,50.7247238707
92.4836823978,50.7853824887
92.5521155005,50.8360354971
92.5314227057,50.9156895249
92.4434905796,51.0200589492
92.2732327124,51.1117369643
92.1885953279,51.1456508808
92.1365025729,51.248081294
92.1618045874,51.3332518318
92.2968146382,51.4884079456
92.6229508829,51.7992830095
93.0370774485,52.0736172965
93.7710341209,52.2842033993
94.3064693363,52.2861625358
94.8566149847,52.2476851341
95.4237740751,52.1958780124
95.6295472148,52.2042665781
95.8041418735,52.2693812007
95.9991990425,52.3867171926
96.1359037937,52.4853529475
96.2788180952,52.6091774648
96.3759086194,52.6668005092
96.4558887319,52.7159864141
96.5271956586,52.7479036735
96.5020317797,52.7322336844
96.29122156,52.6335970044
96.122125555,52.5554059443
95.9832078145,52.5037736183
95.8682570889,52.4959225789
95.8333371006,52.4893091668
95.8278762565,52.5310551862
95.8359371837,52.5401085592
95.8587520715,52.5748277309
95.8833246723,52.6345355363
95.9037626143,52.6542136725
95.9404989349,52.6735742767
95.9632040646,52.7103661315
95.9682443989,52.7638521811
95.9428713216,52.7598706748
95.9161781691,52.7420512252
95.8833123938,52.7386786002
95.8831006939,52.7480294249
95.8911469356,52.7391230236
95.8968765983,52.6968074581
95.9011798168,52.6723310855
95.9146318345,52.6355966801
95.917863918,52.5840565026
95.9166922589,52.5476726873
95.9513323991,52.5043739194
95.9634322851,52.4578422389
95.98425755,52.3703816765
96.0060931635,52.3369284361
96.0210905607,52.3216448614
96.0069705407,52.3147768641
95.9769184591,52.319970059
95.9567646177,52.3343118633
95.9616021645,52.3741246237
95.9674843647,52.4036978304
95.9699839544,52.4379964986
95.9582563259,52.449516186
95.9824417683,52.4587974885
96.0907906324,52.4426892187
96.1420118515,52.4167665986
96.1584829872,52.3996310321
96.1193758492,52.3822839488
96.0706009576,52.3621819304
96.0358744199,52.3518095921
96.0548919165,52.3553935303
96.2079735793,52.4180286062
96.2939107443,52.5049950281
96.4066687118,52.6057092569
96.5628688016,52.6963215543
96.6209179823,52.7363005804
96.6127274469,52.7794249969
96.5605137388,52.8013320966
96.5071546595,52.7932858566
96.4442088039,52.7498128851
96.4571601757,52.7346873976
96.5051491015,52.7320273136
96.5378099779,52.7282394906
96.5902877611,52.7265849213
96.8309710118,52.7729625244
97.1424480202,52.7942657915
97.7867505882,52.9220973278
98.4420075368,53.1237554227
99.2747533607,53.3667948934
100.932602779,54.5223138126
102.173902177,55.3673686543
104.320652646,56.5602245683
105.735889619,56.9068782453
106.97396729,57.0557361128
108.348087365,56.8518294037
108.910917974,56.8331117504
109.299276309,57.1129115919
109.656755393,57.8084760277
109.918296166,58.4179350705
110.176809175,59.5210837479
110.364630484,60.4872020899
110.614186115,61.5205766923
111.036009016,62.981152667
111.295889208,64.4020380582
111.638053661,66.9569407453
111.912737035,68.5784895501
112.274796282,70.1180083589
112.822612813,72.7488430523
113.310148355,74.3720735807
113.697332699,77.8105493435
114.043579159,79.9813464015
114.488236578,81.2028477965
115.19174929,82.1383477193
115.668058971,82.3515275425
116.495107864,81.9238711131
116.978556057,82.1024684469
117.359985588,82.5881860292
117.745174836,83.0830534827
117.928778299,83.1862818609
118.224468253,83.2857797263
118.547663849,83.1600168304
119.06928967,82.9781419132
119.714600365,82.975278838
120.123380511,82.8828530678
120.375036462,82.7814718489
120.616817414,82.6905866698
120.761454707,82.5727214703
121.094875787,82.3593360904
121.319620106,82.2373029895
121.525609368,82.1685401579
121.78943734,82.1547583584
121.952541166,82.104559575
122.193547285,81.9639131025
122.447775773,81.8357984052
122.844361849,81.711731689
123.610871291,81.6618858624
124.149641354,81.6381316202
124.746423197,81.6486408486
124.868543808,81.6680759123
124.875089219,81.6607391651
125.056235341,81.6932856012
125.168292047,81.733529612
125.318505615,81.7809168002
125.442327885,81.7674616896
125.62109283,81.6976419049
126.025352879,81.4548681532
126.536842278,81.1124507806
127.894902679,80.2701916446
129.053526079,79.4308254883
130.351357814,78.4749990339
132.28637454,77.170582384
133.362478709,76.8730273818
134.586367036,76.6168019254
135.182006176,76.3168639139
135.547739905,76.0002355968
135.819666474,75.8536649124
135.869199699,75.7502067694
135.969448636,75.657594829
135.958336385,75.5962839144
135.911337482,75.5256914024
135.824880588,75.3565270966
135.78640294,75.2323160773
135.779322579,74.9720010017
135.769552806,74.8237868262
135.759257056,74.7400705197
135.798108655,74.6550887196
135.828245654,74.6473013949
135.884664918,74.6688429286
135.931106522,74.7060574144
135.948295597,74.7369040999
135.969092678,74.766477414
135.999800508,74.7623599429
136.061052901,74.750795527
136.256574932,74.6247497983
136.625447648,74.3875883122
137.419318211,73.9079890886
138.111934727,73.5948943056
139.032834492,73.2898661265
140.692327875,72.747817188
141.948210344,72.3282993354
143.951880701,71.7444344798
145.423669204,71.3029434288
146.867929267,70.9581976112
149.041584062,70.4941752991
150.374809062,70.2758478655
152.252753143,69.9060983277
153.454610685,69.6439693799
154.540907925,69.3175296425
156.277527656,68.7202596224
157.276216646,68.2174080141
158.595005048,67.8776968347
159.301600057,67.695076098
160.041450925,67.504314038
161.054199602,67.3494298393
161.838017395,67.3404978034
163.008297029,67.4602404729
163.782241997,67.5866900423
164.448129783,67.8406825773
165.19625829,68.1578252171
165.507431226,68.3229855709
165.537154238,68.3560137122
165.724620688,68.3183585262
165.961063248,68.2998976466
166.87369182,68.3002366385
167.555217311,68.0575258446
168.44200337,67.9148654324
169.713291937,67.9115119721
170.371412354,67.9334816179
170.911165717,68.1945687047
171.086301353,68.3043074216
171.198527148,68.3538031661
171.633257639,68.3096641157
172.083693121,68.0526773213
173.280437202,67.0856862433
174.261987486,66.1035347478
175.301907156,65.2581778199
176.506311031,64.5617928921
177.200496697,64.4484426252
177.934141516,64.4163860908
178.301376759,64.3285006603
178.682379501,64.0902870537
178.817514107,63.9148263244
178.787091487,63.9302701079
178.132699394,64.4710741136
177.294059368,64.8107269166
176.022843968,65.0669314049
173.758689071,65.3515327948
172.376848825,65.451338875
171.286167602,65.5640624669
170.135156352,65.9550556383
169.750639645,66.2687958478
169.507243842,66.838584371
169.395596691,67.2683941879
169.257881405,67.9132419348
168.508810912,69.7023308915
167.638617864,71.2880693189
166.018493499,73.4336483426
164.717839319,74.8320179128
163.536089874,75.7541624174
162.043798834,76.5021925756
161.251439522,77.3031321177
160.495972709,78.644929941
160.221436273,79.3449022632
160.154560689,79.8796395443
160.288339533,80.5067536458
160.462356723,80.8236810305
160.9092366,81.20758312
161.262353422,81.4227983177
161.585509797,81.5264769732
162.016989337,81.4989920534
162.321985901,81.1423293251
162.626959238,80.2023372139
162.854335411,79.6768264243
163.098673248,79.4112237799
163.291357248,79.2103062028
163.471338805,79.0902577124
163.722499114,78.9098276175
164.008471265,78.6126378438
164.621212028,77.9917794903
166.053396659,76.4059432439
167.104455978,75.0453278662
168.578792338,73.7414773343
169.286986041,73.2997084686
169.845559964,72.6671392164
170.349400515,71.963810242
170.545044819,71.6252261721
170.590318103,71.3533509851
170.573310274,71.2497496029
170.559919419,71.041669715
170.549487064,70.771879478
170.576269481,70.6208755562
170.641337113,70.4178147126
170.847446793,70.1838036145
171.043494179,70.0124066079
171.253749012,69.9694609792
171.37027084,70.0145736867
171.478203843,70.1220414237
171.523523633,70.3267018672
171.567941406,70.5723029442
171.529516739,71.4049747133
171.417325277,72.6619711191
171.19499199,74.1376488215
170.881332773,75.0736293979
170.684035339,75.1711128389
