178.951676619,76.2319822746
182.59759766,69.7095715079
183.136393803,69.3151026591
183.403408446,69.0465479505
183.213620036,68.9389774007
182.877821866,68.9601990794
182.327830644,68.9154551429
182.132818139,68.7638569039
182.106898217,68.5892675844
182.346570702,68.5109615477
182.59635519,68.5303276721
182.963426537,68.5687790906
183.122672117,68.5752394741
183.187031864,68.5909221286
183.151181943,68.7371465724
182.727627352,69.129126521
181.85843817,69.8121866597
179.261683022,71.2840759263
175.892861713,73.0076825221
169.68978411,75.4066984224
165.220306801,77.1853698906
161.183249013,78.4104030774
156.102173498,79.7177461875
153.38472594,80.2197819406
149.851583202,81.0768677799
148.070752238,81.5302909445
146.788122573,81.9500610493
145.896196076,82.4473044571
145.769932261,82.9041200501
145.855727198,83.6010319263
146.066833248,84.0983943361
146.389101255,84.4451115902
147.643883768,85.3057268818
149.478890981,85.9210193656
154.02975845,87.0620544867
158.34740072,87.5429972277
163.224014229,87.9755911863
170.231360006,88.1937455119
173.470311621,88.3277240253
175.543531771,88.2232403644
176.964700789,87.7454699259
177.229632003,87.3138875991
177.130422139,86.9079286067
177.479418265,87.2039007824
178.410385063,87.9742351585
179.392977341,88.8892197646
180.936784208,89.8937487592
185.564792666,92.7229722564
189.614869048,94.9630817871
196.156117066,97.4419011897
200.001978386,98.0071512417
203.534456699,98.6940839936
208.389121995,98.1764313303
211.467135466,97.4796447703
214.220927758,96.4429580917
217.968920995,94.5512916124
220.315273994,93.2511399882
224.401840849,91.6200804783
227.425727672,90.6073332838
230.599276686,89.5145943052
235.14574522,88.2215956583
238.0507202,87.4756457039
241.85141621,86.5889150225
243.934941124,86.1848272922
245.635688368,85.8689164473
247.236087094,85.3950367289
247.86205351,85.0837345644
248.701402916,84.4472386647
249.584586307,84.31791601
250.689273366,84.1590968165
253.03929033,84.0340010845
254.732048336,83.7634805963
257.342461653,83.4521206992
258.939829924,83.0736377364
260.701724911,82.7653896248
263.360602204,82.1353526381
265.282459461,81.8263424747
267.918072131,81.6586384158
269.417444028,81.4788011418
270.592034515,81.3333681165
271.981348381,81.0819598247
272.896013322,80.9992385201
274.277702945,80.8248946857
275.241571575,80.8130210306
276.157185536,80.6857663056
277.446197386,80.7010293288
278.306552428,80.779958811
279.253311895,80.9559811696
280.638765323,81.2284632043
281.636185358,81.4046419529
283.239411306,81.5743297382
284.493802128,81.8464047177
285.824195833,82.1886400373
288.549557225,82.3066582174
290.556521402,82.1785904191
294.027150553,81.6915841462
296.134352947,81.5937038977
298.293486673,81.5178842225
301.207370317,81.2089968719
302.957503671,80.8574778344
305.538178313,79.8010017732
307.1629269,79.1572850859
308.60451168,78.1407384073
310.481078966,76.3668241115
311.667378664,74.2444738203
312.836429402,71.4417773974
312.327500181,69.970655951
310.97504243,67.9067343583
309.154463359,62.7722149454
307.22701768,59.9834409399
304.26426459,57.2342786175
301.974047487,56.5201080843
299.460517166,56.1438549324
295.9847611,55.8406480126
294.146424269,55.5671863951
291.049149498,55.3257472765
289.025303151,54.7900814747
287.202902297,53.7698919484
284.355332196,51.7990899884
281.877725093,50.7692166061
277.863236651,49.3833410172
275.291954545,48.6065048299
272.707414266,47.9909139091
269.671320056,46.9404770198
267.982937875,46.0157197167
266.643722328,45.0057595156
264.82470527,43.8676857686
263.794622939,43.4833750164
262.403352532,43.4110360843
261.659297109,43.6586595108
261.034843006,43.9753115721
260.44963556,44.4819777887
260.059131209,44.7587677237
259.161002779,45.1007766918
258.521291348,45.1507334322
257.629668077,45.3018438104
255.965241736,45.4014449412
254.571399858,45.4096492605
252.209507458,45.2970830316
251.039493921,44.9115581024
250.070457682,44.4246661087
249.222885969,43.5722509926
249.191998979,43.105041316
248.75116399,43.0941453766
248.302547676,43.3420227613
247.865508074,43.6124426325
246.712263219,44.0172061203
245.992517585,44.0190808321
244.187839241,44.0859546483
243.052478395,43.9895154312
241.725764842,43.8904594343
239.86982252,43.8103240688
238.820020986,43.7907969552
236.603143787,44.3753149211
234.26094285,45.1180958155
231.814067719,45.8586029499
229.059113452,46.4717174134
227.625775333,46.5116244186
226.440503933,46.3598802742
224.716211068,46.0820504496
223.917819545,46.1426822027
223.241837346,44.9106505843
220.54917517,45.0091625813
218.587917705,45.2410266783
217.610167318,45.3098407619
216.661917979,45.5174051208
214.190773962,45.4482973654
212.546908238,44.7624370742
211.899705784,44.0056435089
210.801496636,43.678606323
209.926902576,43.8079137261
208.775092776,43.7559492251
208.212987229,43.6766863809
207.516093145,43.5558114815
207.146593164,43.0065421328
206.925489426,42.8515748894
207.445487806,42.7654091589
207.650273127,42.8890745903
207.782410745,43.09626606
207.258697169,43.0065012067
207.155824732,42.8791909715
206.852481008,42.7874083678
206.847201236,42.7516406035
206.741967001,42.7910830196
206.610414072,42.865677797
206.535128669,42.8283953607
206.3982759,42.8986650858
206.579485838,43.0300594291
206.53193308,43.2331589343
206.818700959,43.3723362167
206.76331343,43.4143866696
206.768625406,43.4101088223
206.851359147,43.453337028
207.004590205,43.5061721618
207.460840459,43.7351873244
208.502658619,43.9634793324
208.915201693,44.5286113308
209.230763482,44.9735660309
209.460440913,44.7407293401
209.71944114,44.3254067479
209.785277378,44.1631977863
209.921096676,44.0681074347
209.958423467,44.0790213554
209.851575941,44.0194093796
209.481284373,43.7227756727
208.998364158,43.5960100005
208.112413159,43.4894101571
206.24186702,43.2371119305
204.573231577,42.9988433509
201.469744902,42.7704616521
199.05343318,42.7115421852
196.369123726,42.7602130333
191.976227964,42.9561389062
188.432372228,43.1447595805
183.440120307,42.9806094933
180.174742726,43.0178563067
176.983005167,43.0397763731
172.676654815,43.0315343681
169.802579356,43.0051683643
165.696549691,42.8966567578
163.134947628,42.9703871279
160.942781783,43.0454057897
157.396080237,43.5136494836
155.315388089,43.8067903002
152.935784785,44.1650853762
149.922631953,44.4087513509
147.722450914,44.5620937806
144.800009054,44.7679151781
142.605920168,45.1400316379
140.389431461,45.6086501363
137.173537995,46.3176907726
134.925428294,46.9581360355
131.675535692,47.7166647828
129.602821503,47.7837668451
127.499249804,47.7011762623
124.514206303,47.4498658491
122.751207115,47.3671937519
120.593214003,47.5700237571
119.506184366,47.8775460096
118.808504704,48.0355009885
118.155859304,48.2853359884
117.768369333,48.4986744307
116.930803757,48.6449557256
116.17068901,48.609607158
115.305952989,48.4411846684
114.367016201,48.2791137443
113.950479692,48.2879031779
113.55071289,48.513583045
113.562362509,48.6226522436
113.268228367,48.9231634825
112.961101978,49.023025314
112.658273273,48.9657384006
111.630525995,48.6568618405
110.876855563,48.3718754061
109.971027854,48.0916048877
108.338775432,47.7233776208
106.697078288,47.6243189504
103.663171854,47.3079685526
101.398960579,47.1205529652
98.9790682827,46.9111190076
94.4458062607,46.9314833887
91.0438084209,46.788851757
86.3092564053,46.5308373474
79.9619078873,44.8438590975
75.2046451298,44.5593303442
70.5190763613,43.8615001159
68.3619330631,43.577532382
65.2524793043,43.11367703
61.925799918,41.7153143267
60.5383517885,41.0558913168
58.652324792,40.4604810159
57.4881113368,39.8502830134
56.4610085056,39.0406725241
54.7185129355,37.6651597817
53.2096519862,36.8280835031
51.1898598828,36.3497648079
51.1364616,36.2161744542
51.0059385135,36.6760177841
50.2493074294,37.7165403831
49.0388379981,38.6848164349
44.6840422418,41.2212034187
40.038590419,43.8067209289
36.2541356822,46.949247493
29.2234953655,52.8367565045
25.9939669923,55.663883048
22.6045811911,60.9006845964
21.4733222148,63.3276706972
20.6586178108,66.2942891446
19.6197257233,70.2015621552
19.6450563765,71.828004174
20.0071298244,73.7862120235
20.6677501347,74.799057083
21.4991839747,75.1897694353
22.6977493637,75.4307586659
23.3334219543,75.2609011242
23.9167508487,75.0677355683
23.9980491796,74.9694192225
24.0455014858,75.0583919605
24.1825617692,75.1432185787
24.4076375138,75.3071820459
24.7755839522,75.442414513
25.3914172918,75.5146989517
25.588796923,75.5513577553
25.3664074153,75.237401647
24.9325763006,75.0524391799
24.4215317925,74.8441885677
23.6704299064,74.7608080323
23.275659719,74.840172533
22.7618606596,75.1219122247
22.5363342435,75.3189557736
22.2624695831,75.5673721903
21.7766837217,75.8112180939
21.5977530033,75.8748506854
21.3055097624,75.9444885661
21.0319829729,76.0086737387
20.7821535722,76.0417076237
20.5619577842,76.0599947382
20.5177441008,76.0614302421
20.5009707831,76.0159414436
20.5095082335,75.9340680277
20.508912845,75.8582638523
20.5388096876,75.6447361
20.6957357643,75.3770711585
21.4194640119,75.0591317151
22.0344738095,74.978972366
22.841762368,74.8900689272
25.3123134941,74.8343868747
27.7564872299,75.592332888
32.860361748,76.3823596378
36.6774688712,76.9816403764
40.5616097811,77.5069354265
46.7246858069,78.4147080463
50.3135082304,79.1138488781
53.5139407984,79.963660048
57.4398179177,81.1914749001
59.6369340639,82.0021946095
62.2408441587,83.2571437549
63.7073541442,84.0017254574
65.0249961394,84.7619363054
66.8270004646,85.7770346139
68.0314218405,86.5265653506
70.0446184199,87.3551008063
71.5213675353,87.753310807
73.0310207168,88.046728411
75.5013352429,88.2571701932
77.2600427105,88.427506567
79.9944314263,88.8081974566
82.0896211178,89.1672949797
84.3585942955,89.6447695624
87.9483204012,90.5223953733
90.3962436725,91.2544169325
94.0595029834,92.1721535794
96.3791229688,92.7911040935
98.5402097905,93.2617024686
101.635427506,93.8158584763
103.379582894,94.5457268121
105.880391202,96.0353535297
107.524658501,96.7952585939
109.078227234,97.4438752281
111.038567323,98.3498581273
111.956319261,98.7993589183
112.592791043,99.280064737
113.599344244,99.3088655575
114.371813431,99.3210465062
116.034792426,99.4876154792
117.308883111,99.7958164304
119.123091613,99.8633129357
122.180913958,100.691763191
124.404632156,101.295413708
127.318117504,102.066577143
128.909981869,102.507775152
130.451010484,102.892323273
132.541480076,103.544808014
133.918512203,104.126500411
136.110537464,105.135416933
137.519775133,106.246978031
138.841878923,107.442049214
140.947805354,109.462344314
141.953303438,109.763008562
142.574473447,109.477695323
142.406402796,109.25110619
142.370789927,108.97493064
142.925136206,108.399592045
143.771248496,108.366284043
145.29995549,108.433084702
146.146500647,108.491109534
146.776180879,108.541675377
147.420409271,108.539488127
147.573158742,108.492018164
147.730938231,108.382077476
148.066402428,108.281483787
148.500450857,108.225141233
149.201865497,108.179306475
149.369048518,108.157824557
149.291693312,107.90913486
149.033472972,107.488066891
148.816702421,107.02386008
148.719016612,106.249469193
148.637885761,105.561878817
148.360823691,104.504452002
147.65225831,102.76297909
147.319269975,101.945268968
146.615197005,101.595867488
146.509013269,101.781297019
146.597394231,101.875335935
147.136142731,102.620128069
147.417219224,102.940762328
147.394940602,103.086443901
147.255757145,103.178109901
147.033578961,103.273489528
146.595915488,103.362957582
146.334594829,103.364292945
146.15917516,103.49991781
146.054594925,103.587772473
145.940570645,103.619883195
145.77312217,103.737772932
145.678918726,103.889708325
145.651313696,104.075376822
145.659732811,104.15305497
145.654709702,104.225456573
145.632928994,104.329380416
145.622484275,104.371688078
145.652468739,104.405548304
145.675410682,104.432586346
145.67793793,104.437999409
145.665955185,104.401507099
145.681560896,104.387121898
145.773902652,104.395211543
145.92305606,104.443630981
146.040056649,104.473449222
146.147251131,104.536873231
146.183831666,104.546441817
146.237124071,104.567529882
146.29854943,104.582902046
146.396061244,104.58801073
146.662921512,104.600095724
146.839879963,104.61617464
146.903759167,104.623410608
146.955957365,104.627274364
146.941791579,104.630515698
146.882895305,104.618745415
146.861811697,104.621812785
146.853750465,104.644366064
146.893779772,104.681558422
146.917187869,104.706063748
146.928642717,104.719307185
146.923939794,104.700116373
146.906881539,104.672889397
146.861642307,104.649888918
146.825962644,104.627040654
146.763210847,104.598977519
146.730523274,104.597211986
146.728638348,104.602920458
146.756159253,104.649274429
146.767033854,104.701256786
146.716407499,104.761795331
146.672812645,104.79516808
146.65166444,104.820497942
146.644974537,104.835128961
146.662910835,104.84298247
146.694899127,104.856361375
146.776311507,104.872743948
146.838195759,104.889199017
146.962200689,104.925588114
147.085079458,104.991778347
147.410152838,105.158412843
147.702196204,105.240613718
147.906706938,105.289001261
148.534079293,105.390508869
149.135108925,105.405379166
150.269505868,105.448634684
151.003850001,105.372846599
151.762794149,105.287598594
153.098561795,105.405292729
154.086248447,105.486354492
155.219704413,105.593418127
157.036205976,105.774027486
158.153484672,105.923569156
159.752908186,106.090552018
160.726664748,106.133679703
161.67289612,106.171958221
163.164136372,106.318315244
164.149851629,106.536017667
165.638539938,106.916174977
166.541189356,107.134605611
167.313661899,107.314987092
168.359819716,107.51512465
168.946113178,107.629715037
169.614073143,107.715415171
169.848366377,107.870832207
170.005378964,107.976882121
170.135477057,108.171431972
170.272092632,108.311354531
170.370102726,108.525707705
170.372597463,108.989664035
170.278998606,109.397519212
170.023746046,110.004757291
169.671010043,110.148310593
169.070391277,110.075547633
168.831313495,109.991958653
168.56761994,109.864335513
168.451996571,109.78205355
168.369683803,109.749980251
168.236351962,109.709289388
168.15385552,109.687358444
168.091222234,109.685876658
168.039000887,109.693394817
168.027589362,109.726968597
167.994449281,109.753162934
167.939932112,109.796699815
167.905414733,109.80473744
167.952346995,109.783587243
168.058737532,109.749857804
168.272308622,109.707921586
168.774082361,109.639718023
169.041238829,109.593519403
169.465272427,109.499909749
169.721374572,109.463351632
169.985916392,109.463482856
170.711658299,109.551075335
171.223604047,109.626816025
172.335171644,109.688147811
173.415375362,109.58922778
174.852246335,109.497546907
177.578525996,109.384651798
179.836776382,109.48694855
183.330120943,109.700925227
185.659304703,109.829431145
187.68661237,109.836422835
190.430239588,109.569886143
192.237910145,109.152864212
195.052417532,109.02081455
197.099072004,109.12208913
199.275706711,109.273780047
202.61518913,109.647758092
204.85651135,109.737327987
208.27380827,109.436012003
210.434517972,109.102998126
212.348888475,108.977458469
214.776020743,108.571892262
216.340342412,108.423190102
218.607897305,108.304554129
219.978625425,108.378824524
221.238001276,108.425991874
222.787168698,108.408340086
223.640184799,108.420604116
224.588495802,108.572349822
226.222278553,108.656464844
227.330741888,108.526723042
229.163788454,108.378053786
230.672274309,108.168701444
232.423732392,108.072123362
235.756046182,107.902432462
238.563774612,108.149339853
242.275054491,108.24891192
244.579971,108.061998481
246.585605601,107.740741974
249.419295852,107.438613732
251.279716974,107.194934202
254.081470106,106.551678318
255.728317063,106.105935181
257.33640635,105.851512696
259.492994194,105.780459527
261.045835685,105.677632685
262.813642087,105.270866223
263.805987477,105.039880626
264.50495957,104.955807433
265.19306179,104.69857531
265.200175968,104.630838532
265.237615306,104.342262994
265.123140064,104.030391471
264.880983553,103.826503472
264.302934021,104.095521798
263.905914825,104.190248351
263.560307088,104.507489453
263.509329035,104.375692318
263.282121184,104.551430087
262.544210141,104.250885316
262.137208128,104.023354145
261.791591224,103.599749569
261.560692099,103.403826844
261.238209748,103.461127661
261.341414574,102.932398769
260.989402901,102.966601358
260.222751754,102.860027511
259.380820045,102.869111642
258.904023866,102.8038027
258.374547712,102.137750433
258.350362462,101.598749321
258.289383308,101.162660066
258.407982683,100.815054619
258.400716321,100.584590671
258.299287251,100.619687336
257.914735406,100.374381958
257.568683486,100.131343473
256.99878062,100.029163386
256.53830943,100.200078094
256.00881625,100.668164102
255.615232703,100.903505749
254.92665261,101.15819244
253.980609866,100.751088677
253.649181107,100.572117713
253.713372484,100.1087757
253.868296701,100.203496342
254.297465775,100.608589383
254.907952197,101.767109352
255.214962874,102.406298813
255.824464959,102.93101124
255.992816682,103.672805129
256.881233588,103.119219541
258.475292808,103.159946098
259.812987675,102.991437878
261.857453151,102.231570071
263.711460754,101.807086867
265.722423109,101.330422573
269.110495188,100.761056538
271.230412602,100.442492465
273.297282827,99.8826879143
275.685647988,99.125931995
276.895718097,98.7558651811
278.112940577,97.9635840981
278.687370161,97.5748263398
278.794354607,97.0512384254
278.140703512,96.1333021044
277.071271231,95.4326067782
275.163196797,94.5700902218
273.960646639,94.1879856191
273.155724128,94.158847561
271.519135417,93.6132065813
270.158695639,93.2912882232
268.239133106,93.3200905383
267.036515257,93.3358255348
265.750455256,93.2411304254
263.348303391,93.0441756347
261.544338086,92.7808507614
258.542866361,91.9119712958
256.314761382,91.2843441746
253.828501054,90.6928688762
250.467579409,89.9678900902
248.348529948,89.3720640331
245.431944379,88.5605180844
243.533358787,88.0851379126
241.702240574,87.6933976053
239.019356634,87.1016943133
237.244765569,86.6625372995
234.851782384,86.084025964
233.438084382,85.7424972907
232.194152807,85.3958818086
230.532151666,85.009595736
229.591404107,84.8460844352
228.728171947,84.7693962784
227.558722363,84.7040168863
226.752814457,84.5526147827
225.731412499,84.4480336332
225.083504144,84.3020872866
224.462601679,84.1221059467
223.611145547,83.7026551984
223.098302978,83.4222452689
222.463973952,83.1140421939
222.034965757,82.7811504158
221.489092198,82.4545188555
220.087958173,81.9808314
218.501843079,81.7037810979
215.346969349,81.1678440065
212.454775678,80.9043875205
208.82391173,80.8532177301
201.543067617,81.3398959172
196.36299697,81.4767838991
188.589961594,81.5006174978
183.722738937,81.4720942864
179.228065941,81.6361079786
173.339095515,81.8744351945
170.08508523,82.2144074361
166.275235903,82.6234142389
164.582707475,82.9917519874
163.573080521,83.4863852797
162.91181513,84.1875118326
162.725498881,84.6552925146
162.424478945,85.0400009412
161.479279902,85.3048902517
160.414580477,85.2687245499
158.589101434,85.0302303919
157.401996286,84.7862447739
155.77922775,84.5948196832
154.779405539,84.6260633931
153.920733511,84.643543554
152.849061504,84.7654921211
152.23899613,84.8209900933
151.653754491,84.7846073731
150.422992999,84.7316767542
149.441343761,84.7060584512
147.833816108,84.5451691695
146.594643084,84.510822676
145.193857392,84.4531171886
142.674942349,84.2464269208
140.722954195,84.0399570221
137.416671938,83.7080578143
134.99039919,83.1870524559
132.32578438,82.638056799
127.91082776,81.6331545423
124.753734278,80.8990060273
119.993864725,80.1489861159
116.943776342,79.7522518893
114.209587765,79.443112466
110.764316033,78.9069422505
108.584112786,78.6906557903
105.649258213,78.5319375236
103.855031913,78.4596165179
101.93499098,78.4524160326
98.7762556114,78.3296002842
96.3955781224,78.1581755073
92.7460762352,77.8554626597
90.3885528371,77.7322165174
88.0128822687,77.6373930532
84.3589958174,77.6227510492
81.8048950138,77.6632658067
79.116412222,77.6574312481
74.9299505515,77.5961236809
72.1668888784,77.5331467112
68.1549955265,77.4719414991
65.5919506306,77.441715456
63.1099081082,77.4198680836
59.4791358905,77.4338400964
57.1616129255,77.5554799297
53.4195776834,77.9112252613
50.7063777089,78.243281298
47.7907289096,78.6328297265
43.181679687,79.3689118515
40.1073073152,79.8450099208
35.55641267,80.3525503836
32.4588965258,80.6209268603
29.3165307724,80.7948845794
24.6393931276,80.6957073561
21.8336661249,80.629061642
18.3809875302,80.6467432901
16.2680456622,80.6675320877
14.2827973384,80.5662084025
11.5538663206,80.1689017638
10.0034540921,79.8510338085
7.86298836526,79.2467696084
6.43708855171,78.9389229862
5.0622388308,78.6954218087
2.52343099902,78.4560629703
0.559608190181,78.4543959317
357.340487264,78.3760539795
355.134453606,78.4284622772
353.007292943,78.6641465619
350.23576083,79.0760348695
348.821398595,79.501014897
347.881515501,80.0187683134
347.830732768,80.1740361886
347.985234414,80.1316687756
348.641894402,79.7382809958
349.060267934,79.3180764064
349.68501858,78.807326081
351.137845783,77.7962395827
352.98492431,77.3397116038
356.694884457,76.7374733408
358.827371688,76.4378541683
0.640032968967,76.058049649
2.08898381541,75.5956471775
2.39034492329,75.126075527
2.05220004987,74.4308142354
1.92271433951,73.8771784464
1.71572783792,73.5130322857
1.76953988278,73.0030273487
1.99592158098,72.5899473987
2.70501763812,71.6579529628
3.539513478,70.6410701646
5.21636895765,69.3873927516
8.21966075718,68.1143323157
10.3832960946,67.546489656
13.8896949806,66.4271388197
15.9314194082,65.9456528017
16.9069448141,65.682797853
17.8155778398,65.0253877147
18.7435975542,64.8415185528
21.971180486,64.8331125555
25.0250153884,64.9256074589
28.0725984624,65.1537387337
32.0928624269,65.3482454104
34.2679587119,65.3505451076
36.606648738,65.3917607477
37.9283774957,65.1136562816
39.0155005155,64.792339858
40.3262061669,64.3775158277
40.8578244744,64.2881196072
41.3098098789,64.1348848401
42.1044343513,63.8588287863
42.8171023935,63.8889610788
44.0478609742,63.8360888122
44.761360511,63.7135718134
45.3773897031,63.5847309228
46.1967295282,63.3427146709
46.7304313749,63.2236904069
47.7341868732,63.0958873393
48.5000829209,63.0754381994
49.3403622787,63.0263120229
50.9880115344,62.9386325793
52.6988408662,62.8422693789
57.6914284213,63.1909955101
62.1946047343,63.6539409816
67.102214989,64.1750133964
73.6206876354,64.8984560325
77.2025787318,65.0009233958
81.5607089684,64.5067122645
83.648791649,63.9031011563
85.0550230258,63.388536273
86.5067644088,62.8997176514
87.1406624258,62.6442495029
87.9043082752,62.3398726695
88.3506263341,62.151245238
88.7472664897,62.0406058725
89.5778147392,61.9693511883
90.3729503415,61.9524146783
91.6555365053,62.0432193227
92.5202594287,62.0933666933
93.4284633685,62.0293300068
94.6451380954,62.0231328621
95.5091992777,62.0065953132
96.7854900438,62.1101270146
97.6820419449,62.2304583338
98.5534541746,62.3327653757
99.79442766,62.4882798162
100.605807449,62.6219179832
101.401656375,62.6879623463
102.520790369,62.7704500277
103.278688399,62.8336119776
104.395937965,62.9499580219
105.213245803,62.9887287561
106.040157042,62.9455360854
107.340476169,62.758947631
108.195648562,62.5292357067
109.482590302,61.8590180193
110.295948555,61.1570046332
111.170901351,60.2719292945
112.567012492,58.7089212642
113.344116159,57.5249351938
114.096269516,56.4625023049
115.333957338,55.5133262193
116.987709276,54.841430371
119.339512068,54.409740915
120.732663139,54.2759475276
122.286097769,53.9502862222
123.794031652,53.1957000461
125.465287865,52.2036082616
128.202326756,50.7607279873
128.797737166,50.5100236014
129.953762395,49.8709189004
130.556928447,49.5171240497
131.271212406,48.9978254693
132.575177738,48.3595901965
132.99811407,48.3564929607
133.69562083,48.3614144089
134.002015482,48.532245852
134.147394872,49.0309320708
133.957570216,50.2356245536
133.825733086,50.6747155374
134.786718317,51.1829533052
135.866528253,51.637549083
136.908265013,52.2352743349
138.376294067,52.9397933174
139.289740522,53.0812217468
139.835564495,53.130030849
141.497640601,52.2752397102
141.989942681,52.2826861433
142.724437553,52.1707142417
142.921913574,52.0935986933
143.191017246,51.9911235316
144.113817355,51.6798776075
144.771894085,51.789878214
145.252953573,52.062372127
145.382951245,52.0638025888
145.738432039,52.0783684002
146.224798211,52.0841272695
146.868658591,51.9975569767
147.476195511,51.9825368428
147.8790459,51.9536603947
148.112352443,51.9408189615
148.51705632,51.8545305505
148.520237133,51.9564773562
148.852307409,52.0215509013
148.806760708,52.1464337849
148.560385885,52.2619387041
148.031339979,52.4506406197
147.966853251,52.4162452818
147.672803806,52.7000497179
147.585132473,53.1980423718
147.600543934,53.5966642479
147.400732604,54.1913540568
147.251034282,54.5072842456
147.120212431,55.0238240157
146.907644999,55.4762875181
146.858357772,55.9852874032
146.735656217,56.8502186922
146.529997131,57.5783050296
146.302828122,58.2549961204
146.160978915,59.2392392915
146.151907919,59.8379370512
146.298908774,60.3499442693
146.344537019,60.3661040619
146.200453022,60.4716090907
146.10253095,60.5626267068
146.055674761,60.6592087291
146.108566347,60.7570004173
146.140695714,60.7004309414
146.084020801,60.5839026428
145.850104832,60.057984083
145.741213794,59.6300830952
145.759007099,59.3219030498
145.801964851,59.2506664663
145.921916267,59.1779093048
146.162815384,59.1581166578
146.410539222,59.1679127553
146.801214342,59.1502463126
147.017589516,59.1498729914
147.193854251,59.1330926359
147.44648249,59.0397625908
147.65779681,59.0119354053
147.9676162,59.1106601599
148.39822528,59.4345151787
148.661130744,59.7098977999
149.004963728,60.2220518847
149.178298643,60.2644653142
149.430604388,60.1738922107
149.589111479,60.068252428
149.721210456,59.979790419
149.899744844,59.9331439648
150.097053781,59.8907390071
150.315529152,59.8098687893
150.703446104,59.5128454843
151.11252084,59.0894690032
152.14526911,58.3132184439
152.667779806,58.2718966285
153.221518625,58.1153629974
153.952068928,57.8686181048
154.351649119,57.7226189223
154.830658693,57.5694142682
155.316712463,57.3131208387
155.833528358,57.0134333599
156.827275073,56.40588793
157.346524216,56.2516636564
158.148277124,55.9680696876
158.4377667,55.7338847716
158.274227614,55.7546021904
157.995715119,55.5764484302
157.787162579,55.4204760679
157.534621943,55.3656027163
157.460041433,55.3364710254
157.479438255,55.2331227869
157.922145658,55.1056080298
158.475205236,54.949068571
159.280422054,54.7456923151
159.499288455,54.7788431561
159.419629356,54.8113263772
159.412301389,54.7948919934
159.409074357,54.7790992197
159.503991152,54.7457217138
159.643276652,54.7059221561
159.793502839,54.6281251719
160.002762539,54.5878701119
160.068595793,54.6036515072
160.203965238,54.5793008769
160.205480516,54.5941250244
160.141593421,54.6371833199
160.100515922,54.696316937
160.053098666,54.7928963966
160.034043452,54.8446591351
160.008176907,54.9110562256
159.909874258,54.9920392824
159.425022905,55.3908369777
158.813657638,55.8715483403
158.064988689,56.3225614463
156.628138419,57.1617464045
155.873296954,57.5813440153
155.093755592,58.2810830654
154.785071914,58.7969591539
154.640588212,59.3158733592
154.609030469,59.9005607603
154.586765723,60.1256230753
154.518429293,60.118219991
154.424743385,60.1220702783
154.303573156,60.1041010077
154.184110815,60.046200395
154.128762126,60.0535128365
153.947374053,60.0710603972
153.783471467,60.1073919437
153.669566032,60.0697959674
153.448331544,60.028838322
153.318746835,59.9667922604
153.135139853,59.8465041443
152.991747756,59.7064734607
152.784887477,59.5400302765
152.367584218,59.1827450305
152.000606573,58.8287660746
151.701531013,58.5297925833
151.583622047,58.4030813763
151.544730738,58.3652895415
151.546934342,58.3457579865
151.573452419,58.3663356398
151.612640313,58.3931853923
151.668966569,58.4030905247
151.711847982,58.3981160656
151.812602764,58.4181890871
151.907875335,58.4419485611
152.018997482,58.4933846203
152.122434112,58.5426797038
152.182194918,58.5611516273
152.299938397,58.5763815253
152.423989421,58.5866953083
152.547070824,58.6066900766
152.830901869,58.6605678889
153.109930559,58.7246146448
153.25061782,58.7803154982
153.548785239,58.6514518686
154.013282406,58.608664478
155.003379339,58.7478085142
155.854509258,58.9469172691
157.380659185,59.1645810971
158.655464604,59.42806731
160.167416913,59.6853640151
162.297918873,59.9973432649
163.603673796,60.1306711527
165.094417339,60.3587899048
165.946193208,60.4184101072
166.640791453,60.4922018701
167.414012995,60.57812858
167.900671901,60.5680276572
168.640438227,60.389443822
169.130801468,60.0742305183
169.655255225,59.5167898065
170.554278065,58.399446861
171.07443437,57.6275775917
171.676638722,56.672100594
172.029994143,56.2681286072
172.291725401,55.9911801288
172.558544237,55.8825909965
172.85333119,55.824553834
173.230738491,55.868696536
173.982908298,55.9764204832
174.505085184,56.0160757251
175.148267769,55.9886183144
175.544357881,55.9097419434
175.845696025,55.8149654107
176.456968166,55.6014494077
176.731034109,55.5456178289
177.403498391,55.451549899
177.755811661,55.4010924453
178.168544238,55.3581594316
178.74530313,55.2645457857
179.029376413,55.2120390461
179.51372274,55.0937148111
179.748097037,54.969579188
179.959395694,54.8598286849
180.283396811,54.7557783917
180.572093769,54.7782539472
181.038648728,54.7291540575
181.591483437,54.4229368032
182.281771197,53.844342895
183.70109334,52.7338162067
184.31420548,52.3349132863
184.023959591,52.0674713062
184.109570348,51.7976053889
184.26783734,51.6257162249
184.757096956,51.5551259912
184.783421001,51.5948714102
184.728874771,51.5230299222
184.507356751,51.4568758839
184.364804697,51.3960664262
184.160247102,51.3507615574
184.027434214,51.3688085872
183.960393582,51.3473032765
183.796047229,51.4036517784
183.688725417,51.4545112843
183.527981486,51.4288675584
183.44342747,51.4488839566
183.408163166,51.473665599
183.361432073,51.4646382016
183.345067979,51.44537548
183.290630162,51.4505854923
183.210955749,51.4587312824
183.115712977,51.4718121384
183.039856638,51.5053724594
183.018878985,51.5382164431
183.068980232,51.5828685219
183.102859025,51.6592044135
183.127246342,51.7245741755
183.096274893,51.724322963
183.033305293,51.6858234395
182.910861838,51.6759983473
182.828051495,51.6827470915
182.758877046,51.7029068552
182.561902086,51.7822661718
182.411847026,51.8470449721
182.159851368,52.0030837094
181.793815503,52.1666529017
181.691526529,52.1952042911
181.431710962,52.4708300891
181.253237754,52.7643484297
181.430701886,52.7597587037
181.651463217,52.7217092752
181.986542411,52.4386269927
182.040969705,52.0292316327
181.864182804,51.9191698246
181.655164596,51.8451152941
181.44399519,51.837759844
181.403743855,51.8268420632
181.31490937,51.9087019034
181.251527415,51.9426021524
181.149356321,51.9571877963
180.851036182,52.0591956273
180.665622668,52.1664017655
180.433202209,52.3007402272
180.296389003,52.4005755738
180.155088398,52.475342027
179.94049516,52.6786313049
179.784650417,52.888865599
179.807494547,53.002272795
179.893616907,53.0086632786
179.998853483,52.9983782924
180.10005111,52.9729539851
180.130485315,52.9430569417
180.08521358,52.94031808
179.885894005,53.1056353434
179.667770864,53.3198690654
179.277366486,53.6200422098
178.943716367,53.8597621034
178.206434867,54.2448414968
177.531232204,54.6431552534
176.756860809,55.2024345771
175.34817374,56.3514449084
174.359066206,57.1859163284
172.704841149,58.9397927519
171.718958589,60.1517552681
170.69321269,61.3704004813
169.180839677,62.9713708556
168.25819914,64.093079954
167.139631519,65.5443869075
166.391140102,66.7043459639
165.775722685,67.8415642233
164.914822131,69.9046546746
164.354506006,71.612446988
163.813282912,73.5213848289
162.901833897,77.4801039109
162.405998313,80.4312984661
161.68424009,84.8402401256
161.10550863,87.4054664848
160.314778149,88.8533790706
158.780264066,91.4797615743
157.845443431,92.8188334022
156.62639839,94.1387996343
155.825171346,94.5629165088
155.190532965,95.0364584873
154.591919144,95.2847665767
154.350543811,95.5524126396
153.879040802,95.8358244101
153.480349938,96.0488422012
152.662159204,96.3261705774
149.59212863,96.9392156897
146.918396908,97.4660669315
142.978972103,97.9752157467
140.732670456,98.4293913341
138.748625615,98.7623794221
136.055044705,99.4128247725
134.35066179,99.6963583261
131.167444012,100.054296843
128.71403261,100.179497796
125.780959604,99.9788823336
122.139735434,98.8969874926
120.248089802,97.8078287755
118.270498224,96.2136507196
117.262996539,95.3883110937
116.478145604,94.6324914706
115.029959848,94.1755324333
114.31432988,93.8606353436
113.816962983,93.6332015526
113.685724624,93.0172413502
113.745298723,92.8694814811
113.864909137,92.5428862586
113.910193226,92.3691117035
113.879152802,92.0595852175
113.732446661,91.1189385636
113.529142037,89.9157639003
113.825288648,86.5723447262
114.654638989,83.7390104651
115.356326596,81.3407593545
116.066081415,78.8492353115
116.407970501,77.4854775001
116.728300326,76.0218194997
116.755380398,75.2814596034
116.79557341,74.7072681986
116.265495213,74.3576278991
116.007442802,74.2617075575
115.433335944,74.3541977112
115.19939416,74.3850806685
114.92657961,74.4303859133
114.775787585,74.410268708
114.711240274,74.3683260319
114.67070626,74.3523515081
114.910717565,74.4799761022
115.638821934,74.9882146786
118.386917205,76.7807438371
121.476812838,78.3425188444
127.932186303,81.184988622
132.536388418,82.8322791787
137.421240696,84.3215951106
144.538738935,86.2562241743
149.147490554,87.5413631153
155.792528421,88.6802272683
160.208406071,89.1684269657
164.088332067,89.4555559652
169.924920451,90.7589935901
173.492208275,91.4345449859
177.752293365,93.2358257489
184.939819428,94.5204124421
189.451275705,94.162186652
195.109707559,92.5757453632
198.363003042,91.337730642
201.475810648,90.2469965347
205.105036233,88.3618700636
207.110301019,87.1844305957
209.539112053,85.5345567151
210.80037573,84.6461045259
211.895263579,83.9265642561
213.447702699,82.9943981651
214.349880445,82.501275602
215.473032058,81.9783501258
216.309202715,81.3888438207
217.516977772,80.5643820803
219.83081301,79.8414883569
221.500333818,79.6344297223
223.624274585,79.6124732297
224.768498659,79.6541508045
225.831494139,79.6421397523
227.438330472,79.7786413658
228.536219726,79.8838744895
230.086608666,79.9241220728
231.054467051,79.9564535805
232.033718825,80.0711065987
233.403173059,80.3213823353
234.358251709,80.5576413626
235.756087909,80.8911755183
236.421536384,81.1393723749
236.964888897,81.3635589081
237.325767915,81.5925505357
237.538286256,81.7418815641
237.63940645,81.7910132138
237.983920744,81.8875897332
238.159976162,81.9345333436
238.465596345,82.0394367054
238.67297433,82.1214256261
238.790835766,82.2462864106
238.835610572,82.3753824598
238.786302514,82.4863707636
238.750480023,82.6031398502
238.703996938,82.6232071124
238.697000793,82.6318567915
238.792516458,82.6058616998
239.004604232,82.6131358865
239.367724788,82.6279234991
239.582847495,82.6782410915
239.760078989,82.7120571704
239.912087166,82.7461574368
240.007685555,82.7719669381
240.127097169,82.7314437265
240.183253064,82.6962452523
240.238169469,82.6885123245
240.321212283,82.697562992
240.354854364,82.7554763171
240.36615942,82.7603690075
240.34050467,82.7298492525
240.298101851,82.700077316
240.192227005,82.6895312798
240.113610294,82.7126253224
240.008144061,82.7152074392
239.912035602,82.7138525306
239.853282802,82.7326230997
239.727115162,82.7629038403
239.654725785,82.7847896533
239.583286887,82.7876547237
239.441336741,82.8316926818
239.330458817,82.872487215
239.167089011,82.9491756268
239.028612758,83.0025158095
238.888452651,83.0592273122
238.64658274,83.0649144152
238.488531989,83.1222086771
238.277719398,83.1557341962
238.031384885,83.1975354872
237.798365383,83.2481990934
237.253630727,83.3489498962
236.730578425,83.4240528135
235.881124742,83.5103891408
235.14274843,83.5486460125
234.274071277,83.6967152056
232.76540623,83.8689656284
231.554438011,83.8208119556
229.527091961,83.6515216538
228.312547961,83.4820974751
227.216356808,83.2986134094
225.511409307,83.1776393477
224.360009871,83.0031417158
222.574826668,82.7153706938
221.275152522,82.4358976835
219.718571196,82.1549653347
217.208804627,81.8012349116
215.530085738,81.6917821949
213.11208297,81.7670604446
211.52174132,81.8679457364
209.852292635,82.0430127978
207.394181729,81.9083276578
205.562406893,81.8312615738
202.676119225,81.7068287021
200.916635145,81.7732160132
199.348372739,81.7681187995
197.393315737,81.9002305572
196.431464084,81.8430875631
195.778600588,81.7087634198
195.009619588,81.3617008465
194.579537195,81.132301445
193.949024404,80.7186798661
193.574574814,80.643374686
193.2879946,80.6102821852
193.120194154,80.7318288358
193.114589699,80.7378432621
193.135354103,80.6738752144
193.169716345,80.6094652728
193.274841781,80.5015840262
193.414078993,80.4243397169
193.491570095,80.4111629579
193.569102908,80.4236112037
193.617606871,80.4617628537
193.654149516,80.5639521391
193.741781467,80.6682520602
193.850614624,80.7227402949
194.03798752,80.79866774
194.214826916,80.7826875979
194.392305832,80.6727298067
194.742355775,80.4384236702
194.962846,80.2922902193
195.304350734,80.061326427
195.445485351,79.9691933806
195.577412527,79.9134238393
195.676847233,79.862957783
195.703247719,79.8443878937
195.720371409,79.8070767688
195.728381218,79.800352123
195.722359017,79.816358228
195.693568429,79.8366275714
195.663759557,79.8238655073
195.622570617,79.7970826334
195.571561134,79.7525669855
195.552105038,79.7651579573
195.50358507,79.8490457777
195.430418478,79.9266102364
195.290131622,79.9601029922
195.004539221,79.9721214565
194.814390782,79.9830083307
194.573352284,80.0389538689
194.480067877,80.0645297648
194.424077667,80.0861822638
194.378521153,80.1430438645
194.377563947,80.1780035912
194.36699446,80.2456005815
194.356629255,80.2603167606
194.335500428,80.2658128823
194.326867261,80.2526506216
194.323639607,80.2440852275
194.315035115,80.239497162
194.294074729,80.2535591034
194.263107559,80.2510415543
194.24154793,80.2559925187
194.250004543,80.2674882204
194.26543016,80.296767877
194.24948894,80.3295012503
194.226574197,80.3757083197
194.172217806,80.4549112274
194.164740435,80.5035389967
194.153945843,80.5963153061
194.115140152,80.6321140846
194.064921617,80.6628176139
194.052820093,80.6461801111
194.10357483,80.6434407516
194.119743612,80.7444750188
194.097165416,80.8566995771
194.017791235,80.9672792082
193.767806198,81.159420762
193.617705347,81.2309976178
193.483534537,81.28581003
193.214456812,81.3620508523
193.07576036,81.4117965866
192.861804434,81.5321932653
192.729715265,81.6450354246
192.626142657,81.7341426192
192.46743152,81.8944980553
192.412667345,81.9379055137
192.337477526,81.9702090043
192.319596316,81.9687775498
192.297367226,81.955299088
192.232157434,81.936007011
192.147430374,81.8793277739
192.028243023,81.8315953307
191.911874807,81.791051903
191.816742077,81.7565505388
191.641720011,81.7133495042
191.494219726,81.6844791911
191.185943816,81.6637083497
190.934993193,81.6457254863
190.493384333,81.630048354
189.669559622,81.4321549369
188.949761193,81.1192398218
187.526239827,80.1760800475
186.539071998,79.276100289
185.684075079,78.5383047512
184.513406719,77.7838351313
183.742847519,77.3923054801
182.677847689,77.0573977594
182.053767289,76.8240942333
181.445736257,76.7325914837
180.716268518,76.6090507299
180.3758975,76.5534302337
180.053685743,76.5446323973
179.802987338,76.5145952306
179.736917624,76.5174507032
179.562471152,76.4735238876
179.484997236,76.458548402
179.431684647,76.4365308739
179.357764405,76.393136718
179.289614242,76.3746133004
179.234192142,76.3500568351
179.163364408,76.3549200071
179.084060509,76.3727136305
178.978081154,76.3784208373
178.921835579,76.3731990278
178.861704919,76.3220867736
178.828683595,76.2882518975
178.815192311,76.2519728163
178.816488954,76.18227576
178.826117611,76.1399243795
178.86465472,76.0887586995
178.89044554,76.0656181102
178.935032508,76.0473503547
178.997447695,76.0715206965
179.060556996,76.0786542108
179.139403595,76.06194459
179.191087448,76.0421546332
179.23793413,76.0403860884
179.323139047,76.2485674807
179.437423936,76.5756150521
180.212769531,77.4769776996
181.395013466,78.827633178
182.891576704,80.2516835895
185.328798572,82.6183065431
186.934396969,83.9670513341
189.340155979,85.9211403178
190.967430221,87.1800224005
192.78047461,88.9660596888
195.398211902,91.5750769518
197.142973799,93.1477984402
198.841336318,94.4621832909
201.37855918,96.1923544648
203.050549525,97.2777699386
205.559864998,98.399324664
207.237701187,99.1192749766
209.016555524,99.7131866728
211.836195885,100.452222059
213.716829144,100.744595061
216.752483243,101.25946026
218.653559084,101.458289574
220.671747469,101.680886901
223.579460727,102.049321258
225.577196618,102.289496999
228.260871746,102.722069976
229.877572894,103.144808732
231.305347386,103.652382182
233.115570685,104.327984675
234.194518145,104.567300653
235.757935594,104.488049087
237.089016574,104.186594968
238.384643625,104.007781966
240.857207673,103.740162872
242.392575857,103.503010478
244.774348133,103.143563071
246.348376446,103.064371417
248.171666889,103.197221287
251.051780792,103.783483794
252.939350131,104.233622511
255.234598429,104.710873739
256.317961202,104.758247291
257.333596822,104.49083763
258.58064899,104.48771274
259.566681351,104.580369809
260.450420019,104.728560834
261.691884942,105.098726756
262.447107182,105.323276829
263.812397727,105.373958012
264.738726387,105.485547927
265.63397637,105.487978113
266.903333844,105.613212003
267.706743952,105.833935375
268.663117242,105.986751531
269.262712338,105.992301834
