179.60157088,93.6367379475
180.362849991,92.8812041606
180.631561201,92.6019862512
181.048887657,92.4581710939
181.377069302,92.497673715
181.505987023,92.8244783223
181.077857652,93.2526345329
179.667961773,93.2679904614
178.571614833,93.3424995867
177.395698321,93.4649055676
175.806765697,93.5846941157
174.626062343,93.5962201062
172.241080393,93.4724026253
170.549088384,93.4736370719
168.93271835,93.4950090803
166.801444766,93.4898249864
165.552224679,93.4126723678
163.80493518,93.2281744243
162.531453951,93.1440250188
161.136743163,93.0571539457
159.336534439,93.1771636536
158.314890297,93.5278140674
157.528359454,93.6718945692
156.839276486,93.8079076966
156.551626316,93.9113252693
156.326318322,93.8651925181
155.963822389,94.2315421768
155.292885503,94.545747375
155.06008707,94.575771523
154.79375211,94.6407326384
154.393578127,94.7039354299
154.160608427,94.645805023
153.852801376,94.3311607345
153.746173063,93.5328841575
153.719185175,92.8880349963
153.12554877,92.9186873272
153.370737998,93.394933789
153.275383166,93.4362586507
153.500977819,92.4709627773
153.262447604,92.3202024933
153.308710562,92.7726744294
154.200119328,92.279631807
155.060012678,92.0791768116
155.569343691,92.6088013904
156.103806904,92.5889388309
157.593915137,91.8657607625
158.31866668,91.6858599777
158.915242721,91.9185468616
159.465823701,92.1138682102
159.206778136,92.1962776988
159.165946977,92.3946495861
158.825914078,92.6386312461
158.940265662,92.4548680909
159.416496239,91.3263616134
159.512697888,91.6092727731
158.954802931,92.6245978111
158.400902382,92.5806059339
158.613001607,92.6060424798
159.402152759,92.1625769513
160.273722684,92.2098036582
160.924348094,92.9593287113
161.11753995,93.165201653
161.187545975,93.1001301818
161.477177132,93.3872949434
161.945773316,93.521059007
162.651308891,93.4979306885
163.844436981,93.7391240478
164.6589286,94.0338703317
165.874354379,93.7037470799
166.742618218,93.4350159728
167.323644636,93.6435946388
167.984502123,93.8412855546
168.221842604,93.9380980842
168.360185971,94.2092131009
168.570589547,94.3774781682
168.772994802,94.43710094
169.403629876,94.5444382839
170.04132508,94.6636386582
171.309478691,95.1790891236
172.258107406,95.3971352097
173.103655874,95.4138708967
174.192007734,95.0021760374
174.659671962,94.6578532194
175.180152224,94.4301783522
175.513026006,94.3690278882
176.049494392,94.3503650255
177.123120682,94.4427152601
177.924355455,94.5942156715
179.016337246,94.8756397107
179.550132642,95.0882976066
179.719821795,95.3073973551
178.740180143,95.6817285585
176.808155977,95.8733890654
172.730906434,96.3338501202
170.360908258,96.6091358495
168.686796965,96.8213372634
166.617904468,97.1262384824
165.449889229,97.026041146
164.403010849,96.8494692968
163.04844248,96.6429183502
162.661974183,96.4488184586
162.600827651,96.3676730228
162.606455397,96.2045048166
162.76586034,96.022292864
162.734700031,96.0806801682
162.582982734,96.0659548291
162.337446814,95.9566691297
162.254967506,95.9267455566
162.164317845,95.9037974131
162.038977007,95.79066202
161.976709919,95.6599051198
161.937446652,95.5139165746
161.881390172,95.4287181253
161.724466293,95.2731755179
160.730000562,94.874845528
159.492107408,94.6605323944
156.53329882,94.3992715005
154.604678018,94.3350111902
152.907294431,94.323125769
151.03487716,94.3124599096
150.307385081,94.2779676004
149.269474094,94.1862137124
148.35871753,94.1589686268
146.846867862,94.189869983
142.566030673,94.1613554648
138.5899023,94.3187322695
130.07094676,94.7673018321
123.139514743,94.9096430626
115.846102616,95.1792312973
105.725486272,95.467744318
100.24288061,95.5493274273
93.5522482651,95.6313287515
90.6135164854,95.6883580134
88.1588879767,95.8464054427
84.5283263914,95.5827096645
81.5266840795,95.4225084096
78.0864629813,95.1534555508
73.3678892471,94.4844193081
70.8353916728,94.2109766984
67.3939572625,93.9611882695
66.0739073932,93.7387104936
65.4486329668,93.5816332408
65.7469954771,93.3288211275
66.3575786515,93.1119274099
67.2965924485,92.8687819131
67.8107130914,92.7117752186
68.3359520192,92.6151814525
69.3366314486,92.5044437153
70.6352568727,92.393033489
74.3883712289,91.9893546422
78.3952665479,91.7115765201
83.5054447764,91.6705570965
94.0746436515,91.9932817747
102.853032544,92.5703950985
117.081913292,93.283687637
126.506024799,93.1492666365
135.022631369,92.776262889
144.25270845,92.3454002909
148.275283415,92.0855135801
153.130404957,91.9918114139
156.003582434,92.1798243544
158.753474782,92.4516080523
162.621860493,92.7239141738
164.863327537,92.7930749413
168.10933507,92.6169358201
170.095618809,92.691011819
171.938434571,92.7717511731
174.061758972,93.3013889273
174.975603932,93.7239357531
175.804487663,93.9644460315
177.240526526,93.9879574384
178.280033209,93.8552789443
180.007124481,93.8807349501
181.3563544,93.9959027749
183.429352675,94.0312715465
188.247305378,94.4973415439
191.672077038,94.6652066431
197.387976829,94.8074383813
201.930811904,94.7036326171
207.47808152,94.488657799
218.04881554,94.0819031843
225.594946113,93.7976389911
236.872772655,93.0619333351
244.430050103,92.4357247598
252.461974006,91.8371953077
264.727078666,91.6093620247
273.220633054,91.515064103
285.614371132,91.8569316371
292.198536209,92.2793129696
297.642329774,92.791293795
303.864012731,93.219035441
306.905198857,93.2428982857
309.556079362,93.0563170594
313.65964151,92.7191212587
316.656361892,92.5910024777
321.418234417,92.5156247237
324.657150195,92.5467195433
328.21947092,92.8436060277
329.671523335,92.8300364303
330.854970126,93.111351382
332.243843625,93.1347041931
333.081714188,93.0718498656
334.936396094,92.9628591185
336.505391562,93.0653062893
338.362345971,93.0634823366
341.055432045,92.96799916
343.070413519,92.8349147833
345.096034366,92.9707345154
347.496346272,93.3240228984
348.707507807,93.224875184
350.138853874,93.0602805965
351.020673375,92.8394370936
351.845407274,92.6979688133
353.23787788,92.6336814264
354.463269555,92.6436155141
355.965279955,92.664232236
356.488481155,92.4456585524
356.828815319,92.3476858992
357.264101421,92.5169323787
357.424989493,92.5225643327
358.010320465,92.7617445872
358.62867058,92.7070434109
359.050681665,92.643018274
359.076670513,92.6306374757
358.68890935,92.8074654784
357.977540195,92.8167241681
357.622705484,92.9398948101
357.473005439,92.9142236844
357.575113563,92.9416077516
357.791871205,93.0582954521
358.03028996,93.0957377743
358.249890466,92.9591852106
358.362999644,92.8673118966
358.414797073,92.7946731215
358.511355043,92.7595380269
358.827797625,92.8112388633
358.961673253,92.8883078116
358.964484667,92.9096430942
358.879405518,93.0648624978
358.884830192,93.2170137977
359.089300842,93.3204505044
359.972317289,93.3566692846
0.571263686115,93.3389371433
1.17527031512,93.3867743198
1.17212521227,93.4319405347
1.16447989378,93.48094202
1.10888076377,93.6209510346
1.0322953299,93.7431358507
0.902770712276,93.8605847677
0.800821752333,93.9067100819
0.732170702759,93.8992115605
0.652173082345,93.8676726669
0.604046305747,93.8731596689
0.483101760895,93.8396573858
0.289480442961,93.8455199821
359.966984845,93.8969165789
359.090012579,94.2530320112
358.741361994,94.3415461314
358.593922422,94.4254371742
358.662695418,94.4564573889
358.772778232,94.5293464088
358.713753197,94.4884935197
358.465539626,94.4578182049
358.270614112,94.4202996168
358.180019266,94.41872216
358.078035539,94.4288114199
357.945648389,94.5132682753
357.834224883,94.5295079849
357.571674625,94.5325022912
356.510415378,94.5989309385
355.335681374,94.5732222414
352.473041187,94.5071085358
348.485352852,94.320409242
341.748100906,94.2912550643
327.129387621,94.1019398653
315.925400677,94.3952396609
299.697225244,94.4567527809
289.57874538,94.7435514807
279.895045413,94.6239573844
265.035840393,94.2672784102
255.325646083,94.2541009703
241.283214993,94.3529713715
232.844292448,94.6674395011
225.682520163,94.8980548201
218.431399588,95.0147105798
216.435684221,95.1947429096
215.563581715,95.328229525
215.232645968,95.5736269873
214.713108904,95.8272673338
213.623160057,95.9769179222
213.110110157,95.9990445583
213.817766667,95.4033420474
215.643365627,95.2983334122
217.573653978,95.1822350806
220.809668375,95.0238643509
222.415174286,94.9600226682
224.007160449,94.7890006499
224.779924962,94.7300268986
225.650780954,94.8142237633
228.581621435,95.176480089
230.84818256,95.3461103415
231.889934916,95.2990874071
232.115891218,95.0122047143
232.540822919,94.6912849741
233.326903432,94.43627216
233.850561739,94.2539471519
234.093352642,94.0930770221
233.60412844,93.9801226553
233.381561499,94.1204288371
233.200415857,94.5598324877
233.228585082,94.5766270108
233.057103554,94.5516780524
230.724183364,94.2865502299
228.259693256,94.3180345391
223.522187058,94.6563016738
220.640224425,95.0419204579
218.178011299,95.3858348185
215.697979198,95.6229074696
214.736091179,95.8493720252
213.211842599,96.0959465091
211.718918537,96.2025635554
209.12312892,96.2099607423
204.425356303,96.0122735489
202.141661812,95.935656525
200.353923886,95.855940429
199.755021937,95.8001837934
199.37452339,95.6945079352
198.66573997,95.5060571619
197.855493572,95.4105698939
195.730005866,95.296275812
193.312278,95.0740099413
188.756982233,94.8665423619
177.578162499,94.4990223835
169.693415275,94.5785478598
158.933299742,94.94689267
153.192633503,94.9513490889
148.401696046,94.8052486391
142.549726308,94.3020644751
139.195858868,93.7884320399
134.86797957,92.8847454865
132.437582003,92.3682731852
130.779026648,92.1164803719
129.587651076,92.14771463
129.349242362,92.3245446257
129.292443177,92.3843515772
129.149977293,92.3453657722
128.752595976,92.2728330779
127.742774582,92.0323255448
127.13721483,91.9026710443
126.714804601,91.8323203451
126.237045129,92.3663109911
125.536744481,92.360387271
124.799350939,92.4247136713
124.36509256,92.4441643283
124.012769269,92.459066094
123.811044046,92.740238123
123.584985197,92.9269513261
123.481886615,93.1513626963
123.337088762,93.2407609413
123.204019005,93.2576325123
122.982950573,93.183456864
122.910861062,93.1104700786
122.901644766,93.0031537402
123.099912463,93.0200979505
123.429292604,93.0863015234
123.992788012,93.0832735309
124.352721927,93.110590218
125.005003262,93.0158231504
125.386117126,92.9833930537
125.732954126,92.9948941885
126.264336544,92.715207314
126.378452108,92.7857819152
126.514214269,93.3162769514
126.502348271,93.8814232121
126.769801561,94.0144589318
127.483695723,94.0179535607
127.9799587,93.9263003336
128.487850844,93.7865966001
128.882276772,93.8043589444
129.198355344,93.746632699
129.669083324,93.653613705
129.664803205,94.0171845952
129.1682064,93.8323301383
128.927080539,94.1787914453
129.098280469,94.1052709703
129.555508121,94.6485218366
129.648303316,94.8362070648
129.776202592,95.1374750418
129.749117112,95.8712120441
130.346280872,95.738963489
131.428294628,95.4392177396
130.509140589,95.1485950713
130.201141952,94.805965423
129.923009728,94.6090348914
129.897729433,94.6316415341
129.805577994,94.7053543725
130.01130453,94.6344727812
129.975789387,94.6533207037
129.844164212,94.7072069464
130.01405194,94.5486994689
130.140262479,94.3793844459
130.167998996,94.3593295861
130.463450079,94.3645674157
130.963379332,94.4539661417
131.25117361,94.3568603908
131.759776802,94.1724454218
131.762133573,94.4237949357
131.765621658,94.7126201896
131.500191068,94.9063983701
131.266907896,94.9050257536
131.21870744,94.7855039123
131.307925612,94.6008883161
131.599902581,94.3328247605
132.488742443,93.7849052876
133.06802678,93.5232687304
133.666864343,93.2125209202
134.382064946,93.1792278574
134.810555908,93.1484679468
135.422162705,93.2858472011
135.955077749,93.3003931418
136.683565396,93.210233911
137.601377231,93.3591622785
138.180402696,93.4982477261
138.713125405,93.6096310029
139.255713764,93.4962562503
140.382658898,93.2229849661
143.529718397,93.0747258394
146.39768532,93.1252100437
150.399028108,93.3351116803
152.857812727,93.3677164703
155.008872666,93.4962586291
157.488173057,93.5992592759
158.694118097,93.6435035905
160.2386205,93.443529439
160.897075862,93.5903435626
161.29513528,93.7099807012
161.881214342,93.6494760405
162.09914648,93.408050688
162.686601456,93.0849656561
163.004171682,93.0403514824
163.0556014,93.1443934535
163.07012649,93.2037345341
162.950133184,93.1008425298
162.25887532,92.5411887476
161.244500729,92.1127192935
159.301560687,91.3733951066
155.229880839,90.1888367815
151.572335567,89.4713191998
146.92517589,89.1199505786
139.335979746,88.9829606217
134.596563261,89.1646129024
128.320899875,89.9971290655
124.460411192,90.5796192699
120.146852765,90.9637200809
111.999131536,91.6123115429
105.893504933,91.7665185469
97.5864394712,91.9273791256
92.968114475,91.7788176425
90.1684519584,91.4804505197
88.4925687388,91.867041566
87.4280108591,91.8061092224
85.4891691676,91.8570927068
84.075198815,92.0054686392
83.3133187568,92.1102777475
83.0024529031,92.201308768
83.0447654145,92.2538100889
82.9480296664,91.9305534195
82.7707728137,91.4625806307
82.6295911085,90.9933832617
82.7052899486,90.5471609363
82.9435344882,90.1712480354
84.1251618411,89.575757016
85.182803321,89.263688683
85.9291759418,89.3091697617
85.9149900482,89.5891561188
85.4410420816,89.7069383257
84.0504046015,89.848922441
83.1073576984,89.8150282709
82.2121556984,89.6881041058
81.0500087581,89.6772716271
80.2099091687,89.8212114957
79.1520927774,90.0661684032
78.5990530596,90.2751090824
78.3686729514,90.4210350068
78.1289495831,90.7382415654
77.9840087803,90.8818397537
77.8621682343,90.9128745913
77.2520337821,91.0848297687
76.6553130832,91.1141096912
75.2336709896,91.3876330121
73.5673432645,91.0392537108
71.5454722066,90.5110621991
68.4249194394,89.9374683696
66.9436184637,89.691795974
65.8808729445,89.5730202477
65.9182776153,89.5724264097
66.2814038439,89.8033866658
66.9612796052,89.9833163053
67.156976182,89.9873458901
67.3846312772,89.8625320742
67.6718347464,89.7580856517
68.738627424,89.6031181196
72.0641674041,89.6939936654
74.6852358259,89.8367774373
78.4785256017,89.6130655391
80.9092826019,89.7694225214
83.5111060921,90.1054099377
87.2739342001,90.0308840573
90.8851712207,90.1197917196
97.9450152323,91.1873725183
103.502440911,92.1317638337
109.89102646,92.8096920014
120.24381716,93.5865645429
126.277029571,94.5158826927
131.938231233,96.2525215535
135.092855696,97.0363912245
137.378614184,96.8502258192
140.402187918,96.0583650471
142.224624739,95.5949007082
143.915976461,95.2378913626
146.017366597,94.8351573918
147.300683947,94.7887882234
148.742451419,94.7190489216
149.446384391,94.5985986111
150.111343899,94.4647927221
151.038212718,94.3208728383
151.690658877,94.2755505903
152.7486946,94.3357962459
153.304349078,94.4890893257
153.83507036,94.6583703112
154.637292088,94.6946681306
155.3663332,94.6727109592
156.528285125,94.6191073159
157.274841216,94.6481118822
158.004265933,94.7929145908
159.111587525,95.001900064
159.824526246,95.101060214
160.913241578,95.123702842
161.566323437,95.1055443674
162.201764398,95.0911217706
163.044653286,95.0512256008
163.576173896,95.0104557558
164.47110153,94.9314729803
165.033098777,94.8273455124
165.525900243,94.6863200014
166.15812646,94.5378619199
166.547029718,94.4170604747
166.95983707,94.3171870062
167.199995143,94.2371145816
167.379663727,94.153836891
167.713926383,94.0188471102
167.944734097,93.9722505046
168.143761695,93.9764092137
168.522132195,93.9363186954
168.847877266,93.9007623055
169.492524873,93.8247871522
169.906728735,93.7667064659
170.306475873,93.7419552653
170.80662517,93.7722220494
171.106306699,93.8472801926
171.912953759,93.9528400231
172.686606701,94.0701523924
173.551699328,94.1577764509
174.952017537,94.0491361725
175.81144118,93.8448553235
176.924372779,93.6098805421
177.360154433,93.5235170412
177.335278156,93.4423543221
177.189469904,93.1850241182
176.934687026,92.7923389348
176.496258641,92.3237323496
176.189718023,92.0677558669
175.877723283,91.8758521674
175.693343198,91.7566844323
175.724016707,91.7475603439
175.874462543,91.7685516769
175.945565441,91.8313690315
175.89836807,91.9183585349
175.609170012,92.1889053313
175.404635188,92.3262036351
177.121652888,92.0624836262
179.70178007,92.1788622619
182.667557438,92.4417022873
187.068786099,92.8438139023
189.15176648,92.8857844602
190.636984536,92.8678671297
192.59912807,92.9078373632
193.729547408,93.1388307146
195.682371738,93.7092722913
196.767677533,94.0763217944
197.524044375,94.2318957136
198.130798656,94.0066700945
198.230653523,93.8116733012
198.149726532,93.574760525
198.042036027,93.4181340002
197.374497546,93.3780513118
194.373704121,93.3257589883
191.065382481,93.2101864111
185.213850875,92.8355771335
182.109567871,92.7079803894
179.898930002,93.0341759963
177.126656583,93.2068013405
175.643394849,92.8938337196
174.243032968,92.6572177809
173.739838044,92.5373830276
173.485397047,92.4706735963
173.227428522,92.5645698729
172.828965513,92.6534006064
171.767991569,92.4085586207
170.864596179,92.1683879792
169.766001662,92.0211714066
167.587036629,91.9867900715
165.342139353,91.8775483079
159.984859365,91.7378221606
154.803463393,91.5552171654
148.746473206,91.4593843933
138.058741836,91.5828273
131.240377683,91.4527315731
122.711218631,90.8895322439
118.65406297,90.5035748358
115.857593589,90.3752863448
113.518491139,90.270808857
112.39720868,90.2947762166
111.585253325,90.1955396749
110.88699933,90.0513543458
110.467062533,90.0724635043
109.970498747,89.9921579713
109.95905287,89.9136443093
110.042069125,89.8898279999
111.124688144,90.0330793282
112.211840522,90.1514931362
115.793808227,90.4160925823
120.600524498,90.6717731793
127.504283136,91.0383714262
141.491807477,92.0179477733
151.901330996,93.1935489251
167.478478035,95.5848156285
177.965666609,97.0840652712
188.436078296,97.5787396282
203.163102437,97.6181560362
212.435879174,97.4087380437
225.731693243,96.7743620877
234.427205423,96.0843358931
242.523360258,95.7174965922
252.864504477,95.7360111688
257.974965245,95.770773939
263.930933187,95.6926388674
266.984372922,95.9541868179
269.190137281,96.2647844538
271.473528003,96.6583755751
272.628931804,96.7312423426
273.929271199,96.7650125215
276.115678,96.8807686414
277.707705556,96.6708231015
280.377225755,96.3833517613
282.192474192,96.2202378766
283.991927238,95.936133525
286.673978953,95.7378774476
288.332705431,95.6366349085
290.593044404,95.6934026538
291.977064382,95.8134859487
293.068892349,95.9697187051
294.657487447,96.189368955
295.776065378,96.3787421286
297.772765119,96.8622053271
299.092151313,97.402257731
300.358657812,97.6675259091
301.658619226,97.7026191496
302.190369509,97.5826228175
302.570471387,97.2937628716
302.751901765,97.1528480512
303.16522877,97.0331016626
304.406065149,96.8438744823
305.556730328,96.9510607489
306.840009967,97.5440210393
307.403210341,97.6778735884
307.779855685,97.5279950681
308.088786392,97.2382705097
308.294010587,97.0928570404
308.633848019,97.0047707944
309.0798201,96.8310728224
309.598404112,96.6606669936
310.253981301,96.3535574087
310.558367567,96.0891629727
310.881336595,95.9102810012
310.96375806,95.8451252848
310.998636822,95.7463000127
311.096570669,95.6034429243
311.148297951,95.5529790934
311.21639217,95.4731537179
311.297736311,95.3549190375
311.22876367,95.2903488832
310.930522641,95.2068213
310.718496267,95.2510885266
310.426127128,95.2818522178
310.136575093,95.2965407294
309.900640712,95.2987386285
309.707272566,95.3005011761
309.576265678,95.2659389948
309.405291189,95.1865658118
309.302562463,95.0638007899
309.305091221,95.0542179133
309.3067503,95.1267635205
309.34286888,95.1977291975
309.363062916,95.24316865
309.349869273,95.2622521021
309.331265344,95.2472716688
309.366265799,95.2192226715
309.445432698,95.1806886313
309.523968758,95.1516593453
309.59645906,95.1189252357
309.635176116,95.079999861
309.741476762,95.0664270699
309.882447161,95.0463174034
310.022309214,95.0122514285
310.368765331,94.9519864378
310.783041618,94.9643760772
311.251262065,95.1254832285
311.95082605,95.2512478242
312.523054987,95.3866550932
313.24938753,95.4096715888
313.646566116,95.3328621323
313.601707818,95.3753757261
313.467833472,95.4520816276
313.06735918,95.6412388444
312.251429692,95.9107077075
311.610867855,95.9365862551
310.623242221,96.0138466987
307.819499583,95.8335774916
305.957815246,95.7681602701
304.413189437,95.5478406107
304.16272982,95.5572527044
304.058884588,95.5752944169
303.0443634,95.6933079257
301.863026301,95.585985404
300.89013867,95.4817614226
300.648408808,95.7060348012
300.585484613,95.7809796231
300.214817259,95.9108726728
299.598512978,96.0230073129
298.074290146,96.2685805724
296.610772078,96.572269193
294.730070259,96.80769502
290.420788493,97.3007444395
286.083913838,97.485903514
276.92497896,97.2412913507
269.367361062,96.9100390249
261.720491652,96.1336831209
251.007091077,94.8858214934
244.892422951,94.4129859636
237.607328625,94.275201528
233.998373412,94.01409816
231.254460067,93.9500271384
228.568128487,94.060343011
227.908245219,94.2853881029
227.464845781,94.656815491
227.85463922,94.7753522971
228.50493163,95.0209902682
230.176744159,94.7660137869
231.515406388,94.8624605165
233.451621877,95.0734216661
234.968632432,94.9364633076
236.446739989,94.958146394
238.357063271,94.784060238
239.707768294,94.6463675657
241.096009054,94.581373058
242.67413193,94.5309184411
243.494717286,94.460666754
244.542556753,94.4522641962
245.197290018,94.2795974823
245.828876293,94.1000788498
246.81797883,93.8423888175
247.50553973,93.7575097052
248.422545819,93.6315223396
248.963711886,93.4508116925
249.490163681,93.2390498893
250.135592956,93.052313528
250.552080227,93.0261106798
251.119117305,93.0323957214
251.277926426,93.0724320168
251.511990423,93.0950984386
251.736111452,93.0558671542
251.884653801,92.9882321528
252.068678165,92.9181980706
252.532154093,92.8392454503
252.650136602,92.7632150705
252.664463406,92.5367183506
252.573542616,92.4283466709
252.067569203,92.2021743839
251.711079601,92.0676102418
251.709412362,91.7878888236
252.121341787,91.2170234279
252.781056264,90.7734233625
253.93559993,90.0566514736
254.986797984,89.6262620597
255.885906889,89.4432961856
256.752223115,89.2076688511
256.997588599,89.1955737227
257.205938845,89.2305047705
257.261696374,89.2480545891
257.263047965,89.247187376
256.991416654,89.6058220956
256.678539782,90.0162465176
256.235227237,90.3276065395
255.840835471,90.3205734635
255.421949776,90.2123482763
254.802024469,90.0810403214
254.488224358,90.2989490751
254.148663563,90.6625725231
253.494505268,91.3087022055
252.801093938,91.874385283
251.688895779,92.3672303724
250.822243658,92.4091166937
249.9603658,92.4377237449
248.585040288,92.414051438
247.625170567,92.3947629362
246.41483479,92.3146944123
245.671116281,92.1828145345
244.966773952,91.9820611539
243.929781992,91.7867422266
243.268348303,91.5947131561
242.355025745,91.3631607018
241.717950488,91.1781698743
241.161683706,91.0668910032
240.281658517,90.9411872011
239.597744545,90.8830323547
238.703514887,90.6932250466
238.012334414,90.6386235586
237.263282496,90.6566939206
236.275718556,90.6933966581
235.532189698,90.7244512827
234.758792797,90.7489155752
233.376701533,90.7612253879
232.44787247,90.8029125755
230.920108391,90.8318734448
229.806770151,90.8440440915
228.64946844,90.8476821443
226.852433426,90.701049322
225.611044889,90.5488405008
223.743036796,90.2975528244
222.523608042,90.1045123004
221.322305829,89.8047333888
219.50935183,89.2940389272
218.268994095,88.894600939
216.496158053,88.4505231588
215.231287252,88.1026042733
213.944388718,87.7278314572
212.061768468,87.3257223019
210.915587033,87.1710018079
209.394505626,87.2324730245
208.5125381,87.3711200331
207.580274717,87.5764133126
206.258530273,88.0877294621
205.382220205,88.3952921997
204.051516002,88.7757987292
203.131378748,89.0434909855
202.221453961,89.3590745212
201.213500293,89.3515743272
200.719914901,89.1591707949
200.012725246,89.0950234511
199.488711747,89.1941299534
198.942315808,89.3306232894
198.04932754,89.4866978907
197.073207106,89.6543150714
193.976624965,89.9246315955
190.407700931,90.0459243933
186.236998556,90.1934973592
179.04000902,90.6746129707
174.205847252,90.9431353937
170.009775077,91.1879053376
165.176536135,91.4527802194
163.073718861,91.4713540215
161.733372367,91.4751385781
161.738502909,91.4716563048
162.144315906,91.4944222843
163.071126394,91.6262623831
163.607251471,91.6143222633
164.227682943,91.5955997653
164.510380834,91.5774281212
164.613343207,91.5080540884
164.562432583,91.4548637303
163.995399677,91.387684692
163.036080146,91.3462678467
162.744995251,91.2562055344
162.786851184,91.299633487
163.009013896,91.4789391057
163.315011103,91.5638869663
163.731998403,91.6482884019
163.873073715,91.6736156283
163.98562367,91.6622142271
164.100433741,91.6463934214
164.194900499,91.6446308516
164.330166576,91.6888923023
164.539024237,91.7537311578
164.817899996,91.8432771365
165.369102796,91.9954555778
165.822842146,92.0635129859
166.607472053,92.1317778694
167.194280236,92.1472466704
167.725175843,92.1338078292
168.355698433,92.171159868
168.795701236,92.212535136
169.226086726,92.2956004163
169.996035622,92.4698230724
170.565486119,92.5767228259
171.558337573,92.715798101
172.362103112,92.9397022801
173.109748479,93.04281429
174.175912854,93.1591103498
174.745648108,93.2328630523
175.415014915,93.2189397202
175.72299766,93.1420750392
175.965760008,93.1528196484
176.90939128,93.1414124719
177.812103299,93.1933671846
179.285226752,93.273918974
180.345748529,93.1663715669
181.481633681,93.0979887596
183.52433832,92.9840169539
185.109540856,92.8541405334
187.98167398,92.633289952
190.313190569,92.423890785
193.045927069,92.2231890713
198.413084013,91.8543204622
202.542345406,91.7308078795
210.639752324,90.5151520125
218.327483197,89.577778378
226.549539347,89.1567398891
238.859260186,89.3146037559
246.874805906,89.513321107
257.708811366,90.0816723997
264.089360212,90.4875771972
269.599304386,90.7042815793
276.488299768,90.7008753321
280.002071744,90.8234346756
283.79905975,91.0885405074
285.527726022,91.1690264201
286.730230035,91.1892661809
287.64929184,91.3616683854
287.753313946,91.6630344177
287.612451566,91.6711953105
287.43732007,91.8955921471
287.396258678,91.9818082849
287.581823919,92.1461768456
287.738083268,92.234862275
287.925614104,92.3986868634
288.231871,92.6791567446
288.33217557,92.7974117493
288.206120715,92.947104313
287.368872882,93.1182446338
286.233187667,93.2145847095
284.211405881,93.4400982898
282.520005308,93.7819370554
278.246902329,94.6196003629
274.322302612,95.0910650487
270.251952555,95.1966610689
264.196460699,95.3887151815
260.666738407,95.8040171119
256.212743593,96.1415987565
252.938437888,96.0938566721
249.318011302,95.9533033834
243.51329135,96.002077826
238.402534644,96.2165148784
227.477735604,95.8890672165
218.316136188,95.4491516358
209.053453333,95.0818886402
196.22156542,94.9105634741
188.965039186,94.8223440528
180.574757234,94.0291522812
176.524963277,93.683235214
173.81132528,93.4842268143
171.857392717,93.4170010268
171.785605204,93.5963440367
172.433815604,93.8164864645
173.598918076,94.2689449548
174.209344932,94.1316888975
175.049918766,93.545241987
175.980279773,93.1906771198
177.385341005,93.1733922833
179.254750047,93.2124766974
180.834013823,93.1577134256
181.708842765,93.069005588
182.425850584,92.7942170304
182.953881744,92.7087707533
183.493567795,92.7647637414
183.821001831,92.7491206263
184.044523831,92.8782311668
184.27856802,92.7888540066
184.707123651,92.6545570488
185.589668802,92.5959863607
186.218741501,92.6002507169
187.130933718,92.6079517866
187.472051572,92.6212516545
187.539612705,92.6024842104
187.584164632,92.4788968318
187.476685607,92.3281126529
187.042119577,91.9635340117
186.813461146,91.7488268737
186.725848081,91.6435888869
186.806410962,91.4747640011
186.982031857,91.3544478705
187.438125711,91.251525377
187.950612572,91.2511105201
188.542504555,91.3077316359
189.398660034,91.4272785468
190.043529432,91.5752432351
190.932098811,91.6446596675
191.486042635,91.5238594702
191.967043077,91.520165039
192.692879483,91.5813262743
193.310410373,91.6244852881
193.854749032,91.7429688329
194.476854248,91.8883667994
194.744326924,91.8853007272
194.797463938,91.8605442239
194.946380724,91.7593538638
195.06552057,91.6734836095
195.146494794,91.5735984055
195.179413868,91.5386274254
195.348514947,91.6201250333
195.503711531,91.7196130286
195.559414541,91.7661064999
194.77595882,91.7141109568
193.448484508,91.4469170815
191.609243016,91.0856933373
190.768398598,90.9019751209
189.723429937,90.9135121821
189.241477502,91.103161516
189.386216019,91.2159141379
189.501587349,91.2738711397
189.61771326,91.3434838705
189.745994627,91.3637887799
190.714600675,91.280051116
191.812679477,91.326851628
194.60263927,91.5417825387
196.907911817,91.656002038
198.998564862,91.6867480572
201.831443761,91.5346970192
203.675795156,91.3994521179
205.567267559,91.3340967083
208.378743568,91.126390145
210.427644702,90.8234451552
213.515236863,90.2126405641
215.517609307,89.7900657622
217.444330342,89.3867249259
220.947328279,89.0036789013
224.927615304,89.0569352235
234.39801392,89.7981354358
242.137462211,90.5284913471
250.589728438,90.9766228305
262.195627262,91.7390277546
268.188843547,91.8451583212
274.856688174,91.3539896674
278.60718415,91.0817009264
281.74045065,90.92910703
285.04219593,90.7124765598
286.151731547,90.4505110891
287.081617213,90.0168851891
287.775460578,89.9375764948
288.854799965,90.0405808794
290.632555357,90.0903820177
291.845560966,89.9456359858
293.955996066,89.6332979175
295.641659044,89.713344295
297.907047609,89.9421053517
302.273512498,90.7993924062
305.40750826,91.4620885385
308.242954351,91.9405343987
312.245207651,92.2954847801
314.454409093,92.4950130073
316.95474244,92.780462757
318.043894408,93.0737298109
318.598253875,93.1076387851
318.66199453,92.895613175
318.828240787,92.5754751935
320.325513486,92.148482626
321.952251515,91.899263368
324.640409787,91.8797572345
326.143591155,92.0060912551
327.192939543,92.1025689355
327.819595196,92.1675937289
327.617433445,92.2989910756
327.508483827,92.4612281147
327.658532298,92.5595428823
328.617599646,92.6363474911
331.289768019,92.7746772637
334.215763904,92.7178843324
337.875790677,92.9206892013
343.781152232,93.2574008716
347.256081689,93.4379509887
351.985847735,93.7528931916
354.827307216,93.8671704501
357.527824793,93.9215365348
1.35531652969,93.8498290086
3.7546891267,93.7142843735
7.26962928541,93.3565718177
9.4034553115,92.9772563277
11.5333702131,92.7809754222
14.747527042,92.5702706804
16.8472767573,92.3898354052
19.8508887039,92.08877144
21.6729350108,91.8872864225
23.1956357837,91.6866169042
24.7301739512,91.3830734401
25.3795363691,91.2071392351
26.4477700705,91.1630654581
27.4039863472,91.0988624667
28.481282463,91.0087131977
30.1703188162,90.706979493
31.4809713412,90.5647596961
34.1125271681,90.509888344
36.0468238099,90.6645942793
38.0740361465,90.8989316044
41.0774252835,91.3481282839
43.0232032513,91.7218100109
44.9011508851,92.1364754951
47.452929289,92.7636640028
48.9012820334,93.2508394152
50.4577346637,93.8146570712
51.1946501807,94.065495082
51.8082511685,94.1997337875
52.6866984226,94.3156472667
53.1562056746,94.2704851882
53.8182179549,94.1643099275
54.166166256,94.1252280759
54.5305543428,94.1047907617
55.0955817581,94.0516042944
55.483598606,93.9592053154
55.6781680047,93.846935203
55.7009667539,93.7937081655
55.7307650965,93.7513655255
55.7843064778,93.7045688103
55.842060843,93.7223163087
55.9088498193,93.6981899026
55.8930525942,93.5929970444
55.722640948,93.4757562701
55.0948859633,93.2785761028
54.6500567386,93.2365742408
53.911421243,93.2019326619
53.3029831212,93.1731693523
52.3812743518,93.238221753
50.2796203649,92.9591903058
49.1824516812,92.8380309135
48.1941573201,92.6403854333
47.9174160425,92.6497332123
47.5205274719,92.6676032137
46.9044230694,92.5578014721
46.5872173128,92.5865425926
46.3408552693,92.5568167768
46.1516774184,92.5172866905
46.0105344543,92.5185573408
45.8442269936,92.5071763989
45.7852948466,92.4820827117
45.7659599011,92.4394290038
45.873362,92.373101174
45.9748105472,92.3587122677
46.1099690302,92.3906700135
46.1575279609,92.4304907819
46.239610121,92.4446805816
46.4992109903,92.4529551579
46.6808742499,92.4585904036
46.9313299438,92.4549697245
47.0783363289,92.4414657615
47.314214331,92.4409280735
47.8329059727,92.44183469
48.2281943672,92.4303298786
48.3537284679,92.4455642744
48.3728755606,92.434086439
48.2748033059,92.4200684906
48.071198353,92.4019767057
47.9453274185,92.4134329252
47.8974829663,92.4239289724
47.8425825623,92.4036082176
47.8035890974,92.3501114185
47.7448631482,92.3106749323
47.7000412798,92.2797046353
47.6105065042,92.2456902075
47.4036105488,92.2120634269
47.0908720919,92.1455567103
45.8794774742,92.1385833112
43.8533077959,92.0690222564
40.2437308369,92.0334202754
33.9098739681,91.9142969089
30.8904501001,91.9250138297
28.3364900562,92.3049374076
25.9073884663,92.7770705182
20.7382463788,93.1468110762
7.00205976839,92.6891784572
356.217848339,92.4626696627
339.600435307,92.612620864
328.133186546,92.5032987934
317.076104412,92.3966193501
301.083231346,92.1387226496
291.196648631,91.9827257544
278.362228535,92.1588591568
271.978247828,91.8185521412
267.250831741,91.4500081222
262.855201881,91.4532665075
260.867957594,91.6317399443
258.498651267,91.8439609604
256.724659245,91.8503362892
255.239705353,91.5548767536
253.333792208,91.6178444854
252.143050264,91.6247162073
250.666015843,91.6630374935
249.401546777,91.7652584118
247.961621693,91.6619572448
246.273119487,91.592308865
245.696727856,91.6936709567
245.890479032,91.9876631128
246.711458414,92.1791281023
248.399123852,92.1933217048
250.510648302,93.0716270681
251.536604673,93.3308923095
252.626141744,93.3159774605
254.260491398,93.3470836308
255.600293605,93.3501866539
257.259948801,93.3224454128
257.80304654,93.378323638
257.982006794,93.2356870421
257.926032408,93.0252428629
258.064856045,92.7777248676
258.302915351,92.4859957368
258.399585879,92.3863306923
258.431099112,92.2731629176
258.373935003,92.0387537299
258.472093899,91.7546952157
259.018239961,91.3886511349
259.231072183,91.3598588273
259.276389073,91.218771249
258.764469955,90.8907204107
258.157857863,90.6600942833
257.058111946,90.2856320069
256.338041269,90.0431058971
255.687579562,90.0351883496
254.819990591,90.0812145464
254.191925359,90.1567976502
252.920823893,90.6370770227
252.074095234,90.8108154541
251.659064398,90.9231871546
251.919214214,91.0703796307
252.115641987,91.4243653467
252.495556833,91.7134198325
252.635351585,91.8106581646
252.722766771,91.9002990187
252.7167359,92.0615753595
252.575879991,92.1749789139
252.426865701,92.2155985779
252.314468165,92.2216829679
252.197530701,92.2389126656
251.961683933,92.2528960868
251.698624944,92.2275485909
251.368869392,92.1922900286
251.158262422,92.14099654
250.901308191,92.0519936728
250.503319132,91.9338365081
250.15504755,91.8505666736
249.983337255,91.7656214511
249.672707935,91.5966536763
249.424339088,91.4573092553
249.164886793,91.3072093098
248.9627567,91.2168762615
248.788448328,91.1405027905
248.577115063,91.0420334443
248.525325171,90.9895442467
248.464128535,90.8813723058
248.464520451,90.8019319355
248.499633678,90.7356761913
248.802311363,90.6238767656
249.134586193,90.6233415065
250.12243596,90.562848491
251.120076469,90.6171903937
252.241824314,90.6402001243
255.103304899,90.6478655921
258.452391995,90.4409930576
263.896367876,90.1159921282
275.590564682,89.888427504
284.684974016,90.2545993393
298.649019822,90.9200641523
307.785848101,90.85799279
321.249469284,90.3405723967
329.841616879,90.5178244428
337.561918504,90.8969533067
346.538830874,91.1119858997
350.161744231,91.0586462994
353.015487487,90.9726794136
353.755926007,90.8938007415
354.048700911,90.7379805095
354.507592208,90.8187297649
355.129996973,90.9795571048
355.739502667,91.2820053973
356.620869321,91.3557860508
357.189585629,91.3562612924
358.067399217,91.4286265567
358.657699979,91.459218595
359.06658777,91.4466600167
359.618463344,91.4296944348
359.814987141,91.4996983865
359.99962983,91.6310418583
359.999046472,91.7714084189
359.882711359,91.9450880473
358.732110413,92.6262000306
356.185958727,93.4609260249
347.221422505,95.0797988525
337.987828481,96.6398245359
326.965364302,98.3544956533
308.838645503,99.621769945
297.403288457,99.736555021
282.055257162,99.9117531776
272.958467393,99.7088045943
264.844874341,99.316949488
254.479722639,98.6987342214
248.256687838,98.6248644781
239.030349235,99.1132380163
233.368124849,98.9661529306
227.824729323,98.5016553877
220.421480654,97.3411492709
215.983974963,96.5708948618
209.597307437,95.4532606322
206.372465146,94.7073626009
203.756760295,94.4243683392
201.206291073,94.5865847911
200.069335428,95.1490407607
199.179143791,96.0672071818
198.486890724,98.3113516335
197.290027978,100.02653748
196.925780308,102.129017192
197.513712881,103.054253295
197.731094686,104.091765258
197.234030326,105.24451068
196.943347972,105.754131844
196.145568165,105.959754702
195.871491017,105.84727939
195.903207449,105.867431367
196.599555079,106.178000266
197.538725874,106.621396437
198.935778963,107.321406767
199.88642692,107.614107127
200.84075432,107.877490423
202.319018411,108.132070901
203.02348784,108.403502899
203.823535609,108.875253139
203.899093781,109.069871792
204.096268345,109.025850705
204.244217995,108.531910745
204.410381691,108.244293687
204.551780755,107.689896066
204.642770673,107.004652291
204.763312298,105.915810534
205.046616731,103.671965997
205.356282109,102.132348998
205.63563113,99.2889307536
205.735847113,97.4311427896
205.634939864,95.6741531768
205.306562574,93.6019995811
205.1231148,92.2133398508
205.010752373,90.6763137994
204.956593539,89.1157488985
205.100817901,87.6820648353
204.656507617,85.330653339
204.603615836,84.0960111397
204.700407699,83.1157450824
205.091978216,82.0808893015
205.529638032,81.7805200725
206.205418267,80.8911298541
206.461963275,80.4477110516
207.031585027,80.0581871477
207.955216041,79.7452704376
208.724315392,79.4673105159
209.909389243,78.7837511335
210.455632747,78.5218604121
211.021184989,78.3616838138
212.178543746,78.1909767669
212.964717633,77.9850761512
213.676580573,77.6069173874
214.009589008,77.2374548348
214.196271381,76.9432900116
214.434840042,76.6687316051
214.478147702,76.6474002752
214.454171026,76.5944444128
214.214578741,76.6285930937
213.841850655,76.3532135388
213.568545471,75.516806682
213.73268792,74.9319776753
214.318281047,74.0314783041
214.880015354,73.2039037827
215.591844134,72.365325808
216.690216638,71.3776853903
217.446006456,70.8609709199
218.336544228,70.4984617718
219.2179422,70.4194180419
219.496020808,70.5431178312
218.964180843,72.0518609676
218.551154514,73.103372339
218.660244838,73.5928290698
219.149466794,73.2631344596
219.795706249,72.6577910875
220.838033313,71.8378112984
221.76318443,71.4629476678
222.789711942,71.2310710277
224.22944707,71.3038511166
225.19445934,71.2678548335
227.078038256,71.3797916922
228.202190226,71.3882269779
229.12558465,71.1348438666
230.400911135,71.3061935698
230.890218126,71.8156585198
231.202107209,72.3920477367
231.281483665,72.5944427153
231.347359102,72.6755673413
231.598724144,72.2411206531
231.91802792,71.8637248867
232.58026831,71.1365003389
233.077062377,70.6663269438
233.649624115,70.251488711
234.481353068,69.4034772749
234.978391439,68.7591333546
235.565973924,68.2867169184
235.969322653,68.0978378457
236.509725559,67.7484544631
237.222045393,67.0910804772
237.665664339,66.3856539392
238.678279706,65.1287492597
239.518257949,64.223887149
240.578780682,63.0279164773
242.571981,60.6894169304
244.284387394,59.2310236133
245.694219936,58.4179026257
246.891677596,58.550445912
247.278901096,59.4098146588
248.251470283,60.5476125282
249.099948634,60.8560530744
250.156538623,61.0755848417
251.412797907,61.5817750603
252.468333911,61.8923689777
254.08445812,62.8565124951
255.221484436,63.889630398
256.475502735,65.7069292563
257.775344281,69.4127687074
257.970174066,71.9465595423
257.918194909,75.382528992
257.781724367,76.7090466607
258.185839384,77.3764253035
259.137748723,77.5752147545
260.14758551,77.4539425687
261.132368431,77.7071206143
261.620206346,77.7434662128
262.015356681,77.8149543105
262.598138632,77.7934371706
262.967770739,77.9572120626
263.418029768,78.3186753086
263.727184124,78.5433003533
263.975810367,78.7569012074
264.073198639,78.8149197926
264.058653092,78.7694953293
263.995983957,78.5317800945
263.907888433,78.3143867665
263.844160963,78.0473455389
263.752061961,77.8335384298
263.901779968,77.5485709082
265.432108672,76.6893701086
267.544692971,75.3342190571
270.316139058,73.5951971422
274.661665952,72.1736304675
276.782805182,73.002041832
277.909171276,74.5222963709
278.797181532,76.2062483624
279.722026504,76.8703074755
282.327130276,77.7977643224
284.795264019,78.3095997867
287.631717268,78.9029236863
292.517435629,79.6789780209
295.732579151,80.6333041216
300.054935901,82.6697867161
302.539305913,83.5922481316
304.957337415,84.2997140103
308.202734279,85.5571785196
310.065581552,86.2433539859
312.756006713,86.9489712194
314.713823536,87.2066392762
317.002415898,87.3718865088
321.085199741,87.5393393206
322.822902473,87.5370988534
329.98352828,87.4396150573
334.417200191,87.1912389741
339.185727915,86.8293287968
345.793947175,86.8749816632
348.59599605,87.0565688515
350.403164917,87.1905248846
351.8504884,88.0690156687
351.405605132,88.2479626557
347.088493103,88.9649485035
342.294729558,89.1847576234
335.711816435,90.1670990806
332.620712612,91.3774471166
330.361660891,92.506981137
328.02780019,93.4019021897
326.655682374,93.8750165071
325.39484158,94.3925423037
324.794689828,94.7193984626
324.155983991,94.8138471888
323.268271139,94.648991671
