178.39906529,95.9929847921
177.889869262,96.7068440664
177.652897082,96.1159819318
177.425153513,95.423159096
177.450969705,95.4712037952
177.691998587,95.6144537007
177.99711334,95.9032086492
178.169618578,96.0474878907
178.260576737,95.9337691986
178.366939984,95.2385384261
178.464598293,94.9309494987
178.66355455,95.2056808809
178.999868749,95.8754231586
179.436933908,97.3343245332
179.665655374,99.0587955324
179.823130901,102.692772581
179.679081751,105.541828579
179.169396434,108.846237757
178.25302756,112.460648406
177.755962069,114.228523239
177.206697855,116.276234974
176.971205707,117.768194431
176.906653853,118.590431735
176.399001598,120.495406234
176.071348718,121.533315594
175.84174761,122.078359851
175.380940437,123.120547281
175.032779898,123.765602862
174.666936836,124.527796695
174.176736106,125.272957093
173.655001103,125.893663628
172.98112886,126.548679902
172.432795842,127.211263861
171.917083258,127.755070715
171.823899715,128.015635382
171.606246643,128.44143956
171.021522268,129.45747739
170.611952474,130.108351269
170.034794591,130.614537656
169.408952167,131.161908531
168.659909492,131.626258422
167.845609782,131.897040873
167.116797534,132.095779053
165.602336318,132.523653088
164.286257408,132.722203425
162.900732667,132.79028932
160.680313499,132.836054039
159.328006689,132.939349649
157.461195074,133.207188462
156.354495343,133.60288215
155.562360792,134.070096701
154.593550756,135.067258945
153.723184676,135.899288255
152.624201512,136.864686379
150.706901465,138.515760849
149.741926332,139.314428527
149.111303281,139.999053481
149.165368511,140.379213029
149.291489474,140.822716053
149.809118201,141.567731697
150.087072503,142.041362424
149.788843272,142.82839291
149.371338667,143.114268305
149.065508518,143.218888035
148.421173885,143.24442681
148.343131582,143.201156959
148.21456801,143.145652691
148.163195895,143.101558077
148.146603283,143.043888953
147.899158168,142.999945929
147.728695187,142.956449099
147.726577218,142.834973326
147.914109704,142.705022985
148.185802329,142.594435611
148.456614748,142.524719153
148.647747155,142.44712143
148.919576217,142.357156832
149.004339421,142.319325439
149.051154491,142.280704822
149.141950922,142.231974063
149.175646342,142.204023179
149.123381538,142.193140044
149.085927109,142.175146575
149.110962271,142.128149828
149.129936905,142.084194638
149.289101358,141.960010729
150.187466557,141.335936465
151.568133338,140.082371161
152.747351618,139.222078128
155.269218669,137.564929584
157.455172173,136.178784811
159.98992557,134.347090502
164.263267381,130.392646165
166.600979499,127.375635679
169.449619652,123.051687068
171.170626448,119.620074446
172.807553277,115.891687826
174.835992493,109.304898346
175.745572132,105.68438584
176.669167842,101.821890566
177.308611549,99.5627957393
177.750006435,97.8877932777
178.114778228,94.7753612689
178.225791144,93.5488657277
178.381898655,91.7193172516
178.431098105,90.5688125064
178.502149801,89.2072548534
178.456451624,86.7631990855
178.368543945,84.9029430329
177.75005238,81.790724144
177.380239356,80.6845377382
177.180077746,79.2113901986
177.065011267,76.8548156832
177.137062106,75.5740871161
177.154124942,73.4929660226
177.337930363,72.4518591559
177.319507892,71.2714240179
177.424309551,69.7883189379
177.368942183,68.6449409877
177.166573972,67.0932351596
176.991656493,66.166474982
176.616600699,65.0112420109
175.725298138,62.8399291737
175.115702461,61.1140462838
174.632395706,59.7339236924
174.09789158,57.8488965137
173.861111144,56.4246217525
173.608717472,54.4156670992
173.294398149,52.6714897693
172.952914341,50.9059121776
172.313291616,48.5235617691
171.613265438,46.7994968587
170.285862407,44.5847921732
169.28806757,43.4717229748
168.525055489,42.5328613672
167.728410865,41.8983424087
167.919578833,42.283336594
168.266100841,43.1586215001
168.894079255,43.8598112222
170.009434633,45.1663050143
173.236513352,48.5837658081
175.067232026,51.6448597513
176.902303444,55.2774032665
179.373713347,64.0198915841
178.635470512,71.9653652122
177.03382938,73.9032446874
177.22723508,75.8129590966
178.273738112,82.042866098
180.017863016,82.2407136377
180.600660642,81.2019056799
180.449135534,79.5807653827
180.129512732,79.5447718817
179.145987652,79.7292035685
180.174825635,79.8927741076
180.851096155,78.5104495291
181.071165722,77.1292317645
181.126515878,77.0286920578
180.727738821,76.0334068503
180.397842648,73.9672798065
180.13591171,71.859573177
179.94353329,69.4324465939
179.973941175,67.8582385078
179.999115574,66.0691903381
179.305521771,63.9456575822
178.242825759,62.8885029093
176.90071159,61.1166502099
176.989024255,59.5996571748
176.534967574,58.627446769
175.456174526,56.9239482801
174.353421754,55.7168194747
171.953793338,55.2174390215
170.287017351,54.400309134
169.696486677,53.9485229066
168.231877161,54.0171968431
167.665688421,53.6745270638
166.44265212,53.86103475
165.960822294,53.8761940179
165.279216884,54.0433199676
164.746178827,54.9405014842
163.532184463,55.7063037339
161.716181701,57.3139930344
159.969025341,58.583034504
158.060873502,59.2974593092
155.578145248,61.6318582097
153.179613603,63.0423784273
149.178263904,64.4243827562
147.434671861,65.9236443713
145.71586776,67.0067280137
143.276807158,68.5104178231
141.428259071,69.178449894
139.503835117,69.6154831538
136.397489859,71.104062194
134.427676369,72.0966558646
131.367361533,73.7128004512
129.349503962,74.4295919795
127.596098245,75.3904550615
124.990101655,77.3913341373
123.44147677,78.7569717166
121.398874924,80.9656577971
120.126824094,82.5818447585
118.280245549,85.0011295099
117.039387009,86.4746350846
115.665566477,87.9199203904
113.451426872,89.8591651511
111.823614336,90.9195430202
110.083828495,91.9111442523
107.404998009,93.3371093357
105.543883961,94.0807243629
102.641368294,95.4327786975
100.57759308,96.0615477584
98.5062022301,96.5667220147
95.0244983269,97.5130286628
92.8347510573,98.3241172524
89.5574256149,98.7904381463
87.6265259035,99.2645633515
85.8548943833,99.7902391534
83.3279838385,100.593101544
81.5939941184,101.229798865
78.6346640264,102.159015828
76.2207301041,102.928964571
73.9334550163,103.247216807
70.9599019706,103.665793691
69.127813429,103.918083645
66.9550314959,104.204271424
65.5199973417,104.428690816
64.1217089011,104.740541931
61.7043881806,105.082540811
59.8892894395,105.092847586
58.042983463,104.946995001
55.260107159,104.68836563
53.4314086419,104.544974568
50.9926848898,104.069936808
49.4890542637,103.537931362
48.1947634579,103.492847873
46.2936704577,103.643242188
44.9313031575,104.002215117
42.9367011464,104.199199194
41.5612621682,104.291593781
40.2692011182,104.317597284
38.524927809,104.169582829
37.373548205,103.882610025
35.4872487625,103.666232446
34.2535287102,103.374139159
32.9853835276,103.055736372
31.0855544975,102.754525835
29.8869714779,102.652393997
28.2532796116,102.238316396
27.1594772309,101.991721711
26.0088769481,101.620982742
24.2759483757,101.151147368
23.0788952566,100.894176874
21.3183303417,100.619164177
20.2131890299,100.33655937
19.156552404,100.189485665
17.6907494318,99.8667289098
16.8787401961,99.7044937179
15.9387627929,99.4170268751
15.5319505113,99.2005792585
15.1907759414,99.0781988758
15.0177672356,99.025963751
14.8835177129,98.9725153049
14.7552329141,98.9750723645
14.6547579001,99.0351151512
14.6461759681,99.005168791
14.7258768078,98.9725388877
14.8493157371,99.0073492208
15.0525902376,99.0575834203
15.3226663241,99.0620724575
15.6497284451,99.1709922188
16.1212256174,99.3963059381
16.4780536934,99.7738091207
17.0124566457,100.055757431
17.7313875394,100.868322607
18.0938407844,101.360549305
18.7874979575,101.871845033
19.1163819324,102.115801622
19.1711457616,102.393362671
18.9544363524,102.325669202
18.6285964874,102.238374686
17.7274923626,101.919692981
16.8838593173,101.818680635
16.0150638529,101.450160778
14.6885029336,101.282421474
13.6619008567,101.348329168
12.2563462989,101.591729754
11.2286453193,101.951738199
10.3681859834,102.374101156
9.25541973901,102.158184057
8.66140506137,101.993965641
7.92165477384,101.77221384
7.67218986943,101.775624102
7.35527399504,101.812854135
6.69507391951,101.927584236
6.05061093826,102.15365617
4.68694632009,102.423255835
3.79558916314,102.543998993
3.16586887412,102.648946106
2.39809613183,102.814200913
1.94723953724,102.880019009
1.20684946097,102.809495808
359.928548989,102.659680396
359.182282456,102.462307333
358.259970058,102.245571718
357.623649161,101.964854841
357.009496668,101.684384269
356.416503388,101.347082329
356.408618419,101.297024073
356.836434353,100.565155094
357.377478599,100.262784229
357.815910626,100.206514255
358.396134768,100.165972385
358.289125979,100.24509555
358.42340362,100.24320328
358.323420708,100.217455424
358.036870209,100.278875536
357.138087374,100.412714515
356.54958352,100.506352211
355.622085279,100.742046796
355.136597586,100.955832703
354.624842644,101.164720998
353.707483472,101.50547346
352.970149178,101.737064361
351.999736114,102.213433964
351.341858978,102.779709722
350.654432655,103.714931317
350.212335723,105.650550535
350.037255275,107.370775681
349.891022264,110.500821698
349.827850399,112.808408163
349.842489682,115.347600022
349.827985661,119.777071536
349.895353571,122.905662779
349.934178613,125.609985444
349.740579894,128.663147777
349.619106081,130.184053902
348.881173492,131.990237626
348.087361631,133.018447829
347.162829638,134.003241709
345.54291202,135.120339673
344.701889622,135.944021337
343.621304962,137.016256115
342.749904719,137.779131818
342.299497824,138.595627226
341.877370765,139.440149583
342.064871546,140.17575028
342.580957066,141.659687481
343.373346551,142.846490846
344.207790688,144.344437785
346.125393165,146.824996544
347.950535971,147.946563528
350.05025385,149.463156403
350.958550951,150.503082947
351.988580525,151.378238496
353.036541534,152.206883107
354.146495581,152.305040324
355.888863095,152.65041785
356.970010708,152.671282495
357.767870976,152.303895328
358.700806637,151.168256375
359.675582785,150.001902047
0.802927432963,148.41080131
2.02627955495,145.271232477
2.41331882461,143.16342045
3.15378908804,139.24856517
3.6046728099,136.376507919
4.41029079767,131.637262916
4.87369514048,128.460014677
5.40942704145,125.077693507
5.97321092285,121.373933688
6.31670336435,118.989456085
6.5356992676,117.218944154
6.61638324332,114.404200351
6.42887227734,113.092028074
5.53713679235,111.798028532
4.26729406928,111.249319612
2.70823946632,110.591518649
359.45467789,109.460851541
356.465699336,108.517456015
352.233910719,107.420073634
349.334391735,106.60358049
346.390613427,105.663713455
341.462597588,104.38072501
338.139503652,103.378550164
333.68947988,102.424888106
331.147422466,101.941841754
329.101839827,101.499969361
326.492521767,101.030204123
324.897130583,100.846932138
322.818328926,100.548506683
321.291338399,100.504976966
319.995290203,100.454665649
317.673761575,100.634216371
316.094492994,100.808543907
313.597308569,101.11128646
312.080637958,101.33705829
310.618950281,101.474817159
308.46113649,101.385380534
307.0128309,101.297906271
305.055646914,101.061759768
303.808143374,100.936078587
302.670351008,100.798372952
301.220071592,100.557228223
300.301481377,100.575393723
299.285632018,100.554355179
297.528707808,100.675386845
296.451746712,100.469811857
294.867332812,100.304355498
293.793509681,100.144607001
292.716010246,99.920193757
291.016041939,99.7702746877
289.96624423,99.7153586857
288.339733301,99.5255877585
287.292181098,99.5919510036
286.291884027,99.4933836612
284.428904155,99.2032114686
283.014292249,99.1656820334
281.225951454,99.0009420693
280.215138123,99.0203560855
279.313172329,99.033393544
277.949783838,98.9863902076
277.17950546,98.9845393947
276.360206702,99.0326689981
276.03729832,99.2053183341
275.918514735,99.4435736769
275.951258942,99.5087059397
275.915822161,99.5409844399
275.873057728,99.5777762143
275.856706805,99.539892689
275.878515941,99.6387195832
276.065310634,99.9818159657
276.230942096,100.438615833
276.269100505,100.945413999
276.259403923,101.713561825
276.24743555,102.714267036
276.034175153,104.391184764
275.687221931,105.653358485
275.332294225,106.58992442
274.650242575,107.871399946
274.11593312,108.804698013
273.285402225,110.553936849
272.924398589,111.876892051
272.420582011,112.852281791
271.43446051,114.101344221
270.606409142,114.680105582
269.037592872,115.777245181
267.533210695,116.337130552
266.077027482,116.807070001
264.516172686,117.708634226
263.944780559,118.297702922
263.303609615,119.200299404
262.957020517,119.782941634
262.733829129,119.922677985
262.635257007,120.373242296
262.839174077,120.535182229
262.891833566,121.064538842
262.838506608,121.297015837
262.92064026,121.500953699
262.968501469,121.810845159
263.120109451,122.102520824
263.592488369,122.36802521
264.323058885,122.521040885
265.134036564,122.487342988
267.042736093,122.330807318
268.760541288,122.661561933
270.574402581,124.472222843
272.775481628,125.639071477
274.641610819,127.265899688
277.392536903,129.785780142
278.581211621,131.497565808
280.003500253,133.76182317
280.813970039,134.658992605
281.818753133,135.595888966
283.112259704,136.659072397
284.486493237,137.340929968
285.959195023,138.075022523
288.843364798,139.301759172
290.432324925,140.063048993
293.084563205,140.854579121
295.177219002,140.864952761
297.137757978,140.513365619
299.632224436,140.188255629
300.950603777,140.300362644
303.102174981,140.454433665
304.214017951,140.623662332
304.963812408,140.663941435
305.884115368,140.474122627
306.362187466,140.39279687
307.381752186,139.947969372
308.373050259,139.413142775
309.399778941,138.907561485
311.929530203,137.732931419
314.365086499,136.611684362
319.06830749,133.635169115
322.367606108,130.754858432
324.973171733,128.146150773
328.273149155,124.692596383
330.171382259,122.237197272
332.452454822,117.3562922
333.42966004,114.257955727
334.394645921,111.840205407
335.594435999,108.902739097
336.232881632,106.581271897
336.7544167,104.162005783
337.10048205,102.695140282
337.349680152,101.682340131
337.140817834,101.124781607
336.418926061,100.586953558
335.47433444,100.11678369
334.247266352,99.5677565625
333.486713855,99.3674018716
332.650722478,98.7733017534
332.247834155,98.2922874724
331.951429455,97.8850160346
331.524893129,97.2724206118
331.094656532,97.0977789068
329.807349058,97.0994544525
327.830913328,97.2040015212
324.463828202,97.42381678
319.351723088,97.5577810126
316.020286378,97.7301118797
311.250895124,97.9942259039
308.539404628,97.9645164776
306.234768502,97.8001207014
302.923019106,97.9498439181
300.56338844,98.0319858171
296.290192139,98.4495301787
293.452943783,98.7896943941
290.800603475,99.1752081071
288.025641415,99.5562904953
286.853207623,99.6753275746
285.61746135,99.8137913271
284.940300461,99.835944811
284.440026562,99.8788643559
284.071288987,99.9291864595
284.072694672,99.9971878235
284.077409606,100.207784711
284.103132923,100.370563757
284.124743784,100.446307247
284.160374024,100.441165354
284.164857627,100.431449132
284.206348582,100.43792591
284.240771753,100.427447333
284.293529785,100.400801611
284.321671924,100.432941537
284.325579572,100.392624207
284.304374341,100.332400649
284.249147756,100.242821425
284.218191795,100.233799927
284.156125372,100.242470654
284.067558502,100.254694771
283.794676695,100.233281919
283.132638304,99.9958540737
282.594277886,99.7537862386
281.922132004,99.2397926657
280.892651961,98.5553652083
279.877048211,97.999110082
278.909105062,97.636752747
278.29293007,97.3919281425
277.245572246,96.6409704059
276.547052477,96.4491138264
276.305461698,96.2491927804
276.212313591,96.204157216
276.056452659,96.1387929838
275.651497297,96.0735024958
275.24191145,96.0462828841
275.002966544,95.9346683071
274.765082455,95.9646140316
274.648274024,96.0315240788
274.486805694,96.1603343389
274.385083395,96.199846317
274.332442981,96.1766050661
274.341479332,96.3065234361
274.344545023,96.3365271583
274.280144429,96.3964162052
274.282238273,96.3997096372
274.240276178,96.3802485115
274.094053743,96.3546282215
274.058890725,96.3723425729
274.08817842,96.4293962302
274.167419161,96.5093679953
274.231029921,96.58100755
274.33306089,96.5988173035
274.370369995,96.6926053915
274.400693845,96.7418713154
274.33003133,96.7852976398
274.329875178,96.8313875767
274.342056053,96.9658596875
274.328168135,97.0030726873
274.316603707,97.0115859788
274.398635791,97.1015885534
274.49922925,97.1370378305
274.649033772,97.1390968762
274.844597412,97.2255468069
275.270315344,97.3093105139
276.508741514,97.5269843648
277.350805384,97.7744328784
278.930714723,97.9063717199
281.06329014,98.264292248
284.822122013,98.9570781631
292.954044891,99.8047007622
299.337659026,100.210300092
309.624337132,100.233002329
316.694778451,100.165991923
323.762399859,100.323565355
335.000680726,100.175082361
341.77275311,99.9253768729
349.839354835,99.2392946921
353.952734917,98.6989015169
357.310683955,98.1600660301
0.26486876757,97.6990116181
1.25527538284,97.6452616864
1.53987545267,97.5096718599
1.28798688409,97.5804441529
0.783443202145,97.8196263581
0.10034288532,98.225420956
359.657153608,98.3008572506
359.273480295,98.3180116926
359.020116266,98.2740211117
358.858410573,98.2401129573
358.523935734,98.0168253091
358.322889312,97.7545268525
358.126465933,97.453555704
357.879711722,97.2162331148
357.732090979,96.8776884393
357.646848206,96.5027487968
357.608348889,96.2452724432
357.611846371,95.8476501054
357.631905582,95.6440550254
357.649501036,95.6409790659
357.787487329,95.6414424765
357.96059381,95.6909288442
358.21791911,95.688882778
358.776592844,95.4924185516
359.164408508,95.4134394329
359.607323249,95.3595065927
359.922890362,95.3551221865
0.181989930906,95.3053545052
0.477390835584,95.2693809892
0.742833252521,95.232386113
1.18059199869,95.1313669344
1.47826754524,95.0965582526
1.81091371062,95.0684603561
2.25684934317,95.0462737054
2.51769646842,95.0033773057
2.45928684692,94.9388797803
2.39645620286,94.8442381949
2.23363746727,94.8063943622
1.94120302637,94.8205165651
1.74493614743,94.8122648072
1.55619744233,94.8304725636
1.39598950524,94.8777212293
1.32161083781,94.8984479665
1.24876196883,95.007863074
1.22324809633,95.1224856197
1.20634381196,95.2174309573
1.20493205541,95.3444032788
1.19604294525,95.4013336848
1.20464027207,95.4753864302
1.33179548118,95.4882054762
1.71741708079,95.5032013374
2.18374177974,95.6611746794
2.3287462359,95.7171153226
2.83226036023,95.720187004
3.08160511825,95.7601725411
3.40179833702,95.795345517
3.89637835509,95.8136027171
4.40588303393,95.7828204497
5.50814736589,95.6020186871
6.54045943534,95.460963198
8.24350164105,95.1278788495
12.5644016033,94.4893593296
15.5629076594,94.2118176325
20.122205362,93.8374493212
23.0210046603,93.6835677666
25.7598370408,93.5691601468
29.6671133162,93.4315294782
31.9233430897,93.5908407358
35.0060049462,93.7286489826
36.9112926088,93.659841038
38.5943790067,93.7282646688
40.6685764573,93.8782336303
41.8245432216,93.9225403814
42.8819362183,93.8507229353
44.3079984539,93.7756262065
45.3419071797,93.7455897605
47.3798391527,93.600132222
49.4476579776,93.4441218271
51.3539013608,93.4443863946
53.6457908151,93.5678261492
54.9980496713,93.5853216696
57.026311313,93.2591467036
58.6465782064,93.0587914405
60.486204264,93.0633905321
63.0909743352,93.2516272024
64.7274809947,93.2553232939
67.2354888013,93.1148729863
68.8347960299,93.0685033238
70.3081570041,92.9984497079
72.4093272989,92.7799116931
73.7478293617,92.6407318322
75.6734364006,92.3081671729
76.9646203623,92.0581176198
78.3557940685,91.8047287892
80.9145431423,90.9896481662
83.0887119558,90.2081726409
86.4671764984,89.0696988532
88.7299617794,88.3755504152
91.0617272313,87.6444307622
94.9623086031,86.5883215748
97.800878177,85.8250649683
102.476409391,84.4363841273
105.634760842,83.8453553015
108.605528862,83.2561265083
112.49215039,82.3037866749
115.076950768,81.6558320839
119.414203043,80.6423285785
122.802526699,79.2805445691
126.401284567,77.829968674
131.130335249,75.9775165684
133.713988236,74.9073450988
135.742317747,73.8174258727
139.107252097,72.3734808028
141.4823799,71.1756601286
145.38655734,69.3696227875
147.956169109,68.7762768388
150.361747631,68.2883724576
153.601595327,67.6607803598
155.890530137,67.1724870914
159.474322133,66.0932123822
161.820256599,65.6228228064
163.880714426,65.5343968105
166.322369863,65.5868721204
167.79247363,65.6443323787
169.863410454,65.3890476405
170.958187464,64.8165320006
172.133498359,64.6042165866
173.643949918,64.8898409385
174.316012545,64.6870134094
175.645437569,64.7827464109
176.572173697,64.8546444194
177.222565773,64.4479584493
177.5449809,64.3702715248
177.875732073,64.8117432689
177.297884531,64.5980970937
177.200325004,64.3199104884
176.854925418,63.8429377264
176.159225651,63.738181673
175.691710618,63.9843339704
174.18299035,64.7256968755
172.750558911,65.3231692619
171.855096626,66.4202715262
170.128234592,66.6661439541
169.387485562,66.2295519732
169.111041608,65.450194845
168.742919086,64.1446837297
168.648211235,63.1502070152
167.612593218,61.9862636417
166.734117625,61.3163164955
165.500583529,60.4135972512
164.188744427,58.124539238
163.343041995,57.0937723706
162.625270573,56.1382575105
161.999400606,55.5803643779
161.587700713,55.1023914901
160.934978728,54.5352560839
160.744536112,54.3455745308
160.100609359,53.9713778915
160.208737118,54.0314693664
160.239724868,53.9857525711
160.280464326,53.8445250765
160.395501493,53.8693384069
160.589836281,53.9006539484
160.75405852,53.9194874731
161.039041988,53.8940807676
161.398775558,53.9989076018
161.66506606,54.2132785484
161.928155349,54.4203261878
162.174038631,54.4993168954
162.492718274,54.5169677383
163.153403216,54.6276096171
163.545321761,54.7349354487
164.34218867,54.8674175995
164.955715553,54.8575210741
165.573677555,54.854189621
166.056237819,54.8425907467
166.441147347,54.9223685232
166.84143966,55.0057988314
167.231257712,55.2012341426
167.510954324,55.3630129309
167.921786947,55.60010137
168.172075453,55.7271731116
168.507141287,55.8488184397
168.838787419,56.0711579065
169.009289158,56.1448560612
169.209002134,56.2376670822
169.397032299,56.3354465989
169.620738584,56.3563577163
169.876714969,56.4047176624
170.118000668,56.4747132769
170.499100194,56.5397702439
170.772011643,56.6490900946
171.010024399,56.740243867
171.433859533,56.9383996636
171.601965623,57.0563613943
171.944779429,57.1550538546
172.418793027,57.2189003992
172.885904093,57.2480316857
173.910975193,57.5766081482
174.68986971,57.9435563562
175.967959178,58.602824221
176.741154599,59.1390992875
177.424372131,59.6977009296
178.540376959,60.6001068632
179.323477887,61.4485225719
180.456443408,63.299570372
181.062155315,64.7471644385
181.581096588,66.2493109112
182.450881872,68.7408000384
182.898438671,70.3368952069
183.438714635,72.7519837687
183.868882513,74.5846605132
184.150138264,76.4199557448
184.582332092,78.7924588973
184.923098184,79.9981031454
185.376257383,81.4842966758
186.053898515,83.4101627997
186.364820474,84.9958312559
186.701573658,87.017359467
186.732153221,88.7588475107
186.714076897,90.2428244516
186.558987642,92.7762708069
186.385135306,94.4494919788
185.947980759,97.2883723998
185.648286273,99.0701944505
185.2491506,100.890957908
184.844983117,103.312724244
184.658923822,104.701432689
184.224029728,106.95165745
183.780553806,108.389988862
183.571294547,109.683355625
183.126957332,111.454468858
182.845592236,112.603982454
182.154285447,114.534093623
181.625682735,115.800815945
181.035980125,117.002868211
180.457933742,118.607349655
180.096348161,119.743864474
180.052945077,121.17683207
179.96674422,122.167156933
179.970103339,123.151208946
180.155358403,124.66961274
180.220744638,125.688253818
180.355266275,126.5054126
180.347874766,127.865663098
180.759254499,128.549101828
181.300359573,129.554317755
181.64876244,130.282429536
182.166548343,131.055406439
182.569821349,131.460350247
182.853070528,131.988920813
183.281003967,132.47009373
183.674825313,132.742616
184.075768885,133.02303852
184.812303585,133.233026364
185.255141417,133.366789148
186.020637905,133.611828182
186.5251952,133.683232774
186.969725386,133.611165054
187.408676959,133.338129444
187.664299397,133.190194462
187.664337753,133.124494291
187.701268093,132.996421903
187.710733922,132.86029153
187.691472054,132.681726231
187.778561581,132.488708095
187.880914498,132.305208636
187.817224897,132.217474541
187.709283078,132.106796841
187.484930672,132.053057043
187.130477608,132.049986428
186.791831293,131.983360651
186.63260006,132.008832408
186.486865649,132.011937802
186.300568833,132.037415592
186.163474187,132.044293238
186.042807195,132.05665969
185.965716962,132.060873054
185.906207413,132.092667271
185.933988883,132.17382261
186.026823739,132.179838775
186.197781934,132.117804665
186.40946752,132.034005482
186.573431213,131.942787236
186.88411092,131.740056124
187.073432349,131.634622522
187.356757712,131.479908534
187.567309075,131.267517522
187.747936839,131.009405472
187.822783674,130.697398571
187.859250741,130.497763897
187.879128316,130.371078958
187.789211279,130.216726598
187.745415834,130.112156473
187.599031159,129.984233853
187.530439609,129.939954855
187.458754799,129.855899692
187.48476618,129.706976463
187.560893918,129.59498659
187.765254666,129.347050941
187.825915054,129.222043089
187.880401121,129.069415186
188.067575703,128.765979571
188.230828936,128.414570402
188.525791782,127.960777552
188.644549128,127.592412448
188.700186096,127.031246676
189.063634617,125.802925456
189.657715478,124.868492391
190.042521504,123.694566122
190.13331619,122.803919919
190.17485807,121.951216138
190.207145708,120.535974408
190.301823255,119.594416687
190.663865867,118.127348399
190.975681497,117.339873829
191.393976664,116.385764078
191.76724573,115.131965206
191.946220825,114.161348796
192.102069674,113.127300555
192.672284032,110.844703072
193.249446681,109.364259743
194.776519987,107.143747523
195.957591584,105.692861534
197.262287424,103.95952124
199.992241698,100.786507638
202.246983511,98.517548779
205.74139448,95.8546194186
207.732062488,94.0944645453
209.624445777,92.5017307821
212.256832038,89.8111495247
213.922493969,87.9084669161
215.721488978,85.8584905171
216.437188371,84.643620003
216.963723055,83.7605145042
217.168285488,82.0587318937
217.389164441,81.2993295927
218.300147979,80.4452798581
219.050674868,80.1190693091
219.691624914,80.3658675286
220.114094708,81.3705681435
220.506738569,82.2916610806
221.614272953,84.2803037939
222.871836544,85.5359537807
224.287493149,86.7566064937
226.457871286,88.6039711471
228.235581012,89.9519666632
231.053261279,91.3154532479
232.723848003,91.9094720818
234.61650458,92.0334048359
237.456111755,92.3376220738
239.186627017,92.4962112856
241.529965382,92.822316217
242.966835724,92.9831207566
244.286883596,93.2516000748
246.566626819,93.3975748676
248.323290411,93.6415318181
249.726849525,93.8914435736
251.266372291,94.0652803253
252.016570734,94.3434555649
253.077316994,94.6983677929
253.982280269,95.0171469397
255.000170717,95.3554543738
256.268795805,95.7659926664
256.88550243,96.1063617957
258.052337637,95.6979906575
258.903984671,96.0606405118
259.621687586,96.0021876797
260.760096931,95.6886452847
261.381665211,95.9149133872
262.284639409,96.0923146756
262.412869738,96.4548848283
262.185610719,96.3199778175
261.635620305,96.2562669983
261.030919001,96.1008583377
260.162536716,95.7250371011
259.491969608,95.3026013853
258.851559088,94.7801309814
258.061289445,94.2831402573
257.60336957,93.9375100881
256.939711869,93.6108830536
256.75575087,93.4308483371
256.923011747,93.5366243358
257.023989478,93.6416441555
257.227425366,93.8638684983
257.652205521,94.153746964
258.11529834,94.3087017303
258.537517589,94.404919393
259.166654977,94.665555572
259.754912732,94.8353571966
260.603972942,95.0486427425
262.832022018,95.4471412997
264.772439954,95.7039776813
267.78682761,95.8026877217
269.572017434,96.0283458273
271.013818554,96.1868639811
272.159487155,96.5020072937
272.514803956,96.6816031747
273.216916946,96.7280954562
274.151898212,96.6739107934
275.387146166,96.6100910907
277.484901697,96.6765485564
278.601251068,96.7594532502
279.625762611,96.8504255561
280.202272963,96.6328150536
280.839754819,96.384422634
281.942503658,96.0260127414
282.750254628,95.7160219041
283.839949138,95.4444094562
284.408403574,95.4308636221
284.717422224,95.3736610936
284.843335028,95.4541922628
284.994792814,95.5108572671
285.266632855,95.6945839722
285.35475446,95.8009588303
285.370798263,95.9172046233
285.391087258,95.9606004831
285.410003427,95.9838157475
285.450255314,95.9618383466
285.391434648,95.8339688098
285.255216783,95.6236234016
285.075068365,95.4284959439
285.007688186,95.3263767997
284.985005905,95.2481146091
284.946200477,95.2025104819
284.835105551,95.1491201069
284.731165943,95.1144203534
284.713430056,95.1495485137
284.676242776,95.1525325751
284.586520116,95.0921861127
284.512381111,95.0597959466
284.441522145,94.9459610784
284.408441708,94.8988243031
284.362251116,94.8514945102
284.249217634,94.7745340813
284.188321531,94.7371051675
284.056167423,94.6148682121
283.915637068,94.5104260712
283.578785123,94.3225477022
282.758140672,93.9621783
282.024052976,93.7369219823
280.55229897,93.5352967146
279.182115077,93.389208931
276.877941549,93.3612676111
272.013139998,93.8920438415
268.556792004,93.2325587994
264.369772198,92.9304201865
262.127831879,93.0276068554
260.474085091,92.8109203417
258.589262338,92.6547035894
257.766630846,92.491413171
256.957358768,92.5089894375
256.49934314,92.3115332809
256.300119423,92.14781528
256.052774014,92.2162714622
255.939408761,91.8745170462
255.674640881,91.4276850042
255.498085303,90.8755073786
255.401117299,90.1132913166
255.219874726,88.5292649437
255.036699815,88.1357669257
254.770659696,87.9328635033
254.43596106,87.7588361141
254.289251313,87.7424463222
254.090937095,87.8335139449
254.033076334,87.9055817439
253.935312775,88.1491764012
253.746818055,88.79257772
253.512612726,89.4355738678
252.900073001,90.6948726405
252.294877825,91.9253278803
251.429051163,93.6355640011
249.678777593,96.6385561046
248.303800149,98.7476099253
246.120505603,101.938110722
244.830847503,103.585317098
243.769401164,104.781939126
242.490065629,106.066082217
242.01295735,106.433768418
241.350193802,107.178537485
241.157691259,107.43550838
240.936652267,107.800895399
240.546393194,108.180097577
240.240743789,108.449931543
239.641284046,108.616811838
238.960219827,108.803530665
237.774350586,109.001095784
234.607324732,109.384870298
231.630888047,109.540057031
226.24188552,109.737929428
222.280481718,109.687029279
218.350934854,109.684367538
212.273756782,109.812230836
208.10185221,109.738778512
203.915754674,109.431954265
198.485317393,109.010039086
195.672055097,108.767877212
192.851923481,108.82626498
191.580075344,108.921469926
190.886272681,109.130881607
190.458254452,109.51353348
190.567822988,109.681629315
190.728954165,109.963907186
190.879579252,110.244974686
190.944381602,110.537455548
190.888557201,110.726193386
190.828670219,110.959063275
190.598428387,111.232986155
190.452919018,111.481070437
190.376762768,111.815229406
190.215553574,112.624564528
190.008856201,113.49840421
189.354640777,115.255766469
188.732287727,116.34817766
188.110859544,117.40701342
187.067898541,119.247324037
186.534200412,120.255745081
185.80956512,121.41879799
185.519830761,121.861496436
185.351219833,122.277704489
185.228989435,122.65641323
185.198270531,122.970415417
185.189862238,123.175024302
185.183208289,123.290522
185.134365802,123.414122302
185.022627546,123.582647115
184.95597284,123.677605001
184.885263836,123.745440615
184.857775409,123.773731582
184.840235891,123.786019432
184.858392058,123.744366414
184.910664812,123.673172719
184.987912675,123.529347222
185.061787123,123.415292625
185.069541986,123.357717285
185.07631714,123.296445938
185.071683992,123.275341314
185.055221857,123.251409252
184.973547421,123.155081675
184.947008809,123.087526432
184.914718504,123.00540085
184.90111685,122.916774289
184.882032537,122.784866574
184.851212989,122.56433544
184.77939144,122.358717881
184.696002318,122.079684526
184.540936019,121.954225677
184.251223808,121.820566905
183.34908331,121.912274421
182.653892137,122.258259997
181.672862166,122.655041987
181.073276357,122.937760293
180.398862871,123.203176024
179.203252645,123.472323181
178.202834018,123.619259665
176.251480965,124.185523365
174.574489509,124.643009115
172.690654582,125.164260821
169.228968526,126.054935782
166.848809811,126.772884328
163.030629656,127.866671363
160.441302352,128.558340336
157.833289114,129.164299688
153.927362196,129.786799561
151.284667176,130.140465143
148.621503819,130.417957074
144.792393973,130.651395241
142.459586161,130.723249714
139.022573188,130.817538026
136.698538068,130.836666037
134.496108498,130.888085883
131.151030098,131.088203242
128.973839305,131.178620127
125.375701447,131.317993839
122.851569274,131.191126586
120.391542402,130.881418108
116.453451003,130.285007617
113.731936426,129.980233479
109.727404956,129.548617157
106.978592691,129.315088801
104.127564587,129.133385266
99.8432744852,128.672467963
97.0084742632,128.271267214
93.0781731867,127.543965874
90.715653183,127.076054543
88.5314776776,126.685606494
85.6035398159,126.028418358
83.8469833596,125.581742922
81.0921435335,124.910486381
79.2038945993,124.260341072
77.3883738639,123.48971823
74.5464872804,122.400435132
72.8135069471,121.66740828
70.3920460822,120.203369607
68.6689976891,119.178926966
66.8937532048,117.868792264
64.1770418464,115.708574192
62.5193881924,114.213196912
60.6174410542,111.589759189
59.5479740148,110.027301597
58.4965125619,108.43159144
57.2565574202,105.884681265
56.4734264394,104.539242164
55.5324231581,103.205943744
54.1261196161,101.381286334
53.0169337071,100.554117358
51.1528566601,99.8081780184
49.7094458285,99.4834808852
47.701876592,99.5472261828
44.5226379368,99.3168001404
42.1456878677,99.3032748507
38.3395530193,99.1484617127
35.6274401812,99.101476285
32.9450498479,99.0554923432
28.3567371288,98.9710093765
25.0102353004,98.7809312345
20.7855868974,98.5870439579
18.3374807484,98.670813814
16.3134911395,98.6774129561
13.6184535135,98.4057922345
11.85527006,98.3629632592
8.72982449848,98.2107894361
6.86908676187,98.1265389724
5.1111509681,98.1626889613
2.53311541471,98.2736702795
0.881117492428,98.2737905595
358.456855751,98.5396318262
356.893219494,98.8238561308
355.37482204,99.1193211331
353.083978442,99.5885128148
351.526086596,99.9424224303
349.189552137,100.453843921
347.478658105,100.794097811
345.825852585,101.117768068
343.13794904,101.606095023
341.102433297,101.813361081
339.221432889,102.06771362
336.581925094,102.639673766
334.799250852,103.059939074
332.288068503,103.700553503
330.675842504,104.293214497
329.093056278,104.854980481
326.859842531,105.551038485
325.232590956,105.854815673
322.849444956,106.105835847
321.21894208,106.233864007
319.485687413,106.201580918
317.012973542,105.863816726
315.575348049,105.550467651
313.591630704,105.324063988
312.423634225,105.176961374
311.334585792,105.07322857
309.683121704,104.894144888
308.543367122,104.759709777
306.828241986,104.809102963
305.712271506,104.849162824
304.603642325,104.888809079
303.03867352,104.927206262
302.204025052,105.08987176
301.086821481,105.31894436
300.445274585,105.534935671
299.87398697,105.832108542
299.052984399,106.195696901
298.517514768,106.396725805
297.658893412,106.730441394
297.04577157,106.948036409
296.201095289,107.086923726
294.654600703,107.321895974
293.477970459,107.411117833
292.381847012,107.388999424
291.001016684,107.256463796
290.217832454,107.128667173
289.126928666,106.501822412
288.35544301,105.800491556
287.72762184,105.212849683
287.239181231,104.420006402
287.211422002,104.058979714
287.860388229,103.561147193
289.129579167,103.342923515
291.87083721,103.155747713
299.27757685,103.193794715
305.197838558,103.32256115
314.44687092,103.50436356
319.969872365,103.581668177
325.002729861,103.601795359
331.646589837,103.209281555
335.456289886,102.934591528
340.847721953,102.499994604
343.436271346,102.096428136
345.739892996,101.758839393
348.653891824,101.427084693
350.352195354,101.363213535
352.837794159,101.453310632
354.559847661,101.439505415
356.112414175,101.409277016
358.234491919,101.332233913
359.487776465,101.230997597
1.05983699629,101.087393605
1.8316818648,100.925666521
2.47111026017,100.819598019
3.09749316858,100.742430741
3.37209453818,100.716564615
3.78772070394,100.62090922
4.13805965248,100.62479849
4.47044761271,100.814997566
4.85570415169,101.339597129
5.10333808638,101.707581091
5.35108595258,101.91052362
5.63896132992,102.134917334
5.8068694548,102.30115344
6.12071158366,102.554920839
6.39494443483,102.741391395
6.69075174592,102.933362431
7.12454922289,103.218786706
7.39251915261,103.283539382
7.82646710893,103.400383286
8.09446360957,103.649252243
8.29755518876,103.934064501
8.66470459983,104.353602111
9.03641067149,104.727197482
9.7859737419,105.300100702
10.1766480563,105.514673011
11.3710091453,106.015522566
11.9160638185,106.345796558
12.2481863583,106.736452333
11.7978374077,106.927129574
11.1213059008,107.071135627
10.4220766421,107.150962346
9.14137279528,107.113618572
8.23887277289,106.953936243
6.57119319514,106.524402589
5.43154875571,106.23092545
4.37635260353,105.963881288
2.95583599546,105.532459293
2.17959908059,105.251439483
1.3763808893,104.82288593
1.00650537598,104.527247646
0.887425004886,104.24610698
0.881980235661,103.905869393
1.00179556607,103.649690247
1.12300698779,103.319894329
1.34944616856,103.042486864
1.54136871648,102.814208475
1.89766506359,102.561189017
2.06614050321,102.493122537
2.22249427811,102.469194951
2.61837583525,102.447095707
2.95999211041,102.48839996
3.73460186926,102.653468062
4.31694929216,102.679504246
4.96500997567,102.656605139
5.92848235893,102.698152651
6.58193240379,102.738331534
7.30443122661,102.835818546
7.66960811989,102.919112578
7.95653064779,103.041564889
8.09893912213,103.268539679
8.10570978044,103.507995621
7.99522458128,103.712004372
7.84650530399,103.884051917
7.65905989297,104.097944201
7.11798887218,104.541572424
6.73435228084,104.815303259
6.12104016636,105.161589954
5.69071695649,105.417833211
5.26664080802,105.771924458
4.71781693258,106.191626065
4.33473137079,106.464946883
3.9244440378,106.924241731
3.97088578047,107.294742351
4.62348322,107.747788471
6.63990691598,108.522707723
8.55004344076,109.023117739
11.954287773,109.727027176
14.340350981,110.17866643
16.6238577431,110.415834527
19.9299966131,110.551118799
21.8845277539,110.508962522
23.7326861649,110.485205751
26.4307992823,110.420694023
28.1372765539,110.301438975
30.5333129644,110.04303722
32.0941374907,109.704401292
33.9743959956,109.320829644
36.5942631609,108.967545335
38.3228473364,108.694170041
40.3726517902,108.342631805
41.5035586175,108.089433257
42.2865103852,107.855898511
43.2627774162,107.274317894
43.727090081,106.873409165
44.4105192934,106.226614633
44.9847903272,105.579599722
45.5884141929,105.045371381
46.3323641786,104.558047239
46.6886555582,104.294711291
47.2335326322,103.705982173
47.673804994,103.254450423
48.0642716571,102.484830536
48.7858654186,101.144183904
49.1326702512,100.326218669
49.359914633,99.2355303637
49.3970754678,98.5994638751
49.4070358446,97.9573785777
49.2837060891,97.1762266033
49.2267962981,96.7678359426
49.0757376633,96.2208735459
49.0565786153,95.9035876223
49.1089443456,95.5987321127
49.3341537092,95.4338211279
49.5532912189,95.3053522331
49.7998531347,95.1915297798
50.1639821317,95.0092538174
50.475498257,94.7904141938
50.6641230839,94.6884791619
50.7603307501,94.6544996734
50.8532180249,94.6014528292
50.9431907976,94.6157514094
50.9893907125,94.6405821608
51.0166174097,94.6751289166
51.0214637446,94.6999531355
50.9741742243,94.7915733359
50.6023907295,95.0877236136
49.8345428409,95.4014992658
47.8955171825,95.8798057752
45.7835942804,96.2450146482
43.5869609554,96.385698746
40.0484691127,97.0129721496
37.4160593982,97.5875694971
33.4925623639,98.1145907863
30.7212952901,98.1056111089
28.0597993359,98.0517173402
24.1819280126,98.0070122021
21.8377358985,97.8870543889
18.4320056724,97.9147396027
16.268805226,97.9337140029
14.3206555092,97.8725365456
11.5899890074,97.8969877188
10.0081907732,97.9470488359
7.83883450148,97.8653329611
6.58284720654,97.8712960736
5.49253484237,97.8550343558
4.08407687594,97.7676700798
3.27102450753,97.8122562187
2.59801069844,97.836787266
1.73608069625,97.8519533442
1.2662128664,97.9433626401
0.697365209223,98.205655569
0.371953239331,98.4493719616
0.0642601594233,98.6689713352
359.661188748,99.0412159042
359.360973728,99.3205015683
359.00818438,99.7008728469
358.73722264,99.9618901657
358.503947777,100.23819118
358.188227879,100.589420154
357.935889024,100.850707888
357.671100045,101.077016464
357.465504135,101.240263607
357.228932195,101.42049085
356.862094827,101.673564723
356.641511039,101.781334529
356.062036577,101.938059042
355.588972094,102.055366976
354.665366737,102.065894655
352.471775013,101.878265796
350.871822263,101.848316506
348.235345501,101.740979064
346.536614449,101.722781198
344.933452611,101.728379213
342.866702098,101.785906185
341.685431081,101.802110649
339.947208537,101.821317175
338.97560472,101.851149767
338.108381577,101.882972274
337.082221293,101.922005817
336.578802577,101.970158139
336.039135878,102.006520759
335.813303962,102.049115216
335.611710649,102.044829924
335.370145841,102.01199386
335.260987566,102.015072208
335.116780542,102.026263489
334.990224338,102.017189476
334.869199957,101.995393121
334.674809054,101.956567393
334.54281134,101.928939819
334.4541389,101.900193681
334.362406336,101.891382064
334.316815024,101.921155921
334.278757482,102.142934982
334.255913474,102.563213775
