188.720482117,112.994649375
188.540724487,112.082484979
188.329388984,110.838431675
188.112647409,110.19769743
187.79440025,109.347794448
187.542080248,108.338194563
187.214579945,107.405283768
186.641544887,105.41538516
186.110634125,103.911152188
185.195006924,101.289851914
184.416902906,99.6604307347
183.595783162,98.3251506179
182.270356523,95.0099218983
181.641221657,93.0059223698
181.241625617,91.0016436945
181.58087224,90.4279895987
182.281218718,89.8426234103
183.346823435,89.4688473159
183.998069744,89.8152460884
184.970760057,90.7330864646
185.733219989,91.5685138467
186.434608895,92.2202379702
187.465549438,93.0630144404
188.100558692,93.4501539398
188.690302824,93.8822141098
189.584840973,94.6777111756
190.153039322,95.2989688378
191.588818069,97.050229161
193.069739872,99.6825917891
194.878593046,101.96467079
197.418212326,103.580116951
198.842679804,104.263299868
200.388048295,105.511579125
200.963972202,107.044897377
201.275085167,107.703470793
201.147349279,107.441227141
201.066886271,107.214111454
201.023902037,107.121913748
201.202193202,107.248826192
201.460009545,107.227620309
201.800191171,107.314146448
201.920062852,107.479689879
201.704409368,107.501004162
201.411811261,107.246406386
201.300463423,106.98541242
201.246136654,106.709447233
201.262243998,106.674420279
201.351060955,106.20797408
201.447257841,106.157123152
201.613248554,106.014039377
201.919863792,105.519033284
202.178080058,105.170268928
202.577725913,104.864602503
204.058396529,104.657032724
205.680309188,104.430083216
208.765073787,102.332916962
211.880916888,101.193225222
217.963615263,100.461219084
222.657825978,100.202532342
227.038298686,99.7748797733
232.343617523,99.3380957149
235.004697126,98.7950740826
237.150986581,97.8203481437
239.543339419,96.6921193709
240.528246032,96.320709903
241.459093744,95.606107876
241.866267999,95.6054252485
242.49812915,95.6070895431
244.019701274,96.0521706835
245.508132851,96.7493279288
247.884002119,97.7849932104
249.396418278,98.6300036062
250.699730932,99.438072365
252.538729899,100.316364773
253.852133361,100.703231227
255.922217951,101.518044159
257.293037628,102.302817646
258.5617605,103.793115946
260.094392481,106.415598912
261.294798199,107.400095863
263.17994229,108.493654523
264.719448988,109.082819774
266.62809774,109.313576899
269.902285601,109.718362611
272.225780148,109.934100521
274.634527594,110.02015355
278.450241692,110.09876935
281.225146382,109.873120995
285.801687136,109.46469433
289.391936493,109.149393146
295.242252198,107.940673325
299.400468463,106.73643723
303.647379832,105.465683673
310.399269193,103.523698833
314.966406391,102.09150949
319.661667872,101.077439233
326.662971779,99.6919824976
331.014930418,98.5889786603
336.935557645,95.9534652691
340.305404847,94.3867755738
343.438071397,92.6591937259
347.675957058,91.1502988094
350.295288235,90.291395249
354.715790521,89.4927691559
358.019939359,89.7539132411
1.85533686053,90.7953439188
7.69207283362,92.1844664752
11.4157676245,93.0244677915
16.7073228548,93.7274240277
20.1099531701,93.8675155008
23.4775794717,93.8503162583
28.3482645016,93.6908602233
31.3645086389,93.6018655916
35.4731335599,93.6884444724
37.9826398361,93.7064466235
40.3876999222,93.497401104
44.2249582408,92.9205194152
46.6785672141,92.5901670495
49.8288783555,92.3913065389
51.6328028159,92.3332227735
53.2220459904,92.1642992244
54.7147101986,92.0707806186
54.9149002009,92.0326813097
53.939835009,91.7146810565
52.1441569595,91.2124293677
49.4838618681,90.7242947603
44.4217500104,90.6351895243
40.8336920054,90.5298492977
36.6494243461,90.0177614375
34.5391551434,89.5616374863
33.0744698973,89.5621361231
31.7845162118,89.6524881423
31.4682298462,89.7277834386
31.0400832938,89.6576861601
29.9309154902,88.9602869279
28.7199983079,88.4829696434
26.6553709891,86.8733722917
26.1479151546,86.8691914574
27.3762030639,87.3527078591
31.832975548,87.8663749927
35.3433166106,88.3856232176
39.9028965339,89.0359780113
42.4543416054,89.3292185871
44.6720317166,89.4569181695
47.9354003592,89.2940095902
50.303155558,88.6301154377
53.5449012587,87.0593058511
55.4666443253,86.4815327776
58.3413359999,85.6692093093
64.6987682948,84.1552507059
69.8482276044,83.4740907223
78.1332466995,82.6377566409
83.4601189154,82.3553478549
88.6891186749,81.5418766777
96.9399928115,78.4026537794
102.314738495,75.7784001185
109.85472075,74.7951747715
114.295279005,75.2295330982
118.049102586,75.9587877997
122.717604479,76.560101326
125.362283905,76.6045074624
128.673684725,76.4266128031
130.221867774,76.0332554555
131.1657321,75.2654608343
131.439764307,72.1316203479
130.403346366,70.5731585038
128.624600638,69.3649730037
125.442074309,68.8261021041
123.75129119,68.5153696069
122.036729116,68.31362456
121.248276958,68.3164458742
120.757003441,68.2730931337
120.813690853,68.3242566046
121.010267853,68.4606099239
122.704448126,67.887846489
125.095955083,66.7825132623
127.909845565,65.8810137857
132.237524546,65.2798356314
134.897845189,64.7787551276
138.432988137,63.4352501736
140.363906205,62.3824532992
141.975617952,61.2522313339
143.426783379,60.1439077034
143.688769338,59.2635198926
143.010909884,58.1400159032
142.363428026,57.3079655063
141.956277796,56.0552062195
141.740592321,53.4241303259
141.891430099,51.1326096925
142.748675324,47.5711837705
143.417132353,45.8239780538
143.610276891,44.543232847
142.881781209,43.102656724
142.298102588,42.2379250808
141.376502922,41.0878006312
141.353965469,40.299572815
140.962085623,39.844627338
140.437089273,39.4685458094
140.077129609,39.3343552972
139.738191085,39.1920886824
140.221844324,38.9570408079
141.104356837,38.7692086687
141.334868067,39.0703508947
140.372670975,39.4014733562
139.627794754,39.4706660646
138.701918656,39.1694945713
138.102033373,38.8997875297
137.264485538,38.5610603622
136.794917501,38.4745810998
136.327799375,38.5183081806
136.214950197,38.595023275
136.154374652,38.6510310507
135.986765516,38.7597562464
135.89893278,38.7897741206
135.858065205,38.7955062437
135.514190835,38.8580169273
135.144809648,38.9678228193
134.781946413,39.1686496274
134.791543114,39.6184603385
134.886618954,40.5221733846
135.33570322,42.1948598045
135.637106456,43.0849447285
134.880929131,44.9457123589
134.29225551,46.3281661901
133.897243878,47.9909794748
133.95800703,51.0375807205
134.389324735,53.0364818845
135.21769887,55.966267483
136.002490097,57.3182219597
136.765362665,58.340823191
137.716676316,60.1287475482
138.212604132,62.2081480564
139.033284991,65.6645687094
140.987052609,73.6609413741
143.055768783,79.1797598003
147.154524679,85.3944571351
150.23544339,88.4271243452
153.313156425,91.1677670148
157.704453136,94.5417527258
160.619891666,96.603580476
164.867129376,98.0624291388
167.283332217,97.9852840882
169.369827884,98.1074850388
172.980367605,99.1757711303
175.454638721,99.6704901031
179.595451359,99.622646418
182.907371531,99.1471480575
186.426732324,98.6415979022
192.068052079,97.7900276512
195.975309507,97.2152720929
201.264500892,96.5646152459
204.357403849,96.0944201973
207.201572411,95.4792335476
210.979851588,94.5290444283
213.362770213,94.4899988589
217.200661371,94.3349774921
219.737173688,94.2069037284
222.272532295,93.7917795298
225.941006389,92.8779176921
228.58366361,92.154977917
233.39456049,90.9268630639
236.447922813,90.3244333373
239.552619402,89.9466911591
244.22049371,89.9962878282
246.984243094,90.0778423106
250.332866777,90.0554206382
252.20540562,89.7919168868
253.96808908,89.2499838201
256.603940973,88.5692871866
258.507917677,88.1389280489
260.604820354,87.7388812593
263.501677139,87.4066006102
264.991979226,87.2622071034
267.293893931,87.2282897381
269.132475265,87.1258450644
271.371856713,86.7489837124
275.324318394,86.6875964682
277.658312473,87.1120313687
280.039665409,88.8416775975
280.751185711,90.0229821915
280.732327017,91.2106100972
278.399182991,93.2936162674
275.21635348,94.3322805536
267.769916493,94.695593717
260.965566194,94.899772915
253.78925996,95.6888502476
243.340033733,97.2715031538
237.15582287,99.1170610822
229.270488932,100.762439796
225.467861817,101.281846217
222.587169752,101.669924802
219.468249983,101.834023305
217.455266299,101.818088863
215.959262522,101.445410121
214.599457668,101.039507376
214.016987472,101.127808743
213.571313317,101.395166567
213.324668752,101.700426307
212.708869494,102.314787668
211.331840499,102.622690725
210.103572403,102.655768001
207.992828022,102.36363128
206.742857572,102.082884822
205.715936299,101.574700797
204.056349998,101.789416583
202.67531401,102.052832309
199.436513665,101.866107925
196.232273768,101.465054877
192.059550146,100.124101685
184.622892637,96.7579118542
179.021815455,96.2702530921
170.010050912,96.2723731384
163.469303288,96.5926780449
153.248877772,97.3441574716
145.976113409,97.8026784315
138.633897675,98.4282455027
127.905322225,99.5882287151
121.266754393,100.556249352
114.920002183,101.453017506
105.987693444,102.540841137
100.396705961,102.977981901
92.9140040234,103.406553533
88.2962827804,103.773621608
84.2014149869,104.019373621
79.4728836364,103.889530599
77.5238317953,103.458462989
76.7035599753,101.952204702
76.934592078,100.837183259
77.1006110659,99.7433390417
77.030857025,98.5271721659
76.9507691741,99.0112329464
76.9442416905,100.206623278
77.141581991,100.86750228
77.2811208286,101.882470847
76.3814937512,102.858306959
75.2328798626,103.118144723
73.6307128452,103.488743356
70.3819087806,103.812585748
67.7586260145,104.141392587
62.949004342,104.427568139
59.2057873269,104.388337112
55.2016968351,104.359090328
49.0607613567,103.981814177
45.113999264,103.676821157
39.6817249369,103.189661653
36.4988106956,103.519509114
33.7198598039,104.339614035
30.0940177058,105.809228709
28.1686593294,106.318942772
25.8804170029,106.994835448
24.5382700044,107.671570995
23.1150808673,108.58035595
20.7824054347,109.83894915
18.9891359026,110.545612262
15.7815485052,111.134799234
13.0548687412,111.488247923
9.6975422492,112.309382819
3.68856730077,113.938705027
359.228042281,114.760187347
354.447023495,115.541646231
347.120428323,116.335187398
342.429642413,116.955777183
336.121866162,118.887257707
332.782570651,121.096938929
330.196622967,124.235578082
327.442881932,128.081282579
326.568057916,130.045696913
325.92169357,132.652517776
324.851256923,134.230755734
324.019194086,134.413256851
321.530046754,134.23806017
319.12058633,133.657151514
314.420806967,133.04348784
310.412322089,132.916595296
305.897823168,132.675760119
297.647602877,131.871740136
291.404145586,132.253412797
282.788303658,134.480918414
277.927886882,137.016339294
273.914189337,139.47516688
268.172187846,141.839874353
264.803169635,142.33034074
258.92785756,142.063351024
255.835200846,141.820557418
253.005003614,141.43730833
248.368985772,140.144298931
245.32076009,139.174616729
240.538223983,137.66111261
237.221825671,136.771475114
233.815751105,135.750111816
228.139226969,134.465287409
223.871676143,133.289677114
216.794755222,129.563127311
211.827802096,125.760427728
207.169571094,121.405895657
200.67484582,115.424572355
196.731688782,111.690363242
191.558741284,105.852474127
188.528918705,101.69225102
185.963439349,97.8879220743
182.315132936,93.4762208422
179.98597271,91.2312554634
176.326338822,89.0996568765
173.851564685,88.041735822
171.34269504,87.2040619897
167.954364461,86.5312961113
165.885839659,86.5620439556
163.9685191,86.555413921
161.869745088,86.3377175628
161.194862241,86.5094683553
161.302915702,86.850855487
161.770641047,86.933458952
162.460242082,86.587511185
163.507339358,85.8923000244
164.658169838,85.2188902009
166.202112814,83.9035926838
166.991562246,83.4464080436
167.52729495,83.2000188884
167.955962579,83.0417151265
167.902750378,82.8080982618
167.019860712,82.6193834189
165.932094149,82.5416772926
164.52072509,82.4442150217
161.535847273,82.5473177526
158.837576145,82.7098494175
153.688326892,83.1816584356
149.277534555,84.1660407268
143.950299576,85.5551555805
134.905733812,86.9581668224
128.56268713,87.5936822461
118.823232288,88.1528550028
112.589918442,88.3972805169
107.141290613,88.7091636423
100.86131772,89.2366389952
97.5607208757,89.166656973
93.2111313892,88.9637028926
89.9964032067,88.8722280366
86.5493009347,88.6542047413
79.6654381522,88.8515551921
74.7039802937,89.0833776931
67.9093179906,89.6241442833
63.9727889454,90.24390298
60.8318619886,90.9923251156
57.7501303716,91.8412699917
56.8682699998,92.1485723111
56.7959770059,92.3273211216
57.9329467053,92.5064408241
59.3318587777,92.5370539379
61.2965814924,92.2426794443
62.0715208624,93.1399843576
62.4150623881,94.72015532
62.570817912,96.6271892092
62.4574257954,98.036610788
61.888986114,100.160111956
61.3180488568,101.115464023
60.56441885,101.673722933
59.656286719,101.859279595
59.1689651165,101.602459729
58.5546648188,101.262303755
58.2319125305,101.020064764
57.8639242662,100.841332827
57.1119848167,100.610261274
56.3707970347,100.370737084
54.410108646,99.8873655015
52.3011391167,99.2835961735
49.4317428333,98.6732752602
43.6540271258,98.0975494689
39.1070801982,97.7467433589
31.5560189575,97.878938467
26.6889173769,97.4170968263
21.8304711964,97.0995271021
14.2763538332,96.7334223568
9.18367145836,96.6241520154
1.77749149705,96.1506192403
356.998184041,95.7047635697
352.340746337,95.1430637389
344.874624206,94.9740814734
339.820575516,94.9809183874
335.185962244,94.9199477943
329.09122185,95.3600847044
325.535806709,95.3536429138
320.89737595,95.2117660964
318.059155325,95.3867607514
315.537039808,95.2583247837
312.559533833,94.9734101595
310.905309317,94.9704312425
309.240066993,94.5098573829
308.37671359,94.3975634378
307.683155276,94.2811795838
306.874378629,94.2470837457
306.159557071,94.5343670277
305.080716523,95.559488922
304.485189923,96.3715938934
304.055105899,96.8881682517
303.77651563,97.3976359614
303.960526187,97.373812658
305.112740042,96.7709775073
306.492440971,95.9639510993
308.104182722,95.2373916382
310.712671676,93.4290541256
312.685573805,92.0875087938
316.874111143,89.5612030586
319.789264512,88.8266721442
321.942236909,89.1642675903
323.632429336,89.7661803375
323.947909777,89.9935618302
323.188504095,90.2754063707
322.045236305,90.547121014
320.641140994,90.8331982356
318.200921093,91.5131298968
316.747129384,91.8529538615
315.643479495,91.6101017141
314.576055316,91.9301938827
314.388023795,91.7989296982
314.203879406,91.9219865825
314.13157823,91.9103735026
314.040781647,91.8704115664
313.960591993,91.8119459492
314.01383656,91.6306881818
314.592936078,91.0317535158
315.058736289,90.750133408
315.596909186,90.5434188216
316.485816226,90.1127637223
317.167756674,89.8691595937
318.228810892,89.6814940667
318.977751574,89.7946817472
319.795919534,89.8018520697
321.037149391,89.5081437356
321.792672409,89.3790484649
323.04244863,88.823841581
323.724432052,88.5952241841
324.147027936,88.7729347128
324.72496532,89.1618155893
324.967035059,89.331196851
325.628242273,89.1027000526
326.30337166,89.0061258579
327.317150205,88.8870137526
329.203078854,88.6294294225
330.30218904,88.6048471166
331.866878868,88.4485531164
332.733050269,88.3314313167
333.246787875,88.3585196145
333.471413996,88.4459149497
333.346396052,88.3916660547
333.040088051,88.0355291799
332.647709263,87.6428794011
332.259785956,87.2824858698
331.746592471,86.9169588373
331.327903373,86.8289590511
330.987218303,87.0365243889
330.49043055,87.9082336844
330.132369098,88.0695656858
329.565056984,88.4343119446
329.307530007,88.7678859321
329.119203386,88.9762274609
329.06233237,89.1813712059
329.023325591,89.4352550469
328.959374615,89.9204871908
329.010870585,89.7604424574
329.12815536,89.595803222
329.507733345,89.2977737704
329.882624279,88.9751701125
330.500128352,88.3478316788
330.89041695,87.9434834429
331.238933817,87.5795720801
331.40008374,87.578817229
331.502095814,87.5587299486
331.531421708,87.4040380133
331.50554629,87.3534618381
331.469548348,87.3056302173
331.429576489,87.1138481726
331.422509532,87.0139542637
331.491333058,86.7854001795
331.537391628,86.1994418888
331.534320105,85.7261649401
331.509609033,85.2929507385
331.457388583,85.1631419465
331.427737857,84.9929203413
331.429898301,84.8110025768
331.439576471,84.7152941791
331.4485964,84.6386326866
331.42345056,84.5496088716
331.393350587,84.4992745473
331.1962341,84.343204948
331.009367945,84.3135913311
330.73569435,84.1945367161
330.539570832,84.1131606401
330.434201013,84.0769981669
330.29992829,84.0607218159
330.258796678,84.0408736574
330.259551209,84.0075806825
330.291625378,83.9563818432
330.322312744,83.8603194195
330.432786564,83.7360964007
330.618162408,83.6759420885
331.320104541,83.4823093939
331.882163332,83.381052883
332.467077635,83.3289936625
333.258130859,83.1553682493
333.698602501,83.0040955055
334.239308505,82.8655134849
334.585259582,82.8464054854
334.843498565,82.8378011134
335.099486111,82.7943823179
335.214182455,82.7717777554
335.327739951,82.7462590136
335.372048293,82.715566824
335.384861097,82.6680231395
335.308712508,82.7351379537
335.255222865,82.8331494318
335.234228738,82.9125861364
335.26017792,82.9516999309
335.365228975,82.9950993149
335.669048746,83.0686559915
335.827647935,83.0466124667
336.228203647,83.014343704
336.670966504,82.9541064762
337.232716635,82.9564492792
338.52168116,83.0920916324
339.708309913,83.1797486176
341.153222923,83.7437014719
343.925126271,84.8184132847
346.388259732,85.3891982557
352.290818771,86.062015379
357.304627529,86.3586670744
3.06983786174,86.0667402149
12.8600715827,86.0761847674
19.6240267616,86.9055758153
30.2413109049,88.0888128219
37.2740182436,89.1480056138
44.3068319772,90.2119227435
54.64530236,91.352854351
61.2815811038,92.2148070473
71.2781045083,94.4970265437
77.8235144645,96.1028946465
83.6332278487,97.3361789166
90.7133770692,98.8801990462
94.0988612299,99.4301336456
97.3260449488,100.351093724
98.4898577478,100.893756973
99.3441288679,101.232158052
100.114035665,101.771194216
100.389218592,102.191341814
99.5133852186,102.497348775
97.6383136049,102.752389638
94.7581340907,103.201154062
90.3948890307,104.730146681
88.4921955703,105.719435338
87.8120689875,107.665724963
88.4896108385,108.886193557
89.3849619885,109.865536384
90.8744463893,110.737618798
91.894212442,111.222180787
93.5829243029,111.672572315
95.7754868934,112.142066475
97.1018768272,112.598447277
98.89796987,112.845553606
100.007027888,112.68089793
100.947476327,112.315816549
102.217234239,111.616290222
102.955237104,111.278029595
103.771105803,110.852494616
104.387062893,110.523087249
104.718903223,110.212740804
105.235628284,109.881092887
105.354536666,109.908710392
105.411271764,110.072681643
105.314680567,109.985495853
105.019386024,109.783988969
104.674132071,109.998496584
104.463430797,110.088994174
104.278018491,110.335827939
104.160749522,110.42506463
104.087907657,110.471467143
103.994636313,110.53778351
103.940419373,110.523867605
103.923117461,110.428375254
103.959475887,110.29396397
104.052098248,110.103555297
104.234530419,109.791659431
104.407707007,109.570834515
104.987110807,109.040776421
105.29021187,109.012352489
105.531552708,109.004695362
105.888329397,109.105426918
106.224013365,109.173406742
106.681946787,109.261562785
107.179415157,109.226903777
107.598444547,109.202113993
108.130791652,109.211235992
108.258302391,109.221205395
108.395151508,109.220345537
108.561844406,109.242864949
108.592997077,109.236023075
108.663050308,109.206457934
108.67960555,109.152102702
108.668148062,109.036894561
108.654900504,108.775657306
108.647184491,108.57455718
108.692689065,108.315256343
108.741915136,108.163885835
108.878335618,108.007510997
109.104457253,107.775148537
109.266521951,107.623120034
109.526864737,107.328080835
109.649365957,107.135759444
109.772933816,106.953002967
109.8895447,106.758933836
109.982325267,106.620954694
110.194290886,106.383604529
110.487464705,106.201879282
110.842850197,105.993961534
111.348253778,105.814839202
111.745178414,105.708200543
112.310659519,105.704958642
112.69874895,105.682734272
113.092621004,105.672805438
113.683156034,105.569871579
114.085886839,105.493514936
114.448755136,105.333534486
114.87316146,105.055827837
115.022032798,104.899358714
115.168780402,104.740224293
115.225151438,104.647526866
115.279492278,104.507907022
115.333886595,104.267708623
115.345144518,104.114338864
115.383911998,103.96584065
115.380588543,103.890181317
115.373279355,103.844124506
115.377176086,103.787842224
115.383583232,103.71103084
115.386652156,103.546764949
115.396890074,103.472527099
115.474725578,103.362265416
115.76094419,103.168713149
115.890015099,103.122551646
116.180780841,103.054470413
116.356177487,103.027924112
116.462133408,102.997542835
116.571292804,102.945612614
116.599442359,102.806828237
116.668704715,102.649005588
116.698388369,102.611170621
116.728822298,102.626246612
116.631242085,102.865471084
116.503083765,103.036657967
116.276962046,103.236653517
116.123088389,103.316439699
115.97812349,103.3710004
115.798179241,103.493106642
115.742232726,103.552992907
115.728961945,103.666272239
115.751751013,103.753240969
115.816406708,103.82792021
116.081400485,103.9524033
116.299203739,104.006800439
116.527119744,104.00055236
116.846415434,104.077415725
116.993330863,104.126076642
117.151245081,104.168138915
117.193121594,104.168629487
117.213229218,104.169474588
117.175774019,104.134761435
117.144280433,104.119549088
117.163050323,104.063269896
117.19632078,104.026996722
117.255792547,104.002080317
117.288232267,103.949366544
117.308217844,103.89277481
117.326131817,103.85821132
117.335834618,103.839597386
117.344540041,103.825344943
117.345466358,103.780015482
117.338416809,103.737079086
117.331334938,103.682617033
117.33653779,103.637513699
117.350416563,103.600991601
117.352396677,103.548052414
117.357434761,103.516352503
117.365051988,103.472276267
117.374616789,103.445737355
117.389344367,103.422030215
117.402382001,103.419263216
117.409799657,103.402004958
117.393721498,103.372718605
117.342129127,103.30096044
117.238915618,103.217757896
117.001835814,103.096651763
116.860120184,103.05613416
116.770999723,103.029392351
116.714253673,103.022065778
116.734132668,103.030839633
116.833065475,103.021694257
116.898375301,103.001274077
116.93833723,102.982569179
116.944259939,102.944310383
116.922713365,102.908201986
116.878604775,102.861325236
116.863567719,102.824630553
116.842424944,102.785538961
116.749652106,102.774221538
116.702236217,102.771523525
116.662354873,102.770828075
116.676024174,102.778450502
116.722336767,102.786515552
116.803250175,102.782128205
116.855101942,102.747860769
116.892295619,102.687204724
116.878905274,102.65037307
116.853441694,102.627065927
116.819261132,102.589899409
116.788195633,102.559545377
116.750312331,102.509329841
116.676818921,102.437665739
116.650818102,102.445201066
116.59713562,102.454472742
116.601403799,102.459241559
116.66183519,102.457472011
116.735327477,102.421733144
116.799111293,102.377086653
116.85983449,102.268408433
116.891408491,102.210189587
116.923443804,102.15598712
116.950981498,102.119418128
116.972374306,102.081343893
116.995186427,102.020537326
117.018052534,101.991139955
117.046701461,101.98231392
117.092958419,101.95536375
117.113228209,101.929506502
117.169184338,101.888424171
117.194237553,101.846278836
117.218365699,101.798600684
117.22880996,101.761876236
117.233922844,101.75806364
117.232425833,101.747794474
117.23005106,101.732838131
117.242832939,101.704530455
117.30507936,101.59056665
117.312844777,101.562312095
117.294690263,101.570536433
117.239955995,101.58320388
117.166022802,101.581779522
117.087886367,101.560482581
117.054591527,101.539044073
117.025463838,101.480733607
116.99969584,101.412487169
116.956590366,101.355438782
116.889118293,101.23080124
116.86342842,101.15353227
116.882664687,101.061717083
116.903332622,100.993964391
116.915448088,100.933964711
116.923225288,100.838168201
116.910247028,100.830321432
116.908764749,100.904815025
116.915593154,100.94476993
116.916385427,100.975342942
116.916832041,100.993172107
116.898029379,101.01521114
116.838748102,101.036714373
116.740065895,101.038830335
116.693559557,101.022647494
116.634231749,100.949238022
116.612076926,100.864545747
116.60952583,100.778522827
116.586084156,100.709352511
116.575452387,100.694831907
116.583276669,100.671495499
116.588539348,100.629720937
116.574009488,100.542329843
116.506578047,100.376134272
116.471162422,100.295734478
116.440717441,100.193855179
116.452445179,100.143405944
116.509148964,100.110693847
116.60820081,100.073399133
116.678856366,100.040596537
116.824270245,100.058089684
116.901417733,100.085583754
116.987233589,100.114382418
117.057958494,100.138751951
117.092780293,100.139616065
117.158441544,100.127093584
117.201171927,100.128210732
117.241211571,100.146189273
117.302366422,100.149645945
117.347769158,100.162226654
117.393169598,100.203174919
117.416091041,100.245112359
117.422832782,100.269502417
117.419423397,100.323074427
117.404901614,100.360690529
117.367520619,100.381261125
117.282341315,100.34948061
117.203056029,100.287275562
117.095151266,100.179696343
117.055562955,100.114482533
117.028710739,100.066877462
117.030607409,100.001522081
117.041746005,99.9450992361
117.040625339,99.9003756595
117.020754575,99.8389535464
116.99174954,99.7913595383
116.924613424,99.7187599436
116.88410952,99.6907203441
116.839847541,99.6884612292
116.825104594,99.7137930155
116.823207562,99.7335600533
116.835140366,99.7611776873
116.834168861,99.7641183604
116.828906136,99.7113458567
116.813436589,99.6681628939
116.795694012,99.631375691
116.782145501,99.5877995878
116.776166154,99.5544604421
116.742407939,99.5338326384
116.698874576,99.5311717323
116.638572053,99.5293586517
116.478295068,99.5161604102
116.341376809,99.4908156841
116.033552418,99.4359004113
115.720671278,99.3694314011
115.236436007,99.2178736271
114.526517804,98.7615435932
114.006164783,98.6195934126
112.950568805,98.3767112115
111.853099195,98.1014438982
110.076436859,97.6956981229
106.59657132,96.9357185089
104.00233483,96.2556552501
101.292579518,95.5698504142
97.2214757697,94.5303411826
94.5219520927,93.9539018261
90.6973759462,93.1869788397
87.9192860079,92.8441206813
85.2848426117,92.4396950591
81.309610822,92.1049985953
78.7199125764,91.965400725
74.775031833,92.1071230687
72.0174058685,92.5582484347
68.9719203683,93.764819423
64.3287300873,94.7685642347
61.4120889113,94.5983351409
58.089873171,94.7784768706
56.4373930875,95.0101226741
55.3746707193,95.2647869737
54.5728137359,95.9144155099
54.4317176128,96.4447658464
54.6346114001,96.5347797993
54.9292889295,96.7336147689
55.4017222037,96.7927273601
55.8729478736,97.2691203563
55.8560178004,97.5621571064
55.8688069569,97.961131764
55.8205864313,98.1791244909
55.8262457205,98.3909345347
55.7603196307,98.5031922902
55.6758092984,98.5563864412
55.5122064638,98.5551950834
55.4067495692,98.5418216146
55.3415503514,98.5361129587
55.2709947397,98.5137260658
55.2805012904,98.5098485061
55.3696236086,98.435830207
55.5008076713,98.3543851925
55.6505299226,98.2659377406
55.8650214311,98.1992144085
56.0493314377,98.1891082121
56.1735417194,98.2074911327
56.4762870939,98.3271774861
56.6530407486,98.4382837055
56.8696084951,98.5744839977
56.9476019859,98.6710208135
57.0068984928,98.738060678
57.0957858496,98.8472967276
57.2344647475,98.9372389966
57.4185465163,98.9778177546
57.551799191,98.9755052484
57.6895685126,98.973561785
57.8661498703,98.9916479997
57.9606151701,98.9801031153
58.0950279119,98.9749878339
58.1923739472,98.9559495336
58.2939701782,98.9323643215
58.4939358407,98.8472045035
58.6493022643,98.7415081712
58.9187211281,98.5759842642
59.0897026588,98.50068663
59.1989500473,98.4102437643
59.3094464014,98.3176935016
59.3747087322,98.2333094772
59.4047806845,98.1186210676
59.4312286031,98.0502986939
59.4482190483,97.9804622623
59.4871924723,97.894129934
59.5230204331,97.8277582853
59.5852454923,97.8008170438
59.6235592431,97.8108694183
59.6632438687,97.8296466975
59.7466616501,97.976136242
59.8077971246,98.1161652415
59.869090618,98.2088629456
59.9532137775,98.3303522027
60.0070440424,98.4058513045
60.1295605698,98.4788871507
60.2759051267,98.5166452623
60.450045027,98.5276960255
60.8832231733,98.563016404
61.1642385871,98.6264206609
61.4465437409,98.8380435722
61.6178244885,99.0357920032
61.7497308183,99.2603497813
61.8974655352,99.5349142787
61.9734558115,99.6420321957
62.1118975724,99.7666722736
62.2057871189,99.7913676482
62.332008369,99.7680602929
62.5817800012,99.7050298859
62.7544651565,99.6451897527
62.9727773246,99.5865447684
63.0543453135,99.5446973347
63.1189426294,99.507242908
63.1881865361,99.4529185319
63.2562596678,99.4247474206
63.4834243381,99.417293143
63.854306222,99.373519612
64.4237678825,99.3283891499
65.2780505144,99.0425346644
65.7291773474,98.7787524911
66.1839167114,98.4205277923
66.3166333119,98.2062771442
66.3695231915,98.0129753217
66.6500555761,97.7345410534
67.1110975858,97.4465355024
67.6172048707,97.0471987899
67.9367407459,96.8685381606
68.1941489733,96.628292999
68.367200895,96.3728012096
68.4925124245,96.1630114975
68.5453310361,96.0080761841
68.5864083892,95.7860891923
68.5771809189,95.7078498693
68.5782986971,95.5329759863
68.5881045781,95.4022180755
68.6494332362,95.1844773196
68.8626277166,94.5059175925
68.9588083827,93.9339014124
69.1130489695,92.9062857276
69.2723055096,91.9460638725
69.5014105982,90.6694408647
70.0544753795,88.0234964037
70.5767497561,85.7668221955
71.5668001033,82.2555035547
72.1642094001,80.1516668915
72.775501577,78.4390803321
73.5954373899,76.5567754666
74.1451105498,75.625086775
75.0592911843,74.8585412237
75.7218241332,74.5274088507
76.1793922998,74.4180283482
76.4259233331,74.3920264155
76.4377395431,74.430012721
76.4539991875,74.3944178226
76.4403483013,74.2183143502
76.4378673368,73.9732978897
76.461298349,73.7799247363
76.4751237427,73.6521432067
76.4968062624,73.5307778556
76.5270552421,73.3463720449
76.7099860745,73.1593703318
77.1894029697,73.0037120764
77.404022344,72.9860463962
77.5671882347,73.0021386035
77.69501984,72.9984063171
77.7127787831,73.0148175716
77.6866393318,73.0139261453
77.7008235105,72.9862114947
77.7486753367,72.9596816751
77.8377718231,73.0724623365
77.8420309456,73.2573549254
77.776884778,73.4303677279
77.7018116576,73.5336036827
77.6161404693,73.5485991916
77.4813458237,73.5064634474
77.4294015032,73.4703315321
77.3774781444,73.9177289983
77.5401721299,74.2939757367
77.7297016159,74.5152715664
77.8705249062,74.5610296539
77.9677665165,74.5715564212
78.0206766061,74.6193638448
78.0363314465,74.6655984141
78.0386903848,74.6988392971
78.0965156083,74.8008861023
78.293837699,74.9539062923
78.5184425835,75.2976926617
78.4923823184,75.4924899661
78.4902944017,75.6291671681
78.4822039861,75.7093031857
78.4658493276,75.8041773222
78.4462053893,75.8429884769
78.4355258583,75.8457310223
78.430898733,75.7821524828
78.4304877378,75.6862384747
78.4324569554,75.6364761123
78.4237927116,75.6233447137
78.373242594,75.6399805776
78.299333014,75.6397409393
78.1850590117,75.6628921646
78.1296280832,75.6740372469
78.0993646065,75.6687461238
78.1451659165,75.6147319751
78.2159656283,75.554527198
78.3830573112,75.4046591211
78.503918293,75.2995914596
78.5999677077,75.246757483
78.6919787364,75.2124220084
78.7298445677,75.2016539204
78.7550885318,75.1923053649
78.7434374677,75.2010978104
78.7291824594,75.2111396745
78.7251263239,75.2124324107
78.7810843455,75.2059968454
78.8932509666,75.176542248
78.9755406589,75.1655334448
79.0864311603,75.1509751577
79.2521683395,75.103359879
79.3529301246,75.0546868492
79.458953588,75.0055734471
79.5438086162,74.9651103954
79.7194829715,74.9234055222
80.247556777,74.8360682731
80.8447345369,74.6159610357
81.665176197,74.3815300089
82.3363423628,74.1462780035
83.0505922589,73.9210255527
84.3935776867,73.4551692393
85.3480518537,73.0077990866
86.9198489034,72.306741101
87.7622826804,72.1966718701
88.5384507613,72.0912457153
89.3884082752,72.0320490375
89.7477990654,72.0397145195
89.9062854528,72.053862782
89.9293485115,72.0512155498
89.9879571522,71.9992632628
90.0037380646,71.8997602471
89.9913728923,71.8563729052
89.9982108215,71.8362424625
89.9975613934,71.8944606585
90.0036665486,71.9379495482
90.0445727655,71.8881377077
90.1416525445,71.8007230341
90.2683864382,71.7319528809
90.5217891343,71.7382056573
90.6642477161,71.7437191172
90.9357952894,71.8076260722
91.1395755679,71.825330136
91.3750549627,71.8172968565
91.7305098468,71.8182509623
91.9884231789,71.8127654218
92.3842547019,71.8187052806
92.6145255059,71.8522144886
92.8121653911,71.9125246278
93.094924206,71.9942227818
93.1749037748,71.9601943838
93.1777760776,71.9408859476
93.0791430226,71.8756054112
92.9008282682,71.7700643035
92.6994752847,71.6570752241
92.6190763532,71.615710905
92.5849694522,71.5694697262
92.6213591408,71.5750806439
92.6672014127,71.602463254
92.7414567928,71.7079392218
92.7819941716,71.7660612738
92.8089768643,71.8501616919
92.855179738,71.9704260092
92.8865991192,72.0280330088
92.9303996679,72.1044664024
92.9660671656,72.1575623693
92.986570839,72.1914585796
93.0286742415,72.1762952737
93.0424092362,72.1512099724
93.0368141802,72.1205422878
93.0067350854,72.1221145545
92.981669805,72.1313959779
92.924860642,72.113577138
92.8952205962,72.066762467
92.9036257329,71.9901524113
92.9348445233,71.95754764
92.9715043082,71.9390504163
93.0395858486,71.9245894426
93.1039313547,71.9080528493
93.189525102,71.8752598505
93.2812003448,71.8302654837
93.3759916312,71.8008323186
93.5424084238,71.767431133
93.6423543748,71.7756003448
93.7594186902,71.7892910336
93.947205069,71.7724363724
94.0221674561,71.7467346175
94.1362370723,71.6913131331
94.1967956179,71.6560556026
94.3300849716,71.6126591142
94.4387876589,71.5662204816
94.5589628744,71.5183212668
94.7597767258,71.4629776282
94.9339572024,71.4228751072
95.1006670348,71.3857636939
95.3432563723,71.343618047
95.4998521405,71.3112679981
95.8597976593,71.2777675697
96.0454881762,71.2853380364
96.2751994232,71.2732067914
96.4877988228,71.2441878388
96.6251287963,71.2360438605
96.8188753474,71.2120830055
96.8918186587,71.1909577268
96.9441472975,71.1716977521
97.0013183143,71.1616621023
97.016716272,71.1731920848
97.0492282378,71.1837381327
97.0669504183,71.1976630205
97.0858028509,71.2152178028
97.1326674685,71.2272219567
97.177266533,71.2223273212
97.2761864049,71.2330535767
97.3643251202,71.2350895892
97.4739694454,71.2245342879
97.6519180219,71.2019467921
97.7564392117,71.1761044239
97.8962386339,71.1332147509
97.9651562825,71.1094877488
98.0150794788,71.1063121191
98.0511730829,71.1062074084
98.0578206241,71.1205032935
98.0731665841,71.1494606399
98.0978766123,71.1490910897
98.1430944862,71.1434552974
98.2367104505,71.0907134309
98.3119632682,71.0541341217
98.4365097632,70.9725214694
98.5332097227,70.9438997077
98.7136659316,70.9836132865
99.0346574289,71.114187893
99.357754403,71.2405011137
99.8019201918,71.3817458138
100.742296376,71.5875077553
101.55587532,71.6699417326
103.03046799,71.8448130263
104.151108496,72.0157370781
105.247116349,72.189512617
106.953214575,72.4000640557
108.03654952,72.4791684311
109.552531503,72.5450477425
110.506573928,72.6146383833
111.385323454,72.7555121051
112.578480743,72.8964338184
113.408274468,72.9278477219
114.613179844,72.9767672237
115.423916044,73.0003616007
116.261356636,73.0165598392
117.536215791,73.0411560622
118.367908215,73.0979580149
119.829758288,73.7141406563
120.918258866,74.1496185974
121.983938931,74.6881570542
123.376459685,75.4635071498
124.197467505,75.8958505899
125.030465125,76.3190242739
125.361193295,76.4642406585
125.376297347,76.5684892739
125.337247823,76.6036467374
125.306321685,76.6138856908
125.153981043,76.4981114746
125.050151512,76.4166652216
125.009870198,76.34888659
125.006342185,76.2337188884
125.069393821,76.1521358226
125.178802662,76.1494557244
125.503874349,76.4070072133
125.823920024,76.5851410442
126.408410522,76.8887627801
126.864107685,77.097401814
127.312135791,77.3159386639
127.874683246,77.7451397695
128.237356883,77.9853572578
128.642362032,78.1151788567
128.895124537,78.1552009536
128.96467156,78.1646645334
129.037026999,78.1789900566
129.048874444,78.2197192606
128.990885804,78.2168862301
128.946318598,78.175290847
128.907313008,78.0905905592
128.912198809,77.9563981032
128.936133402,77.9062878328
128.973781661,77.8718614094
128.976198126,77.8637792571
128.939092345,77.8252154476
128.860610933,77.6825718025
128.812671783,77.5579245867
128.788801303,77.4146081349
128.792276164,77.3634917464
128.807084472,77.3391623694
128.809398255,77.3339680247
128.767258187,77.3783410926
128.652259424,77.4686216566
128.565293841,77.4970348804
128.469709458,77.5054611743
128.32075933,77.519437109
128.224977548,77.5438582271
128.14663435,77.5551893583
127.990483301,77.6077583209
127.838590751,77.7211208083
127.491648474,78.2537366201
127.182562017,78.8406337344
126.847361482,79.6687893969
126.106267507,80.9843338779
125.425692125,81.8436405843
124.140081725,83.443508737
123.1328357,84.9468110648
122.102560861,86.5090209148
120.271055903,89.5687725873
119.037459607,91.7767704378
117.127179646,95.2250003969
115.942954101,97.2829846557
115.088280075,99.2463118187
114.167039824,101.496869392
113.748051707,102.656457716
113.374986578,104.042339547
113.264952059,104.688597126
113.2396384,105.164856749
113.209951805,105.672304056
113.282823849,105.887597189
113.53124809,105.950709881
113.756041219,105.876755302
114.065081655,105.83197839
114.641597338,105.646030433
115.089011897,105.392686085
115.794000814,104.961885311
116.254053742,104.669110222
116.718757119,104.334706776
117.455457845,103.80193569
117.986345825,103.446906108
118.746540527,102.798924856
119.46217284,102.351777143
120.339310721,101.902202341
122.15184279,101.269954343
123.766769593,100.8737359
125.59541872,100.42805348
128.697018807,99.5286222613
130.865751404,98.9118437709
133.85665725,97.9324979356
135.69820191,97.234613647
137.278735726,96.6160411641
139.112885581,95.9131200794
139.952600513,95.3303426048
140.950190048,94.3566770509
141.378248017,93.5904633235
141.861124,92.9936925141
142.535482982,92.5632776507
143.113957008,92.4674578594
143.942426225,92.2598490109
144.453958804,92.1602781756
144.896009398,92.0343708321
145.319415225,92.0040050211
145.363444292,91.9852486339
145.372855034,91.951491373
145.341435994,91.9286774623
145.231370424,91.9216201453
145.064551337,91.9245538474
144.965277725,91.9447611679
144.893790062,92.0022249726
144.878878242,92.0398541128
144.879947734,92.0472751811
144.892770094,92.0355972803
144.896499858,92.0482462347
144.890553752,92.0459473879
144.871369569,92.0495081479
144.840530274,92.0616136539
144.759169252,92.1221834842
144.708547899,92.1600390422
144.633406232,92.2239954049
144.584562482,92.2324366337
144.56287772,92.2243187623
144.530820278,92.2063251777
144.517495884,92.2245115543
144.496887843,92.2461924934
144.469407025,92.3011962887
144.445845965,92.3415042393
144.402187641,92.3897212793
144.386578348,92.391014203
144.358667589,92.3904786355
144.306940716,92.399484487
144.271756763,92.3908954607
144.226494755,92.3516637144
144.200341762,92.295695002
144.169007911,92.2341712953
144.114760986,92.0668416446
144.057907177,91.9718484967
143.835429396,91.8603680018
143.665940738,91.8349041859
143.505216104,91.7546590474
143.339819166,91.5389322664
143.348944164,91.3376263779
143.448834065,91.1267994548
143.594959514,91.0523323931
143.865235197,90.8875401105
144.357684293,90.4938086206
144.805407712,90.2512304792
145.654570955,90.2403918514
146.183503515,90.1074159054
146.824418523,90.096449268
147.920766078,89.9741896906
148.822250681,89.9943949427
149.969545028,90.1988394787
152.163937184,90.5848215485
153.664840906,90.8687624455
155.79524763,91.223369157
157.067972571,91.3385445614
158.17538009,91.49086701
159.476901351,91.8303720348
160.115162334,92.1024121248
160.682349909,92.5762816723
160.715525084,92.616410608
160.513215999,92.6582102875
159.818720708,92.8206615623
158.921366552,92.9885556735
156.982819417,93.343182083
155.333172953,93.4729588829
153.455134249,94.1884674901
150.810445325,96.1722513228
149.603151476,97.9839524821
149.317434527,101.376254252
149.919892404,103.690368792
151.243686776,105.522529012
154.118295229,107.813303433
156.070677511,109.005617355
158.770717145,110.368808797
160.347667993,110.894960048
161.857668586,111.542843667
164.147914733,112.71419885
165.676243255,113.476639773
167.962304537,114.659846241
169.301028961,115.302698859
170.564643563,116.042506222
172.1668835,117.330151815
172.988533022,117.894161164
173.788281212,118.353071924
174.000076495,118.329015342
173.919709496,118.116477459
173.902575992,117.644796673
173.575426536,117.113748385
173.177563195,116.505844548
172.307311796,115.502990511
171.617400887,114.947972856
170.060694078,113.791190966
168.570069426,112.778017446
166.822293037,111.594368005
164.055936755,109.664725644
161.947025765,108.127157225
158.55682869,105.746946765
155.781346828,104.426671003
152.668779621,103.247098051
147.791806038,101.795768707
144.277827949,100.947981457
138.23402274,99.9457522307
134.491555076,99.5679585356
131.700119343,99.0804644451
129.072648948,98.4778341422
127.941277298,98.2091496943
126.9436434,97.9622459465
126.323134019,97.9698543246
125.943140602,97.8657138931
125.674181897,97.7155851153
125.752688217,97.6816260448
125.838179312,97.5741504541
125.952308916,97.5208451203
125.988403787,97.5565810873
126.03331298,97.5310686781
126.025590027,97.4128547969
126.094615423,96.8602954581
126.249081764,96.4380311392
126.45334759,95.9287087813
126.481292933,95.482994673
126.328462543,95.1802989385
126.009666257,94.9689744477
125.764747393,94.8516678179
125.628553696,94.7516427361
125.343072281,94.6480844942
125.054864482,94.5368133995
124.801969769,94.3514225251
124.639894739,94.0242313885
124.606994394,93.9245367368
124.679184605,93.85934392
124.939551662,93.8186977763
125.570502781,93.7378198689
126.830381362,93.3439805879
