177.773871635,93.4448469723
177.551101824,94.5314968979
177.569357787,94.6865802701
177.750651041,94.9396402051
177.947065748,95.1450570252
177.95028182,95.0510579819
178.195704251,94.8063272551
177.795172077,94.3868950555
177.529594605,94.0343314298
177.206345495,93.3539198704
176.749601947,93.1058369384
176.196247105,93.145341765
175.286378825,93.1090276257
174.615624393,92.7856515402
174.341300666,91.8294323451
173.946091401,91.6397504907
173.508307421,91.4999638986
173.13848687,91.006934522
172.960589207,91.0115402323
172.616591738,91.2306931244
172.511860747,91.2397872098
172.323254977,91.308003332
172.001296503,91.3320107472
171.950547636,91.3915638792
172.033142132,91.5619385049
172.101798071,91.828411741
172.251853647,91.9046035646
172.530328049,91.8660494621
172.569400794,91.8137582154
172.740848714,91.6091839287
173.061752661,91.3711078077
173.382983576,91.3905948105
173.589050549,91.5943741423
173.697418557,91.6171444626
173.893760695,91.424002363
174.246005118,91.101628871
174.59529546,90.8552584622
175.020981289,90.6725128736
175.115900405,90.6218212739
175.1310976,90.5755757718
175.133235908,90.5989505291
175.118127712,90.640324115
175.023411925,91.0127007418
174.944861202,91.393560596
174.843534512,91.5313617108
174.542337253,91.6877661549
174.406063928,91.7577293719
174.105577673,91.5949568481
173.804435677,91.3802738313
173.620579902,91.0623866783
173.486101754,91.0966564066
173.320338494,91.0574848039
172.84031124,91.0034980262
172.319306784,91.1440307968
171.829332419,91.3243526863
171.201679254,91.6655650043
170.77852282,91.9582043723
170.33952712,92.3197507632
170.041124496,92.5297148046
169.768992156,92.6424041154
169.321360864,92.7052070241
168.90451751,92.7598426569
168.297928382,92.9069391993
167.986592472,92.9847769009
167.846647028,92.922186254
167.795762949,93.0408152468
167.868791348,93.0338885875
168.020325555,92.6596419029
168.150850484,92.1506263109
168.223684301,91.9002757049
168.430172001,91.6574143792
168.596905954,91.4362602034
168.662126505,91.2771659528
168.70328181,91.1198994554
168.907647631,91.2346459376
169.229036391,90.7047702224
169.561133286,90.4169968146
169.708776351,90.4089923703
170.433353407,90.3768191174
170.795097931,90.5332516621
170.937387633,90.6725144577
170.963250096,90.695141302
170.923600554,90.6715003829
170.900902607,90.4934516662
170.795218704,90.4570548663
170.601832545,90.4046806259
170.525848987,90.269592129
170.513358412,90.3985878488
170.599050081,90.5736498662
170.5598204,90.6170306174
170.695237525,90.5797702938
170.729697232,90.4170637304
170.740606518,90.4126698666
170.885866732,90.4047956921
170.976112695,90.5561784614
170.772862223,90.6539010984
170.105672799,91.0710259071
169.511376677,91.3663633794
168.35022712,91.8661599416
167.777502068,91.5049341531
166.855566262,91.5866545754
165.844316437,91.7745692089
164.912563757,91.7653449577
163.713031928,91.4778338486
162.534359558,91.615664594
161.32304076,91.8631706066
159.35796127,92.6396531359
158.258653268,93.2595248831
155.250429781,93.6909114859
151.97148431,94.0961179113
146.635831362,94.9086181626
136.197836958,96.9855637098
128.032932466,98.2000854985
116.523213777,100.115481972
111.343349605,101.112792145
106.662048529,102.807054698
101.587845244,103.918537502
99.2775680984,104.616599454
97.2404879114,104.929240839
96.2938960359,104.833283135
95.5649683207,104.652991623
94.5966902344,104.890813511
93.8032932485,104.784295
92.3006426008,104.715393281
91.0345895678,105.028852593
89.561532016,105.113805148
86.8213642497,104.755733789
84.9173111816,104.262944965
82.6314223062,103.154697641
81.0842863478,102.488576958
80.0265688341,101.679272465
78.3492915785,100.828786238
77.5243718928,100.376393178
76.8596999544,99.6345765548
76.9275439087,99.3059049498
77.4708056251,99.1486701697
78.683705156,99.1215691258
79.2988972171,98.9908592835
79.9295524948,98.8823475341
80.9001036805,98.4469408876
81.3544683897,98.2750235302
81.7575226416,98.2423613502
82.016666663,98.3132138308
82.1832146542,98.1909298268
82.0991447546,97.8687712093
81.9226581509,97.4384060097
81.3224445289,96.394673631
80.8979814093,95.627297448
80.2521174414,95.0044333615
78.8051271987,93.7560301787
77.4815542629,92.8683421234
74.8832869584,91.2303518009
72.1065469327,89.5698625283
69.2123132836,87.5184518322
64.1609537055,84.1403692771
60.8503571504,81.9170380215
56.2179815046,79.5911900649
53.3317345565,79.0656692833
50.5331608453,78.7895614113
46.5087881087,77.8046347958
43.87532965,77.2884262551
40.5337711834,76.6280294854
38.6727710756,76.4808392482
37.4311223824,76.4456490816
37.2369360834,77.241383855
38.8116672534,78.9256369186
43.7227197412,82.0562542835
46.5887854564,84.6583580315
49.421810057,87.2072996829
53.337794224,90.9120054875
55.5115317876,93.0643154714
58.7579495398,94.5907059497
60.855131763,94.954191638
62.9288731289,95.2135548174
65.5887649211,95.752047675
67.2218485658,95.9512999816
68.6920577094,96.1185195515
70.8195764104,96.6981667209
72.1891227097,97.346137304
74.4584514632,98.3051949787
76.0579019553,98.8023071551
77.3144603208,99.4433693214
78.6982105858,100.150817601
79.5667305847,100.333801497
81.6186143722,100.313950869
83.6683135249,99.884114029
86.154372749,99.5714458753
90.4822656404,98.9664696357
94.2625319446,98.7112959628
101.830475842,98.9626412819
107.708713229,98.4968566437
113.269960651,98.1465552887
121.120819282,97.4551778212
126.013954498,96.7012739128
132.740569648,95.3786298846
136.237090385,94.8619322403
139.402157456,94.3331117847
143.203929138,94.0182549118
145.531803771,94.037447576
148.429728666,94.5214746291
150.112999559,94.7960051286
151.764501581,95.0745548938
153.829511974,95.1575382216
155.194914115,95.0306645837
156.920664276,94.4303276229
158.184083966,93.9104301476
159.227117789,93.7807356311
160.663198266,93.7648918384
161.599005931,93.9196167397
162.279329106,94.0434732948
162.835396083,94.4700271801
163.165569975,94.8056650872
163.091734542,95.3041826159
162.819518758,95.8153950893
162.290026311,96.2438365788
161.283082701,96.5237690192
160.451951563,96.5181649285
159.094006708,96.0578381645
158.076994869,95.7093152213
157.08110389,95.1820612751
155.250830196,94.5956355822
154.035769089,94.333326398
152.276784417,94.0488456948
151.629506065,93.8269308222
151.153081101,93.6873805831
150.871886231,93.7912649256
150.692101658,93.8653806585
150.687135085,94.2392230933
150.724535009,94.4516808174
150.961654604,94.6086934045
151.266379011,94.5428372945
151.744525549,94.6314448164
152.827608665,94.5991919951
153.481512728,94.4793898866
154.1392008,94.5133218386
155.128210844,94.516716422
155.528990153,94.3944440995
155.72005908,94.3989432899
155.995301523,94.5192906303
156.159289809,94.6288354621
156.392165287,94.6676618557
156.352503458,94.7014636721
156.324775267,94.754832829
156.254452459,94.7792077542
156.069001008,94.7245375808
155.836877395,94.6233620185
155.779131466,94.5216728362
155.814766911,94.3841829257
155.777056322,94.1648302567
155.655914252,94.0637218209
155.487647233,94.1869697722
155.596384952,94.5190443062
155.550584281,94.9470724692
155.282616275,95.2614016742
155.199756393,95.3376091343
154.807723799,95.7641065076
154.430258683,96.0209235956
154.39448561,96.0801896934
154.080831766,96.0400104975
153.766812461,96.2059773178
153.726417321,96.0532002918
153.779439566,95.8296973092
154.01056996,95.6163297231
154.32238726,95.136337099
154.744600167,94.898241014
155.373490078,94.3815769872
155.556941185,94.1954205697
155.719491326,94.1487228132
155.785045205,94.0869398952
155.895810089,94.1514620419
155.99695404,94.2835092494
156.00783433,94.3785043277
156.075237613,94.5518079827
156.106589738,94.7200919928
156.119724616,94.7557251367
156.160981419,94.7054715706
156.190258754,94.5995429848
156.235302633,94.4455404936
156.261185773,94.1692347102
156.279073404,94.0293020004
156.331291649,93.8879106612
156.332031877,93.7747256408
156.070682664,93.8513925148
155.523994659,94.4533621024
155.176777526,95.1290427681
154.960682995,96.0253514145
154.555280713,97.4798112931
154.363334621,98.3344191694
154.148952896,99.6140449544
154.178882453,100.38176829
154.251582477,101.162460326
154.905426621,102.467291811
155.493480485,103.387443367
156.154095309,104.440379796
156.914300474,104.852318595
157.628272184,105.077096213
158.897763355,105.008536235
159.549084526,104.801163728
161.246350691,105.240024542
162.852971264,106.495968105
164.982244462,108.135878117
168.894543024,111.455025196
171.961790184,114.210787175
176.838385496,117.468463863
180.059224873,119.343887806
183.05077741,120.807294079
187.338451034,122.538628223
189.745707352,123.240956565
192.621040107,123.798131474
194.129552224,123.91646839
195.459486358,123.929215607
196.963044088,123.770010972
197.823487389,123.497236504
198.656160481,123.354640647
199.627055994,123.099189946
200.120686978,122.787774782
200.78398002,122.100333072
201.274836731,121.65308119
201.775269808,121.231527665
202.638442579,120.603057608
203.22782273,120.262829083
204.136609071,119.850770372
204.86600718,119.614674451
205.62560627,119.215001407
206.944430221,118.46734722
207.89965658,117.728357192
209.31854501,116.633666671
210.233632341,115.903231289
211.023405041,115.153809047
211.952025478,114.190404131
212.515080619,113.829864792
213.330697171,113.417496615
213.781585915,113.101908888
214.132766352,112.747295843
214.349239554,112.434714669
214.383068958,112.331032767
214.498447309,112.371668672
214.752172087,112.538879538
214.925306185,112.76191879
214.870495647,113.026526256
214.548648472,113.432762104
214.237948206,113.755750307
213.972635793,113.887667148
213.754930773,113.999153811
213.498192077,114.18250216
213.320821377,114.398475879
213.036667665,114.43330072
212.539979715,114.055870593
211.646511152,113.047919135
211.467405808,112.791648202
211.266126117,112.699530377
211.001530214,112.411602929
211.082750762,112.403779471
211.093474315,112.336320698
211.292620879,112.298841048
211.42050272,112.303383407
211.476785837,112.249834773
211.607327271,112.098283375
211.621766177,112.051506539
211.68865257,112.037017996
211.760013255,112.069385431
211.849138648,112.082068293
211.947597139,112.07783963
211.955798934,112.037110501
211.897539988,111.8657605
211.890800472,111.731799541
211.918385133,111.630566286
212.055810926,111.498425966
212.185341504,111.357875038
212.44453934,111.019305799
212.569820098,110.850085541
212.976762343,110.663528512
213.204411968,110.523247019
213.34524974,110.516993401
213.739250872,110.556598592
213.946031525,110.708466433
213.915951915,110.823142074
213.96164503,111.089976043
213.810910433,111.278900817
213.641198202,111.016046083
213.684614404,110.950702211
213.640366763,110.941700999
213.560651968,110.815299994
213.557904893,110.494608679
213.760709991,110.162845497
213.579969737,110.219019687
213.410927831,110.168847759
213.112605795,110.026271472
213.103816465,109.984833598
213.092911775,110.081313408
212.447034486,110.740044248
212.33126344,110.845157024
212.484199265,110.649244752
212.540121507,110.499200488
212.857822671,110.407997028
213.397754596,110.490437119
213.291488162,110.496033508
213.148335598,110.243382304
212.939423988,110.156384042
212.405704351,109.969844454
212.04398124,109.962104363
212.035232311,109.862816593
211.526723828,109.327615281
211.476488241,109.175039705
211.343809396,109.0726649
211.47407125,109.174731139
211.648631734,109.313606711
212.11542132,109.630296909
212.228807708,109.747510377
212.357948682,109.826025842
212.538046872,109.871800997
212.678951928,109.876854589
212.812831945,109.835641403
212.959458654,109.770346395
213.012113725,109.724888673
213.068401315,109.60543426
213.096489744,109.524487282
213.13553473,109.44583511
213.168036225,109.434148419
213.201387665,109.433650137
213.26127438,109.401915083
213.277064054,109.359866379
213.31367805,109.248126721
213.266592449,109.08297002
213.183438045,108.897272217
213.283566283,108.580731239
213.426688664,108.366195234
213.727110176,108.12092675
214.145510954,108.042608679
214.315994009,108.039231254
214.780598662,107.966063535
214.991241138,108.073295513
215.060196353,108.155195852
215.392956425,108.321401614
215.438577946,108.351359611
215.436988986,108.424967483
215.421084418,108.386211235
215.369569064,108.593058707
215.941309244,108.833855647
216.007516785,109.06649325
216.022721185,109.097306417
216.080636175,109.041546071
215.869919314,108.670782133
216.171585847,108.224221839
216.281878538,108.044089158
216.5164527,108.086367019
216.756220797,108.170900508
216.92828773,108.257738566
217.086006495,108.403126834
217.087507157,108.447201108
217.100893331,108.467295448
217.043651257,108.465429426
217.003972406,108.422819396
216.974102152,108.352745765
216.94811725,108.300501144
216.901628734,108.236845175
216.804293753,108.139726247
216.749587587,108.071671149
216.65560018,107.968410648
216.62735493,107.925799327
216.571469881,107.895863709
216.476895433,107.868838426
216.387006146,107.838686204
216.268509721,107.74328456
216.183916,107.587319222
216.142421553,107.507418813
216.089699161,107.42879293
215.989518485,107.364676502
215.95778785,107.331944475
215.933705706,107.306026506
215.934099906,107.273343277
215.91033293,107.182890505
215.897907143,107.119958484
215.879360413,107.066616631
215.889135167,107.046814069
215.910005937,107.044050111
215.94364938,106.980959387
215.936756389,106.773539034
215.761418089,106.505970504
214.512442574,104.718537932
214.033414521,103.475987185
210.975378722,99.9379756806
210.752324285,96.1509105423
208.224588822,94.8230920053
204.615423077,92.169289428
201.935482676,91.0823252638
198.115645117,90.1754749612
195.402147176,89.8991352258
192.583011354,89.980207011
187.757082393,90.0020167875
184.147089467,89.7875412538
178.736058805,89.383195408
175.217719793,89.1669520892
172.311363609,88.8154755868
168.917725319,88.4677655567
167.565817371,88.2839721793
166.126107084,88.2774794643
165.671401028,88.2271083912
165.354690965,88.3959396557
165.409052443,88.3666308214
165.6139933,88.3998779481
166.293288446,88.2380624833
166.722852723,88.1918511617
167.235888119,88.0241744159
167.977627326,87.860367297
168.409502144,87.8910089055
168.946566031,87.9164037524
169.257152033,88.0557198471
169.598931857,88.0637452627
169.908559263,88.2646936952
170.257650263,88.12524699
170.735120512,88.1545809475
171.013649165,88.1628385227
171.175087253,88.1441977157
171.411017172,88.1013225201
171.531569392,88.1542106166
171.662112017,88.4196917848
171.667908736,88.6780314119
171.625104837,88.9387833892
171.526469693,89.2286744426
171.388903352,89.4744942193
171.199418734,89.8611133142
171.153315041,90.0466653114
171.154437911,90.1775079364
171.219317327,90.2451830274
171.297634642,90.3116020771
171.419999444,90.3940323128
171.543671688,90.5628256862
171.547377463,90.7421345187
171.448804097,91.1356243987
171.409154569,91.3959868005
171.376113309,91.5328887834
171.324950582,91.8770575938
171.224955023,92.1476743382
171.046720809,92.40855423
170.86898865,92.6446310331
170.621358183,92.9711546766
170.269969729,93.1360443031
170.066973659,93.2573507393
169.684252062,93.5359656791
169.534482414,93.5935343014
169.356208006,93.5263678871
169.206424369,93.5626838757
169.183843168,93.6306352944
169.21503861,93.74421664
169.288878041,93.9070811973
169.357795288,94.269784299
169.504036216,94.538577857
169.58067625,94.5999322463
169.639055746,94.8267909743
169.692811443,94.9106513357
169.805970699,94.9596083418
170.159577566,94.9235926252
170.542866688,94.9002983877
171.168283133,94.8049990761
171.63001019,94.5871127021
172.065949332,94.427038307
172.602754317,94.1513210749
172.878131478,93.9727514997
173.077318683,93.8475053219
173.164929073,93.7489477534
173.239290468,93.6475154308
173.322284378,93.4744258012
173.357640066,93.3987968831
173.363189193,93.3443781303
173.325661354,93.3224641229
173.245847489,93.3074891528
173.08415746,93.3120295632
172.971450041,93.3755117941
172.86112816,93.5000180374
172.730451078,93.6026031371
172.66435803,93.5947761513
172.568998316,93.4492042801
172.539664928,93.384898278
172.506581394,93.3923816292
172.47790451,93.5028466336
172.391768956,93.6715739588
172.152889813,93.7690084677
172.021257905,93.7654954218
171.846182873,93.6792865136
171.796264041,93.5299229196
172.082577324,93.414447854
173.290257832,93.2600565142
174.596831442,93.1361244984
176.333431479,92.9013266581
179.38041056,92.5620192437
182.320361651,92.2093302381
188.583490567,91.8828068109
194.295102807,91.807916817
200.260144797,91.8206691281
208.50520807,91.0293629497
213.021257052,90.6455493785
216.527506392,90.3259139093
219.433569656,90.0613404493
219.952047336,90.0965475663
219.459193934,90.1073033935
219.134259973,90.0302408227
218.698060053,89.8951967316
218.644864866,89.6366939027
218.83576239,89.3683543439
219.830887801,89.1774826511
220.760324807,89.044024966
221.821938312,88.9640812705
223.272003643,88.9022981083
224.016851338,88.9118751109
224.461458178,88.9031406623
224.163029334,88.9703038734
223.291732556,89.0288441753
220.60426347,89.2319507066
217.232907568,89.456316226
209.648479256,89.8288737566
203.533789883,90.0480216867
197.18555836,90.1063688876
188.794703313,90.2324406193
184.594578605,90.1537449805
180.104586866,90.3552662055
178.286317612,90.5309867381
177.136630879,90.6830552702
176.315953721,91.0815545885
176.230766347,91.3649283866
176.390161451,91.8651124199
176.590499089,92.2412817385
176.691746244,92.5161363603
176.683897836,92.9027961515
176.656903922,93.1455153545
176.606965661,93.6501424862
176.503152823,93.8100298239
176.294479834,94.0598015495
175.87922791,94.047522703
175.711571051,93.9369301025
175.55368163,93.9804627335
175.458328037,93.9573613705
175.430218815,94.1662084609
175.17040435,94.5718321819
175.080410061,94.7685564225
174.952950483,95.0760885604
174.825430364,95.55301748
174.846031856,95.5838987144
174.835699553,95.8436566778
174.838513178,95.8763894783
174.898059299,95.9815264644
174.997802913,96.0351709785
175.16166127,96.0724359867
175.608439366,96.0478396791
175.876603394,95.9482737296
176.257147593,95.6528568055
176.590807552,95.4351346224
176.823505033,95.361158238
176.932375629,95.2454488256
176.95869715,95.0474080246
176.904062873,94.9268721842
176.649008538,94.6825434592
176.515229293,94.5290916827
176.512216085,94.3545121599
176.594123089,94.0891831577
176.602100517,93.9991276307
176.598843978,94.1834323809
176.602968663,94.24556465
176.509917701,94.3172375055
176.279007088,94.3435652142
176.022615936,94.3346924029
175.19584182,94.3416330012
174.724503919,94.1646891129
173.792681716,94.0578297378
173.243175565,93.8682453691
172.747402238,93.713603156
171.926756467,93.7170009999
171.162285988,93.9096203931
170.01174185,94.4429264881
168.628228649,94.9244942699
167.791193533,95.5129472603
167.19774293,95.8366633775
167.389720576,95.885692193
167.729486275,96.0665474613
168.053759417,96.099508434
168.429885642,95.9006705317
169.190314021,95.5282107007
168.714390703,96.1189519336
168.50029039,95.9490817992
167.902540205,95.9208581756
167.762883086,96.0936664214
167.848786787,96.0755788778
167.960976945,96.25087245
168.158744399,96.3710523683
168.067667002,96.3124438685
167.904859099,96.1454702866
168.003849192,95.7137952101
168.290513462,95.5417762646
168.501772957,95.2512683397
167.958448065,95.8265107414
167.02952052,96.363013762
165.893500476,96.4283493401
165.490653359,96.1026299629
165.338294171,95.7704413953
165.290782735,95.8765146743
165.468427729,95.7295362467
165.787066172,95.2835630772
166.242932709,94.9129573255
166.750646735,94.7971183572
167.274256402,94.8350918184
167.58858703,94.6294733611
168.010415472,94.799089489
168.732119626,94.6692744177
169.209427977,94.7489728709
169.757654525,95.0413715507
169.9358215,95.3017126732
170.085598595,95.352755115
169.856905485,95.5156317486
169.611288504,95.5660830973
168.839809883,95.4994316912
168.437550547,95.4494340192
168.053078818,95.5115975219
167.854614906,95.4903494428
167.731216889,95.4521381132
167.628281767,95.1455208828
168.019750599,94.741439992
168.440732556,94.5204557091
168.971921649,94.348282693
169.17572878,94.3260582187
169.349049146,94.1334983159
169.452358326,94.0138316888
169.345909187,93.8207205978
169.103953082,93.5779906545
169.038017338,93.3609598987
169.164393521,92.9859835459
169.233224132,92.7487751072
169.423475411,92.4959807237
169.747144925,92.4228023692
170.025107717,92.5532006864
170.468702432,92.7616803836
170.896660101,92.9572124943
171.086083451,93.1756075091
170.880815805,93.8624978825
170.247687814,94.3824911128
169.1372766,95.2692697546
168.423322667,95.8097740979
167.909816042,96.280947723
166.677653385,96.8002612141
165.551041479,97.553191338
164.330254867,98.2370743704
162.92235794,98.9135212845
162.511848387,98.8493768657
162.451524379,98.961930947
162.131691338,98.9758529194
161.58227422,98.8316317016
160.770435918,98.8586735642
160.372995315,99.1761502753
160.126496613,99.056866396
160.110366842,98.8588308726
159.951665119,99.069472071
159.587021431,99.2544694963
159.430048923,99.055032604
159.259627105,98.8708306303
159.25796348,98.6922869784
159.34584825,98.7211848888
159.647154038,98.6358853889
159.677031786,98.6395642737
160.191072086,98.5443794893
160.947201875,98.2165102199
161.772145763,97.510074915
163.908696156,95.9308813812
165.361409135,95.3426675535
167.83707258,94.0183535931
169.623237159,93.1504911876
171.361125475,92.3437062358
173.151605992,91.8080879053
173.742749804,91.6322275551
173.808928796,91.7409717714
173.560613549,91.9135752029
173.217813858,92.1683937686
172.798774911,92.3952741329
172.63733886,92.4575441413
172.606562776,92.4432881987
172.715203091,92.3917610197
172.83174486,92.3898157735
172.933316315,92.4287971483
172.96317554,92.4574751061
172.957602722,92.4826150421
172.927368529,92.4829407905
172.890316763,92.4433686726
172.862005067,92.3307151683
172.817364157,92.274406365
172.849066344,92.2616916164
173.022951564,92.2544981464
173.175802855,92.1556347348
173.54108105,92.0483044227
173.722690718,92.109917971
173.970893397,92.0427280625
174.188295645,92.084256335
174.406224698,92.246748237
174.757628153,92.3924361387
174.969131869,92.5122596287
175.231841353,92.7710218309
175.544888459,93.0542576376
175.729835831,93.1547477176
175.988997293,93.745672462
176.002831908,94.3264388288
176.080383554,94.8649730472
176.214857807,95.6288523084
176.240738553,96.1979041522
176.148341821,96.9680061278
176.090468814,97.3508252652
176.011093055,97.6682717309
175.918257193,98.058314234
175.94019278,98.0890603578
175.970215666,98.1357006216
176.053953796,98.1645640876
176.227243135,98.1697622894
176.590171351,98.1930983543
176.919282258,98.2279773886
177.237861082,98.2141937788
177.466550676,98.0852201596
177.762899285,97.8455851514
178.235084762,97.4980794365
178.563216971,97.3180930665
178.994201387,97.0837713958
179.590076981,96.9510900443
179.957443783,96.9637799302
180.548885644,96.9882236382
180.875349179,96.9444481571
180.960528649,97.0854642366
181.159888001,97.406815304
181.203510127,97.6201830036
181.292992125,98.1761685853
181.326297657,98.5279828254
181.378244553,98.8490488727
181.415528605,99.2137610507
181.3846042,99.3795491059
181.318164538,99.5464305339
181.321951608,99.6238954794
181.388178416,99.7065998945
181.678831044,99.8172046111
181.890459054,99.8275209247
181.980389416,99.7156876434
182.025308764,99.6001448384
182.053948227,99.5237482385
182.274721879,99.4660989481
182.526514779,99.4399888247
182.942242372,99.4794927884
183.098372391,99.4751578523
183.245859192,99.3928000298
183.493181898,99.0803083229
183.603501293,98.9976442396
183.710013478,98.923084466
183.816430435,98.8916400204
183.898795693,98.9558769832
183.978750319,99.1098343162
184.004034607,99.1736092329
183.988013959,99.217626893
183.779718362,99.1993227361
182.971468121,99.2117819294
179.903412633,99.4193374211
175.357222305,99.610684242
168.346770018,99.8482049632
154.187774883,99.8267453971
143.959993449,99.0629756416
128.839281054,97.627034095
120.553874496,96.5537013776
113.74753969,95.8752599657
106.891993033,95.4528774719
103.912874599,95.586984977
100.112211039,95.6262329291
97.4141416977,95.70183898
94.6919985333,95.8419063756
90.9196297052,96.0295755962
88.7533225121,96.2426288839
85.7980588304,96.4241066584
83.8862846919,96.5614597869
82.0314982628,96.4868211975
79.2228322673,96.0776386515
77.3066912497,95.8046337599
74.5492055085,95.4897883785
72.6958833997,95.4163760039
70.8014932373,95.3736015813
67.5253581479,95.2879093108
64.8962567009,95.0776618971
62.0557250125,94.6507012627
57.4320373892,93.8250835699
54.2865334055,92.9947813324
49.8680107868,91.519794034
47.2221532148,90.6831827606
44.8603649687,89.7009335691
41.540235684,88.2150883127
39.196852376,87.5735106427
36.0155358349,86.8524488238
34.0048878211,86.6112719656
32.0592212616,86.4361994937
29.1760911861,86.3762390385
27.2904117791,86.5709618252
24.6264265444,86.9667694186
22.8775361728,87.4101227466
21.3135848004,87.707411817
18.8379049239,88.1333569245
17.3475624157,88.2019401502
14.9889888095,87.9691383646
13.7830117283,87.2041577233
12.6452333133,85.8760667061
11.4123127595,83.9910667791
10.6892009606,83.0940495318
9.82312431559,82.3305687551
7.73656336794,81.3571028206
6.14160463404,80.6379070655
3.31711941478,80.0617949711
1.81095119409,79.769061708
359.746507296,79.9164823822
358.457484777,80.068594355
357.013812196,80.2655925824
355.089473054,80.4758473929
353.868249269,80.8267222423
352.647178292,81.3117988767
352.150630474,81.3946850709
351.818223063,81.4424534204
351.138335103,81.5936089675
350.539990997,81.8086311425
349.657637607,82.1618419332
348.462903622,82.5555353585
347.645415974,82.6794204975
346.680367587,82.7291614257
346.059587281,82.8831088118
345.464959303,83.1165284317
344.615402554,83.4808463361
344.20529097,83.7218223169
344.129544278,83.9560942321
344.179720637,84.2061087785
344.668972632,84.2661863371
345.505305562,84.548074071
346.411456454,84.8030897785
347.64198891,85.3981664231
348.675818048,85.9521905709
349.563654127,86.4444518898
351.001425096,87.5043730099
351.68805915,88.3095099828
352.734794454,89.1487138885
353.37911982,89.434846992
353.384493646,89.7296600259
353.931639966,89.7253695491
354.300292034,89.5811147496
354.926282409,89.3583442873
355.522002275,89.3172443078
355.811591485,89.3372032832
356.057206368,89.6407706323
356.058564283,89.766203657
355.949101466,89.9407671771
355.783111012,90.0311328826
355.7122838,89.9629192839
355.607591594,89.6885896805
355.558117497,89.5534504946
355.515852785,89.4500285496
355.406574447,89.3964612104
355.338979333,89.407230955
355.291882115,89.484401889
355.261078554,89.5491221929
355.272442678,89.5947109222
355.400757676,89.6673421377
355.52338741,89.6927678138
355.610893238,89.748193282
355.651941144,89.7830147608
355.63776463,89.8518674011
355.55075764,89.9633530348
355.487850905,90.0176666405
355.154705691,89.8736988243
354.756932315,89.6027392892
354.261609385,89.3327513545
353.43819884,89.0059552737
352.898030512,88.7008520168
352.236741463,88.1706314693
351.858184222,87.8843751138
351.620753378,87.6909702626
351.258738896,87.8310705431
351.050243336,87.9502773404
350.744772084,88.1274986323
350.61649145,88.1771678863
350.467089159,88.219405728
350.185088983,88.2482504432
350.008660651,88.2396027428
349.740066243,88.2458396344
349.585283797,88.2667038598
349.364283823,88.3011516891
349.134987917,88.3253989289
349.021055003,88.3211689872
348.934575346,88.328208938
348.793642262,88.3632462261
348.664047363,88.380323905
348.480946836,88.384192957
348.349005698,88.3704811299
348.248246863,88.3185980838
348.178223353,88.2625992523
348.157390585,88.2198160264
348.127685908,88.1777680205
348.136513917,88.1575786783
348.152120458,88.1674769958
348.154148435,88.180048114
348.112974307,88.1987633314
348.026213479,88.2232118023
347.965595726,88.2547537633
347.910482787,88.2885383737
347.861017202,88.3409672025
347.830569895,88.3677951342
347.800580989,88.3813535821
347.818072272,88.3845528075
347.87615213,88.4189336312
348.043831548,88.5253520157
348.113583941,88.5743953147
348.271756318,88.6249684368
348.398687779,88.6389325155
348.507040615,88.6164245035
348.682034276,88.6042845834
348.79218815,88.6141495302
349.049258795,88.6845730876
349.178432261,88.7364139944
349.315598922,88.7892780502
349.517321327,88.8633449935
349.617002494,88.8626950947
349.761753471,88.8561282301
349.861478324,88.8548704663
349.956892824,88.8721051557
350.083638788,88.9163353444
350.161209004,88.9662443155
350.293777004,89.0275715362
350.461034798,89.1761905781
350.595025996,89.3274147656
350.777801343,89.5412975247
350.913690766,89.6636242899
351.083930477,89.75165844
351.28657283,89.8612904366
351.391515305,89.9211386887
351.516177595,89.95375576
351.580352883,89.966004276
351.652027475,89.9843333169
351.74072084,90.0246660321
351.789860018,90.0296933763
351.813746797,90.0311653899
351.810355643,90.0227082684
351.775453448,90.0065437281
351.762279481,89.9916934928
351.764657164,90.0006779168
351.762958392,90.0576670499
351.754933813,90.0850182671
351.744301723,90.0815548516
351.726280726,90.0630329332
351.748125269,90.0740338419
351.726360606,90.1514552131
351.648178603,90.2089513082
351.51473163,90.2298962102
351.269972527,90.1853061911
351.108520006,90.1411188501
350.943010641,90.1322239919
350.837001667,90.1512863493
350.75774236,90.1931593584
350.702213357,90.2068009616
350.685127907,90.1974444648
350.696864417,90.1737205185
350.762398089,90.14572319
350.804048153,90.1428103871
350.83773309,90.1787666195
350.827685548,90.1946519243
350.827175569,90.1984431832
350.846381916,90.1898567964
350.849404435,90.1912412156
350.839699178,90.2199390609
350.821417913,90.2525898649
350.794256709,90.2931971551
350.709829206,90.6005252526
350.255337741,90.9807175573
349.990446218,90.9861743747
350.24316356,90.9598243151
350.77948405,91.0393052832
351.898491776,91.4326111935
352.792693295,91.8431345555
354.576749299,92.5811771827
355.747257229,93.2113769478
356.658403845,93.8699662033
357.877335281,94.7335063183
358.652932441,95.1438446007
359.68410281,95.6395654785
0.242143841626,95.9462675568
0.612591743224,96.1578797392
0.869992350294,96.3757264817
0.808591582572,96.3789490661
0.558211986,96.2595657252
0.234696170657,96.0996183846
359.827829732,95.8490977973
359.344704996,95.6067779849
359.068665327,95.4167625652
358.609929734,95.2446801086
358.39023462,95.0959788592
358.151590528,94.920696196
357.455208016,94.4891280271
356.909783652,93.9899771023
356.191707152,93.2801082139
354.638892151,91.8940774865
353.089425945,90.7225174458
349.798505322,88.8935410412
347.960145581,87.5524859266
346.214567985,86.5240253246
344.157143204,85.4783750424
343.11821534,85.0397657034
341.992779838,84.6975534223
341.510711306,84.5969391365
341.167832942,84.6087802342
340.694788368,84.5958416863
340.741763666,84.4246754409
340.401557204,84.4354018601
340.062703455,84.3566817374
339.510797627,84.3255438332
338.855912469,84.2050527881
338.448427417,84.0755894154
338.215395467,83.9697334889
338.092607946,83.8903075084
338.016988619,83.8647912722
337.908478141,83.8179534945
337.902264774,83.7523277231
337.881782288,83.5746481261
337.84835531,83.5481363537
337.850655285,83.572371899
337.893638212,83.7260526916
337.924314455,83.7367937208
337.893316231,83.6041116105
337.919146658,83.4115480381
337.955824866,83.2475294683
337.986771255,83.160604603
338.001883217,83.1402043866
337.902349908,83.1190855534
337.840512568,83.0851173623
337.788419935,83.0867830604
337.808962547,83.130048053
337.905825253,83.1945742229
337.97033135,83.1492626868
337.991771056,83.1423921258
337.980661866,83.2206737731
337.97883681,83.3470145386
337.970501231,83.3852450036
337.934850331,83.3908645109
337.781845103,83.312954527
337.676452201,83.2216886099
337.491315928,82.9790353286
337.434897623,82.9064732835
337.276275069,82.9670157029
337.255296848,83.0661958458
337.275964204,83.0460208192
337.210263576,82.9428935747
337.098504952,82.701932779
336.760367872,82.2382846628
336.170323173,81.7605300882
335.725277724,81.5794955096
335.222708175,81.654069436
334.985303788,81.9175501803
334.938136805,82.1613013594
334.831273383,82.3846645312
334.752671495,82.4064717501
334.604666053,82.3968504843
334.523778222,82.3817777285
334.619117359,82.3521137087
335.825760548,82.7510709125
337.360723323,83.2068924053
341.085491867,84.9369681937
344.397804776,86.5260144847
348.213112661,88.5755224318
353.828556322,92.311483495
357.198850634,94.8490439926
0.119991707433,96.8875542955
4.14489394119,99.1926592101
6.20326984012,100.14861063
8.64266669498,101.123447184
9.94950620872,101.760299307
11.2742591534,102.310374157
13.7411388428,102.996334484
15.8867251439,103.359091651
20.9855713385,103.9098055
26.1482137831,104.353295701
32.6807547669,105.28744064
44.7124764298,108.093533027
53.4290368608,110.335313619
66.0127788401,112.373527834
73.1017478079,113.005695926
79.3367038619,113.304753867
86.6417031063,113.375745053
90.5324463687,113.133464867
94.8503656332,112.649332963
97.042376883,112.040933965
98.8811364794,111.286847558
101.300557474,110.3187581
102.320928094,109.825241864
102.518925518,109.423927927
102.069936002,108.949317846
101.556494051,108.01383349
99.8964455605,106.72832438
98.7058964967,105.86108406
96.3832548797,104.290633621
94.8743348969,103.250376114
93.3286495845,102.246899803
91.6806033281,100.505974191
90.6975645788,99.2882473353
89.6999938499,98.5420375299
88.6177532596,97.5081596793
87.8760671774,97.0150196621
87.150219257,96.3124893633
87.0005597239,95.8632725294
87.1613357028,95.5451247653
87.4738615814,95.3584323488
88.1731815496,95.2129789504
89.5033684701,95.4675471888
90.4759194092,95.8245470789
91.484175986,96.1756500541
93.1412985523,96.7403835806
94.3522819948,96.9686337615
96.4021364374,97.2807364476
97.8848275148,97.3973834854
99.3056315024,97.5977569241
101.29254455,97.8941849053
102.563329958,98.0661144114
104.349798184,98.1689760955
105.560998234,98.0617525554
106.909649179,97.8043741837
108.636718366,97.3841069686
109.407337831,97.1112312532
110.355287879,96.6847557932
110.765510548,96.4769413471
110.94483954,96.2591009431
110.947071604,96.0277312032
110.82560259,95.8067601992
110.285679833,95.41140212
109.66857122,95.2385246621
108.966257125,95.0270543568
107.612511751,94.6440166112
106.555689569,94.316151167
104.750076899,93.8500873038
103.380636288,93.4471176462
102.193149439,92.7874887488
100.420537402,91.685674565
99.2860543516,90.8865444957
98.3215949787,90.2333081651
97.0758961757,89.5801404936
96.4688365445,89.4208460828
95.9927942333,89.5608570342
95.9213202751,89.8508272443
96.0952226993,90.3083339587
97.6493921283,91.6396224282
99.9353170507,93.0724198439
105.187404432,95.9752398776
110.572442673,97.8156422143
117.343633862,99.9795173519
129.1946763,103.069231173
137.111431962,104.473552834
146.908685005,105.58986679
151.34700062,105.466499844
154.7628965,105.171644931
158.096822637,103.928627789
159.706819816,103.200912108
161.357680209,102.492994865
162.161281288,102.135997698
162.809867964,101.68478762
163.369577237,100.788762262
163.397298286,100.152535133
163.51289317,99.4699340425
163.478347211,98.8429075122
163.429613001,98.4866674124
163.057916164,98.1778019375
162.623449887,97.9125130254
161.969623151,97.5765328054
161.291935473,97.5163643505
160.586881359,97.2755420341
159.571156999,96.887034344
159.035693954,96.678958845
158.735833768,96.4879961835
158.502914443,96.2707550763
158.469797681,96.1729184417
158.467599439,96.0357749073
158.559731311,95.8792466385
158.718196922,95.6765748011
159.069648973,95.5383161078
159.278952652,95.5493367587
159.393594902,95.5540145303
159.344929198,95.6047999256
159.125975654,95.785376416
158.448517409,96.1084693348
158.037377938,96.1682847199
157.546408324,96.0181449578
157.414059249,95.851809039
157.507182433,95.4188304059
157.991424543,94.6195539453
158.410713038,94.0053136511
158.993813753,93.1908638459
159.302697873,92.7015994626
159.541134321,92.3589362442
159.932187751,92.0387104958
160.18527007,91.8406595819
160.533123037,91.3880612426
160.727638134,91.0965758805
160.809581198,90.8551733976
160.738147439,90.6580658189
160.629502211,90.6658428007
159.882271329,90.8286297002
159.067374127,91.2451961689
158.004417628,91.8000478267
156.231805333,92.4225862581
155.010002737,92.4730972612
152.956891584,92.7054150713
151.454129974,92.6761523738
149.847089481,92.8115890584
147.534938886,92.730151017
146.070588989,92.7739418341
144.878930872,92.9691462011
143.237457302,93.2988149925
142.179738369,93.3575274993
140.409630656,93.4366591498
139.014997018,93.2940407236
137.535219766,93.1173531669
135.262184522,93.1775659039
133.175465578,93.2821072335
128.762923832,93.7776450684
124.828941725,94.3958325839
120.618746809,94.9894293989
114.350552404,96.0819605199
110.642437396,96.9053591153
105.973238777,98.4175893711
103.508850761,99.3905598303
101.347525488,100.176024471
98.7813174826,101.198157616
97.6003373784,101.647069687
96.3055060722,102.256722055
95.8435541087,102.538354917
95.5577729671,102.829647571
95.6260014598,102.854446169
95.6323527966,102.910393119
95.7832924005,102.806297549
96.0183104795,102.629117329
96.5175017943,102.216623109
98.5247172924,101.370031361
101.196714891,100.855745282
107.230350412,100.094012696
112.06478372,99.507972123
117.017460852,99.0003766149
124.064660862,98.1224534301
128.247356561,97.8716287565
131.822896303,97.917792582
135.987325481,98.0744798013
138.013560291,97.9417514885
140.1336153,97.2926040512
141.071870982,96.6430126274
141.754870316,96.0092865286
142.669244058,95.065056621
143.358746313,94.3760262809
144.302721678,93.5020791693
144.966184094,92.8459116092
145.633114976,92.2745414566
146.649063441,91.6224876272
147.326230657,91.117632097
148.421747471,90.7556917045
149.10503694,90.5722356923
149.789966526,90.4043212281
150.634585236,90.3177129773
151.11003445,90.429021791
151.483803238,90.5627322962
151.603714043,90.610726053
151.790671322,90.5802737291
152.104737997,90.3849510154
152.390407418,90.3196785269
152.882966359,90.2662625975
153.23479968,90.2215332457
153.677922106,90.1075642415
154.322163464,89.821126646
154.805260426,89.7094698239
155.28162008,89.5621503197
155.937803759,89.4077056744
156.350982679,89.3238554607
156.891568311,89.1163936559
157.262267288,88.8561316954
157.601058505,88.6478046038
158.037098963,88.677502558
158.272162762,88.7443100853
158.671051385,88.8958212989
158.947137934,88.9175349226
159.239655449,88.9109271178
159.723976059,88.8829825209
160.054994933,88.8574802227
160.46546501,88.7443738863
160.743087124,88.7532818242
161.064117459,88.772133338
161.559013069,88.8000877121
161.890865536,88.8160714642
162.406220627,88.7612108097
162.856804407,88.7302700532
163.297462467,88.6531476221
164.084212278,88.6476651395
164.749306248,88.5719953701
165.728657811,88.3167615251
166.431565013,88.0337548599
167.074832092,87.7586871679
167.961138498,87.3082009193
168.55129146,87.1466682638
169.441698203,87.0661668594
170.037125585,87.0443010749
170.627098571,87.0412679512
171.384312745,87.0598659172
171.815109679,87.1803133201
172.352794316,87.4353386383
172.585149753,87.6818835014
172.82118022,87.9334615187
172.940230216,88.281183765
172.930098841,88.4874974311
172.877189971,88.7648694184
172.92722306,88.9399588312
173.006118002,89.0556386823
173.115444178,89.2020452831
173.149304054,89.2555298446
172.972295849,89.2693826495
172.388076081,89.2415324978
171.833430469,89.3252117728
170.931240772,89.6285290415
170.460096251,89.6828807257
170.074824002,89.7730631082
169.671893004,89.8899811999
169.617152843,89.9007183003
169.608904616,89.9997556931
169.627277905,90.1789545414
169.658144816,90.3029804433
169.716296328,90.4734687807
169.81885884,90.5281821224
170.157612132,90.9968121031
170.46873748,91.216613319
170.835678214,91.3299690969
171.601477309,91.2470725544
172.613562722,90.7399357596
176.604477514,89.2486721017
181.395380569,88.100373051
186.718560776,87.1972160685
194.648846729,86.5091609224
199.534261624,86.0236361564
206.270468461,85.3882057903
210.295684672,84.9769727956
213.785819591,84.6322269213
217.802369383,84.3433193991
219.697382874,84.2700281251
221.581442106,84.3017848496
222.376631881,84.3362303286
223.099113497,84.1830026492
224.046397299,83.4632548831
224.72265437,82.3149459426
225.418762551,80.7742482216
226.381193054,77.6203951644
227.248608127,75.1155462222
228.08776153,72.2686882894
228.533811218,70.5837106069
229.175315978,69.6465403989
229.925673486,69.1737690834
230.66572555,69.4039697672
231.996850204,70.4367071398
233.072328203,71.2807516389
234.149113285,71.9755300461
235.654539103,73.0769509241
236.623868219,73.7425505428
238.124402783,74.9253377596
239.205261705,75.7372114895
240.374963839,76.2955891123
242.175768757,76.8178168474
243.254371302,77.0410996552
244.460553908,77.1735997798
245.911444624,77.3583706875
248.0838784,77.9618501477
250.21572732,78.8787945486
251.751599997,79.4293302182
253.576156356,80.5443535343
254.559009355,81.3672669635
255.559937732,82.025699908
256.962082782,82.6244141139
258.090967291,82.7211644679
260.008006453,82.8782927096
261.261239347,83.0560115579
262.570093373,83.189114449
264.787010596,83.2579473708
266.388065375,83.2850143402
268.882369411,83.2958247028
270.477554015,83.424614899
271.952618616,83.4850972971
273.915883187,83.6040740196
274.832716012,83.7195411367
275.651596446,83.8439993777
276.704536642,83.7777422378
277.332003756,83.6318334183
278.097179623,83.3405955867
278.544291338,83.1953032509
278.987024412,83.0792809935
279.6146511,83.1296048852
280.187202047,83.4304708776
281.831832118,84.5841523876
284.222830654,86.5994761378
287.61783713,89.1437625526
293.947902641,93.1818290852
298.217335887,95.8844703582
304.219323071,99.3914443697
307.506112249,101.201117209
310.049134175,102.471379297
312.517614085,103.151674319
313.224894875,102.946829411
313.376043276,101.703488573
312.811639649,100.34409624
311.768753085,98.792166401
309.429484048,95.8640755257
307.84530777,93.6603822978
305.877334727,90.0843712171
304.759877903,87.6698872157
