181.609624338,103.207838404
181.792105723,102.688390504
181.826571392,102.439058204
181.809543386,102.090508593
181.742863503,101.840148816
181.658717286,101.53690443
181.534784449,101.405896136
181.474886404,101.381327965
181.391366961,101.740443077
181.365856929,102.428351991
181.427598976,102.285429284
181.621976758,101.921165835
181.740688429,101.725550529
181.827569826,101.57031969
181.840976748,101.506207973
181.832288989,101.483262331
181.826284112,101.494171041
181.900344354,101.3486895
182.080774751,101.111926271
182.200508085,100.975882485
182.230133532,100.903614976
182.11430163,100.742033577
181.985142255,100.498315824
181.81824506,100.293057064
181.675845909,100.20907618
181.388399502,99.9838048962
180.86877629,99.7926205909
180.167830041,99.7526169831
178.322977244,99.4588085582
176.728517865,99.3065517317
174.73468964,99.03515677
171.581997216,98.7538662401
169.273592602,98.3371731716
165.581720805,97.8793287711
162.451095534,97.3695046666
158.683193936,96.9090936372
150.784304364,95.6390602779
144.41437721,95.0795260973
137.566880742,94.8759950918
126.987327839,95.5038923585
120.149085859,95.9954164078
109.985173441,96.7356004579
103.756936053,97.1595973232
98.4345706048,97.649064216
92.6051501173,98.5526088086
89.8791935388,98.7607475281
86.6187387556,98.9405148279
84.8722569107,98.9170968674
83.6969662819,98.9742519833
82.944646833,99.1081422143
82.9053524277,99.2962572514
83.3303754021,99.2361351064
83.9288774812,99.1400625918
84.9073178701,98.9521181546
86.9507020825,98.9049133086
88.3440291657,98.4429610437
90.509900008,98.0367341207
91.8829201285,97.6813570751
92.9626668966,97.3406771664
94.0664634964,97.0386632503
94.3143761631,96.9463676146
95.0957887214,96.8194886592
96.4053336932,96.8902399895
98.4914528537,96.908351168
102.866514452,96.7633243166
106.253177619,96.6536078134
111.757601893,96.3400773407
116.254332885,96.3766945326
121.778604104,96.5918695246
131.931777495,96.6076091701
139.844831569,96.5384376624
147.636037968,96.1761339234
158.471166627,95.6290011393
164.42370145,95.3723632141
170.877682546,94.5938654086
173.930847847,94.3842090399
176.437242695,94.3544502708
180.573263867,94.3051230562
184.277988078,94.2331597812
191.816303449,93.9600950208
197.897096874,93.7577556946
203.775167279,93.4174028974
211.907863443,93.2465976684
217.048852167,93.3609558859
224.660194856,93.192201718
229.432092467,93.1228384561
234.008390603,93.0237079165
240.07957016,93.2736805966
243.353905877,93.4713190687
247.406569622,93.9802546385
249.730120206,94.231179858
252.079153081,94.4456664419
255.775359113,95.3161052609
258.15170509,96.0306738556
261.233911838,96.63902017
262.724024185,96.9709305942
263.719803382,97.2046073914
264.560036924,97.4754658376
264.798436369,97.5793976639
265.307630767,97.5908147971
265.700845423,97.5269554263
265.70683569,97.511765044
264.551192872,97.3975627814
262.064076715,97.5303153333
255.704063888,97.5707059866
250.011711811,97.9489782588
243.212503587,98.1019448943
232.333851756,97.9457840947
225.324757913,97.2439047863
218.714405383,96.3007380135
209.69048569,95.4980743821
204.585234598,95.1589165393
198.190664866,95.0280413335
194.846147813,94.8219934264
192.108055601,94.6957010599
189.256874743,94.5813434262
187.972486826,94.6412789837
186.979051839,94.7452544899
186.663235622,94.8501258981
186.642221355,94.9020646428
186.567508662,94.8997698345
186.453789305,94.8587991464
186.317065516,94.7457864913
186.116573676,94.5229226699
185.901257022,94.3990584945
185.322969117,94.1326600622
185.085882431,93.8936148422
185.000011477,93.7697104472
185.051003491,93.8014789418
185.406443034,94.09032044
186.398048848,94.9984152825
187.112785156,95.5428599759
187.725368357,95.7696334292
188.505845726,95.950898674
188.835718405,95.9415511321
189.375087812,95.6339230993
190.024733973,95.4980892412
191.829110483,95.0297851058
194.018084468,94.698383342
196.864217771,94.2114481876
203.579433146,93.2951084258
209.640809082,92.8147734262
221.391358992,92.1680726878
230.721710476,91.8696272157
240.72673996,91.5094935976
255.659766148,89.7132622988
264.464943379,88.6931542875
272.214752724,88.5056908654
282.575373418,88.1218876182
288.616583866,87.9166474999
297.064260803,87.8562288211
302.226388953,87.9196393195
307.19035325,87.8976383615
314.019115229,88.3888303766
318.185515581,88.7295875258
323.140756314,89.818626726
326.067266958,90.6059086842
328.624732087,91.4673362479
332.438693569,92.4058709984
334.824400934,92.9071872724
338.357897075,93.5739936578
340.476122178,94.1019759038
342.128652952,94.7348063487
343.223793471,95.5059172567
343.410005336,95.926899021
343.296710506,96.17052743
343.149221425,96.1887618871
342.327530645,96.1282744051
339.523334159,95.7471971922
336.754603218,95.5966890562
330.612376284,95.4834288544
325.612116967,95.6333082862
319.872692287,95.8420349062
310.605845185,95.5994804054
304.076882642,95.4000557914
294.499918914,94.7372375425
287.968181866,94.5398385079
281.63320284,94.3028834254
271.991623393,94.5770769075
265.912977049,94.7270746781
259.747873087,95.2289220036
250.919748056,96.2225560989
245.369505625,96.622695584
237.76619492,97.0539568661
233.160694081,97.4658026083
229.035116757,97.9229032577
223.339991146,98.0871979644
219.935470954,97.9494022999
215.345137772,97.5463757537
212.646945299,97.2417363227
210.190690126,96.9771060736
206.984775184,96.5570128507
205.07073967,96.3676219759
202.37101047,96.258186508
200.68350752,96.3995227183
198.972878705,96.5618605732
196.239276857,96.660448134
194.445808754,96.7207679463
191.740548282,96.7039075257
190.050310368,96.7985315762
188.524572967,96.8445105717
186.455640097,96.9192726299
185.308642372,96.9112985677
183.797800598,96.9368009689
182.976342616,96.7576302443
182.221014678,96.7185483641
181.236602208,96.6860745444
180.565731705,96.6643871581
179.889079449,96.9307001051
179.013276906,97.3230231875
178.520611182,97.6956835217
177.860750966,97.9686821367
177.471673861,98.2795497562
177.1264478,98.5782813262
176.611678105,99.0691741669
176.329560929,99.6791707158
175.681356658,100.880100672
175.252419483,101.697785373
174.763002467,102.253216786
173.781506822,103.043998144
173.090864307,103.612283878
171.936635813,104.085920402
171.080438747,104.419881985
170.216449164,104.911285268
168.97938471,105.590360236
168.224613493,106.043099041
167.281932853,106.525589902
166.734385433,106.83619412
166.255190519,107.033526426
165.632882165,107.349397578
165.218999951,107.593165124
164.557710866,107.93715214
163.971913395,108.310710861
163.224373029,108.900807594
161.851658923,110.172524618
160.913256272,110.929233218
159.838604264,112.060889982
159.193933373,112.641944682
158.587604166,113.129941334
157.654832898,113.641988728
157.043974368,113.726076835
156.212517718,113.47124493
155.712218653,113.009907614
155.292662074,112.105964396
154.779792485,109.750135845
154.481259962,108.019127863
154.046022257,106.143625326
153.823106605,105.504913883
153.676822633,104.662583882
153.672450845,103.353082432
153.852114696,102.450158875
154.312179741,101.319146151
155.550248107,100.065265171
156.705509034,99.1581946684
158.914336847,97.9897669156
160.497370678,97.1521565948
162.159179717,96.2415896338
164.699424507,94.9803620842
166.600814474,94.1540662113
170.556889392,93.034817331
173.752822885,92.5084789141
176.834510834,91.7527212405
180.947657355,90.7394607271
183.356561606,90.0896410565
186.691688861,89.4619346535
188.785221187,89.2054790348
190.89300121,89.1500327461
194.357051203,89.5219328674
197.282230194,90.2538357548
201.621148789,91.7884843791
204.120987689,92.9263692531
206.150323239,94.1135196542
208.213304066,95.7038037802
209.129606549,96.6253063151
209.865671128,97.5457921276
210.271545768,98.1999096638
210.63521754,98.7002833423
211.215917867,99.1320508376
211.516107284,99.3237434219
211.834095871,99.512957626
211.937070002,99.5436591935
212.005435787,99.552727484
211.992903244,99.3649473141
211.814823848,99.0022892829
211.436384446,98.2663403553
210.659689559,97.2986950463
209.993541829,96.4795915698
208.879096011,95.3254919978
207.907286606,94.2534321764
206.71456632,93.1104932212
204.416199867,91.5246595823
202.733026513,90.5308288318
200.144874208,89.2298476638
198.524585548,88.430852814
197.057883816,87.7326763446
195.085593122,86.8735754395
193.866572131,86.4568084741
192.118254296,85.9866137795
190.998863551,85.7246806603
189.970001094,85.4806154859
188.749711985,85.1710613819
188.11733423,85.0326441049
187.291253193,84.9183879623
186.846471487,84.9918642035
186.437837964,85.0097050433
185.94795163,85.183403242
185.663453662,85.2476248568
185.357475543,85.2893159385
185.306151651,85.0665498608
185.32560103,84.5169856703
185.702223957,83.6146143398
185.99848628,82.9295115552
186.645886816,81.4934600593
187.263739117,80.4856425635
187.927720019,79.4459151701
188.68111274,77.9675472207
188.86817744,76.8913206353
188.673499755,75.1757528572
188.240234789,74.1245007218
187.543231054,73.0517903578
186.030618391,71.8276302788
184.95524103,71.1392004948
184.012997475,70.7261181779
182.82453822,70.229929639
182.204647242,70.1534182849
181.421019057,69.9589778647
180.984402913,69.9130990528
180.644610273,69.8678584444
180.425312696,69.9372197642
180.301159125,70.2622850537
180.446119886,71.4938437267
181.135543879,73.1662615065
182.751195314,75.5280271452
185.936091334,79.0926175312
188.216242118,80.5133440323
191.420957052,82.0589030632
193.526245062,82.7897677632
195.395144504,83.6287877782
197.346384698,85.2375946163
198.183793051,86.5651589492
198.561025234,88.9544927022
198.370794052,90.6337469472
197.867234104,92.2663232422
196.635916196,94.2406097149
195.494175174,95.53738247
193.737068771,97.0106941152
192.461125491,97.8268535994
191.259715896,98.5359341536
189.716846305,99.6998840224
188.808523124,100.470713033
187.444334527,101.684934921
186.411720641,102.477868883
185.237605986,103.108425672
183.201003883,104.014338345
181.927763455,104.434476396
180.737909346,104.898322387
178.924953421,105.793435049
177.674157848,106.394359428
175.632420494,107.109804828
174.146228621,107.424043528
172.417481651,107.629100328
169.679861926,107.886278849
167.831074235,108.020458534
165.15539531,108.135580077
163.389245003,108.225848213
161.605452999,108.307870161
158.874062445,108.526110023
157.086334088,108.709217269
155.492105205,109.031618488
153.608333682,109.602613263
152.798368265,109.975677502
152.660529225,110.327432862
153.477107585,110.484690302
155.798407909,110.703053928
158.171385231,110.896160519
161.019882508,111.009447234
165.374507641,110.910960215
167.798243775,110.791365041
170.601460655,110.734146789
172.046908206,110.597265173
173.26528651,110.585048347
174.925801161,110.784900538
175.896953889,110.882524184
177.551863038,110.846668605
178.549977264,110.763522408
179.522306925,110.584683618
181.035880371,110.174763939
182.373164856,109.704919732
183.807167596,109.242543201
185.72846825,108.757112324
186.774602754,108.61797762
188.316784498,108.549934967
189.413718156,108.457373766
190.76409255,108.034093974
194.20050741,107.267546885
196.972007845,106.892515019
201.487140885,106.688624896
204.440000813,106.59046221
207.294341681,106.445122215
211.50955428,106.170405544
214.484760558,105.892057318
218.940496231,105.694956683
221.653485922,105.652396466
223.846505183,105.628523517
225.783573867,105.780846609
226.045340689,106.054035717
225.414690091,106.160695498
224.466870168,106.215117841
223.519444773,106.099499015
222.033486451,106.200470164
221.257388531,106.161342929
220.269155772,106.431557171
219.548266373,106.500871012
218.709542856,106.650986239
217.203743748,106.652723014
216.117851156,106.333672585
214.352850043,105.51228079
213.012997807,105.077676355
211.642121525,104.650489136
209.468278094,104.009668435
207.81020825,103.649469216
205.190781094,103.101159303
203.44732835,102.763708758
201.762841212,102.458225966
199.329961797,102.228874181
197.862265745,102.060774214
196.485494331,102.00420407
194.609287479,101.722608128
193.456353012,101.522212426
191.899143785,101.266847778
190.879473177,100.993574941
189.869164389,100.886282125
188.569114543,100.828154269
187.764268064,100.758184136
186.732650585,100.735424716
186.200836815,100.744191763
185.641154861,100.722573822
184.810874295,100.716944424
184.163955828,100.648635393
183.02856866,100.673304615
182.125399721,100.654290316
181.054195472,100.58790532
179.492833691,100.579144144
178.372407553,100.596115223
176.987478352,100.736293865
176.09375323,100.839917533
175.246405919,100.927076569
173.702586954,100.977088834
172.416744313,101.007111446
170.01430543,100.955994762
168.066617179,100.907759601
165.77363806,100.780282493
162.087023539,100.746003235
159.649757883,100.758351706
156.111537151,100.727322002
153.926483479,100.662647613
151.60432523,100.55155848
148.243994799,100.452591527
145.938643697,100.442127512
143.674600751,100.465884449
140.089930792,100.558133793
137.635193413,100.617958997
133.835597947,100.664996358
131.37438908,100.770578495
129.133448839,100.894763989
125.989779463,101.111860664
124.05593757,101.244932309
121.123609986,101.412446916
119.12885111,101.559253387
117.21026011,101.789346117
114.520876861,102.097994009
112.991095859,102.326951661
110.711537342,102.466646499
109.163024161,102.53619783
107.380698057,102.529640105
104.55007698,102.421207536
102.790684603,102.383186367
100.504746585,102.328987174
99.2269215428,102.193775977
98.1086599536,102.084480514
96.6247853763,102.144040447
95.8935320563,102.270123639
95.2784360423,102.479965719
95.3878122599,102.534570367
95.6223009156,102.597591405
97.5596299686,102.33169236
99.5159604737,102.251442453
103.665601305,102.255218095
106.734777742,102.253742134
109.686517907,102.083599602
114.020078601,102.123003392
116.90008586,102.091743877
119.862316604,102.208894228
124.663265569,102.120498114
129.838331052,102.084521251
131.630121313,101.992454112
136.865607324,101.89428545
140.492674788,101.815422559
145.872514758,101.780948018
149.411976887,101.624938367
154.628247053,101.56914879
158.261688133,101.431827238
161.718504733,101.364215538
166.291413472,101.134865312
168.78082474,101.158337575
172.006461459,101.168961266
173.647701611,101.157691654
175.008602202,101.083799734
176.246300155,100.44290743
176.401326534,99.2464043586
175.982069811,96.7351532576
175.588533168,95.0278263268
175.251751525,93.6578977246
174.86043479,91.7617061802
174.881575876,90.7482672153
175.253587408,89.3268610935
175.65922005,88.7959654963
176.006641496,88.4417888655
176.518205753,87.8289085376
176.761959235,87.4025371142
177.192646924,86.4297242816
177.422516994,86.0077132127
177.600681676,85.6061060332
177.837925084,85.1793747693
178.041973631,84.9145928161
178.424838876,84.398394134
178.672952931,84.0474018539
178.799004426,83.7065132058
178.917686306,83.4784128863
178.98918465,83.2644462944
179.05188135,83.1455238173
179.354085343,83.0275844938
179.953586612,83.0214367377
181.330791604,83.3305329476
182.853051731,83.6140440545
184.459061974,83.9525628869
186.698093275,84.4616813311
187.962419076,84.8107681212
189.422215801,85.3126609129
190.070469701,85.666752006
190.517340841,86.0865758583
190.902531658,86.9741138252
190.968807938,87.5905004553
190.984721496,88.5252751237
190.822328483,89.1818896069
190.511836546,89.9270074946
189.441297791,91.2134579931
188.546078799,91.9444193546
187.208356761,93.2117302632
186.391305358,93.8154594473
185.689574587,94.5006401566
184.812142018,95.7140687349
184.27800404,96.5619671
183.775793886,97.9733173491
183.672829382,99.1801858398
183.628978769,100.271083864
183.147759605,101.397587118
181.777656024,101.978085993
178.780234461,102.596797515
176.29418809,103.121835972
174.263245876,103.534723178
172.465084694,104.162720198
172.231016254,104.576359209
172.537258879,104.934620439
173.028677081,105.531547458
173.306396249,105.790109111
173.60928155,106.069761282
173.843845277,106.308774099
173.868684959,106.451957661
174.033643649,106.594442909
174.234428495,106.658266963
175.071088576,106.584616241
176.131777505,106.454231652
178.423183779,106.13620287
184.066245306,105.451687427
189.481632434,104.643441302
199.259831341,103.491596789
206.073540648,103.033159145
212.64017268,102.915499395
221.478516514,102.704866625
226.446568042,102.561505193
233.521533943,102.389549331
238.171638955,102.026645169
242.995485607,101.615090648
249.778532401,101.30160113
253.525950019,101.194950341
257.862571901,101.44205481
259.94156402,101.562081936
261.474231252,101.739151255
263.15693851,101.949248817
264.105855652,102.084331491
265.363274169,102.165225974
266.28207827,102.172411667
267.346356597,102.230621931
268.93727763,102.296147755
269.364021878,102.443281885
268.223764191,102.756244372
263.304639939,103.096637281
258.076111938,103.360210729
248.947459387,103.501978878
242.542473519,103.596136881
236.407840628,103.657489437
227.750420888,103.415779085
222.590818542,103.091666739
216.107858228,102.777830134
212.391150788,102.762351016
209.180320849,102.783543628
204.404769707,102.732671856
201.712136457,102.773859061
199.026406467,102.939710112
197.90569028,103.17147773
197.298506803,103.374636819
196.853079435,103.482260555
196.649104242,103.47387058
196.636152179,103.465950632
196.512425901,103.436546341
196.47651866,103.425213593
196.460269649,103.391963649
196.379596019,103.319512749
195.830215675,103.023169179
195.217905017,102.816134263
194.594244899,102.700099597
193.566562099,102.336375112
192.614397861,101.937299025
191.391122737,101.564342085
188.618222271,100.929730421
186.262339467,100.618477258
182.820418596,100.187597178
180.901882927,100.037218254
178.954666892,99.8654775645
178.229546383,99.7570215973
177.810080962,99.5584867906
177.26401561,99.2560256748
176.587135977,98.5719422279
174.609470945,97.4566060465
172.678461025,96.6945597046
170.46483932,95.991849335
166.865205265,95.0470564758
164.225540002,94.3422721869
161.585180353,93.784307868
158.298975344,93.238207304
156.674426906,93.0151942526
155.134052741,93.0916842058
154.34654599,93.0188845668
153.630457687,93.1375522419
152.842327446,93.3287758254
153.028178341,93.3946776956
153.928283297,93.293070468
155.294635393,93.2463394298
156.912652424,92.9167143563
159.026382873,92.4107466496
159.792901252,92.0039109175
160.09565388,91.8034849248
159.930824162,91.8607571706
159.861037505,91.9424198588
159.162475814,91.9569482475
158.34758932,91.9892833514
157.033209882,92.0802270606
156.571703929,92.2777911799
156.720291957,92.4155488421
157.715568415,92.7462618757
158.508677491,92.7462189116
159.196299873,92.8495985235
160.046436169,92.8135727756
160.720953045,92.9602498789
161.954366623,93.1370271022
162.892438888,93.2092167932
163.89650056,93.3552867345
165.289892478,93.3907485892
166.104625362,93.5860808877
167.124289817,93.7327676716
167.67054075,93.9990947043
168.139763288,94.1835082605
168.58125476,94.4630214494
168.728358277,94.754330456
168.768118049,94.7777527079
168.915468643,94.9336548871
169.243852361,95.164327463
170.690472685,95.82126019
172.217496581,96.258718836
175.299292934,96.8894923634
177.622300871,97.5103649719
180.302126601,98.1057846879
185.170247689,98.9511025625
189.572626124,99.2613663552
198.199515944,99.7760858118
204.449370034,100.217562104
211.052275346,100.674334481
221.361213968,101.733830436
228.78823843,102.166026599
240.948568246,102.802938211
249.196217321,103.240943995
257.619675523,103.564491981
268.910443149,103.908967925
275.456041338,103.89998786
283.628679471,103.907720011
288.507044459,103.853353696
293.196224158,103.76306153
300.30278882,103.487276744
304.611434009,103.349817897
309.54532619,103.378172677
312.095063841,103.531586203
314.986138581,103.643701212
319.930648597,103.736303436
323.360752614,103.730667763
326.419342331,103.616968266
330.524483074,103.275612909
332.950967262,102.923926316
336.352083785,102.66603365
338.364463037,102.496044503
340.176080228,102.375394151
342.386792466,102.204785968
343.799827718,101.692613223
346.245772246,101.642854516
347.908112103,101.533425351
349.455855757,101.807388373
351.36897876,102.144623795
352.331658984,102.310486913
353.583557519,102.493838046
354.43859005,102.732268883
355.348121437,103.095441773
356.545019641,103.545751838
357.107909691,103.702805934
357.674724758,103.873264299
357.966503741,104.054613845
358.300730603,104.392912535
358.576550885,104.88276344
358.585304778,105.159528135
358.312943768,105.655830873
357.903484044,106.117934918
357.456538951,106.333343856
356.652084786,106.662021035
355.947237781,106.634575751
354.572337109,106.594977596
353.440320405,106.480819842
352.33831027,106.454988797
351.043016536,106.248832353
350.435330183,106.083641424
349.840666099,105.759936169
349.468669755,105.56086521
349.054129113,105.494210617
347.504562661,105.31579338
345.225908452,105.17948627
341.385214152,104.498555247
331.869846608,104.245367399
323.742187908,104.164683472
309.845995676,104.343646407
300.167543564,104.303243652
290.230647984,104.235069512
275.71715895,103.882397006
266.091161189,103.718860614
252.983359337,102.808065897
244.562391374,102.328644812
236.461389675,101.987762341
223.97146341,101.482777565
216.349622661,101.077326009
206.324990574,100.386620338
200.642994586,100.04986169
196.06885864,99.8745959774
191.035503174,99.5969873119
188.784725775,99.6303339961
186.367445662,99.707407056
185.075986967,99.8512847134
183.708018935,100.10698181
181.504824096,100.523121563
179.724197737,100.874135993
176.576297396,101.021863304
174.297082946,101.382932452
171.958340336,101.534445553
168.757788755,102.213029366
166.90501711,102.449833347
164.395315151,102.647441181
162.651864866,102.851330058
160.973024186,103.21736468
158.079791864,103.890835314
155.665860172,104.381292473
152.806592096,104.666529105
147.98665751,104.59058529
144.428174217,104.07056558
138.756795565,103.501398719
134.803098949,103.21986296
130.912161365,103.012361383
125.311381243,102.537333816
121.81972835,102.223690758
117.017614873,101.818634108
114.174732101,101.689573684
111.502044564,101.452435032
107.898967649,101.266151178
105.752787494,101.204318101
102.975044499,101.291336727
101.672483839,101.364355111
100.687372018,101.610363392
99.9468978135,101.96289322
99.8523109642,102.045423053
100.281976051,102.393886574
100.661204149,102.470635787
101.136261587,102.518947741
101.675792219,102.508986122
102.10874514,102.406964394
103.634512157,102.447795343
105.394359528,102.424797059
107.683045441,102.423944494
110.923200227,102.105289204
112.916192009,101.958456276
115.160312906,101.674885828
116.263364743,101.630945931
117.329642725,101.63002319
119.270306729,101.545535297
121.121899111,101.503776703
123.512865519,101.593795108
128.005811131,101.587412377
131.048889674,101.695077253
135.17387145,101.969819044
137.470020589,102.037362265
139.570727448,102.109350626
142.271537652,102.478037259
143.872206373,102.647409973
146.228587861,103.193647213
148.393266459,103.670990046
150.970595609,104.334283315
155.352648309,105.18654824
158.201190181,105.74479588
162.348777561,106.591088185
164.931671053,107.046713915
167.541001376,107.412561236
171.387751097,107.797557999
174.138522635,107.9107825
178.187220596,107.997860272
180.4884418,107.969491894
182.480813154,108.065127585
184.831580806,107.909002237
186.148445007,107.645136878
187.98417462,107.261988678
189.072682013,107.041728692
190.00606136,106.811765629
191.168163791,106.43062844
191.721663426,106.274106641
192.137249145,106.07753042
192.118330371,106.071117602
192.070494307,106.013597742
191.741224352,105.848962304
191.262833185,105.691549955
190.473850849,105.483690104
190.032400091,105.384692302
189.700309539,105.276597323
189.479251585,105.247196997
189.307217991,105.245710119
189.090855426,105.262324526
188.622007403,105.263662884
188.488812568,105.251118401
188.481400819,105.211858146
188.787325895,105.090689928
189.471983437,104.921637911
190.761507396,104.447086917
192.182790405,104.162617136
194.471496577,103.953832326
195.620542729,104.049648599
196.022995567,104.026246742
194.683284705,103.765234201
192.250213711,103.559940409
186.666069868,103.469171374
181.674376095,103.468749586
176.091754324,103.462747422
165.717972773,102.781254319
157.964538871,102.261987983
146.011198485,101.210889172
138.962415974,100.276124777
132.74974038,99.4801032338
125.558408759,98.2225348828
121.838953841,97.5343293523
117.077262008,96.9369534004
113.830152046,96.5745114926
110.739921565,96.3115765799
106.290776128,96.0493091214
103.744005707,95.8906234895
100.664143988,95.8375176957
99.0591463539,95.8389547435
97.609156213,95.9278595716
95.6163803651,96.0851122035
94.3381473277,96.1658094326
92.3781183268,96.1505382962
90.7405032099,96.0388062943
89.0913461677,95.8254925605
86.5678434492,95.6248362722
84.9777511472,95.4844377099
83.1936913124,95.2288800197
80.4710750499,94.9820379082
78.6659502567,94.9916637104
76.2461925513,95.0977179229
74.6372681493,95.1338264316
73.0429664405,95.0837723905
70.7061417844,95.0763966908
69.4145121469,95.1953059337
68.2120306171,95.3098866027
66.5718167894,95.794646518
66.2814303862,95.992721303
65.5267020634,96.4894521
64.9767001237,96.7470332929
64.5068911848,97.2693475114
64.2635722113,97.4682681476
64.0003430323,97.6626820721
63.3605391645,98.0353757983
63.0593072735,98.3553492605
62.8623934135,98.6707496567
62.8454369814,98.9942600962
62.7316598257,99.1814123019
62.5374774039,99.6843142288
62.4778048247,99.9065863244
62.1257887067,100.306404784
61.5013318257,100.436191659
60.6442457857,100.473388868
59.113611861,100.336965128
58.1331389742,100.273114754
57.1581052647,100.172181743
56.9311605518,100.153566934
57.0656142926,100.220759112
57.61524144,100.251769907
58.4463671582,100.365220249
59.4353262225,100.469626816
61.4105200366,100.361388275
62.9014533628,100.367510052
65.238314255,100.115088954
66.7340645153,99.9538144291
68.4462964673,99.7241701566
72.1083683902,99.7985040951
75.4575210256,99.9904287406
81.7759658356,100.25985339
86.7149181285,100.393086034
92.0388168034,100.320328278
99.741109644,99.9921852167
104.665317362,99.6560323646
111.233590577,99.4613339659
114.86166312,99.2961117248
117.97833646,99.3372020074
121.921550186,99.2744860324
124.17474676,99.4092486736
127.443770556,99.1632929379
129.733919995,99.070273654
131.890937409,98.9080691529
134.932504621,98.5580370191
136.764094604,98.2446342902
139.145445149,97.8410668051
140.529239836,97.6572856727
141.744918211,97.4673222811
143.285672561,97.4683010555
144.023354401,97.5636415129
144.793224167,97.7500209627
145.114470049,97.884919475
145.248125489,97.9583821924
145.403907948,98.0050289054
145.539995508,98.1025121318
145.73123875,98.1109526992
146.323993741,98.1358513824
146.933832692,98.2090073761
148.088442862,98.3716648231
148.949344461,98.3851073364
149.818199082,98.5138857862
151.041016746,98.5163105748
151.765111748,98.463446829
152.793885957,98.3216976305
153.506956409,98.2162394704
154.289395098,98.0468262016
155.410358639,97.7443247815
156.173107232,97.5692686579
157.26878826,97.3933177029
157.961027553,97.348794546
158.580302713,97.3282949594
159.421288018,97.258096043
159.948046205,97.2609428021
160.572135571,97.2394775781
160.945292203,97.249966673
161.211439539,97.2571111515
161.587564554,97.2518386418
161.826365798,97.2741014177
162.133099461,97.3332759797
162.302225606,97.3671645552
162.389550354,97.4330301751
162.430245722,97.5131356364
162.344892337,97.5730919417
162.112224725,97.6223244171
162.024520441,97.6487404988
161.951708885,97.6904617791
161.987950877,97.7947561617
162.196758028,97.8961771365
162.718573892,98.1208893831
163.069285663,98.2694641115
163.46822737,98.5206681618
163.807953653,98.6898367191
164.035747967,98.850316345
164.185156798,98.9917148962
164.330397975,99.2365404619
164.354702152,99.407233007
164.362997895,99.6259370672
164.318152857,99.7578884945
164.21458953,99.8925865349
163.96716634,100.095934278
163.774114361,100.18894137
163.398732157,100.364569811
163.13982867,100.443002617
162.867121525,100.519316575
162.366849764,100.674020355
161.90853072,100.765691435
161.153354043,100.90382609
160.605564961,101.008255995
160.140774709,101.053941301
159.780514282,100.935727932
159.665742674,100.901153563
158.921090733,100.898889976
158.2138039,100.958628154
157.030595167,101.10179214
154.596066516,101.257011257
152.30273363,101.543893895
149.016348854,101.770976269
147.38836872,101.862893965
146.295096054,101.92268684
145.773164077,102.123150458
145.754605548,102.392690701
145.904252223,102.723112404
146.055066626,102.708313579
146.235502555,102.629428859
146.481003489,102.443647455
146.612059347,102.308465337
146.735747853,102.171057598
146.949125614,102.050987637
147.096516801,101.960325612
147.407286161,101.870007704
147.710336752,101.852904889
148.152360206,101.806037479
148.886193619,101.899457335
149.451232975,101.902055084
150.30326259,101.868348412
150.886567118,101.816534213
151.418563172,101.801121719
151.839231658,102.004866907
151.854071382,102.079975496
151.396984869,102.184644923
150.583048412,102.115815484
150.13410416,101.838073779
151.262248265,100.879046503
152.908628283,100.366341631
155.984435198,100.098044189
157.901235873,100.11199222
159.600924554,100.182183069
161.343973115,100.329836463
161.546297264,100.390722267
159.837475522,100.445898276
156.936764326,100.461515753
152.359357394,100.392488811
142.193312867,100.415331694
133.736198489,100.48647867
120.661082443,100.660623729
111.893243845,100.784685436
103.316154436,100.906901402
91.5873874642,100.90221397
84.9383446909,100.868480917
76.9250920728,101.380523531
72.9228620723,101.567702787
69.7995122031,101.79603969
66.0233293445,101.850333545
63.6461013273,102.007753693
61.1866307317,102.148813015
57.2407483756,102.397621422
54.6386378851,102.51613526
50.8237259758,102.636630304
48.3713406078,102.725363267
46.1276162323,102.827059362
43.1167136854,102.941558009
41.3912600728,103.098125335
39.0665866151,103.333676752
37.5813104135,103.436632136
35.9838545582,103.599920654
33.4996163865,103.814670402
31.7672465454,103.988142804
29.285106269,104.183138933
27.6078203135,104.159243041
25.8717678022,104.164591813
23.2689360094,104.140282005
21.692910734,104.180539865
19.5635937981,104.222583272
18.2769110817,104.213673497
16.9283777735,104.013911441
14.9354725604,103.693815266
13.5034907311,103.520206837
11.3323472934,103.402299898
9.93133416126,103.346893845
8.63790460611,103.339824875
6.89378730187,103.275464513
5.91949691737,103.296614772
4.55048482108,103.445172753
3.60725111138,103.581908291
2.56650790437,103.678163959
0.999690465845,103.900575514
359.890225167,104.031044266
358.90782436,104.197527217
357.534956291,104.303792681
356.760531396,104.480290199
355.840818822,104.716827332
355.464699858,105.016166195
355.204558564,105.296924572
355.107950509,105.643562049
354.94325252,106.101364176
354.976559756,106.613913303
355.08469151,107.108651644
355.305677026,107.236207634
355.858127557,107.081448834
356.295167174,107.000404175
357.006903721,106.894211943
357.565516975,106.926151777
358.2420584,106.935092946
359.472434757,106.804356524
0.338866835185,106.584696743
1.4168381726,106.573270437
2.12035722357,106.583766325
2.68033012833,106.553837427
3.22635569853,106.584503491
3.34702224311,106.595490547
3.48263999875,106.558857688
3.4800559081,106.555143746
3.43805895256,106.585851546
3.32255688166,106.749839166
3.23915748018,106.822295943
2.98391580788,107.0597415
2.85824015571,107.285485145
2.71582893289,107.523598498
2.70857361817,107.903238259
2.8502663015,108.229842912
3.02787360662,108.354289407
3.4707793759,108.235955076
3.85655395639,107.96225041
4.44247327553,107.406715768
4.86113371462,107.222676
5.27675663801,107.161179303
5.86201537406,107.112639976
6.17633501281,107.191658085
6.51005808503,107.223454909
6.67683751685,107.239626359
6.82077339125,107.216237193
7.22183349794,107.097479165
7.47540530537,106.915539344
7.75618382349,106.293656656
7.87670414466,105.929740763
7.93438783608,105.575464186
8.09023582332,105.17236197
8.40697537339,104.833296888
9.07169105937,104.48029914
9.60629797663,104.438946017
10.1938881753,104.41185919
11.0491624036,104.521719501
11.5947651739,104.656010307
12.3963431589,104.690498932
13.139684401,104.757011136
14.2165621631,104.800965509
16.4396755089,104.961415451
18.1839617709,104.990938887
19.716130743,104.855069345
21.5610408764,104.546920916
22.1740443035,104.31034557
22.6098204135,104.172204507
22.8951367436,104.075695865
23.5084573098,103.871419624
24.2915383906,103.634688564
25.311746879,103.340873255
27.1902076441,102.999080629
28.4558271479,102.820557212
29.6527400729,102.735723218
31.3809347115,102.675728359
32.5833960509,102.638715661
34.6972214806,102.506865664
36.3274962656,102.432456739
38.1849230945,102.49096376
41.0404479459,102.547491294
43.6600838071,102.566545677
44.9298503393,102.627350506
45.8602777422,102.691015497
46.4033782511,102.744583329
46.2453132948,102.604793254
45.3391330355,102.55754586
43.1675643962,102.857236355
41.9981600797,103.287211956
41.7137759055,103.72193077
43.4399298106,104.263168692
45.9033090355,104.439220957
51.0070888311,105.097883357
55.5262281247,105.860432125
60.6143746133,106.48239839
68.3060210821,106.883635402
73.1282665893,106.503564518
79.7017207899,105.877898894
83.6351721351,105.331870094
87.3460792866,104.705098227
92.1806578966,103.970326623
94.9561211655,103.550862142
97.3671731725,103.320859747
100.447036155,103.034324255
102.186057829,102.745825162
104.477832048,102.42799495
105.697081033,102.342589481
106.659333695,102.380285979
107.417681448,102.587735882
107.650936633,102.628936724
108.184936379,102.578751649
108.702597197,102.47860614
109.290178494,102.353768548
110.067091514,102.113765123
110.405422653,101.910243098
110.592616994,101.577389431
110.466070712,101.248919237
110.524364311,100.763138215
111.440664152,100.118245364
112.816613432,99.6986498356
115.94919043,99.3175606893
118.573003288,99.1121129047
122.025779294,98.694701825
128.478211872,98.170203431
132.655144401,97.8959476107
137.955854315,97.8306722385
140.9009999,97.7554239761
143.520822168,97.6815107796
147.005500846,97.8278134534
149.110355159,98.0182220037
152.308229163,98.2510364669
154.393813644,98.5405877725
156.373908993,98.665242246
158.911950177,99.0637909041
160.386673526,99.3163486446
162.407426296,99.894937481
163.573534201,100.350100041
164.81299428,100.667768667
166.410017852,101.213873434
167.464896032,101.486572208
168.394994187,101.796132541
169.616411253,102.08500403
170.308573058,102.253480327
171.039246043,102.506390658
171.340262525,102.716334535
171.429198049,102.895916814
171.215809467,103.336125299
170.772425267,103.749072491
170.177427376,104.137486422
169.901645485,104.416716043
169.560503529,104.826325405
169.313981872,105.103382209
169.361389036,105.240922538
170.182700976,105.369231213
171.222765774,105.404801904
172.570000411,105.406555855
175.177910074,105.359934264
177.661619049,105.278042087
182.596146617,104.941413786
186.205541057,104.687322542
189.522828168,104.443067302
193.503622716,104.070497451
195.512651316,103.915020102
197.09093612,104.057291602
196.752098601,104.397917977
195.12167334,104.811719994
190.33440383,105.210848094
186.675174856,105.567049836
181.158463264,105.938205793
178.176590136,106.06022362
176.216856868,106.077392002
175.217396049,106.110300592
175.597136226,106.194272416
176.665817318,106.576951747
177.255152836,106.81466934
177.810157309,107.025586192
178.593311623,107.263988295
179.042031336,107.408450959
179.455549712,107.577269789
179.969798045,107.835912341
180.159271291,107.919378978
180.305667235,108.083846666
180.334882212,108.136045488
180.235937992,108.224336458
179.813680244,108.190974012
179.406733226,108.118860748
178.622183447,108.028146844
178.004544365,108.014030803
177.221282577,107.964872289
175.494557023,107.865786341
173.93119646,107.765807563
170.811730167,107.562743898
168.145963046,107.454082917
164.906930402,107.355979853
159.456891817,107.17663237
155.574451216,107.019525036
149.457602115,106.718370855
145.386823036,106.515187345
141.348149668,106.333590808
135.278240588,106.015794622
131.498325755,105.699643328
126.457342538,105.30592782
123.611646415,105.189294764
121.074363313,105.094461386
117.761784003,104.985076414
115.807320506,104.830205826
113.210698658,104.688899714
111.732675103,104.569478616
110.265797691,104.452263687
108.245670759,104.244184548
106.887772404,104.114469931
105.594812368,103.959094245
103.751478563,103.713017314
102.752047882,103.589664405
101.530380248,103.41852627
100.9147565,103.345429189
100.476439347,103.27930088
99.9132414338,103.005115873
99.6119906237,102.93125487
99.5678487457,102.779738761
99.5108840682,102.682600505
99.4751926701,102.623437355
99.3668062034,102.55904655
99.045959956,102.621818051
98.1950724914,103.123095458
97.3772737446,103.5507925
96.3556175815,103.664917968
94.4237126924,103.709324152
92.7823386687,103.493029085
90.1485810521,103.278631061
88.5286801011,103.153047587
87.080212363,103.050417479
85.7020009675,102.875131901
85.5826374458,102.8217209
86.9099919334,102.780544549
89.112049082,102.622197931
91.5826751361,102.575135411
95.6859051019,102.576087251
98.4932987392,102.457661057
102.517245902,102.206045603
105.216927496,102.106967841
107.88575546,102.01776082
111.681918622,102.046720014
113.809276655,102.106563404
115.991010659,102.111570984
117.145584271,102.000683742
118.754112588,101.809781848
122.647958912,101.580919367
126.203001363,101.3387699
130.096543344,101.184724213
135.775237967,101.248766979
138.771825995,101.557804133
141.343347559,102.174714922
141.655112033,102.568336467
140.785936096,102.883758796
137.607356134,103.249391671
134.310337731,103.452763542
127.858055613,103.299450287
123.171102496,102.884406309
118.542886154,102.436974185
111.828757584,101.670004788
107.823721614,101.080824129
102.716922208,100.300718076
100.115268147,99.9722124741
97.8183133537,99.7450468266
95.4158012557,99.706349548
94.4685448603,99.7940831936
93.5391502265,99.7752933198
93.2998585092,99.753835102
93.3437555727,99.7140358781
93.791988338,99.6347072391
94.2178424593,99.5733514402
94.9074036631,99.3005453605
95.3969484117,99.1475735477
95.9001076701,98.8996479358
96.4409446617,98.4515693597
96.6545218435,98.2191722584
96.7972875937,98.0368230068
97.0710429882,97.9016402285
97.3826280627,97.6762651191
98.3639481839,97.2553764647
99.6180272394,97.0462372011
101.45386278,96.8376327701
105.166534527,96.5402685988
107.694185875,96.4278275074
111.092484352,96.2610809167
112.960199878,96.1291330645
114.471017385,96.0731917129
116.277433638,95.9092327465
117.296817465,95.7727671349
118.546211819,95.6720661097
119.30836705,95.6302116491
120.077615503,95.6611915374
121.10091455,95.6061373133
121.758614007,95.6182384434
122.680761237,95.701297696
123.201931318,95.8057899135
123.694954861,95.8905977757
124.260011197,96.0581002194
124.619521853,96.1382592131
125.045686039,96.2290562142
125.26615162,96.2878596767
125.646011025,96.3241999216
126.33151359,96.391435636
126.959460183,96.4326039625
128.12150278,96.4705957629
129.108495057,96.4973557371
130.260820282,96.4597791142
132.486762956,96.4595327389
134.154496595,96.4418014216
136.887664656,96.3397343389
138.771828742,96.3132721419
140.431585846,96.3231887358
142.538767424,96.3613922983
143.692227281,96.3625309236
145.239065804,96.3360104075
146.095978159,96.318721818
146.935521782,96.2655711648
148.226196756,96.1960107945
149.228573814,96.2001318602
150.240597758,96.2235461805
151.600060836,96.300203314
152.316423805,96.3212211512
153.276222071,96.3555937814
153.895015576,96.377541681
154.549608501,96.403989789
155.553080025,96.497514499
156.245945137,96.5915538085
157.109197341,96.6969320588
157.475223319,96.8059216112
157.703367066,96.874585945
157.805450517,96.9582993211
157.925749952,96.9577926587
158.093174936,96.9780235565
158.258731317,96.9725487992
158.40957568,96.94562953
158.740991069,96.8938641579
158.952305432,96.8680692709
159.192939448,96.6554049779
159.224483052,96.4010638479
159.149688686,96.1484086476
158.855087713,95.8391862415
158.579602261,95.660900885
158.183062347,95.3524861365
157.933303908,95.170320801
157.686209503,95.0242977189
157.188136233,94.6576237555
156.855682582,94.4106589636
156.412010748,94.0951138709
156.170236859,93.9187110811
155.92308024,93.7849877545
155.584629585,93.6135908838
155.381024989,93.5064355291
155.048436226,93.397046093
154.61634717,93.215564746
154.364682336,93.1554230433
153.690921968,92.9873301879
153.215222568,92.9372146023
152.629156442,92.8380034363
151.544650238,92.7003073028
150.764820716,92.5412238231
149.629380175,92.3396610456
148.944057615,92.2046283978
148.271514363,92.1101219752
147.318727357,92.0113837902
146.868690623,91.9770204145
146.614210428,91.9486961869
146.584898107,91.9824225974
146.532271137,92.0461355755
146.555335149,92.1760686337
146.56976841,92.2910021314
146.490695385,92.4657163633
146.274562196,92.5753012592
145.73809545,92.6820281607
144.278092574,92.7781564295
142.537103101,92.76336327
138.5096751,92.6673578032
134.924355795,92.4669504841
130.765173968,92.1224793551
124.332751002,91.5110200941
120.131475807,91.2307064794
114.226638857,90.9261676303
110.164013608,90.8571538205
106.034473837,90.7489713524
99.9739851261,90.6055621033
96.2417325167,90.479677172
91.3169336793,90.3848460626
88.3452241294,90.4298571374
85.6402234319,90.5207388974
81.7303326836,90.8002315354
79.1402572352,90.9254251565
76.6058031247,90.8178070673
72.6653034882,90.4112236537
70.0451336144,90.1980057387
66.3310602585,90.0280826485
64.1513025929,90.0537581305
62.0524588757,90.1592821926
59.0774068538,90.5206432611
57.0397581283,90.9315025168
54.1550655895,91.4057283025
52.3258569239,91.7160712187
50.5696399382,91.9784324003
48.0541805657,92.2506001611
46.4533780261,92.4688095416
44.0810839692,92.8559287968
42.3923433653,93.0866255381
40.6260786989,93.3053248196
38.0619302467,93.6286802957
36.489949787,93.8019914498
34.3588526357,94.209997619
