179.0938244,94.303577706
178.22344297,94.4982973414
178.640508657,95.1568688585
179.738401819,96.0044824319
180.232806449,95.8952255875
180.322056219,95.2424902149
180.22813323,95.1482363934
180.207596689,95.1199974077
180.261011363,94.6859617129
180.392400594,94.4916378449
180.550339859,94.2916285184
180.825034024,93.9976879716
181.040112602,93.7998891613
181.394254396,93.3450597301
181.649775037,92.9626434339
182.041569787,92.5617832793
182.846561402,91.7372685191
183.56629218,91.0340048356
184.543172196,90.1636704525
184.962822409,89.514059147
185.299675144,88.7893262687
185.737675828,87.8811961433
186.133376151,87.1107161157
186.456493091,86.1350574383
186.754987874,84.9003651568
186.855776383,84.0844041071
186.945615049,83.0483038374
187.177683297,82.3964814357
187.545346139,81.5113651265
187.836124821,80.901672912
188.121131374,80.519009612
188.300787416,79.9959844145
188.422317975,79.9098834111
188.503321646,79.8293696305
188.301623285,79.5620741471
188.103056107,79.4803529276
187.805263949,79.2510170825
187.682495728,79.0341219876
187.52487657,78.7211611128
187.088350096,78.2053186263
186.803236098,77.8776252413
186.663074175,77.4289577599
186.570963358,77.063337342
186.489811336,76.5874073768
186.34768596,76.0989579928
186.397003237,76.0812609488
186.404644083,76.4028351933
186.045918365,76.3609996982
185.65998664,75.976801273
185.354891126,75.5028707886
185.486952026,75.3905765132
185.625924792,74.9540695488
185.716553422,74.7068734273
185.921699211,74.1211400485
186.323561854,73.0897171809
186.764038943,72.6970149038
186.984610679,72.0089401235
187.25341629,71.1923235179
188.206374878,70.8093918481
190.2808193,70.9602590398
191.255484671,71.3203317001
192.284483228,72.3654117777
192.819755487,72.5996708094
192.782660854,72.0517636051
192.358869395,70.5896563113
192.586439557,70.1200572227
192.922979665,69.4779644759
193.024412038,68.5444696643
193.374092562,68.466755737
193.96550537,68.2394724193
194.426711465,68.0634931106
194.909642128,67.7088298002
195.628659115,67.5989701706
196.638062422,67.9885108519
197.019212008,68.0159977902
197.196944988,67.8345592908
197.412880477,67.9141260192
197.870352444,68.171300019
198.067378436,68.2989375222
197.916735887,68.2639358799
197.470423578,68.2031023504
197.041003719,68.1831024296
196.152096579,67.8837019053
195.661387221,67.8296398016
195.037805907,67.7870444401
194.883392075,67.8504018829
194.80769463,67.8973425929
194.521142378,68.0616134153
194.101732143,68.1855952084
193.654337882,68.145126016
193.35499385,68.0531694962
193.130702979,67.9587441728
192.695503502,67.6421879153
192.297162973,67.2855023359
192.102903218,67.1949862584
191.872938617,67.0499185273
191.747328355,67.0535436288
191.434526677,67.1544314223
191.263624834,67.2837004682
191.204407318,67.4017509203
191.402537572,67.6898797723
191.578520695,67.9388738827
192.015615887,68.3290127548
192.435577759,68.7699861385
192.954670552,69.2942911262
193.996105128,70.3930792563
194.988125781,71.6391304734
196.724839537,74.1566264265
197.946526754,76.0502279791
199.166896375,78.0025486678
200.883608423,81.1544081022
201.759738057,82.9656095559
203.150191871,85.5198743307
204.045567021,87.250425342
204.641167792,88.7880675247
205.190944009,91.177439038
205.274414001,92.9569956467
204.971278168,95.9428580295
204.702899032,97.8514355614
204.337675835,99.8455173355
203.469495008,102.843275698
202.653622703,104.886808853
201.848871711,106.855188704
200.840650308,109.215482823
200.091346391,110.407573845
198.827218441,111.50942918
198.142676676,112.170203543
197.534620275,113.192448071
197.323223678,113.976133252
197.33547979,114.751750656
197.723183795,115.678724653
197.681780449,116.342002481
196.825675485,117.385460433
195.949789483,118.212374186
194.690743967,119.004356658
192.583367599,120.043408084
191.329875519,120.381186726
189.944734854,120.736747946
188.43435986,121.283304779
187.625215092,121.570827901
186.751773755,122.120054603
186.404966968,122.467205805
185.969729381,122.666373584
185.227283607,122.997419935
184.665456098,123.278843403
184.147815877,123.607952834
184.132950004,123.752087582
184.031715328,123.800435878
183.379638687,124.070448699
182.940752956,124.201016277
182.449623009,124.311692191
182.101903222,124.41609753
181.862321384,124.590719371
181.597463596,124.726882682
181.306999012,124.857409983
180.870528267,125.123689466
180.753470037,125.212163541
180.542174924,125.287927824
179.967309295,125.234547018
179.630197872,125.14299873
178.805735952,124.729954713
178.556301693,124.31068391
178.230850946,124.049639538
177.268131097,123.79638419
176.659542561,123.708558612
175.994719882,123.951156161
175.50958354,124.175475336
175.104485922,124.27550461
174.694549248,124.24700337
174.4460101,124.089905616
174.228998084,123.930034229
173.871196636,123.728312005
173.631111036,123.646073337
173.403719288,123.50929191
173.183444251,123.339445223
173.188297898,123.255791846
174.234607347,123.033918382
175.347730951,122.82033491
178.17870424,122.462636051
179.623367994,122.323095101
180.340709588,122.456589088
181.724195341,122.958150834
182.869759449,123.340286473
182.750613529,123.681835577
181.906255443,123.649950613
180.978047509,122.833208861
179.590054905,123.754782268
177.845027489,124.118445329
172.920591842,124.842590258
168.493970346,124.501345816
164.709757847,123.88237129
159.944831785,122.504775525
155.750621394,121.106994541
149.69209213,118.717923814
147.236228611,117.748214671
145.372646216,116.492468487
143.693418742,114.599385157
143.446751184,113.64311604
143.574898905,112.821859193
143.799041505,111.990986682
143.786971169,111.886350113
143.546327748,112.0292858
143.072348483,111.953371321
142.243823927,111.399326612
141.872298209,110.984996064
141.573881217,110.646149709
141.089443647,110.386533546
140.434115121,109.869018863
139.951830483,109.409942423
139.116634228,108.814834369
137.872632844,110.57439319
137.460839295,110.08439085
137.669469613,110.04975622
138.062673344,110.23758704
138.668122382,110.305212301
138.672073469,110.249612948
138.843999273,110.174585836
138.813857849,110.165991849
138.589451031,110.191607163
138.269522344,110.165533353
138.099431726,110.051145403
137.721739159,109.959528077
137.616201312,109.886409954
137.430664641,109.771172835
137.142542185,109.668524331
136.947318728,109.670375371
136.702175255,109.645253505
136.552593231,109.645536655
136.383134469,109.622396705
136.12817877,109.57691377
135.986535921,109.55150825
135.795823323,109.491427649
135.725792124,109.448306805
135.726416013,109.406132655
135.804628416,109.450342016
136.016098526,109.591140062
136.303933136,110.335000705
136.723507849,110.730578088
137.384902962,111.371660351
138.70868014,112.03449075
139.748882156,112.627940634
140.801667349,113.697462109
141.974079295,115.860266265
142.98803919,117.682243189
145.228375593,120.430452119
147.245160587,122.503309381
149.772224693,124.658735419
154.623155028,128.096413066
159.254663995,130.269964537
165.229737554,131.982752178
169.522349247,132.323636395
173.620108424,132.031746884
178.534984365,131.153338298
181.516950408,130.500784437
185.640218808,129.602241044
188.642695022,128.767660187
191.709940519,127.596637356
196.822352268,125.33825104
200.123411475,123.370885747
204.529998313,119.967125802
206.742925255,118.067888134
208.942810121,116.352039802
212.627184632,113.594275481
214.914321052,111.822523846
217.93521826,109.120238871
220.03517932,107.424384838
221.821977584,105.98699308
223.710558419,103.958999684
224.839974615,102.518587948
226.301648744,100.361443695
227.348358722,98.8605941268
228.501902324,97.3479971901
230.262445759,95.9867695969
231.467827904,94.9382181747
232.617637256,93.99960012
234.283464793,93.1439238403
235.260582842,92.5393758649
236.977272456,92.0529228754
238.336566672,91.9036153236
239.772752522,91.7456885671
241.932114844,91.5143308304
243.345903354,91.2574025708
245.34558214,91.042183863
246.552400343,91.0215635611
247.653590935,90.9349725392
249.067283377,90.6532407211
249.939106732,90.3665885019
251.138372817,89.9613650585
251.917001111,89.7131312805
252.680224218,89.4572656327
253.685477534,89.2822898427
254.141915773,89.017605227
254.789759789,88.6882091345
255.257040124,88.5214443525
255.716623513,88.1672821475
256.458972912,87.7569833881
256.909215917,87.4845689712
257.576595036,86.8593578107
258.00513801,86.2992982642
258.47818877,85.4555203527
259.51865096,83.6896299381
260.288731238,82.4226288302
261.010284789,81.4205396655
261.757176379,80.2536035086
262.148690588,79.9391708029
262.491570194,79.681319897
262.724651161,79.4586454036
263.037809949,79.1737890625
263.411558404,79.0351437735
263.925388536,78.7898492266
265.072526096,78.3428283752
266.213590579,78.1604304366
267.490241505,78.0577603111
269.377413657,77.9693567407
270.511398135,77.7158333907
271.749366985,76.9533017983
272.673010617,76.3566081887
273.786836563,76.0387949868
275.764662338,75.7941916447
277.44230309,75.7377577513
280.324175487,76.1171710154
282.27502731,76.4612271377
284.114425344,76.9023255692
286.326780939,77.3822864587
287.360378773,77.5058687046
288.611499681,77.7862423179
289.618855186,77.7385691905
290.732210392,77.7852218389
292.395189106,78.319247773
293.570003529,78.6577264248
295.309111703,78.905475904
296.360970368,79.1345955164
297.314608259,79.259888472
298.79630143,79.4004709945
299.724707036,79.6448550545
301.080998109,79.9226015597
301.948484951,80.0251060525
302.879080774,80.2059325353
304.534971552,80.5505408529
305.711637444,80.9007722045
307.492255094,81.3955286858
308.695010099,81.6551401335
309.715015581,81.8104420504
311.280424615,81.9019531292
312.414219283,82.147537332
313.614131842,82.5084678495
315.707740764,83.0255909224
317.252064346,83.5564029284
319.626815308,84.3591295029
321.251259381,84.7964478318
322.860825043,85.0895533913
325.286445206,85.2686712356
326.925028085,85.379583762
329.479922676,85.7434362857
331.170125913,86.0551992958
332.844705639,86.4871082152
335.348848608,87.0638807409
337.121300248,87.3495502114
339.636192065,87.6379909598
341.316572234,87.5631949972
342.910121777,87.4011107347
345.091209453,87.3717146126
346.25781164,87.3388450563
348.249994902,87.4586465438
349.757898006,87.4306075444
351.601938718,86.8851874993
353.480821814,87.8333195798
354.445603198,88.0655770579
355.114637794,88.2582750446
355.428459018,88.4812634309
355.508867795,88.9512876683
354.428049325,90.5039089544
352.926299876,91.9249313088
351.277315885,92.2453407391
350.382182355,91.2321354254
349.873611295,90.7509111541
349.487188341,91.6919252174
349.439671086,93.6512705822
348.988919094,95.5386681984
348.774837957,96.0044983942
349.334922878,96.4133912059
349.913465956,96.7056360571
349.799794555,96.6862232051
349.850840086,96.1172812719
349.866220613,96.1864336538
350.118608346,96.656790355
350.23870253,95.5057551751
350.626847221,94.5663411769
351.246265127,94.3359065603
352.120743937,94.644203472
352.469468062,95.0571659354
352.957709772,95.2709323344
353.158916251,95.3587573342
353.586475555,95.5653329959
354.034288755,95.5888864614
354.127809553,95.5136205919
354.400918865,95.4144055595
354.638073484,95.2055800637
354.89368807,95.0483705887
355.397395596,95.0632330997
355.59971721,95.1649798836
355.833793727,94.8521596202
356.139350863,94.5100949044
356.546799382,94.1981031234
356.823480761,94.1032485051
356.826069335,94.0674255347
356.806887106,94.1962307047
356.722281941,94.3834098239
356.592159134,94.669325906
356.710212143,95.1077527961
356.869166751,95.2583117127
357.186763702,95.1156026849
357.597841643,94.9041830786
358.042919283,94.8434708071
358.463418272,95.0257881425
358.801187311,95.140957979
359.217015494,95.0612076427
0.119305290816,94.7672601913
0.579314439854,94.8572057542
0.787709760441,94.9241136678
1.04679258592,94.5850954173
1.07627220872,94.3176308159
0.698769269229,94.0217294841
359.913750544,93.6409049325
358.397202917,93.5053670409
357.156907709,93.2856246078
356.113188268,93.3128934208
354.403302767,93.8180234861
353.24375671,94.3060364801
351.67688517,95.0084055249
350.8686203,95.3209770082
350.423094531,95.4156548997
350.471027958,95.4698022761
350.596852358,95.5300980995
351.706157011,95.3562239071
352.414600348,95.1630874408
353.129512608,94.952539095
354.073251347,95.2430037816
354.506642335,95.8981503076
354.757010518,96.2962682531
354.861864425,96.1043259634
354.992304388,95.8118423842
354.923030251,95.6648290624
354.7197545,95.541527207
353.658654042,95.1770530943
352.480425707,95.2989536883
351.362233959,95.5465191156
350.901952602,95.4029655626
351.537421807,95.3808295421
353.107521918,95.5756352595
356.588409341,96.2284539358
359.326548572,96.7790543586
3.75640975219,97.2756304456
6.93090084473,97.2995596593
10.1883504363,97.2240765918
15.7309950582,96.8847988729
19.4209564168,96.9963277385
25.2877301246,97.1722455862
29.5899957604,97.1302972966
33.7038211517,97.0734538882
39.7484510282,96.8468916568
43.2674771793,96.5588639371
47.8188052441,96.8238277908
50.479755613,96.8819809255
52.6216609932,96.803950296
55.405344228,96.8279945643
57.0493921013,96.5060101109
59.3425417151,96.6122059504
61.1367216988,96.9619298354
62.9958442347,97.1859873834
65.6671978981,97.6460607015
67.3513267727,98.0014868179
69.8937726326,98.7059567773
71.680741404,99.47672238
73.4731234353,100.343801633
76.2263744373,101.422386836
78.1275619842,101.957690698
81.1872356938,103.11474729
83.4557740292,103.651891599
85.7802999915,104.670527471
89.2444986572,106.655103712
91.6392648259,107.986212513
95.710085783,108.772939127
97.8774215557,109.523070938
99.8018716291,110.498800809
103.050447799,111.400111253
105.388031188,111.554572181
107.670460651,111.713746372
111.156731572,112.083841483
113.603390037,112.498028908
117.165477973,113.397151804
119.482423274,114.11747918
121.671693208,114.906695215
124.588536561,116.130921381
126.094916764,116.96297381
127.261431501,117.738572131
128.756145843,118.715473885
129.918350452,119.189319017
132.046394326,119.81794426
133.450478947,120.259812838
135.522222238,121.077129378
136.82681207,121.669735658
138.226966808,122.198224479
140.774436502,122.849593706
142.501702351,123.233960969
144.950805482,123.868259338
146.546059004,124.382826021
148.095088884,125.041665609
150.199501167,125.931763726
151.234480726,126.564921948
152.448799992,127.700130138
153.184913293,128.518842507
154.160797331,129.412194659
155.573564642,130.600284834
156.257026155,131.143658443
157.310399583,131.7524127
158.03809261,131.925899607
158.925426442,132.062122061
160.630438113,132.247485875
161.778746475,132.332068386
162.792631141,132.588470373
163.823917545,133.037102609
164.401374594,133.349541741
164.694421733,133.839200488
164.888417791,134.136960611
165.121397457,134.538429108
165.465752951,135.50108266
165.639993939,136.254698743
165.518509704,137.485812439
165.539387559,138.320172499
165.38074272,139.16913759
164.923907694,140.425239539
164.484116912,141.128966522
163.667769445,142.22754095
162.902100331,142.7109944
162.306602269,143.081653993
162.126651544,143.071421074
162.381288478,142.85045955
162.109977363,142.211908475
161.974629622,141.948677252
161.807939496,141.817046857
161.696893214,142.204984555
161.703599084,142.577858722
161.787373496,143.26195196
161.933387254,143.860095483
162.366140173,144.52211283
163.664781683,145.689438394
164.301628816,146.29650082
164.867033758,146.915224251
165.469781377,148.035832672
165.267092434,148.826146518
164.399669794,150.040836904
164.715101878,150.910662472
165.131671117,151.828492248
165.403552454,152.36969836
165.966109156,152.608968467
166.840862984,153.064732103
167.107176787,153.421150458
167.585828703,153.872952691
168.419180489,154.423521402
169.723304689,154.788187636
171.575631955,155.573301072
172.940942222,156.002262898
174.31899113,156.534890008
176.867608002,157.334521303
178.860199941,157.789638488
181.521502071,159.022590733
184.116666139,160.091906295
186.955771328,161.185769734
194.326974964,163.090848305
201.540270672,164.63656435
215.050029925,166.809810274
228.739767116,167.477284477
244.587651083,167.285668581
265.166099921,164.513054745
274.211745048,161.552988154
284.118887258,156.018204819
287.936747674,152.138700158
290.635732087,148.074427544
293.345548279,141.301323529
294.31676898,137.088782496
295.426365794,131.249559164
295.897528956,127.540512252
296.806145049,124.110704033
297.762651675,119.994288545
298.532687892,117.674037631
299.484320209,114.423379479
300.186065918,112.532628565
300.561872153,111.007194198
301.385320952,108.63694041
301.978953129,107.454125726
302.619405188,106.270206837
303.84710405,104.325580176
304.701280673,103.055423561
306.332690953,101.134588382
307.283631776,99.9721430333
308.367785139,98.8986713324
309.988843133,97.9339303474
311.196169972,97.601286619
313.132163494,97.1626009538
314.537527441,96.9459288327
315.8193632,96.8130337285
317.409690847,96.438000175
317.997468205,96.3212122656
318.025982481,95.9706336956
317.989918676,95.7940701247
318.056564478,95.4075200817
318.496665519,94.9085505738
318.41561372,94.8721014103
318.050929681,94.6796570594
317.654941151,94.5241157619
317.110775632,94.3389957115
316.248749839,94.2614924722
315.730170265,94.2042470955
315.182430455,94.0960332135
314.922554047,94.163079897
314.727210997,94.075788639
314.426612425,94.0837330758
314.198641557,94.1070022231
313.968505036,93.8751004655
313.967435298,93.5432418349
314.363070723,93.1430597734
315.127191844,92.7335898601
315.670983605,92.633129536
316.492157276,92.3256994733
316.73928693,92.3270597982
316.896635592,92.2175915939
317.385458351,91.9936812236
317.585171071,92.0091320141
317.747484771,92.0764750174
317.88484207,92.0475616607
317.910466675,91.969034684
317.71605827,91.868585333
317.30529284,91.8468944639
316.736193979,91.7685066537
315.945559969,91.6496586548
315.510357886,91.5405771208
314.870731408,91.6092324875
314.536818451,91.636485965
314.088965467,91.7739877139
312.961895383,92.0655053556
311.675552517,92.1916686986
308.61459876,92.6402458753
306.189981103,92.9330160835
303.468703328,93.1777330004
299.069479075,93.5961886215
296.043797812,93.8833989672
291.411798381,93.9969072546
288.259422195,94.2561285203
284.938615623,94.3726010544
279.663476399,94.0540061718
276.021320304,93.9559728783
270.993521843,93.9956455509
267.965107158,93.8598468893
265.312046821,93.7893153997
262.445536148,93.6829257005
261.184189255,93.7788538773
260.274250677,93.5856215215
260.046570007,93.5637636178
259.940051339,93.4296799286
259.664944636,93.2597224067
259.31694887,93.14048894
258.974978965,92.8866409985
258.657646083,92.5363077945
258.641174956,92.4405625076
259.113869146,92.1627673158
259.710208013,91.8133578944
260.443601032,91.7278653016
261.753453821,91.058054874
263.07431514,90.9390279518
265.118095106,90.5513511082
266.309975122,90.1097172128
266.838124776,90.1553842234
267.094481532,89.9762573078
267.038647793,90.0848235655
267.281355938,90.0049946668
267.963802098,89.7816711651
269.583913621,89.5355103978
271.464190099,89.0891600172
271.918404123,88.4447641642
272.141294654,88.2146047893
272.019754859,88.0301013089
271.845868714,88.0798038089
271.617174976,87.7951304308
271.265679076,87.9518432382
271.116597023,87.9529284922
270.890593154,87.9041679898
270.349912194,87.7098160907
268.496188899,87.3608090418
267.0104836,86.9190720217
265.924006954,85.8882719102
264.79028795,84.0962717534
264.734701879,82.5026616355
265.251476279,81.2526359699
265.909057491,80.7154041936
266.851756152,80.5998228834
267.579329992,81.4937448813
268.502428664,82.8070268581
269.992978432,85.2058285778
270.917630964,86.4054500494
271.673080082,87.8151080375
272.475661358,89.6030991456
272.756925911,90.6049087563
272.86312558,92.0913215152
272.604570798,92.752256704
272.251885717,93.0886023229
271.5092749,93.4786350425
270.650094192,93.7695076835
267.549360116,94.5817432544
264.795075387,95.1795854631
261.747205732,95.8420653071
257.517580396,97.0118892445
255.412865974,97.5984534273
254.276234524,98.095390131
254.969039134,98.6108693433
256.489692732,99.3222585933
259.644047134,100.197295632
261.911338979,100.599262173
263.99486312,101.191040366
266.934497447,101.968647843
268.321433976,102.464235208
269.220840024,103.301635588
269.55421166,103.669419013
269.883369268,103.940582865
270.199932682,104.099151542
270.629242221,104.484453685
271.452736909,104.98309555
272.13035465,105.240775784
273.408088362,105.653282756
274.410475309,105.799611211
275.40698396,105.852717118
276.723172729,106.221481242
277.541648604,106.687934079
278.447960232,107.216508974
279.984388856,108.411087932
281.140784053,109.022599549
283.05528296,109.858345307
284.334960251,110.419523652
285.741840766,110.795382689
288.005548808,111.104035529
289.542323277,111.318006238
291.350570276,111.601554016
292.489120751,111.789484487
293.746550342,112.180671771
295.318012718,112.836502521
296.074935135,113.184184493
296.655528459,113.470908524
296.847370342,113.546656012
296.859216548,113.427467175
296.767777823,112.927247167
296.610313876,112.554417757
296.632493825,112.434155644
296.427621148,112.53140575
296.238481966,112.623137774
296.055070378,112.728831745
296.024051392,112.772851283
295.932869185,112.978959498
295.883210672,113.027648875
295.909793618,112.908374485
295.849822581,112.556500773
295.629167768,112.179667822
294.820963563,111.320879982
293.723560701,110.573984697
292.465047535,109.828587003
290.848072279,108.617945938
289.830758419,107.590122821
288.063253517,105.849869643
286.891263165,104.675583498
286.010145734,103.68975966
285.612087931,102.716812372
285.588290906,102.482627647
285.511410707,102.425024337
285.88379479,102.73341211
286.57634414,103.263488095
288.326136912,104.45011018
289.693934902,105.474074578
291.307102887,106.437790595
294.352347811,107.801480241
296.597918376,108.604062339
300.107093198,109.64496452
302.400170248,110.422836323
304.433054126,110.970140092
308.154901025,111.354089344
310.608325479,111.509829925
314.226525617,111.542232689
316.432258148,111.614261175
317.378161243,111.657541226
321.731896698,111.515161093
323.842366893,111.48271078
325.689229442,111.490939719
327.945815099,111.36796519
328.75098147,111.362722416
329.140938584,111.526317846
328.747201328,111.544989697
327.488529316,111.730100595
326.430048832,111.824424617
325.318613583,111.915874012
324.065735588,111.840256646
323.559206237,111.716208009
322.786382849,111.866732094
322.43528223,111.924037021
322.349219743,111.980277881
323.124546587,112.085684611
324.043269221,112.179440657
324.987834263,112.199559651
326.322754929,112.218752128
326.91857424,112.190443723
327.845761334,112.083100563
328.331316012,111.919005632
328.432453984,111.919581609
328.645114048,111.795566971
329.05710471,111.276512472
329.411634054,109.805840691
329.391903033,108.494635863
329.170132549,106.893453685
329.105178112,104.342871476
329.314530798,102.806158621
330.780426163,100.49162721
332.095706963,98.8262036381
333.570012447,97.3247947307
335.940953081,95.6627754305
337.35907492,94.7981071658
339.634706368,93.7869736676
341.198771731,93.2844017916
343.022819348,92.697454237
346.120555326,91.6810022925
348.073804356,91.4570963319
350.848634029,91.5707686398
352.767907999,91.4437663276
354.799346475,91.0629840342
358.142264836,90.3893800494
0.699170364895,90.1330852626
5.15597870585,89.7462516455
8.38449306471,89.686618938
11.7346531267,89.4723418088
16.6341419579,88.8651478378
19.7224951559,88.1502202226
22.7245706446,87.4009410228
27.068811338,86.9804305629
30.0007873421,86.9023638661
34.3205417159,86.6069105041
36.9797494698,86.7380772224
39.2170368266,87.0425567838
41.4852369719,87.5557694196
42.3597320491,87.7699505205
43.1470162469,88.5014525871
43.0176197638,89.0998393369
42.3664427537,89.4744004835
40.4978716527,90.1976799433
38.7738070629,90.843367712
35.4863407613,92.1040895705
33.3067403835,92.9801506582
31.2893024096,93.8858299264
28.767639556,94.8151724799
27.65538483,95.2633229584
27.1534109749,95.8946161708
27.8773807683,96.1905064473
29.353899129,96.43528411
32.7314166709,96.4719959957
35.6136558692,96.3654716702
40.5186017911,96.0871621676
43.9237745534,95.9064492944
47.3937260127,95.8952805635
51.7933217991,96.2127399297
53.8072980303,96.7209540891
55.3418312835,97.5997702034
56.1839955022,97.7086124392
57.0837829728,97.6095636594
58.9020233257,97.3231375881
60.5847830672,97.1502938551
63.8679311853,96.614264932
66.6765130808,96.1909279586
69.7437948667,95.7050274134
74.537927664,95.5285462996
77.4339424057,95.6067953225
80.047340649,95.4763812765
83.628576371,94.692937408
86.0097409978,94.1387371693
89.2372623767,93.769444864
90.944680653,93.6595988761
92.5661356987,93.4697672968
94.6354363472,92.9043164317
96.0837757892,92.5682476987
98.2739942529,92.3643597859
99.4486995171,92.0376021629
100.806998215,91.5534223989
102.69750141,90.966571795
103.788746861,90.3876537147
105.619770799,89.251977314
107.145248701,88.6690995606
109.188062336,88.2113295584
113.124088558,87.9223186295
116.11817659,87.4525974901
120.575200302,85.5389352912
123.659414976,84.0564961033
126.689142093,82.8946649978
130.983361581,81.5245923901
133.459835304,80.6778921322
136.600322334,79.0567433586
138.151292959,78.7163951674
139.305314823,78.7339064323
140.045862994,78.8086877028
140.062312863,78.7369285181
139.882289464,78.0608134754
139.928846856,77.4647473568
140.375072428,77.0770162501
141.495118727,76.749453725
142.158260186,75.8214609725
142.3214916,74.6815905238
142.235760852,72.4618198954
141.886190429,71.8388468836
140.857095903,70.4237987545
140.192249469,69.9310950632
139.256420843,68.4561023524
137.949239137,66.519448385
136.872371726,64.664995196
136.598185021,63.0461244052
136.843443948,62.1016868136
137.0230847,60.2252586957
137.097839444,56.5214365088
137.117207915,54.5214716744
137.247367623,53.1541074916
137.27499708,53.1912008558
137.704916148,52.3998934847
138.611411619,51.1472657383
139.096530191,50.5096620829
139.848196583,49.9999032674
140.197011169,50.3404502013
140.052363402,51.0936226574
138.506431952,50.9336219194
137.113474698,51.1816668674
134.827464424,52.687007483
133.653720953,53.8321300131
132.69515249,54.710213245
130.754743711,56.3775125484
129.309131575,57.4156980936
127.080714249,59.1244794861
125.743460325,60.5119274263
123.893559116,62.0677135737
120.689761182,64.3281507087
118.959032058,65.7769280554
116.642284214,67.4288209265
115.312266922,68.2324138342
114.365158373,68.790832679
112.994734634,69.0572435897
112.001584536,68.6968838438
110.976155264,68.3672884379
109.765344588,68.251049218
109.029502249,68.496223201
108.040596347,68.9905170819
107.938237085,69.4820675403
108.331982138,69.9099335921
108.804009692,69.8751949774
108.966614968,69.7736594412
108.808332533,69.7690563626
108.292972093,70.1429669035
107.785352096,70.4045422501
107.628619089,70.5867745196
107.535935739,70.5865142558
107.418734977,70.7144744953
107.402904701,70.7463781075
107.366024976,70.7701627082
107.254919924,70.8873412768
107.110776467,71.0073738408
106.850673583,71.2701609265
106.815082756,71.2825927599
106.812063334,71.2620538637
106.833200717,71.3369358273
106.821371258,71.3765620774
106.839493895,71.4550298616
106.814996351,71.452248492
106.766270701,71.4368677748
106.750145171,71.3032570209
106.753953734,71.2160090733
106.772833443,71.1558586603
106.785944584,71.0204854205
106.863954682,70.9856475432
107.057624406,70.8590664349
107.378541742,70.6729164114
107.90125611,70.3650738317
108.9059912,69.8769216665
109.896396064,69.3963661543
111.357424277,68.1984912326
112.296669181,67.3304690276
113.420571932,66.3524394513
114.992504186,64.8185113753
116.07832069,63.7755556166
118.033683236,62.284761729
119.569765917,61.257166659
121.521417205,60.0202077549
124.88566494,58.0269665504
127.370089555,57.0470161825
131.445253593,55.8083459064
134.20702167,55.2893810671
137.165306976,54.8572894028
141.474980513,54.4881822024
143.976011719,54.2180289083
146.917724453,53.6335639548
148.39713663,53.0399738904
150.004660515,52.8515743265
152.300458981,52.629507373
153.167308005,52.4156157434
154.307526608,51.8877877776
154.929763156,51.4783292901
155.338472463,51.1888402829
155.067188665,50.4321031185
154.321090169,50.2087854786
152.996904734,49.9272803277
152.152789015,49.9650278264
151.612570396,49.9672283563
151.502733123,50.0069015078
151.481273006,49.9514069263
151.394426382,49.7436878098
151.396903927,49.3489135611
151.349956592,49.0569578854
151.478266966,48.8320843814
151.743841192,48.7806555685
152.17751832,48.7700758576
152.75255805,48.6694329253
153.178704074,48.6179066269
153.851715212,48.7230541571
154.410544377,48.9731414729
154.980882073,49.1592432498
155.829500583,49.6807331254
156.391546881,50.3380788688
156.593134943,51.4930483955
156.437189703,52.3933664484
156.177082178,53.4448078917
155.560917533,55.194219884
155.151441118,56.3865946742
153.964096277,58.2300352407
152.896217551,59.6696138863
151.697152404,61.294132879
149.810361323,63.5362493032
148.683513593,64.7563291695
147.450440861,65.8784048799
146.863935183,66.4084433811
146.500999826,66.694794615
146.309243165,66.6204328667
146.175581186,66.5969744785
146.044272512,66.6459447234
146.015328004,66.7092952067
146.001688159,66.7028544304
146.039820423,66.5105284747
146.159830497,66.2650287459
146.483424826,65.7262084417
146.760840108,65.4167778605
147.031812253,65.0322797145
147.310794154,64.5907898308
147.327333642,64.4889676229
147.312963908,64.3385113934
147.307419455,64.0830856481
147.433849442,63.8300274071
148.048647936,63.3830041419
148.728596986,63.0359529089
149.536789963,62.5828063921
150.838835221,61.6704418366
151.726359612,61.1390068393
153.101173697,60.4057418221
154.104166602,59.9429726426
155.234904583,59.5615106272
157.133219254,59.3344645467
158.604807866,59.2214452914
160.848653602,58.8455692096
162.212055048,58.4489993918
163.590432466,57.9511494728
165.676484191,57.4775416108
166.958991401,57.2611608363
168.891519803,57.2645156933
170.314595264,57.3577579748
171.764853784,57.4889547048
174.249028601,58.3463467531
175.755361103,59.5604230006
177.630808354,62.5449957484
178.151104095,64.2048619896
178.496171204,66.1342080767
178.915639872,68.4384640928
179.671622524,70.1828556
180.517682499,71.9626681498
180.734175141,73.0578364645
180.586882225,73.82862442
179.895220731,73.7957581438
179.244337394,73.5541875586
178.535259277,73.1722306006
177.551079153,72.7511898526
177.210901643,72.7774618522
177.616854112,73.1627159762
177.834861542,73.3714599533
178.034173629,73.4982703625
178.354701003,73.5646336741
178.853982162,73.823093429
180.016104875,74.3182127811
180.834266218,74.4201262835
181.749954562,74.4238878562
182.915934175,74.8513577958
183.671156508,75.2199435021
184.423826648,75.6907712672
184.944062752,75.7020575606
185.647659378,75.4665235787
187.491004375,74.8525548381
189.178429773,74.7018331794
191.006557051,74.0569518665
191.898665783,73.6143527024
192.794168302,73.5247799716
192.49462494,72.7743432278
191.656704964,72.2111277714
190.005374966,71.7323663161
189.535135147,70.6218306001
189.793971283,70.5003670286
190.133077067,70.7834460566
190.295034812,71.2075830104
192.199647427,72.8700762726
193.962470697,74.7459453795
195.610176556,76.7259518227
197.457059223,78.7227980706
197.874535401,79.2849012739
198.931350008,79.9553833656
199.206323458,80.6160416358
199.157399698,81.1673038405
198.732605123,81.5044320366
197.934009521,82.102893514
197.028375388,82.5681209327
196.146504598,83.01646397
195.939127099,83.5332085772
196.536329698,83.6556522933
197.40591565,83.4675655759
198.577609262,83.57016069
200.525151307,84.2724482471
201.687824765,84.8456892728
203.271021424,85.6710007442
204.238260516,86.0726489309
205.213944229,86.4181720637
206.524213624,87.136776549
207.288945018,87.5261807606
208.297803741,88.054336785
208.55732427,88.5196847638
208.59307092,88.9545414954
208.077749375,89.8641941504
207.495629155,90.41349541
206.483157331,91.2419819447
205.850549498,91.5415758588
205.317352214,91.6052569019
204.413469227,92.0368560537
203.990444463,92.2862645341
203.667475439,92.3761074567
203.412564428,92.4873867549
203.083527178,92.6087390367
202.567747249,92.6533237103
202.283665558,92.4427876846
202.023929143,91.7210177557
202.055588723,91.079573801
202.347269616,90.4811220859
203.058532896,89.6076736822
203.786652868,88.8900438181
204.580130429,88.1488593328
205.665186163,87.5043255102
206.493111451,87.2119792009
207.729434938,86.9426927119
208.403109121,86.8575756516
208.969292869,86.6583628146
208.777526332,86.1547956082
207.979816907,85.4621437863
207.018869585,84.7918777387
207.11601373,84.5804329316
207.934705163,84.543402043
209.94226748,84.3284792567
210.803200415,83.6660685396
211.732420834,83.1181655188
212.488916657,83.117056128
213.995117092,83.1711153356
217.54658899,83.4120089968
220.836140495,83.5909762002
225.251302045,83.724276881
227.19609171,83.1202067701
228.405184219,82.970543766
227.376648269,81.8569655007
226.216135419,81.8965047108
226.003608296,80.2678973365
226.161228277,79.5359518804
225.933888105,79.09843547
225.661767459,77.8263737964
225.939402388,76.73293854
226.852515808,75.2659729191
227.37207799,74.2766197919
227.93980282,73.4114663525
227.816742215,72.3610141504
227.114425211,71.7908290082
226.130784802,71.0358450494
224.222906178,69.7916307682
222.851045174,69.0146045135
220.349081583,67.8950207405
218.358896117,67.4111975965
216.262946688,67.1002694994
212.393575849,67.0008554576
209.451759565,67.2160470306
205.430018001,67.5245982209
202.842323714,68.0041898957
200.354814117,68.5776671739
197.118802994,69.5753196955
195.091066516,70.2864536368
191.71438426,70.99023106
189.806623234,71.2245368054
187.83792809,71.7123826312
187.292965446,71.9184071387
187.10955815,71.7270790617
188.209364449,70.9004323773
189.519987022,70.3779290322
190.950304299,70.0653427577
193.092387489,69.8898883302
194.404503091,69.9110269714
195.929011425,69.7540416198
196.857250382,69.7588387624
197.598817298,69.8547149085
198.554300846,70.0486984343
199.273374528,70.1028285692
200.550558002,70.0257424831
201.569609701,69.9636854235
202.649266374,70.0386683054
204.099148673,70.2154962011
204.980001419,70.3584509176
206.013723013,70.6896518051
206.71572084,70.9252208382
207.420784406,71.1055991973
208.622476997,71.3257736704
209.48491698,71.39685847
210.413729592,71.5007935569
211.759479842,71.7044002449
212.566277871,71.6983152157
213.523960337,71.5580157108
214.206480183,71.561064586
214.833100116,71.5744586149
215.731096327,71.6840444558
216.421706701,71.7147758126
217.551655023,71.7458097342
218.43988268,71.7979346055
219.552324624,71.9399081618
221.346061176,72.018441974
222.589586719,71.9435480793
224.380953177,72.0053420538
225.577809925,72.12526635
226.927595773,72.1417424301
229.334071053,72.3727098248
231.125868537,72.7176378984
233.74346974,73.4924760749
235.364974299,74.1691709955
237.049482513,75.1494714706
239.540460716,76.5659822455
241.264801766,77.6412652018
244.075630302,79.2915369276
246.314136984,80.4800530765
248.700799129,81.3355345809
251.554774729,82.6304628869
252.756433259,82.9097434214
253.878298198,83.082327695
254.125460617,83.8009279937
254.233481644,84.2688065959
254.468121164,84.7720674625
254.515558734,85.1481083528
254.399604755,85.6242762334
253.701412919,86.4775400108
252.636111522,86.7507195778
250.633424338,86.8697269771
249.474630217,86.4915862589
248.544785899,86.0328183772
247.449628731,85.6061670168
246.428624957,85.29790452
244.289737026,85.3490999355
242.883119093,85.3268827259
241.789260663,85.032293245
240.638721717,84.5495778662
239.959782222,84.243434625
238.792700121,83.6745154884
238.074081901,83.0864561291
237.383763125,82.3846943473
236.223133711,81.3769219237
235.454021358,80.5576202635
234.124808471,79.2941744133
232.962041944,78.1899011507
231.542078743,77.2087761905
228.954561641,75.7324425549
226.786132867,74.474267404
223.633871135,72.520460528
221.4752502,71.1048806405
218.860675817,69.8104808907
214.636500577,67.8381653402
211.418332337,66.56551192
205.942203393,65.8502998222
202.823998502,66.1678164163
199.844372441,66.2743559459
195.38688259,66.3243135426
192.506223248,66.5641676362
187.887890651,66.576446279
185.070220094,66.7780201989
182.548929985,67.0140106551
179.04302143,66.7393254455
176.898108854,66.2011173129
175.228003351,65.7256163084
173.315297426,65.2318704024
171.981324894,64.9971821264
169.977421193,64.865407396
169.084937553,64.7833116379
168.23167311,64.6125237197
167.563714162,64.2792472837
167.414365428,63.8322922001
167.09657029,62.9123656561
166.874214693,63.0262265229
166.595087665,63.2178430025
166.641847798,63.1782756084
166.975626276,62.8323007681
167.514409855,62.6187765456
167.700858354,62.7559718343
167.73333296,62.8431470527
167.965102939,63.0199218669
168.088800262,63.0691797575
168.413983344,63.3135353974
168.622182196,63.5655491683
168.871424028,63.703197513
169.36192738,63.8539192779
169.779791031,63.8833468334
170.48328056,63.96352002
170.875438747,63.9420903059
171.244585039,63.9784740158
171.769204639,64.104831714
172.045891322,64.1453776453
172.340897652,64.2534098679
172.447721767,64.2813461065
172.529848257,64.3337099055
172.646057999,64.4625643278
172.529043929,64.7016427755
172.33782045,64.9316743039
172.47432939,65.2172802737
172.990046639,65.6264424437
174.123942658,65.931126471
175.227253563,65.9489301683
175.829665913,65.6501922032
175.898843834,65.7554992239
176.181656551,66.0280435265
176.678094844,66.4342249891
177.042171226,66.890840482
176.958396506,67.285379779
175.967094119,67.8212017529
174.473811801,67.7107946923
172.656693165,67.0957793859
172.246053199,66.540580004
172.285858939,66.1949253581
172.641060076,65.4241629058
172.754306927,65.5596610562
173.066418744,65.8927945832
173.398591007,66.3385550561
173.440524282,66.4078633582
173.984822712,66.2612942841
174.241992903,65.8780515112
174.486276936,65.4380003494
174.849551878,65.2844749901
174.933798202,65.2468964011
175.034517393,65.1607135886
175.098385157,65.1053157086
175.317535901,65.107274145
175.481734095,65.0020243852
175.637488592,64.8492675902
175.820931637,64.5728562721
175.886846612,64.4905309956
176.067854885,64.4371923193
176.298019477,64.4824643288
176.57776784,64.6467660696
177.180730917,65.3472475217
177.567973898,65.9074578714
178.053717319,66.3038887152
178.263243154,66.9393935195
178.261821696,67.2292618858
178.194459941,67.5239837526
178.341372544,67.7037919969
178.7166211,67.961124746
179.562540839,68.4240025567
180.235171756,68.8531415575
181.346152484,70.1129651756
182.323834226,71.3013435145
183.569730796,72.7596027132
184.756102328,74.7069539108
185.224893205,75.248763897
185.92431802,76.2190929549
186.185606367,77.0063695573
186.463058193,77.9044034949
187.118331424,79.7523302386
186.340657071,80.8522305254
185.789614253,81.7964182572
186.107487939,83.0500287952
187.101445676,84.5352851114
188.440253663,87.3360652262
189.08362698,89.1003077623
189.939995853,91.6079499946
190.335106732,93.4377034563
190.92999948,94.9415789374
192.148766091,96.5460354838
192.446535301,97.7827380276
192.394594241,99.2629793148
192.310762223,99.8184127895
191.948352718,100.397610544
191.433958431,101.229352142
191.38609574,101.596284619
191.183679271,101.974428106
190.841001907,102.723367746
190.545147642,103.076867393
190.215552939,103.312276294
190.108003827,102.960338298
190.177691294,102.229487544
190.478290938,101.157416538
190.906342047,100.485767299
192.084530872,99.7018794336
192.91054539,99.2036589138
193.45690739,98.6817946009
193.162172605,97.6113519796
192.574057971,96.8549897898
191.714914562,95.8374265905
191.386639315,95.288643461
191.251244535,94.8903446017
191.813843434,94.2877337761
193.024246218,93.833998216
195.239049104,93.6724687173
196.677599608,93.8770768524
198.025804345,94.0188247668
199.417705723,94.0837626433
199.876752495,94.2870941882
200.362054562,94.1973715671
200.295884586,94.1941255482
199.9828339,94.3569325076
199.746791436,94.482015841
199.811499704,94.5917576447
200.114611769,95.0346128161
200.475242887,95.3661263097
200.959715416,95.6835172808
201.51310557,96.0115175777
201.623263856,96.2745490601
201.598885939,96.4029361512
201.452394845,96.5522324665
201.131649544,96.6156145361
200.751003758,96.5710300523
200.646247171,96.3928843179
200.517866581,96.138425407
200.44154663,95.7009611628
200.360413187,95.5586550245
200.470997621,95.0737220352
200.631397559,94.8196925307
200.696230635,94.5547635491
200.727651883,94.1233084954
200.635841341,93.8555797689
200.353456223,93.3442728219
200.218811021,92.9818920791
200.139793224,92.6749851766
200.217226383,92.3152304566
200.278747074,92.1992309072
200.245519116,92.1030542516
200.186641947,92.0336077685
200.016265368,91.9488860111
199.746077695,91.9496914049
199.242870731,92.0494588849
198.687572421,92.1594927569
198.267196863,92.3100486314
197.880664999,92.4670358272
197.482693531,92.54902568
197.211872771,92.6241803375
196.953603266,92.6204467199
196.755513281,92.4503426874
196.590437213,92.4038643753
196.355270676,92.0651570139
196.144329031,92.0309027418
195.811422498,91.9004531731
195.552197612,91.852972529
195.45414635,91.8281165678
195.032657671,91.834643453
194.608293278,91.8682592462
194.00555714,91.8669299205
192.971042123,91.8392390954
192.108088967,91.7321240827
190.793592508,91.1987603774
190.042894217,90.4910821018
189.193773663,89.9588066292
188.167667512,88.8173807116
187.640625503,87.9696154555
186.815960252,86.9475753328
186.19416547,86.1688724379
185.429067433,85.1113105561
183.852276917,83.3760548324
182.568612763,81.7332117187
180.088499094,79.6337081351
178.253196908,78.2710466735
176.517023299,76.499652733
174.378815402,73.802966878
173.013985331,71.9847505836
170.867770061,69.0858565922
169.556250398,67.7465423131
168.403313517,66.8150127068
167.256956358,66.4489935058
166.751556896,66.5263514036
166.333438364,66.6742333823
166.41704675,66.6494610057
166.465618342,66.634162421
166.6495464,66.6928557547
166.763665509,66.6899585364
167.084305706,66.8725256464
167.369959506,67.0504237549
