179.416419539,87.9072453084
177.853881155,88.038706353
177.565826553,88.0555545375
176.63584083,87.7168049143
175.885686428,87.2441901805
175.433830873,87.2426686214
174.999682077,87.2277132307
174.358840042,87.0302113959
173.921330646,86.8494519481
173.419026406,86.9618183734
172.585145252,86.7217222545
171.989959373,86.7639066685
171.348325476,86.6806445694
170.909665808,86.6145006853
170.614911757,86.7896638614
170.231342982,86.2357978956
170.063389826,86.2810788692
169.843781277,86.1805722958
169.729929512,85.6601843953
169.734966467,85.1656326412
169.723676336,84.9167172559
169.75025991,84.7594345807
169.832885645,84.6276501468
169.879105598,84.6013535517
169.981243261,84.6247355969
170.142141712,84.4516855434
170.459138838,83.7943453146
170.802359219,83.3051368692
171.338852684,82.886785577
171.66574161,82.9835276308
172.311765245,83.0264551035
172.785324964,82.8970498343
173.325431765,82.6099181811
173.45819375,82.2368558421
173.37754851,82.1195822336
173.163938562,81.7207190882
172.874903632,81.3582425169
172.711395408,81.0598448102
172.867208993,80.7086342924
173.476271232,80.1928193705
175.295296753,78.9712571797
176.967905682,77.537629753
179.675209811,75.9774903799
181.42907905,74.7764180828
183.14082578,73.2854973025
185.550565424,71.3103872097
187.169886127,69.9548808544
188.567008642,68.1487967278
190.058022612,65.2401109155
190.650167748,63.8923541691
191.320016778,62.6833331439
191.47032609,62.0043688071
191.306921796,61.5928159887
190.895478351,61.102482896
190.660223728,60.7388434246
190.324932043,60.447597373
190.160329251,60.5245759589
190.017360985,60.5252010525
189.797850597,60.4764036182
189.649149335,60.3561562419
189.310541472,60.0091226696
189.09964568,59.8345338296
188.713308976,59.6410480594
187.91160627,59.4955181779
187.175300703,59.4812569587
185.087769227,60.0148872725
182.10533757,61.1802049326
177.787209584,63.4687007289
170.91240701,67.1846732235
165.839961864,69.851769075
160.491117802,73.0195157207
152.013575101,78.6531706944
146.452197748,82.8626226063
138.752810261,87.9544753818
134.098220706,90.8908677279
128.29914098,94.9200415421
124.812951989,97.0808160147
121.979122785,98.4720904017
117.913117922,99.7828625315
115.288469631,101.072115405
112.569620175,102.448182399
108.632998405,104.613710055
106.361655261,105.5612064
103.275100405,105.95259225
101.447623868,106.447606989
99.5669571701,106.832768709
96.6908192338,107.153559093
94.5279888035,107.212468422
91.3341403645,107.366456364
89.6323154724,107.683896222
88.1076737992,107.794076009
85.8543711719,107.806034145
84.0917787743,108.067345898
81.3001893493,108.422715167
79.4478508857,108.635379621
77.5486285091,109.054119935
74.546157255,109.668485358
72.3301635211,109.92060641
69.1883732969,110.438196096
67.2382587772,110.648847091
65.5875582244,110.699508007
63.7610307739,110.862217445
62.6867923058,110.847433007
61.3317544989,110.846688868
60.474902177,110.959486984
59.511215488,110.915557593
58.2074459767,111.080257031
57.6119958427,111.126998127
57.0428964015,111.106419868
56.9214471089,111.11652429
56.8927530313,110.97627825
57.4884415799,109.500908741
59.4931788866,107.47405808
62.7211690825,105.017818075
68.9565058888,100.975796066
73.9895847373,98.6566634231
81.3823050165,96.0474585108
86.1363170125,94.5147883272
90.6613429754,93.1765437295
95.8568980562,92.1456244395
98.3670039231,91.6417532585
100.409730419,91.0858197519
100.793024974,90.8823593446
100.753558132,90.966405413
99.8926792442,91.0372928694
99.5345307554,90.9773552412
99.1876373963,90.9224122648
98.8101443776,90.6183666156
98.4575486107,90.2195247639
98.1297374947,89.668716977
97.779970943,89.2505355622
97.4124561865,89.05218733
97.0246101178,88.9978383929
96.7049719238,88.9819105362
96.4329444737,88.9580917892
96.1956327513,88.9128601934
96.0628589003,88.8692539102
95.9992316914,88.8239245809
95.9523456074,88.7765749255
95.9386273064,88.6720406686
95.9222792741,88.5982863163
95.7737655402,88.4539460605
95.5540690351,88.3263665761
95.1837183776,88.0464096005
94.4039004478,87.5025311677
93.5954773681,86.7040252939
92.5510178509,85.4630787045
90.5222661389,83.2672337889
88.9734940376,81.8319703916
86.5929326832,80.194765182
85.0953043291,79.3609769965
83.7619404293,78.5994140899
82.0349430214,77.7489043626
81.0981110752,77.2632991803
80.0348579658,76.5103684607
79.5857190701,76.2161165814
79.3036208628,75.9305588648
79.2304215322,75.6647709188
79.1550469535,75.3700200033
79.1684207573,74.6703907875
79.1667708411,74.2893903766
79.2780262388,74.0495998637
79.3829215282,73.6597443667
79.4077301326,73.4886231224
79.4051846301,73.2572607304
79.3970164917,73.1666944508
79.3926987384,73.0593364266
79.4344960646,72.9081410059
79.4848528909,72.8200175034
79.5892139356,72.6449990708
79.6593523635,72.5331239946
79.698745321,72.5267430201
79.7961725141,72.5730605709
79.9308769263,72.7952512502
80.3775788091,74.0119060324
80.9882643441,75.3209623636
81.8782490631,76.7397810603
83.3780678584,78.6763701894
84.3874380944,79.7630390001
85.3185400433,80.5392167279
86.4412672655,81.3952160667
87.0006079835,81.8267320462
87.6646758313,82.1944204661
87.9805561085,82.3551589736
88.3410604474,82.391035855
88.5970761117,82.205670496
88.9929766836,81.9009313165
89.4797488901,81.4314488298
89.794068534,81.1875570774
90.0273908046,81.1349805943
90.304220882,81.1332361163
90.5468952883,81.2128641014
91.0650323458,81.3831159555
91.5299272584,81.5307005349
92.0762509895,81.6584135983
92.9239324057,81.8260920717
93.4323495528,82.1252875902
94.1223465236,82.6037342083
94.5370363783,82.9191539313
94.9806610028,83.2955558361
95.7100363992,84.0219422168
96.3274423539,84.758042885
97.536878576,86.1049028557
98.476934911,86.9723299492
99.4099070727,87.8734462057
100.878168418,89.4109282478
101.716885435,90.0742272543
102.84342698,91.0315681441
103.467065771,91.6867132434
103.962245384,92.2203079112
104.861044396,92.8955155719
105.606864867,93.4300718623
106.681707271,94.012143604
107.51775655,94.4091402445
108.311161271,94.7880617303
109.428048505,95.4267785449
110.172564439,95.7211931805
111.469521207,96.5567418729
112.343019072,96.9592543758
113.257100788,97.2160720285
114.533835295,97.6684941281
115.275506699,98.0435658179
115.816210178,98.4230247733
116.310032947,99.655856818
116.477776044,100.519036606
116.614625606,101.548143333
117.233488244,104.484018506
117.301389478,104.493289868
118.332283949,107.0602036
118.983143318,108.208251897
120.048562278,109.681160577
120.880485821,110.686637337
121.562159824,111.428671241
122.396647149,112.385109994
122.782982727,112.875900838
123.23757374,113.126254321
123.640897874,113.103084118
124.080954076,112.914819533
124.928389056,113.113134748
125.700420541,113.606871879
127.045081132,114.50453743
128.111780084,115.148685127
129.34748533,115.813735563
131.286369452,116.869802888
132.462398766,117.608794856
133.94249408,118.576090408
134.788529074,118.945832318
135.447709086,119.060640907
136.150385759,119.095846485
136.430896585,119.007008151
136.536213073,118.768855555
136.532799654,117.988711901
136.552371937,117.366225371
136.72585975,116.30650421
136.815565065,114.868588168
136.826708401,112.284919392
137.542287749,106.993571085
138.629728549,103.382042486
140.899135369,96.7357647774
142.838318914,91.8131097504
145.235114536,86.7021278932
148.810047832,79.9549302533
151.468203587,76.2667913911
155.25745188,71.1018319219
157.81400128,68.5864985885
160.079526066,66.0461029631
163.304962485,63.1019406125
165.191379185,61.6333233326
167.607194371,59.8043181449
169.000163449,58.6299055356
170.32296267,57.3090872382
172.123305003,55.9131040778
173.105845544,54.996795698
174.214283592,54.2001764786
175.328280356,53.6050886336
176.983378431,52.8197813966
178.748879668,52.1021235777
180.122930375,51.6335315724
182.071156636,51.1995404227
183.438709313,50.8463814691
184.802443193,50.4175815263
186.698664966,49.8186087461
187.974551199,49.5273569759
189.821888798,49.1157777551
190.98438744,48.8465544443
192.115864422,48.7548197334
193.745228072,48.7498654663
194.829432944,48.7259983875
196.08985277,48.5615191929
198.466765566,48.0607205932
200.331734986,47.6648519259
203.330419371,47.2416469261
204.907382477,47.2898065539
206.021782146,47.750868128
207.563377702,48.2352063232
208.226674715,48.627105227
208.894309557,49.2435188404
209.455224248,49.368313191
210.262724769,49.2741946781
211.833693725,49.1040862336
212.998695086,49.2534256001
215.117239943,49.2897404537
216.891989682,49.0937206195
218.996558577,48.8523316355
222.584020365,48.3130885997
224.999277144,47.9303339277
228.227093963,47.524284692
230.256396742,47.3543445067
232.493544092,47.2574959623
235.818369092,47.1259334233
238.090960202,47.309708665
241.331289742,47.7318697255
243.449256126,47.8415594047
245.538660497,47.883922664
248.481788241,47.8876495443
250.497969306,47.8987795934
253.468554927,47.6959419971
255.247138702,47.5568464019
256.743246025,47.4178799973
258.635712415,47.0812941741
259.67080874,46.9557391865
261.204662681,46.7976541167
262.177572616,46.7074139
263.303381537,46.695500056
265.17639544,46.6374283207
266.583415283,46.5971466584
268.626839351,46.6442876961
270.017233144,46.7690167639
271.35526538,46.8803258032
273.13531543,47.1658474308
274.244655982,47.3617738031
275.374420029,47.5776012427
276.981890427,48.0158463374
278.035474013,48.2301892938
279.503472945,48.5071514879
280.390675312,48.7579014326
281.181355344,49.0329590299
282.218512896,49.5456506806
282.737220583,49.8367019897
283.579188032,50.1197539019
284.213330616,50.3190354925
284.866438864,50.4835997391
286.19903786,50.6114145708
287.337119159,50.6742523171
289.274678801,50.7530731703
290.595645296,50.9707931389
291.735851204,51.2764257318
293.596673905,52.0160074444
294.806482991,52.555089437
296.535380387,53.4159628383
297.569623817,54.1778261428
298.625543097,55.197992677
300.103716698,57.3827397648
301.010271591,58.9821297228
302.411613106,61.646745752
303.25017658,63.5864799346
304.276465197,65.2821968198
305.724854048,68.5527353185
306.656816363,70.3331150056
307.542558237,71.9522779783
309.030842113,74.4860865364
310.145586032,75.8699561771
311.901612149,77.952795183
313.251526079,78.995419792
314.629617991,79.9898333421
316.900068402,81.1869124255
318.431126968,81.9449011714
320.838944204,83.1296904561
322.371646588,83.7383460545
323.760443437,84.1479808615
325.548369487,84.5931689676
326.570723656,84.7324003794
327.811117017,84.8117091042
328.479960821,84.9467262228
329.000249963,85.0455411905
329.739369518,85.045492732
330.601405552,85.1535446133
332.618506775,85.2513460534
333.854135219,85.4495836745
335.15719955,85.5394626901
337.062316984,85.8311073087
338.327864115,85.8755878393
339.465224794,85.7658857063
340.950978472,85.3472559341
341.746682611,84.8683629757
342.559282195,83.5137004233
343.16111989,81.980288268
343.425815816,80.7962302692
343.449794828,79.6911219791
343.544686254,79.1488147788
344.212548995,77.9281645167
344.808903008,77.5477599264
345.538140877,77.2844173578
346.865809706,76.5545083121
347.686939348,76.1123870855
348.75292497,75.3523440377
349.46826048,74.7684545324
350.006067044,74.501650785
351.001957271,73.9950370915
351.7959575,73.6579683856
353.121793664,73.3519067439
354.003126773,73.1952331783
354.948999612,72.9638456799
356.286911824,72.7490133592
357.179103108,72.5756281038
358.427129137,72.2586712514
359.158297373,71.9687552764
359.883085141,71.6817181894
1.18162408533,71.0055603849
2.24139588133,70.3650916254
3.56552792825,69.4343996295
4.1012458502,69.0238970386
4.37269147827,68.7018630916
4.53023008406,67.806235302
4.75936082747,66.8266940935
5.29677514281,65.7504035238
5.63615202561,65.362243737
5.79186179996,65.3472667371
6.1033127966,65.3228445316
6.65152171587,65.0466257807
7.28457834959,64.5170373076
8.24820380712,63.6230133679
8.95617029745,62.9645145538
9.79605377922,62.3781331787
10.3257397877,62.2012500016
10.7438985501,62.0405364771
11.3708269883,61.5802904181
12.099067047,60.9575435161
12.5770629484,60.3985543394
13.1485951076,59.8264353665
13.6580926302,59.2854811751
14.3034344852,58.5750738241
14.6541047741,58.1244374965
15.0537542272,57.7534205617
15.1894903536,57.6709635923
15.3595322718,57.5413622273
15.6368661316,57.3025748667
15.9984395134,57.058310065
16.4711865094,56.9046927555
16.8012630611,56.7578168603
17.1504800294,56.6612477285
17.6303735606,56.529093127
18.1006417447,56.3619566796
18.6956586768,56.2858387627
19.3190460307,56.1538183265
19.8760380142,56.0167053946
20.7464879922,55.9656674015
21.1999782962,56.0335547763
21.6949202803,56.1727075763
21.9904913077,56.3537085745
22.2639643108,56.5840791673
22.8424079969,57.0227706059
23.2416365185,57.5982570886
23.7448341123,58.449609731
24.0725297774,58.9371383529
24.4712178646,59.3903040904
25.1298917931,59.8489320408
25.5174678876,60.0379862359
26.1221488237,60.1778160614
26.4227418983,60.3116945449
26.5382744843,60.4272986846
26.6714423143,60.5768085324
26.8051601327,60.6339145025
26.8691585914,60.7159649204
26.9543246463,60.8865041875
27.0258442028,60.9780092754
27.1268940252,61.129304367
27.1211530993,61.1745109161
27.0111625816,61.2254128826
26.6727682469,61.1722055932
25.9632174618,61.1831797755
25.0094744118,61.3731809364
24.1667939484,61.5008171864
23.3299733746,61.6440076879
21.9196260982,61.7725113485
20.7542479332,61.9892169478
19.2388106534,62.1767253897
18.4081878936,62.275188122
17.6710009969,62.2566474645
16.8087426435,62.2141698425
16.1562181679,62.2825738687
15.0067404686,62.4243031069
13.9340843673,62.5652105228
12.5417496355,62.6772482301
9.71690239684,63.0896864189
7.59082769388,63.1991287553
3.82088621867,63.44508044
1.081092262,63.4671229442
358.2937708,63.6624019395
353.817442696,64.1332356219
350.760223155,64.3486651041
345.729497146,65.229690336
342.440763867,65.6274372923
339.133866818,66.3826091052
334.048282916,67.4139903801
330.988720072,67.9251508211
327.916015972,68.3860956574
323.485675634,69.0034165908
320.896001561,69.2870621614
317.327197697,69.6493521152
315.203646287,69.9647632768
313.460612652,70.3154557606
311.270806018,70.6232342159
310.018297194,70.9648937814
308.39091311,71.2309171172
307.273038126,71.5674718069
306.203767637,71.8463258874
304.667616275,72.2058581682
303.637280308,72.4869975411
302.122205876,72.7894504805
301.143770586,72.8480230339
300.162901594,73.0014407208
298.900941461,73.0010257023
298.138795375,73.0155093802
296.935952751,73.019920284
296.240090237,73.05098546
295.667519859,73.1094490217
294.847898989,73.1498472724
294.41171766,73.1679697926
293.890684654,73.1728930025
293.537584849,73.1653738861
293.260222248,73.0881475337
292.873245384,72.7009946779
292.829592167,72.2554709119
293.155052268,71.387753631
294.225097254,69.3335840553
295.403654651,67.4722288476
298.297374338,63.9558973624
300.640230533,61.6940425228
304.761263967,58.52838944
307.811650832,56.6579121317
310.569028296,55.1827028661
314.624537958,53.4257644189
317.092946805,52.4711289784
319.669954071,51.4613674011
323.671014496,50.2825144533
325.901891197,49.6190322198
328.683622397,48.6633680622
330.233894889,48.0392249409
331.649145922,47.4209797186
333.636618046,46.4994821291
334.711856543,46.0842375211
336.460667662,45.3398803314
337.703331285,44.8202231388
338.83590364,44.4125872077
340.370220819,43.7924931154
341.340504196,43.4990771573
342.765677966,42.9969910411
343.602389268,42.6114045198
344.176854548,42.399338639
344.672718613,42.1285901439
344.752281929,42.1393736804
344.999187368,42.1768561354
345.033266828,42.274700226
344.997422239,42.4140521772
344.872596015,42.6246684232
344.710055536,42.7657286169
344.433734706,43.0377655689
344.235492135,43.2525334838
344.032855474,43.3960933493
343.856090872,43.6328098377
343.751495353,43.8450893764
343.420828942,44.3188366278
343.191833985,44.574905242
343.061686141,44.7743246123
343.133516361,44.9968572073
343.260573659,45.2014411856
343.502066858,45.4412464229
344.051002177,45.8582073683
344.422293595,46.0952344487
345.053793695,46.4709651233
345.480425386,46.6156503819
345.927487607,46.8564813589
346.507934928,47.1225084093
346.792926028,47.2733018533
347.11695091,47.5146332296
347.36421049,47.7184917579
347.644479196,47.9994920969
348.022733114,48.3770534184
348.332004575,48.6014011346
348.865560191,48.9293702764
349.326491391,49.1799399533
349.736188604,49.3930617263
350.211129785,49.6094970152
350.344542018,49.6526002547
350.49738364,49.6585487825
350.5215767,49.6836882499
350.588964533,49.7844560925
350.62488668,50.1377127954
350.6764147,50.4071929489
350.69962077,50.9848887843
350.432479086,51.3747554988
349.923309044,51.8570087876
348.75790916,52.5699852643
347.863463698,53.0808011832
346.509921661,54.0513705109
345.636320236,54.7678943375
344.784034174,55.5808477359
343.699476232,56.7571281348
343.098885214,57.681887445
342.088555619,59.0422707785
341.472941941,60.0508904891
340.918581025,60.8726248283
340.246370171,61.9200237787
339.955510696,62.4722690222
339.842784336,62.7968821068
339.807833373,63.0693094983
339.828744059,63.0797539784
339.804119313,63.3468398797
339.773733188,63.5520957722
339.733458312,63.7399697742
339.635759638,63.9858766796
339.588557389,64.0764822372
339.515463647,64.0470485151
339.486689357,63.9706619378
339.489742315,63.7903896337
339.752962537,63.2021841787
339.996566222,62.7605623627
340.765409064,61.9630708425
341.477326443,61.446836859
342.541557057,60.9421534122
344.257082527,60.3040080011
345.508404547,59.9974185828
347.464591256,59.5752339504
348.915406201,59.4912145185
350.369762353,59.3299858613
352.658391961,58.9604692888
354.026329354,58.8113075598
355.757005078,58.7625415854
356.628586399,58.7663990666
357.35696008,58.7628300255
358.369403675,58.7760955582
358.985679418,58.8385998745
359.387408298,58.9152738953
359.711907547,59.0232583032
359.694695316,59.0641571974
359.781997948,59.0610218557
359.814935213,59.0605466121
359.838800302,59.0243656476
359.834745837,58.9975323127
359.773412325,58.9069985396
359.538134142,58.8237515005
359.21705817,58.7861222789
358.794853794,58.6699134192
358.173181948,58.515286372
357.808870545,58.349928354
357.098274335,58.231574143
356.382474647,58.2263776334
355.41123088,58.1866106389
353.538161579,58.2090017367
352.149120363,58.181520768
350.429628845,57.9847792078
349.613739811,57.8774807418
349.01078988,57.7722015815
347.849143116,57.4351587994
346.75940938,57.114145581
344.620083212,56.4917100162
342.955197542,56.0125316361
341.087861604,55.4601217561
337.981579102,54.2771964473
335.845003694,53.2746860612
332.039102152,51.9653270862
329.492353813,51.3061723671
326.80980712,50.7518363115
322.311496775,50.0986487224
319.294025015,49.54861268
314.389067597,48.9745401657
311.253626277,48.4397973405
308.149412181,48.0107814973
303.670464983,47.5802243986
300.732102207,47.1823572764
297.912214343,46.9801414463
293.502712938,46.540521726
290.726824912,46.0878019744
286.906142472,45.1173152173
284.627501203,44.4553733781
282.45809017,43.7502390596
279.086001083,42.5001464819
276.666742551,42.1124220367
273.243433797,41.2289220231
270.960843342,40.8671314047
268.825601338,40.7272526007
265.808753931,41.0208572546
263.995288124,41.4264338135
261.162549921,42.1369061852
259.152532331,42.5697980624
257.144858397,42.9705088305
254.32418341,43.3924465876
252.537697059,43.6058911826
250.033267009,44.1216828557
248.527426012,44.3954301237
247.040024181,44.6125033265
244.903256235,45.0315042504
243.416638011,45.239954484
240.883658179,45.8617449971
238.93300953,46.3736574405
236.401371493,47.2313816717
231.299655871,49.3089306802
227.565739127,51.0766854878
223.786684732,52.8080128223
218.203156595,55.4672659028
214.886913497,57.6670152954
210.995834758,61.1403741157
208.680634604,63.0407949855
205.473351675,65.4887820921
203.274194164,66.8594292235
201.083234345,68.2039723278
197.755216224,70.0511583821
195.685271275,71.4716229202
193.498284216,73.1301603591
190.164218859,75.8543666621
188.062568793,77.4751928212
185.124435223,79.7513725649
182.998530326,81.1124578763
180.746024153,82.5483317322
176.906774071,84.6686734384
174.386851079,85.7535620979
170.647820397,87.0550880941
168.15164467,87.6933765366
165.730177561,88.2050713291
161.941931225,89.0807127651
159.53217703,89.5407618791
156.071929278,89.824031635
153.854120635,90.0221098494
151.672922204,90.2534081861
148.403712478,90.5295172678
146.356193802,90.6679573896
143.661708346,90.8445333624
142.268624306,90.8550177453
141.189323453,90.719921056
139.912673365,90.6384149824
138.933344852,90.3431385679
137.387342873,90.3822874026
136.349681359,90.2548282061
135.403609512,90.2561359047
134.146429435,90.1610473828
133.46246621,90.0780106022
132.324707422,90.1963875428
131.549253317,90.2314137482
130.756401552,90.1865865087
129.447373475,90.1168380058
128.530218321,90.2459655307
127.526001544,90.394769435
125.944901848,90.8345953607
124.799525842,91.2247155671
122.947901214,91.8765704429
121.716012904,92.2979970478
120.468127153,92.6679176101
118.598403048,93.1054573775
117.22510254,93.3372454111
115.009124206,93.4748298423
113.540020355,93.4263790038
112.283902583,93.2761345882
110.790416929,93.2275761388
109.8754279,93.1018967747
108.540188713,92.4757329225
107.573189265,92.2081289667
106.438884828,92.0857614876
104.126397006,92.1370619822
102.384505264,92.1682460832
99.6531027187,92.1640038281
97.8928073409,91.8996814828
96.1442644958,91.4434325703
93.6989765353,90.7862324978
92.1840482254,90.3208073955
89.9903772898,89.5278640046
88.54471595,88.8815450695
87.1769546687,88.3004071699
85.4990413863,86.9462996334
84.6143149994,85.9945570028
83.3188814688,84.936972135
82.4731328267,83.9645923363
81.6626347906,83.3034852857
80.6468181096,82.4782199216
80.2063363042,82.0324510655
79.5788291844,81.6423857604
79.2266555946,81.3504813178
78.9731092288,80.9286340401
78.764732232,80.1949009044
78.8173198076,79.4807033422
78.9750343756,78.4163244285
79.3972674758,76.4033506372
79.7645557627,74.7325801163
80.1860563353,72.1515209686
80.4775337607,70.4526401077
80.5750810337,68.7416690065
80.6682122603,66.3690511079
80.6397675666,64.7345922782
80.2344026446,62.0884972226
80.0092517755,60.5964505507
79.7188789353,59.1920287054
79.310801842,57.8933941851
78.9133217985,56.9274993032
78.544770574,55.8013759408
78.4024842749,55.4082116114
78.3812821642,55.3810239908
78.3853769251,55.4698921674
78.4434785801,55.7022028175
78.8711974464,56.1887187064
79.3320603226,56.3182479293
79.9702736698,56.5901434631
81.0769662293,57.302302753
81.8369854535,57.7800154506
83.0535739462,58.4410190864
83.7170914474,58.7641539811
84.2449093413,58.8858784513
84.5828757584,59.1192559261
84.761917099,59.3435918287
85.1907041448,59.5674739941
85.5949765577,59.7464488475
86.0557149858,59.915173782
86.6926354326,60.2706373247
87.1020841169,60.6921162484
87.5045192112,61.2083732248
88.061799522,62.1860543324
88.3303207185,62.806350815
88.6897146886,63.637250701
88.8820231912,64.2171125532
89.2518406278,65.0459840804
89.4808619196,65.6049287646
89.6977470326,66.096743353
90.0109404036,66.8355650132
90.2168480016,67.4783412948
90.4347979836,67.9192818205
90.701377052,68.5162925768
90.8253354746,68.8402009032
91.0359523221,69.6015622182
91.1382270607,70.0976417047
91.2409770804,70.5186358314
91.2238943741,71.3087238453
91.2117867142,71.6371870366
91.5259493196,71.9754497484
92.040007938,72.3230312901
92.6826840512,72.5947435534
94.1732570328,73.0555631461
95.6253831718,73.597305614
98.3005473517,73.9856002255
100.454091887,74.2509337669
102.619324712,74.756261996
105.23533333,75.4126112824
106.798012602,75.8720994457
108.555430132,76.5772692987
109.485364134,77.0096588756
110.266900684,77.3178621226
111.100649552,77.8865500549
111.479660928,78.2535570136
111.985096675,78.9229342195
112.38300443,79.7071058097
112.66692464,81.1230421124
113.160933016,83.287536498
113.8173584,84.5430336634
114.562053294,85.5189974272
115.691277692,87.01075109
116.529117767,88.0666003658
117.726024541,89.5638709507
118.319908679,90.3575487048
118.724015053,91.2327574194
119.191379919,92.5986960899
119.437578897,93.3609330291
119.918815643,94.1238129753
120.330725948,94.3887274695
120.887541775,94.3611705473
121.964662354,94.1422015637
122.810105401,93.8095830644
123.944310408,93.4005932045
124.626937271,93.3684496491
125.219540083,93.3826461555
126.017949652,93.5413500921
126.460386317,93.822465485
126.971907063,94.6514960411
127.46280944,95.2424160175
127.918485273,95.7579790531
128.665367272,96.4991358071
129.128309209,96.9015309335
129.779879737,97.6248458438
129.996294429,98.3045519384
130.052559632,99.1179489043
129.423516569,100.701051003
128.594329649,101.92027491
127.214763451,103.508679414
126.163225516,104.699044448
125.176430794,105.621241239
123.711548345,106.723517603
122.691842023,107.422237177
121.769566994,107.863897424
120.643549697,108.632353793
120.369951289,108.9268741
120.385845787,109.796049263
120.429420405,110.145792674
120.259001378,110.405561112
119.840626241,110.676603786
119.380813837,111.025991309
118.837471208,111.593853386
118.409967438,111.957985596
117.976905815,112.129481369
116.99184692,112.1826342
116.310028317,112.028393223
115.70586811,111.624874714
115.725063687,111.256316543
116.275865278,110.694725295
118.832037278,109.152379655
121.265006548,107.718309097
125.493442579,105.816491463
128.521993852,104.758453288
131.206559664,103.921335157
135.607537624,102.863456973
137.942087033,101.985458453
141.029811223,101.380176001
143.20163728,100.926654125
145.09147909,100.264293282
148.300793229,99.7705347553
150.332251115,99.0939964039
153.645836791,98.4467091426
155.828446798,97.6310267516
157.874160314,96.6545300057
160.884278568,95.1030922128
162.79618055,93.827393965
164.458800238,92.5589276855
166.62767755,90.4853050042
167.620039846,88.9666026888
168.719658461,87.3611722359
169.300517412,87.0319433795
169.863534051,87.1337750819
170.593616043,87.7601777574
170.941726979,88.3672695076
171.182920879,89.4389488483
171.639020335,91.4840269066
171.998885695,93.4420616794
172.449540381,96.5915143495
173.063744146,99.149295233
173.419314583,100.686231362
173.787419394,101.701384501
174.184779631,102.213233084
174.864900424,102.848523693
175.321499866,102.993764305
176.116777162,103.101986765
176.506599438,102.986743391
176.8516186,102.681576222
177.358777486,102.054061827
177.698378856,101.457682076
178.112152053,100.057174169
178.366033977,98.7142900139
178.461812508,97.0641149685
178.552735934,94.1960190901
178.457646487,92.1428542171
178.209107223,89.0340642804
178.249560762,87.1338927857
178.292110369,85.2685634543
178.09637162,82.398635502
177.810440105,80.4720486911
177.013420162,77.4544416439
176.264986395,75.2935905849
175.283166599,72.9688560917
173.397100027,70.1539165785
171.895711321,68.7121847009
170.41979912,67.1744408441
168.41659973,65.4685922491
167.318984631,64.4412623711
165.742808921,62.6051736759
164.829318343,60.9757601765
163.957282637,60.1452092484
163.21822104,59.1490955275
163.079287325,58.8619690374
163.151841004,58.5136699601
163.336829304,58.4458644369
163.468131551,58.4237003188
163.930537738,58.2821557591
164.276511924,58.208458124
164.557422274,58.0690319355
164.69198186,57.9281064134
164.829246802,57.7603836938
165.049298284,57.5005263007
165.220332327,57.3211257258
165.569351317,57.0806498776
165.991255473,56.8559663953
166.434276773,56.5688306735
166.72509743,56.490678817
166.805219693,56.4748268358
166.922787058,56.4626654448
166.947780816,56.4391701469
166.935127168,56.2484202331
167.212472543,55.5777157496
167.429470817,55.4444660834
167.858763687,55.3818990584
168.240081708,55.3875339895
168.839124337,55.264031567
169.965870454,55.0613199795
170.924335403,55.0145852853
172.551483603,54.967898755
173.639708806,55.312880305
174.763536121,55.7362904584
176.557315775,56.4224327251
177.823172589,56.9547567954
178.993552658,57.4656986968
180.477090213,58.1646053272
181.23535731,58.5139500466
182.098836735,59.0613342944
182.57136517,59.3024572411
182.96036082,59.5134503318
183.552843903,59.5696986697
183.935596967,59.6464730022
184.08422197,59.7233925293
184.205885353,59.6963166807
184.351529652,59.6074727306
184.536265328,59.3781123098
184.617801215,59.2941835342
184.788417768,59.1920553893
185.074000484,59.0680499537
185.513461867,59.0158910348
186.49243488,58.9201477135
187.220225746,58.7839149784
188.278423578,58.5565338542
189.01967365,58.4475917043
189.731842104,58.2178853719
191.06100853,57.8423734199
192.055512956,57.4934944978
193.100488285,57.26664491
194.673627354,57.0099022279
195.65518499,56.9500049022
197.146903831,56.8284564323
198.062520948,56.7024317864
199.247544381,56.6921049007
199.81446718,56.7611462714
200.406168676,56.8671274426
201.461630974,56.8261670195
202.276354979,56.7976756602
203.537537153,56.6501816001
204.619527676,56.4233073057
205.858606718,56.1154105755
207.907602912,55.5231827702
209.47162893,54.9151320424
211.127221602,54.2931736394
213.659825778,53.4420359646
215.499407645,52.8961847788
218.143477056,52.3575689874
219.947666147,52.0142452532
221.383650793,51.6906772296
222.965732171,51.4758105091
223.896841105,51.3166862614
225.512445188,50.8493899775
226.701321823,50.487859399
227.859865066,50.1388818941
229.703804261,49.5844367701
230.970692818,49.2912964773
232.688920977,48.9525961052
233.730109681,48.8089779925
234.814982616,48.6245687379
236.320497464,48.3974081993
237.366113272,48.2336422793
239.125207049,47.799614709
240.435246206,47.4448294068
241.847516384,46.9922692661
243.980920356,46.1751954951
245.203895919,45.7447073709
246.809697905,45.2607212624
247.797499216,45.0372104457
248.87847743,44.8432084418
250.672019449,44.4675742408
251.917242902,44.2028448274
253.348413635,43.9346502824
255.515991902,43.5349747307
257.083960268,43.1420939322
259.566695095,42.4849101319
261.135748888,42.1582100102
262.701396754,41.7825693998
264.74353082,41.3214351595
266.077745616,41.1104487043
268.027141649,40.8726781028
269.359622869,40.7109858326
270.732726325,40.7106547645
273.202038535,40.8088492464
274.952286966,40.8857168592
278.006352183,41.1839814101
280.506093125,41.3454877336
283.410227884,41.4808808132
288.383392681,42.1742385699
291.938197044,42.8729778683
297.443312532,44.1134733014
301.331626036,44.6615155424
305.150235189,45.4933296066
309.861823655,46.5514478258
312.702754601,47.1252156784
316.518946368,48.1000754748
319.10274727,48.735293458
321.775926745,49.4639874599
325.995138302,50.3228712486
328.687349887,50.9397547845
332.863872305,51.9964434304
335.336894547,52.6259064798
337.648727214,53.3519694393
341.086221668,54.4202466098
343.440276706,55.0408367901
347.000611355,55.6908065006
348.996033847,56.1078654706
350.89797294,56.5209437221
353.579494269,56.9803454277
355.605437911,57.3126145501
357.921964386,57.7547799556
1.88216868206,58.056452267
4.29132983385,58.3222476652
7.59090499849,58.7266550525
9.27382905517,58.9896200483
10.818147642,59.2070523514
13.4644609956,59.3247524417
15.2874890125,59.3581573978
17.9215426924,59.2274874895
19.3856762684,59.0116003804
20.8599164825,58.6127382926
22.370706269,58.2537312224
23.1238551046,58.0516456295
24.0078577776,57.8229340317
24.6003552842,57.7558752271
25.0857723286,57.7284345069
25.6041822658,57.7152759358
25.7991067597,57.580460228
25.7510840551,57.5545534084
25.6707101676,57.4268650843
25.5133438892,57.3093968377
25.0554452984,57.0778733575
24.6569925559,56.9925026557
23.9896645135,56.9247796455
23.6575653796,56.8274575627
23.3828465061,56.7927737312
23.239183131,56.8233869933
22.9867255185,56.911097987
22.7151443469,56.9640798431
22.3789504859,56.9227868831
22.141410956,56.9240831333
21.9246116824,56.8042647117
21.8749012602,56.8526160733
21.9586639468,57.0498314817
22.0586480104,57.0126081803
22.1212274079,57.0301737713
22.274716207,56.9596928795
22.57297374,56.7491391513
23.0311146553,56.634530139
23.7585304117,56.4685293957
24.300854344,56.4160537032
25.1642122412,56.210909538
25.5709120465,56.0819798515
26.0734686123,55.8584205253
26.8357331051,55.4147609494
27.2766640687,55.2034889041
28.0352406075,54.8952250918
28.5053207165,54.6003343955
28.9426908941,54.3264994974
29.5786381269,54.1228929051
29.8786177997,54.0655614035
30.2615682317,53.9070010586
30.3914354832,53.863037445
30.5909904953,53.7566690558
30.8820260689,53.6454084936
30.9767950713,53.6415377194
31.056815751,53.6084257127
31.0663898167,53.5707901566
31.0519865768,53.5387090463
31.0188120437,53.5367622684
30.997455345,53.5572020489
30.8487434732,53.6752334287
30.7868004771,53.7648686385
30.7061981226,53.8029905022
30.5867670945,53.8922835156
30.5828140289,53.9559160114
30.641669411,54.0305089129
30.6401452115,54.0481115194
30.574736506,54.0845023083
30.4774272959,54.091983592
30.4599102578,54.1131298922
30.5041025601,54.1410576459
30.5422062783,54.1282685803
30.5440556806,54.1197900882
30.5093160767,54.0780906443
30.3678186081,54.0700645198
30.1388163436,54.0335471277
29.3545179464,54.0277617015
28.6482492154,54.0076201697
27.5602777871,54.0087528402
26.8468005824,54.0366993241
26.3131421332,54.0732592232
25.6881415863,54.1503726925
25.2536893309,54.1974659326
24.7014595371,54.163828182
24.257088454,54.1091448804
23.8134742574,53.9556598226
23.0570536115,53.8256672049
22.4656801381,53.8084781727
21.4514431103,53.8230504741
20.7334785632,53.7686815428
19.9779232257,53.6384715737
19.0309123118,53.239868312
18.3230947728,53.155510229
17.1878225365,53.0362318101
16.617813821,52.928423215
16.0419777752,52.809081831
14.9792008655,53.0151749382
14.3377101824,53.2330973054
13.6444597383,53.3703210353
13.440716646,53.5840431975
13.2668621233,53.8204014897
12.9903681165,54.1751666928
12.9096821779,54.673023851
13.0332103092,55.0812852301
13.3770665095,55.7609620631
13.7230254433,56.071932598
14.5884615014,56.5050661155
15.2801321943,56.7791637749
15.9226749745,57.0641148755
17.0310808691,57.5183378213
17.880078547,57.8939767727
19.1583570102,58.8644001855
20.0344993829,59.5073756215
21.0514362485,60.0355210146
22.5220570325,60.6743292735
23.3782910745,61.0216602784
24.5677005751,61.4122566526
25.2785859892,61.5999259593
25.8481231037,61.8208835171
26.5412906849,62.3277905467
27.0644922922,62.4293932611
27.7951909879,62.5298004564
28.2329686623,62.5219588549
28.7455470913,62.5220613454
29.7151742393,62.5326694995
30.5388778903,62.5346237821
31.7959729521,62.530694802
32.5363390902,62.4006523941
33.087753344,62.3310891001
33.7998761108,62.306252944
34.0610550078,62.2046778085
34.3830509959,62.0679554409
34.5626834736,61.9355740854
34.8990583223,61.6920228592
35.5173085406,61.3017768016
35.7375022006,61.1581151573
36.5125177534,60.8984937548
36.9651348095,60.751716299
37.5591866068,60.6392716717
38.3159040878,60.5053984481
38.7766092808,60.2831108977
39.433970374,60.1892840435
40.4406613849,60.0994199502
41.2532787076,59.9431772325
42.8332945463,59.7223995181
43.8862680377,59.4953880398
44.8517581262,59.3305570859
46.2716913721,59.0883396699
47.1730084091,58.9761283921
48.351868039,58.9720639582
49.0570661531,58.9519433478
49.7607748777,58.9321399875
50.5875250633,58.9353799764
51.1026032842,58.8435365566
51.7900240311,58.6444132046
52.1370257789,58.5072854201
52.1267631526,58.452841428
52.2261159136,58.1238429779
52.2721904058,57.8772935336
52.4543582217,57.5454414646
52.6990208752,57.4129036261
53.0198168914,57.3774528117
53.644028248,57.3881608399
53.9656116715,57.3989765288
54.6043641588,57.2856218145
55.1265881444,57.0796036851
55.5446594688,56.9295671571
56.2347700016,56.7814383854
56.7029043093,56.6120288265
57.0919743768,56.4406532936
57.3731651226,56.3517829895
57.4558671038,56.2557131843
57.8844132226,56.054500773
58.4437012245,55.9359690064
58.9922525176,55.9296833717
59.820579243,56.0073150826
60.37183566,55.9696679171
60.8608121285,55.7874257724
61.2100549956,55.5505522068
61.370991099,55.3610645985
61.8325664087,55.0118738071
62.1883200737,54.7620280721
62.9615122754,54.5808394676
63.6760880052,54.5904109795
64.4960461187,54.644609856
65.9908734993,54.7375833667
66.9848524073,54.8240295915
68.3522386493,54.8367994206
69.1272220042,54.8692823494
69.7980208461,54.9507128299
70.6479816029,55.1635074962
71.1363923639,55.279986083
71.7882509623,55.5563267644
72.2981666776,55.6655460868
72.907125559,55.6507622711
73.6751614396,55.714486168
74.044779205,55.8100715315
74.4113690455,56.1119054271
74.6312236772,56.2373534314
74.8096761363,56.3514291055
74.7574200902,56.5910414493
74.5684689054,56.7719924572
74.243858009,56.9645356567
74.0531553489,57.0314277802
73.8417825409,57.2320266059
73.579066323,57.4491249103
73.1460667471,57.659379142
72.079529242,58.2164961664
71.1530750665,58.456206074
70.1989994501,58.6971573514
68.7726039249,59.2212169954
67.5820422778,60.0748433436
66.1508550774,61.4562937532
63.7538154258,63.5389368245
62.3969340974,64.7554676225
60.5166070908,66.3455901118
59.2386854159,67.3400770052
57.7805409757,68.4260608488
55.7209404018,69.9577561675
54.4555974355,70.9512429027
52.7755819498,72.007252582
51.8790765396,72.6773132737
50.7822715311,73.2097786262
49.0873737658,74.0819623089
47.5249151627,74.5228628748
44.4860490691,74.6355770827
41.3880499811,74.2244747828
37.3913888777,74.2295405413
30.3802161508,74.3565469724
25.9001596784,74.5943698338
18.9044055511,75.2252253912
14.4730605805,75.8642893706
10.1367855227,76.2896652045
4.21421703015,77.1680189801
0.726362554533,77.5030521688
356.245262474,77.6868785601
354.219342108,77.5851327397
353.218199326,77.5181755551
352.772863074,77.9437076055
353.199235942,78.0233802357
354.209945966,78.1390609778
354.871752906,78.0207258673
355.559718626,77.6635652376
356.817082493,77.174152081
358.003134915,76.5541379394
359.406723709,76.0040050084
1.42181249649,75.2527731754
2.55113580999,75.3946072948
3.59117564885,75.5991652949
4.10860124403,75.8625856775
4.34402701743,76.008620089
4.29082516747,76.0632143155
4.1668445926,76.286734255
3.93933454397,76.3907541883
3.75905240142,76.4344014942
3.62360595329,76.5126275852
3.5357280232,76.5309732826
3.46405844345,76.574823838
3.45304181208,76.6054143252
3.50565784134,76.5718279048
3.63220101751,76.5618128545
4.14035986432,76.478033747
4.8401216397,76.4800369229
6.60633916483,76.1173081303
8.20079977324,75.6421027721
9.87734673918,75.062457097
12.7232481107,73.9970448952
14.8451508937,73.2723401152
17.697633314,72.5354158519
19.6399125465,72.1781881264
21.6665353049,71.7690505172
24.6882636011,71.2971529962
26.4648948846,70.9925097057
28.2893481127,70.5233841807
28.9842680011,70.1818505284
29.1489492798,69.8619321343
28.726690377,69.4763127615
27.5736209709,69.2705845085
25.5058432391,69.2131873392
20.4763516455,69.0266611568
15.9688624883,69.3086165821
9.2510366835,69.678078218
4.72249132452,69.7800576484
0.795010559981,69.7482195478
355.952411164,69.4338718462
352.899716519,70.0731849923
349.154360607,70.5890500079
346.89251453,71.2376757563
345.144377227,71.5237690106
343.279802278,71.8165312738
342.471077301,72.061863874
341.950685649,72.1807354547
341.843107925,72.3144095608
341.885060611,72.3218764115
341.891966401,72.3037655987
341.880320128,72.320149235
341.755366812,72.1405853023
341.303852732,71.9728997351
340.485652005,71.9028555361
338.524166399,71.7323356495
336.754938066,71.5558254361
333.446239766,71.4007024724
331.019246074,71.1501195889
328.582023309,70.7003001808
325.785221183,70.0942090604
324.434965281,69.7567058243
323.124147684,69.6191829999
321.172868287,69.6196342076
319.909412461,69.6171735108
318.016580977,69.8400090414
316.756656463,70.0237581528
315.017840791,70.3287347349
313.666578152,70.5358709872
312.104443742,70.8021344068
308.893246347,71.4023015886
305.785274098,72.127388719
302.072578143,73.1157757259
295.753357758,74.4402869132
291.206965245,75.4766560122
284.587275937,76.9448320965
280.427617403,77.997831597
276.516846506,78.9183697923
270.989396698,80.4758815711
267.583326461,80.9591701082
263.063348424,81.4867189491
260.583733065,82.1506107249
258.437876151,82.5339556771
256.402382694,83.0868153412
255.835614656,83.3062440611
256.176395565,83.3482121758
258.246417379,83.3058348173
261.092362285,83.0428292173
267.675490857,82.5266149712
273.063919989,83.411634913
281.884114241,84.6605734005
287.672765036,85.8331798017
293.208794179,87.7584443895
301.908954402,90.0626221704
307.183470511,91.2366621703
314.631927401,92.1818045043
319.38932158,92.134061453
323.284309306,92.3650074669
328.416077638,92.3474542528
330.994527256,92.0161261434
334.179708524,90.468312161
335.939332681,88.6182224254
337.56846089,85.9052388853
340.118200381,81.3320329171
341.633190757,78.6638386263
342.979337617,76.3657814209
344.970851659,73.5025367636
345.742600979,71.7319782791
346.728027369,69.3841803677
347.169915346,68.1623003021
347.488899986,67.3947939412
348.31901836,66.429390423
349.092962661,65.9243724942
350.518391276,65.1767033016
351.383379037,64.6599962013
352.027004462,64.106630689
352.544790615,63.1644378977
352.613157748,62.7073781414
352.403366123,61.9868674414
352.080285773,61.5955394552
351.449002838,61.4696128174
350.245569961,61.3588739738
349.349278794,61.2606157706
348.204437515,61.0902821441
347.708162155,61.3330751536
347.455321224,61.46835409
347.375515911,61.7604716817
347.406313133,62.0388107741
347.505713398,62.4376498044
347.495411136,62.7023033226
347.392617404,63.0276535623
347.306621358,63.2352876108
347.204529592,63.3704419151
347.113226192,63.5194265036
347.077389651,63.4969888183
347.078194014,63.4574388759
347.237707671,63.3842828126
347.321623087,63.3183661581
347.314157598,63.2208585126
347.16913936,63.1174901946
346.927911027,62.9756628713
346.189863878,62.597261948
345.436934834,62.4554787882
344.178114269,62.3420370443
341.555130666,61.9644235326
339.492664642,61.7136866006
336.512871672,61.5136170525
334.526183316,61.4344765903
332.698673795,61.3630321025
330.172983758,61.326178458
328.608780813,61.5823364224
326.931425398,61.968598041
326.268557545,62.1423399056
325.828950256,62.2257496148
325.13092418,62.3423649826
324.586113432,62.5037389885
323.666878483,62.8180091276
323.122250617,63.2461564613
