181.026532228,86.3378023434
181.085461701,86.1626089631
181.505626369,86.1549676003
181.602339277,86.4864430653
181.693642483,86.5821196217
181.518326424,86.587092642
181.028578726,86.5647968918
180.829397742,86.2452314622
180.340495271,86.4036101977
180.282425635,86.295522133
180.158202345,86.3173076579
180.106403348,86.4203562456
180.004927177,86.548697883
179.710613225,86.763698188
178.995265095,86.9269310392
178.372196469,86.9974648631
177.626136187,87.1158470208
176.447220756,87.3961231825
175.950108947,87.4006188004
175.823321898,87.3256577266
175.980604609,87.3260022971
176.271001793,87.4492787871
176.618620583,87.5889787112
176.68425064,87.6713338954
176.672969011,87.6727889996
176.335343882,87.8050226497
176.116506135,87.9528596865
175.900584943,88.1554536229
175.839919162,88.3571097094
175.926501944,88.4513901703
176.318511604,88.785273356
177.018021451,88.9065747159
178.421756536,89.2195208198
179.528604307,89.4014669198
180.953612955,89.3191146853
183.265163313,89.0276946253
184.780980766,88.9450364426
187.004050018,88.7210647038
188.464313414,88.5480409382
189.8623117,88.4292485637
191.6953434,88.2937606053
192.808326613,88.1749241181
194.171045468,87.9133695946
194.892659648,87.8139111379
195.419638247,87.5782636115
196.105753152,87.3430990262
196.538862703,87.1923212228
196.93276465,87.0444940184
197.035156735,86.9919252819
197.164751907,86.8333304119
197.334579421,86.5674750479
197.519521667,86.6108414601
197.662553649,86.794506104
197.730128125,87.038298405
197.468913122,87.346239491
197.36855753,87.382365779
197.348037241,87.4017969121
197.330489521,87.5560182526
197.347612427,87.7795589132
197.546759057,87.9658489796
198.140708192,88.1584830117
198.582861652,88.3788902073
199.143048103,88.5442456002
199.769980622,88.9171071202
200.098986314,89.1563941094
200.46933948,89.3337905044
200.609136141,89.2853692349
200.770280092,89.2561681839
200.721003952,89.177066917
200.691745764,89.1217342136
200.630578231,88.9438474909
200.563562552,88.8821149582
200.540302936,88.8268136252
200.550427192,88.7172145104
200.546038138,88.6557717749
200.579753408,88.5671467226
200.59167139,88.4466823786
200.531491629,88.371392249
200.41623179,88.4042061216
200.317528394,88.3946574692
199.731519219,88.1812154875
199.451489742,88.1317470206
199.283464561,88.0986707852
198.920242028,88.0751301465
198.692481904,87.9769076739
198.406428579,87.8584665284
198.174600379,87.759603267
198.017534707,87.5281010579
197.739249686,87.2187865578
197.613448243,86.8899866193
197.372395196,86.4881878669
197.22355667,86.2963434807
197.122291787,86.1080988982
196.937087194,85.9128540379
196.846116377,85.8244393578
196.807755717,85.8664742164
196.652912002,86.0261174391
196.449836417,86.2153927849
195.815355354,86.7016878616
195.497824489,86.993549615
195.452236328,87.0854906636
195.467699407,87.2858879976
195.527613206,87.4145095356
195.648332407,87.7013375211
195.812464869,87.9111186693
195.97318885,88.0701740768
196.346597833,88.2277236733
196.681630768,88.4573461753
196.99252135,89.2172792099
196.977968869,89.8680143251
196.760509152,90.5145323886
196.214502323,91.6536212488
195.804983573,92.5185715168
195.334164288,93.903463498
194.983612872,95.0760356923
194.390211143,95.7804563762
193.899688588,96.2543813379
194.059801732,96.6401551523
194.713429201,97.332408518
195.274618829,97.5605643469
195.477725913,97.6826292287
195.623859373,97.6513354706
195.782792491,97.6660448976
196.20188467,97.7175187938
196.479321619,97.6415508573
196.71757107,97.458185756
196.896285453,97.1910241507
196.854951976,97.1083473143
196.821451214,96.9261758843
196.801298744,96.6098590669
196.725129317,96.5796628517
196.511084494,96.4252328437
196.344442398,96.4598942811
196.1661163,96.4584265115
195.828072066,96.3780630195
195.669259764,96.3674384321
195.246756324,96.3283943446
195.056293448,96.2955963428
194.906957385,96.3220833173
194.639630677,96.2532810388
194.533957143,96.2542467708
194.244569724,96.210913813
193.972583622,96.1756834923
193.6825132,96.1870611591
193.20927385,96.2514875104
192.881835304,96.2549546487
192.504076322,96.1834794081
192.273205866,96.1199528199
192.021105812,96.0613824409
191.586598989,95.8998018859
191.180177378,95.8684987096
190.586638787,95.7858348071
190.156363298,95.7070572533
189.793927214,95.6810257684
189.238695933,95.4920540927
188.91960375,95.3278828741
188.382395041,95.0971027735
188.089071291,94.9860587981
187.770529924,94.9156860643
187.409572826,94.7654491408
186.895972566,94.6300410114
185.912952866,94.4773177034
184.776342752,94.5071109232
183.37629962,94.5988836517
180.522127213,94.6800368166
177.917660023,94.5762970225
174.852632832,94.4482413896
169.626777368,94.1761745324
165.941934228,93.8279781649
160.183665966,92.9345712791
156.309715318,92.1972968963
152.088961753,91.7050258389
145.595240384,91.3307667277
141.257388762,91.3491492062
134.94260564,91.5217757921
130.848007614,91.3175456703
126.845802537,90.9780357002
121.844116773,90.4571761609
119.122371457,89.941076021
115.762670888,88.9719207526
113.629881102,88.3076993474
111.928152637,87.6984439864
109.891997807,86.8974090732
108.711959734,86.3343811193
107.678145485,85.8650573256
106.319371334,85.4841324035
105.283980986,85.2574411542
103.657295781,84.4829990384
102.265064184,83.9300938307
99.8203495558,83.2268907671
98.1400284131,82.6691871773
96.6489205038,82.2516319664
94.7592655013,81.6234735653
93.4147161108,81.3683099372
91.2889982821,80.6143976177
89.7131335839,79.9681232276
87.8923143084,79.2574612044
84.5116825352,77.9474066671
82.5464190148,76.9741266604
80.8752426487,76.2785076731
78.7128706443,75.4757108353
77.6170367684,75.0098141046
76.270248186,74.6256261311
75.3036210593,74.3828620724
74.5409807945,74.0888820206
73.117104571,74.1224121991
72.156109494,74.229557676
70.552473206,74.5427192884
69.561144033,74.6092561171
68.6325990681,74.6974804504
67.4703378594,75.0679112451
66.8548944285,75.6438937963
66.2569725241,76.2621857679
65.7622489314,76.7857524065
64.9100507016,77.350135121
62.7546266751,78.3389437904
60.7384237283,78.8813778912
57.8476740217,79.5586414368
55.7712762562,79.9484184317
53.8099790293,80.2950718108
51.163405024,80.4546379951
49.5730518704,80.6290395589
47.7209367527,80.7605979735
46.9269701309,80.6817486319
46.1373268407,80.884865859
44.458428409,80.840468851
43.1311590257,80.896169207
40.8522009939,81.0427148191
39.2259740366,80.9073670554
37.5364660961,80.7652778309
35.2147409303,80.5048524749
33.7052627433,80.3492736717
32.025243134,79.9518135256
28.982012551,79.6024754896
27.0473989793,79.5142050655
24.5183964104,79.5383195119
23.1468827482,79.4900261829
21.9386183863,79.4952944236
20.0833770802,79.3579091341
18.7917021115,79.3950441268
17.0289249178,79.5871228305
15.7395679426,79.6181655237
14.6980437076,79.7556740949
13.7708150955,79.9137276194
13.7406123816,80.1187207408
13.7875112518,80.0441143375
13.6886501276,79.8758916711
13.6397932291,79.7950015995
13.6063323415,79.738582327
13.4950672551,79.6752075874
13.1711617654,79.596339374
13.1736993382,79.5003489328
13.174577643,79.3780094917
13.1590719543,79.2891948986
13.1729833312,79.2030478998
13.304666074,79.2757427624
13.2932490053,79.2825755608
13.3449492606,79.1977517622
13.5663848703,79.2114841086
13.624216225,79.2303154196
13.5976925362,79.2255955137
13.6063613389,79.1981228302
13.6152227786,79.1895513265
13.5838298613,79.2633906546
13.5052060842,79.3273831145
13.41988692,79.3343309281
13.4052100555,79.3136019713
13.4374077614,79.2484023822
13.4416808744,79.2044827178
13.3881878862,79.1716926383
13.332453643,79.1685077237
13.4190108939,79.1395824534
13.5133767838,79.1052202609
13.6118153763,78.9446183086
13.6748498971,78.9118117943
13.7047127289,78.9006706624
13.760557706,78.7962936495
13.8218970417,78.744620808
13.9187213302,78.7297402759
13.9796648106,78.7476317367
14.1911168054,78.6986091172
14.9232033413,78.5191506497
15.486556214,78.4286303051
16.3917097913,78.341698039
17.0548401495,78.4750423262
17.5986553832,78.3998687911
17.9502313287,78.4858017805
18.2960787046,78.5852383295
19.3075688948,78.7722254592
20.0171933777,78.866017973
20.7819451026,78.9240015155
21.9351163084,79.0033807685
22.7866047306,79.1529289551
24.4927109914,79.3363685317
25.9707485749,79.4798385385
27.8027555738,79.592456424
31.5543403029,80.1370308473
34.7584942381,80.5225047943
38.1633208324,80.7572516311
42.1948270029,80.898254143
44.4670267322,81.0950072269
48.2423917423,81.597240023
51.2739215886,81.9257009678
54.3588083512,81.9866579212
58.8459683986,81.9623238869
61.9175740305,81.6898871069
67.9333140549,80.8277429408
71.6996133406,80.8783709607
74.6369708719,81.2655262509
76.6704302779,81.8135885994
76.9078503002,82.2290633964
76.6420520341,83.2500590791
76.4926544103,83.9201559891
76.4596942431,84.8048524304
76.8703780686,86.0947057506
77.7514094483,86.9792698297
80.4702875629,87.9326076481
83.1120467512,88.0819556771
86.0739823637,87.7316073272
90.6380967936,86.5000095909
94.1539422308,85.5732176072
98.5267157532,84.9177089906
106.080806552,84.5194064614
111.238097072,84.1344815087
119.562044525,83.8472430061
125.324208628,83.6340958395
134.647128918,83.524443908
141.000246346,83.545074615
147.504687433,83.7906634735
156.524732085,84.4608618556
161.845211492,84.7223143769
168.980398569,84.8252557304
173.234991388,84.8122902454
176.989978146,84.7757073415
181.380435358,85.1869280918
183.646142917,85.3236770158
185.561719456,85.4220063296
188.262166438,85.7399067081
190.071919422,85.7254824321
192.565713121,85.6751937666
193.958650874,85.6285158674
195.306313683,85.5055672321
196.875586362,85.7057170855
197.80995239,85.7491995856
198.937164629,85.8027308166
199.540905484,85.7935466495
200.209620461,85.4926559044
201.299187527,85.5500589432
202.082206966,85.5195247368
203.621267711,85.3526319516
204.686344742,85.3299012441
205.625457404,85.4477982188
206.903894972,85.6282158247
207.425572426,85.9416127401
207.82056439,86.1515151338
207.991750556,86.0820367152
208.055754267,86.124365582
207.911572034,86.2129309938
207.544503266,86.4516507675
206.679142815,87.1135694349
206.140328113,87.4946156446
205.667707585,87.6123358203
204.883820757,88.2527325679
204.382633202,88.6582959291
203.784459043,88.8290803423
202.784502687,89.0951022026
202.177219824,89.4239116143
201.108118713,89.9081137496
200.479550325,90.04428665
199.999261853,90.1348105905
199.523991121,90.0525276596
199.118473634,90.1087257672
198.295333317,90.1506217629
197.739007714,89.9148666691
197.230913984,89.3941991181
196.61984692,89.1666175883
196.173093293,89.0632094606
195.862370822,88.7535387412
195.882958665,88.8339632205
196.001787757,89.0230602486
196.288094221,89.4629596522
196.643241505,89.5485447939
196.956805494,90.1668559278
197.29835154,90.4797262441
197.581974731,90.8283329687
198.362659657,91.3014267499
198.95011849,91.6261176702
199.923554903,92.3598815746
200.733103731,92.3367082648
201.683790728,92.4534788115
202.867816992,92.6784960329
203.530109108,92.9568538973
204.532861494,92.6544097249
205.662254053,92.2258340925
206.793823264,91.9058591585
207.686831973,92.8096405176
207.655099866,93.5875572601
207.53132246,94.5881868392
207.460138585,94.6846508437
207.38850668,94.2549292964
207.54221706,93.6783342522
207.779191761,93.2154973506
208.068166824,93.2475552155
208.289049368,93.003278445
208.483701307,92.6209122737
208.855740129,92.3801747009
209.092394352,92.5444582802
209.281623457,92.6600116322
209.532482036,92.8882698234
209.355078411,93.5428469092
209.472529313,94.8733714959
209.548305811,95.5378175695
209.542174328,96.3254436424
209.592491178,97.2852004175
209.72037201,97.5453083857
209.841756884,97.7238200096
209.889632316,97.957384039
209.939237131,98.4520593519
209.980400414,98.968591787
209.949478446,99.0592898585
210.027718322,99.0670127456
210.126042415,98.8876409664
210.111078982,98.5870398728
210.028042346,98.0485149088
209.96552598,97.7381592745
209.863473225,97.0184821841
209.799651755,96.4660335906
209.601120788,95.85603974
209.360389437,94.5822226608
209.254096661,93.5825632356
209.312404448,92.0710500702
209.44678713,91.0831812093
209.675451826,90.2057018267
210.060601667,89.3848217189
210.119655378,89.1139717323
209.944552536,89.1642135553
209.524321967,89.5266204983
208.768965506,89.8885959573
207.342585557,90.3946903711
206.204819661,90.5315323774
205.208968691,90.623964211
203.970881935,90.3829664656
203.515086434,89.9513540336
203.278118987,88.9962883626
203.491588733,88.5413629527
203.920539292,88.1023503252
204.50056539,87.6205335481
204.765310955,87.3909469172
204.842883457,87.2021474338
204.725718275,87.1707669858
204.58107879,87.139489901
204.479429867,87.155373745
204.560937444,87.3750057205
205.273757485,87.5203967299
205.81621765,87.6369993205
206.426041469,87.6460036139
207.799805808,87.5540024904
208.859283239,87.3853300485
210.993673928,87.1796039311
212.806442872,87.2384344275
215.008203656,87.5181980101
219.116551432,87.9761722744
222.190909942,88.0024641327
226.882134477,87.5809986568
230.160749698,86.926065119
233.500391422,86.0794655518
238.310904859,84.8425794016
241.536616161,84.1324109048
244.514362403,83.6613544481
248.600841805,83.1197345737
251.162235029,82.8206811026
254.810864651,82.495374826
257.476015383,82.3224154877
261.080732264,82.3382312344
263.199752593,82.2721751841
265.324575133,82.1980682578
267.491513133,82.5762841207
268.320906565,82.7561297036
268.741099151,82.6827582039
268.59059616,82.5021382858
268.052507181,82.5570390895
266.494374422,82.8033309574
264.931901336,82.8529047485
263.081898782,82.860873148
260.221255823,82.9046011102
258.527079459,83.0919685534
256.542654439,83.3589434044
255.741348141,83.5913011684
255.360283267,83.953236529
254.970780843,84.1902411063
255.136875353,84.3718698006
255.594978632,84.0828259319
255.87752323,83.7497151656
256.252052873,83.4383032763
256.789997371,83.222501243
257.072561068,83.079588125
257.381494831,83.0513140029
258.278681813,83.0502818343
258.973083297,83.0814743698
260.460909657,83.0763000868
261.741740079,83.2481683114
264.262289551,83.6670789698
266.41324009,83.8621727985
268.602683295,84.202104874
271.854649404,84.629508112
274.291613283,84.9087001344
278.44019483,85.2661279482
281.4979524,85.3894621914
284.416994852,85.6502030198
288.340286832,85.8322234401
290.605055888,85.7512186047
292.380028204,85.7748552599
294.893363109,85.6256630048
296.472535168,85.5750621095
298.899552759,85.4585136145
300.71118794,85.2875091402
302.440536669,85.1750314492
304.754587274,85.2213167442
306.446403455,85.1385497356
308.847569971,85.0863394317
310.500873763,85.0368851516
312.179587671,84.9841858266
314.888121385,84.8375491539
317.025978013,84.6977577908
320.046490634,85.268578628
322.153510153,85.5269149701
324.329712201,85.9006141696
327.731224124,86.4136614606
329.900428022,86.6661892445
332.858859757,87.2610573105
334.858534892,87.5676556416
336.963526158,87.9294387644
340.012417757,88.3883747689
341.999024965,88.6363993662
344.328259023,88.8688301698
345.34196389,88.9782489746
345.933198527,88.9414175883
346.255368934,88.8127763974
346.701275941,88.7783917539
347.966846799,89.0071293513
348.822707062,89.1854530802
349.36320526,89.327857649
348.916707488,89.578997946
348.686962373,89.1565434602
348.958194415,89.2832693653
349.36716472,90.0047263254
349.646738128,90.0455701079
349.371544465,90.1683241636
349.184868296,90.2483871839
348.728232648,90.3614600855
347.625604992,90.2324233551
346.639041381,90.328228991
344.199246603,90.0805675549
342.558862793,89.7867184525
340.924679273,89.428676215
338.302341658,88.8300117077
337.044346391,88.4755192031
335.83656061,88.0832160993
334.90806517,88.1010642482
334.425055193,87.9556077519
333.495547841,87.953892116
332.949009733,87.8984899006
331.813709569,87.7296527266
330.764034272,87.4622061574
329.5229866,87.0978865996
327.392811186,86.4002196832
325.671232732,85.779324972
322.708725954,84.9427645162
320.682516463,84.4688677067
318.569127626,84.097498739
315.614365294,84.066112116
313.993789583,84.3007710173
312.083431902,84.4688220103
310.930665518,84.6139342661
309.86364448,84.694294662
308.367064999,84.6837037552
307.365008346,84.8013089609
305.99188106,84.9448858483
305.151757123,84.937964986
304.135581098,85.0163513375
302.536552135,85.1030135542
301.417189039,85.2288141115
300.164021741,85.3133090482
297.919165942,85.4657749089
296.275692182,85.5281761054
293.86396697,85.7936152202
292.408722541,85.7768644762
291.099241836,85.8433017649
288.892486603,86.0179199317
287.351060063,86.1029455776
284.970288351,86.5773391828
283.305597977,87.3379558888
281.56437857,88.0083707053
280.192562028,88.3278478989
277.929133109,88.3293275387
275.727412339,88.1335247194
274.448334585,88.0001271505
273.262925814,88.0605287678
271.353757704,88.0529732698
270.261132107,88.1867052956
268.572730349,88.7766917927
267.432447024,89.3958313619
266.194862152,89.6865809661
264.0991073,89.6352250464
262.648194255,89.5104646896
260.687231908,89.2686779847
259.372851165,89.1736723314
258.23725957,89.059481541
256.633774914,88.5994986562
255.738665643,88.3678200175
254.466841551,87.982098054
253.457283244,87.8385651042
252.374766557,87.715300268
250.223350339,87.5055269635
248.594611082,87.4567417653
246.943209692,87.4960960783
244.430886261,87.479344625
242.66238232,87.4539993099
240.016302446,87.3970565247
238.349175156,87.3995799872
236.861221253,87.3692962695
234.879804935,87.3881945322
233.944228776,87.3208888813
233.111588417,86.7895705227
232.692476926,86.4182921312
232.375162018,85.9210019299
232.385338976,85.1074228688
232.404945962,84.6385489676
232.245159762,83.9432427899
231.677910342,83.6974888813
230.779336209,83.606138893
229.120352207,83.4788899021
227.797631391,83.4219523525
225.492572845,83.2639827351
223.750792615,83.2082732021
221.908720725,83.098688039
219.367289576,82.84796145
217.57472934,82.7715990021
215.380277946,82.5606212864
214.079357211,82.4163459706
213.02852945,82.3640617626
211.84866029,82.1147396477
211.213080412,82.0572994976
210.324374001,82.0053286364
209.791916044,82.0936029472
209.180429917,82.0847100307
208.217274746,81.9932106323
207.606028522,81.9652921715
206.647257569,81.8479672833
206.070454646,81.7449080976
205.521350395,81.6918274048
204.791875503,81.6526977743
204.326496517,81.7166461651
203.923629557,81.7445212039
203.397489169,81.8935869993
203.212431851,81.956845474
203.057978807,82.3035251994
203.083944492,82.379582505
203.081932036,82.5109233182
202.966750837,82.6491571686
202.764213361,82.7119875886
202.364237258,82.7841639708
201.985370276,82.7313658684
201.478371297,82.6871233782
200.741102555,82.5743757458
200.291624234,82.4905506374
199.611223751,82.325114557
199.092103913,82.173808334
198.523756253,81.9942484047
197.360679207,81.6861018683
196.443640939,81.4406096966
194.793972234,81.1423790165
193.445997619,80.8435508669
191.859109591,80.6979693289
189.750008045,80.5362214114
188.395087087,80.5779541515
186.288019666,80.7385339742
185.098160684,80.8149173363
183.880222415,81.0386245059
182.3691713,81.4980861285
181.345371713,82.09179038
179.950485372,82.9492730432
179.014681806,83.292374802
178.093310293,83.5442922415
177.075177454,84.0965836288
176.610515384,84.67004874
176.339918833,85.2582420662
175.896721828,86.2636185912
175.60457517,87.0146426212
174.819674576,88.3448050235
174.187043401,89.3089927112
173.760269577,90.2905750173
173.44249717,91.2257534658
173.425511427,91.7273488549
173.617638703,92.0837360546
173.867071119,92.1328921716
174.260285282,92.0911626725
174.619215301,91.9851000015
174.648684555,92.2081975878
174.379266593,92.7348369749
174.041959571,93.0792396386
173.522423236,93.2438195038
172.825800742,93.4039701373
172.644377865,93.3491104651
172.59051421,93.280976979
172.569848341,93.1201947421
172.545859089,93.1671327916
172.283673456,93.50993539
171.907119863,93.8594775768
171.097739017,94.3386695499
170.764027058,94.6131147388
170.394083019,94.9264803985
169.810005191,95.1204636841
169.661337923,95.1172013249
169.496405792,95.2489528169
169.551029155,95.1667828247
169.635427054,94.912260821
169.770056033,94.5308474843
169.805908711,94.3205403352
169.829316624,94.2857949933
169.750748685,94.2361108219
169.543818064,94.3373738616
169.023712555,94.6345871807
168.730761008,94.7772893789
168.51806067,94.8076250798
168.349833287,94.8371464257
168.128680914,94.8311898594
167.759199958,94.8070188492
167.436019144,94.8533608021
166.929423782,95.0050572561
166.220598777,95.3271163982
165.789596247,95.4797111763
165.343490188,95.4204646239
165.008567656,95.3239829717
164.781238289,95.2053182681
164.631519175,94.9031398656
164.574242372,94.5566617118
164.974204382,93.8002256709
165.403480023,93.1024020001
165.858600092,92.4668853977
166.59096724,91.4088064128
167.070840493,90.7191573324
168.058696313,89.6225576132
168.636909468,88.8052057985
169.126407662,88.2041715728
169.617320101,87.5577412235
169.746556859,87.2697907695
169.812601951,86.9296602834
169.80294635,86.6714032546
169.571887566,86.3069439778
169.189326623,85.8716571508
169.022882498,85.6209331746
169.028180808,85.4757652054
169.048475132,85.2922833762
169.021491861,85.1271594214
168.968670426,84.9449059479
168.868727993,84.8061719224
168.679023188,84.739644175
168.464443038,84.8499041107
168.338533784,84.8808383874
167.972286745,84.8752830838
167.613450419,84.9588540076
167.108037932,85.0309493455
166.227559103,85.4595250933
165.49249998,85.8209997673
164.399448562,86.4923539402
163.595912128,86.8918070269
162.776227186,87.3486233598
161.358136407,87.8783805292
160.251607477,88.2005300479
158.305052256,88.566905558
156.770434573,89.0135090903
155.067023838,89.3864264884
151.900929782,89.3588072639
149.493428529,89.0249152549
145.736593957,88.6719731583
143.243253391,88.4666362765
140.635420553,87.9453852548
136.806472666,87.532283412
134.650930845,87.6317235404
132.31031738,88.1824384331
131.254427784,88.4206754276
130.466406247,88.6950277147
129.269867006,88.7994334613
128.349551754,88.4518486441
127.406659175,87.8485788188
126.935763167,87.6304838379
126.426837979,87.4277802191
125.295240339,87.3580320171
124.227995294,87.2720994077
123.024230782,87.1134795581
120.972717421,86.5026611058
119.660181543,85.9574732195
117.903506184,85.4638489164
116.627358949,85.1685085239
115.457739552,84.8266397927
113.753964722,84.451594062
112.627442961,84.172346978
110.666707789,83.6231705168
109.024649253,83.1939135527
106.848538517,82.6278646084
102.708982969,81.745829774
99.5577951515,81.2750169092
94.1961398837,80.623683201
90.9773407221,80.4757513557
88.3304848222,80.6392223434
85.5119281015,81.1442540774
84.0220907903,81.3947319672
81.7497402235,81.6360899062
80.5722909355,81.8685431437
79.4840724897,82.1598077599
78.0877915094,82.5240807936
77.4532704145,82.7651326927
76.601655372,83.0396348785
76.0294912065,83.2238359987
75.1181063179,83.3078771447
73.2019034128,83.3903386572
71.7178629562,83.457821402
68.9663229253,83.7750388021
66.9403563846,84.2064577124
64.818269826,84.6785780935
62.0770115313,85.0686278747
60.617898863,85.4889290813
59.4293824277,85.8065838395
57.9981493677,85.854847228
57.2978967738,85.9587416865
55.9503348187,86.6920639462
54.9784294031,86.808365058
54.0281715506,87.0390822381
53.2448652063,87.2311874067
52.8287563682,87.3758435165
52.229781383,87.1965090004
51.8313116844,86.9724185197
51.5400860309,86.9173019293
51.0714912777,86.7028259582
50.729187805,86.5932578969
50.3421221002,86.4608110119
50.06377238,86.3314798159
49.92112266,86.2753784466
49.5669293711,86.3345749062
49.0969186439,86.4240678037
48.7686337611,86.442997829
48.4518578477,86.5927825962
47.9835096984,86.8524907301
46.6085229661,87.2877799223
45.6839913093,87.5586312988
44.6417236031,88.1762545302
44.3737159974,88.3873907094
44.4487111531,88.391852649
45.5856688519,88.1436434389
47.0153696778,87.7207589385
50.7212415416,86.9761458088
53.9942596477,86.6802837569
58.0229980769,86.3622957416
65.5006768857,86.5426062259
70.0413156167,86.3011675226
75.3113967853,86.1964029506
78.1569957274,85.9363276925
81.0206257819,85.6028737761
84.942961076,85.2411815794
87.1831259879,85.4158243325
88.9538898386,85.4573941742
91.262026782,85.5379238009
92.6243769628,85.4614458302
94.7444003692,85.2883503604
96.2029760844,85.1584851128
97.7481224852,85.1250859206
100.155864176,85.27688246
101.813229615,85.3578906991
104.223592235,85.5612346989
105.680589232,85.6666352992
107.003906479,85.8123598195
108.995644776,85.9228176353
110.566704269,85.9430073155
113.482054412,86.0277824796
115.621522618,86.1201059086
118.00865955,86.3416297236
121.786359826,86.6635346353
124.558781634,86.9029876664
128.477315493,87.0815669306
131.103369542,87.1708267746
133.151481253,87.5754016194
135.101460095,88.0241552953
136.46235039,88.0396566912
138.72764815,88.1229267537
140.188303047,88.1638054457
141.773429043,88.2261278222
144.579052469,88.0592725666
146.916946238,87.9527178783
149.262597016,87.8476553251
152.914531403,87.791861421
155.608435611,87.7445486142
159.677621347,87.9227304512
162.484414459,87.8546973653
165.329449998,87.7349489188
169.38109141,87.6731451998
171.863258052,87.5865710915
175.643364802,87.7759302402
177.896205088,87.8695970814
179.903533662,87.8517157573
182.583825188,87.6994765085
184.232781995,87.5287328733
186.750950697,87.2617842456
188.337050379,87.0797698505
189.865934999,86.8451815748
191.96767838,86.3964257408
193.388410967,86.2446100315
195.379571891,86.1009025607
196.648802717,86.0405223471
197.767284303,86.0147734053
199.327067283,85.9751681446
200.25892941,86.0455899503
201.488773731,86.1515070874
202.189388946,86.2239028157
202.810466708,86.3233703465
203.786581308,86.5069200791
204.479131338,86.5843547874
205.409176326,86.8724188706
205.778523502,86.9930431381
206.210236849,87.0444404374
206.59093316,87.2455076947
206.835027912,87.2105287502
206.898141514,87.2316779556
207.149659015,87.1353915524
207.499663618,86.9518972437
208.158797938,86.8454410159
208.744731577,86.658547464
209.663375081,86.5967682659
210.192548154,86.4070261148
210.940348437,86.5316062417
212.330191465,86.779620008
212.657722635,87.0305866653
212.797200782,87.129203617
213.660707697,86.9235536409
214.172687492,86.8309245526
214.648656888,86.7797870483
214.78098601,86.7955983459
214.503422066,86.8697666256
213.72378021,86.7372094454
213.137650381,86.5405240868
212.192099493,86.6306390543
211.741709962,86.6170457359
211.47058823,86.4543267158
211.106497995,86.1667932019
210.78335636,85.9179885775
210.413618887,85.3909125013
210.237215036,84.9861199452
210.127983136,84.6468988409
210.118495552,84.3963728581
210.461058722,84.3214732346
211.016819206,84.3983141916
211.382670466,84.5287320431
211.849660826,84.5638457957
212.5013695,84.5629032227
213.015582859,84.6253652346
214.07613279,84.6470236828
214.808996118,84.7493754491
215.481669921,84.8191911662
216.350090275,84.9172722299
216.90556638,84.8421787832
217.819615041,84.6794948298
218.413908496,84.5078136931
219.041715566,84.2998586367
219.970501011,84.168742569
220.51658457,84.1160044902
221.032765941,84.1007979555
221.700402395,84.0737715215
222.068152451,84.029900598
222.620834038,84.1250673114
223.115528717,84.2744224062
223.654723035,84.4581134619
224.549970839,84.7982225634
225.307104817,85.1066787727
226.594983929,85.4583936179
227.564997889,85.7857768391
228.480645216,86.0919503814
230.097847036,86.4373125763
231.291894965,86.5695113182
233.233531469,86.6785052377
234.544854298,86.6879082375
235.769861845,86.7172157317
237.7054259,86.8592234646
238.886562301,86.924612365
240.455415909,87.0136840004
241.489711421,87.0621319917
242.740203213,87.0003147699
244.637460226,87.2527634677
246.122207743,87.1852891628
248.39818519,87.2132900888
249.958776359,87.2218076715
251.344167192,87.1287962483
253.241764661,86.9662834894
254.105600109,86.8632363962
255.004904802,86.6074339127
255.35362535,86.3569113465
255.54487892,86.209068268
255.470632087,85.9385709792
255.200656818,85.7742595844
254.58436514,85.5156411832
254.171292786,85.376808195
253.69565456,85.297600005
253.373345176,85.3829444193
253.348007408,85.5310125978
253.167934206,85.6439708412
252.281707568,85.5273654849
251.386281671,85.4378776625
249.968494284,85.3218813057
248.901817664,85.3661516159
247.977236224,85.5078092818
246.301528146,85.7389836576
244.977276004,85.784254282
242.580464924,85.7337929627
240.807879544,85.7658811093
238.82486327,85.7349406745
235.204117516,85.7459146732
232.650378705,85.7024067349
229.072022195,85.9702875879
226.917236018,86.2978457266
223.873026797,86.6590241444
222.326038006,86.8345405651
220.819518964,86.8355270507
218.784452568,86.7050976882
217.64708254,86.3524785168
216.61851918,86.1570779224
215.019130609,85.9943831829
213.988623385,85.8620998471
212.285107343,85.4595178663
211.017470581,85.1491592934
209.789837496,84.9033367408
208.023849719,84.6304568956
206.876613948,84.6728367227
205.261866134,85.1154019704
204.247865533,85.9139003825
202.746647434,87.4684474141
200.000368863,89.5489220674
198.17699397,90.3704809308
196.541552803,91.0132199177
194.563614808,91.9702443087
193.450894825,92.365165339
192.056008333,92.5916894794
191.370600432,92.5785184952
190.850598556,92.5849375222
190.260225959,92.5317214849
189.840267015,92.6253851261
189.297443992,92.7751827732
188.766093047,92.7951162716
188.272101665,92.7774927914
187.525097014,92.7539928127
187.223721559,92.7319196267
186.737815371,92.8029409321
186.526323807,92.8631707602
186.666803175,93.1169823684
186.905290106,92.9604320865
186.65258164,92.6638560989
185.907217363,92.2984022165
185.611236587,92.2628419797
185.363349872,92.1978360382
185.026165468,92.0889369354
184.670941175,92.1004074653
184.159629139,91.9791130984
183.874145052,91.8951097782
183.666095642,91.8855380545
183.472186693,91.8774039677
183.338852612,91.9274544517
183.210273308,92.0750092202
183.172607422,92.103376573
183.160155623,92.1330763805
183.290688578,92.0758752869
183.383535575,92.0526848966
183.470723112,91.9689552607
183.685813761,91.8947666501
183.882597877,91.8596956961
184.257563428,91.7067541208
184.57850596,91.5881709343
184.919550682,91.2943857582
185.540597599,90.6828740027
186.08017425,90.2604800816
186.998798253,89.5711114807
187.715058693,89.1215052802
188.441830955,88.7068459778
189.428469628,88.0194137943
190.058151834,87.6470281783
190.820005776,87.0292819515
191.285930243,86.5422524135
191.678079804,85.9204228744
192.502326902,84.8992118139
193.13129917,84.550351705
194.153031555,84.3445368225
194.837613873,84.2328335302
195.482171954,84.3438220018
196.29796706,84.3177919867
196.746415885,84.3194317854
197.163605068,84.4171664036
197.4713256,84.4557144386
197.833940736,84.4877932081
198.349959582,84.4236526158
198.784717458,84.3349088276
199.400338601,84.2828106144
199.772791685,84.267106467
200.055936235,84.2062528007
200.426995466,84.1801088858
200.670820481,84.1731594595
201.049908756,84.1961612221
201.264079391,84.2344816499
201.526332103,84.2545501208
201.871403065,84.2483386618
202.036525545,84.266036923
202.25843451,84.2292200495
202.608632801,84.0653969784
202.740925793,84.0197405252
203.012944129,83.7815776084
203.107730796,83.6500145463
203.032820545,83.6467333229
202.419392505,83.7383876219
201.683027121,83.7440448104
200.185062076,83.6912121757
199.129468168,83.6034370394
198.071323207,83.4732324411
196.634457426,83.3452350821
195.841298299,83.3794940722
194.830395707,83.4022768217
194.292364307,83.4621446587
193.855711451,83.3881373529
193.322162558,83.2483233807
192.968431253,83.2573203507
192.35542392,83.2925896128
191.921833235,83.3040138237
191.539850778,83.3215956714
191.008964906,83.370149823
190.788838541,83.3182610426
190.905344209,82.73590678
191.217004981,82.4030321669
191.485282844,82.2319062053
192.089523093,81.9673831866
192.407723151,81.9610731383
192.580418014,82.072339661
192.824960806,82.0760245091
192.794862866,82.2107547136
192.405793014,82.565202369
191.898094056,82.771177095
190.982700818,82.9194185451
190.64021613,82.840713952
190.445732434,82.7415688785
190.324363114,82.466326055
190.278726307,82.2469430271
190.25228331,82.101866617
190.315999098,81.8306322209
190.373127657,81.762286027
190.578462575,81.5667642388
190.89109309,81.457057259
191.330074812,81.3493487693
192.053695676,81.1616877577
192.464248141,81.0376602924
192.734037577,80.9065678135
192.756860749,80.9093269609
192.936135494,80.8894532475
193.307682748,80.8338027863
193.613500617,80.9685674411
194.165851361,81.2881245081
194.593238647,81.4891456814
195.002630368,81.7728804952
195.828073782,82.3236586857
196.462090869,82.6435559476
197.65442097,83.2062282922
198.709006783,83.6365570117
199.999613939,84.039542846
201.971862953,84.520090567
203.086775059,84.7540794434
204.760933091,84.9990792445
205.840228474,85.142041057
206.913601543,85.2544050899
208.631613701,85.4665638895
209.734798755,85.7181182897
210.731550303,85.8785911839
212.177101392,85.9920854698
213.026587753,86.040684549
214.339474138,85.9858965761
215.174417048,86.0701354899
215.766586976,86.253515536
216.390419034,86.3579651853
216.644765001,86.3110592187
216.733089738,86.3227275627
216.83575442,86.363433854
216.964394636,86.449602849
217.133871903,86.5599628016
217.246387978,86.6095098222
217.458029113,86.5956736701
217.610121754,86.6143343662
217.710672737,86.6405664893
217.822321789,86.6163717368
217.842943119,86.5857666331
217.805351569,86.5265663242
217.755036664,86.4350455935
217.662106128,86.2715388529
217.463160542,85.748065552
217.268172675,85.3977623172
216.792714969,84.7532612124
216.252811872,84.4547885876
215.494697623,84.1697593521
213.952613368,83.9813388971
212.659025356,83.893823489
210.607196045,83.6131505192
209.403138479,83.3991590129
208.158852774,83.3128120763
206.420217455,83.3474306781
205.327064013,83.4127891349
203.594960816,83.4704009346
202.308388561,83.5007264682
200.969824956,83.4733007264
198.821866088,83.4171416965
197.266264086,83.3807965993
195.570790029,83.3521400203
192.938107394,83.1816987462
191.279700554,83.0898847908
189.088234634,82.9663473154
187.967348527,82.8401120282
186.988952544,82.8287617244
186.109730092,82.7186944187
185.875696936,82.4866642995
186.082735624,82.2239586195
186.545998563,81.9903896415
187.188638969,81.7211273752
188.106659189,81.4650361532
188.510322697,81.4637350471
188.534617821,81.5900750365
188.269183852,81.6640282076
187.720548208,81.7943354999
186.544838284,81.8428313361
185.674786588,81.7684115469
184.58568616,81.7009901344
183.959245317,81.7105819333
183.432447588,81.7665588874
182.739304217,81.8487799435
182.258426786,81.8626748455
181.493790535,81.8184661695
180.904061887,81.8467836871
180.25848185,81.7968698776
179.179395207,81.8205187219
178.346198978,81.9020872669
176.229801473,82.3516485564
173.764000509,82.8124643403
171.123424245,82.7134996543
166.878411818,82.8316712483
164.199307513,83.1920706495
160.733273287,83.8170950121
158.758907313,84.1636738711
156.94844554,84.4126502007
154.450391033,84.4793736099
153.253544686,84.5811655401
152.336917505,84.6835768319
151.398041082,84.8925916691
150.990787482,85.1300359048
150.491472794,85.6229628493
150.2379998,86.018496757
150.170161726,86.3723110633
150.011522963,86.9058493579
149.712330759,87.055964187
148.934445251,87.4478684927
148.501091027,87.8501931185
148.236754442,88.3513958444
147.991432908,89.0401597613
147.769820443,89.5131798346
147.406337036,90.1103980782
147.298555843,90.4963035297
147.312145276,90.8334827736
147.5466112,91.126727062
147.918473246,91.2259951336
148.582093887,91.0529563896
149.022961565,90.7412049427
149.587885648,90.4118486144
150.553207617,89.9137131331
151.275461737,89.6626328048
152.245795086,89.3817855153
152.817895855,89.1147918234
153.321999431,88.8894287322
153.973697203,88.6117877375
154.432279574,88.5482095371
155.313040962,88.3682473458
155.791971472,88.2692890886
156.244040948,88.1450900519
156.861413408,88.0379578972
157.256229037,88.1290760692
157.665832783,88.299610371
158.4415352,88.5076705086
159.085785651,88.5730840567
160.133894501,88.4039171333
160.776092751,88.2020318411
161.371278308,88.0714520868
162.045735623,88.0342036171
162.457921399,88.0050377331
162.898680955,87.9802341287
163.120789801,88.004151568
163.476724375,87.9768545815
164.075347306,87.9629276365
164.403935613,87.982679671
164.730513729,87.9868602695
165.060954476,87.9874253368
165.466665844,88.0213946628
166.214192894,88.0129263375
166.663366839,87.9489712444
167.401269232,87.9427710047
167.976449268,87.9106702575
168.683791951,87.8830320418
169.848348334,87.7856054859
170.669288792,87.7407616135
172.129899714,87.5013430282
173.377833869,87.2262163889
174.771347861,86.8274754247
177.043352412,86.104006271
178.646436693,85.595206679
181.006176933,84.9058395996
182.655990138,84.4407847624
184.226300759,83.9965643845
186.281503813,83.3967947591
187.534894073,83.043138148
189.186414156,82.6533066389
190.305977358,82.3740969961
191.749251499,82.0850504248
194.769439339,81.5178885985
196.993695306,80.9916957275
199.067889891,80.4660336891
202.058621825,79.8290526745
204.004326039,79.5657069338
206.647558441,79.2895021743
208.375800726,79.0812184371
210.001939823,78.8922366621
212.413474311,78.656993644
213.993659845,78.4679418802
216.077805249,78.2226238017
217.300561197,78.2043925021
218.356892217,78.2613282319
219.688732525,78.3372286356
220.429715467,78.4666758808
221.414225187,78.7635864792
221.88464297,78.9698132243
222.156516937,79.1006838519
222.226094011,79.1364889198
222.003737288,79.118801273
221.325981492,79.4517303676
220.923353861,79.7080993734
220.408654632,79.952242834
219.559760966,80.5050602199
218.957554235,80.8372200375
217.761777252,81.2702488166
216.712839989,81.5181786301
215.441581682,81.7172240534
213.124352905,82.2741427499
211.425528832,82.8552564661
208.869856385,83.8308897733
207.279886491,84.5208003095
205.661362368,85.1662594199
203.197320322,86.103961637
201.48049936,86.816828662
199.957990428,87.5405714903
198.148859368,88.3263425016
197.320726275,88.8057467206
196.321239018,89.2811516674
195.771372724,89.5286188562
195.237865181,89.7646251462
194.63103472,90.0353659241
194.270141841,90.1071362534
193.832706443,90.1889131504
193.534392884,90.1662437885
193.241985591,90.0613009404
192.89404645,89.7831501666
192.654043593,89.3613356987
192.326305374,88.8162659226
192.146027316,88.6887717767
191.892020856,88.6241294731
191.194819099,88.6431295221
190.706899701,88.7397657762
190.053812706,88.8385709372
189.697142386,88.8315600887
189.559274961,88.7990005401
189.315706222,88.729841481
189.171666817,88.5660971704
188.84011221,87.8901839499
188.60244996,87.242075439
188.464551383,86.5871828308
188.594930021,85.6311413601
188.767302101,85.0313987287
188.989699057,84.2669176093
189.246397499,83.6547664939
189.626088251,83.0284809606
190.516118242,82.1305007375
191.31628641,81.6631946596
192.640573245,81.0330528777
193.359086995,80.6905282636
193.766001939,80.4655298165
194.237065829,80.1237890587
194.48195105,79.9963253326
194.58219123,79.8759557212
194.5867555,79.7462521779
194.606491389,79.536757306
194.38089586,79.4457654938
194.293179993,79.4453575536
194.230438747,79.4733945652
194.114065582,79.6694438787
194.087523394,79.772140917
193.991478686,79.99964124
193.945036656,80.1000727127
193.921252051,80.1484614806
193.865123214,80.1780461254
193.858754841,80.1848890624
193.89770089,80.2206346262
193.969589076,80.2434399767
194.02964636,80.2422623439
194.157440171,80.266717638
194.203989559,80.2930786172
194.243632796,80.3548948819
194.250400633,80.4526714069
194.251584323,80.5725039875
194.270302658,80.7080744923
194.326609399,80.7882790495
194.500169204,80.8959354021
194.610880006,80.9363399107
194.758711459,80.9554433975
195.024596772,80.9008929774
195.286954443,80.8433334179
195.575656604,80.801628579
195.798088733,80.7448792687
195.965186268,80.7161216454
196.180126819,80.7371013739
196.253456818,80.758226308
196.296956229,80.756111682
196.296210247,80.7583378323
196.22131869,80.7836889076
196.062058316,80.825847024
195.945727517,80.8599140384
195.82555748,80.8862043665
195.714799008,80.9536096218
195.68053612,80.9728040983
195.652780052,80.9882485792
195.655879617,80.9806130465
195.678636484,80.9724082778
195.740194551,80.9821027036
195.759505487,81.0095978813
195.702884881,81.0719644978
195.572151504,81.1859901005
195.424263134,81.276574013
195.193511034,81.3735717886
195.067930495,81.4063396526
194.935521344,81.4492377734
194.842850218,81.4919380086
194.783368397,81.5424506269
194.615938536,81.6386056966
194.515081444,81.6620130849
194.402305606,81.6934434524
194.410900178,81.6734605164
194.626785362,81.6903252818
195.36733515,81.7271518178
196.092046015,81.6913230073
197.79084965,81.7703713974
199.307239931,81.7317844507
201.122693244,81.808070441
203.888577699,82.1310084188
205.508127951,82.235567801
207.187372528,82.1704585829
210.029924331,81.9520111254
211.980289583,82.0190436228
215.380994314,82.171332595
217.562100432,82.106546172
219.471380427,82.0464806967
221.91122974,81.8056191745
223.330067887,81.5810355311
225.134632095,81.3383499696
226.16707543,81.219644171
227.158447974,81.1848274857
228.215130245,81.1702994159
228.69085012,81.0427377605
229.406166247,80.8373614162
229.89447328,80.8332545695
230.451168348,80.8388508801
231.331507027,80.9655764361
231.760480373,80.9526815621
232.174343391,80.9680625778
232.328997885,81.001451177
232.41755761,81.0314569139
232.446534089,81.0225586377
232.410782753,81.0192024666
232.225014995,81.0768237642
232.05340008,81.0786047885
231.814993981,81.0916105272
231.489510132,81.0088175857
231.220653204,80.9221901236
230.775206362,80.972887697
230.481707404,81.058830852
230.169692845,80.9995747309
229.766243317,80.8873025746
229.478856018,80.6949527681
228.791715531,80.270047132
228.297993453,80.025050828
227.615725501,79.8024464952
226.06558664,79.4830494211
224.521202517,79.2180869459
222.407789588,78.9351395579
218.890192422,78.2443470799
216.33599116,77.7765940764
212.227281916,77.1887786081
209.130326509,76.9432885365
205.945002059,76.6790661702
