167.593824675,97.5680053045
166.518438398,97.7094263907
166.228876113,97.8350932375
166.122722782,98.069873814
166.260259839,98.2590469425
166.380892218,98.386272471
166.767398694,98.3409792036
167.839395071,98.4436710326
168.309681928,98.6535571495
168.851461133,98.7466510153
169.715499922,98.6929679653
170.279941975,98.5183419184
170.729990925,98.0629841847
171.216592502,96.7947225093
171.472841211,95.9365627926
171.617826649,94.9178404648
171.616080447,94.3551134578
171.626771599,93.3816155466
171.513861105,92.2359658111
171.41835034,91.5662364828
171.358078711,90.8207782801
171.491555326,90.5596992902
171.702789873,90.3497199539
172.065166443,89.8569604973
172.322115788,89.7139520194
172.709013567,89.3844215674
173.000026409,89.3114605819
173.236405054,89.2461024201
173.243328275,89.2086787671
173.183410321,89.1868146471
172.985393468,89.1917535143
172.827874697,89.1566467906
172.712788152,89.1052184171
172.526221644,89.0307559398
172.312036519,88.9676644095
171.908755981,88.951951065
171.78342226,88.9668302097
171.740820263,88.9678464536
171.787580614,88.9468948231
171.926967647,88.9346442803
172.114765538,88.9304770484
172.287396937,88.9261484462
172.460737432,88.940174335
172.901653286,88.971510286
173.411904662,88.905986016
175.828669918,88.3645701994
179.432171624,88.2192749271
184.508970181,88.1284384495
194.226033161,88.2216880269
200.714472139,88.3770604823
206.553176217,88.6947644447
214.042144626,88.9950571867
218.234248415,88.7823206111
223.976169114,88.6910904532
227.244448369,88.4552372901
230.155518035,88.146162542
234.041884583,88.0358783833
236.450926651,88.1352598953
239.573896694,88.6500460658
241.361491171,88.8981273222
242.965576065,89.178988507
245.301958026,89.581166685
247.146046337,89.7727609428
250.579063306,90.0804458517
252.91367056,90.5118038618
254.882181906,90.914434108
257.188366817,91.5972979379
258.867668425,91.838886811
261.858662905,92.3585781424
264.27326304,92.8064263529
266.874917412,93.3313616425
270.743499532,94.0869268214
272.93775696,94.8387254267
275.011552654,96.1815770097
276.232846436,96.6321549821
277.462026923,97.5256638392
279.191039745,98.5098335272
279.962858258,99.3455074399
281.824908993,100.033316845
283.038691024,101.037395907
284.776204801,101.633896029
287.160792772,102.814979274
289.194211516,103.545020408
291.45823336,104.221930095
295.205611253,105.088956253
297.471522165,105.528726892
300.08964308,105.597219696
301.486580319,105.442735299
302.930216697,105.392984547
304.933564097,105.529517751
306.145240418,105.628056942
308.063332061,105.774157445
309.17815962,105.945971581
310.299544453,105.89023257
311.761083244,105.821782877
312.620606759,105.700397618
313.341467293,105.830272005
313.764899058,105.809354197
314.224280285,105.776020634
315.370406699,106.106775554
316.076102815,106.300002667
316.667337694,106.355591388
316.940335659,106.212750454
316.904544793,106.253303386
317.029346252,106.182144261
317.003713734,106.22792188
316.810285508,106.134752191
316.670035386,106.037663011
316.614666066,105.965483426
316.07233512,105.573830838
315.535942065,105.211546017
314.550591532,104.455885278
313.694482646,103.753526604
312.602456222,102.644368733
309.515517431,99.9675545506
306.516710515,97.9747891424
300.972757467,94.2616065989
296.420892378,91.8763332296
291.040131982,89.5730928286
281.307900965,86.4881878278
274.781961158,84.8931241702
267.689806432,84.0714843299
255.925131672,82.9963876857
247.81895214,82.719491306
235.068308698,83.1522292427
226.668599808,83.7081157593
218.552783704,84.3591845741
207.129099212,85.437547614
200.073796489,86.5507960368
191.450945539,87.8204847371
186.951505311,88.3691159875
182.9009999,89.0520882854
177.650963417,90.1131815419
174.333194819,90.5726441693
169.551016597,91.0079564289
166.726270622,91.3460310867
164.267638276,91.6206129381
161.382140694,91.7366679222
159.544327145,91.7836276702
156.807280927,91.5970570061
154.690712914,91.7228752354
152.289032515,91.9230338914
148.059224315,92.4922363226
144.797914236,92.8130062115
139.772314245,92.8168441202
136.485369927,92.7730190419
133.188079894,92.7659400276
128.141761078,92.6136620186
124.701846749,92.4244026102
121.026312675,92.3055825978
115.299970412,91.8816488595
111.478392211,91.7084501541
105.503827318,91.8683514384
101.501532517,92.1653941528
97.977594845,92.3276303697
92.946600143,92.819158656
90.1352447621,92.9931155353
86.3413871914,93.3942762643
84.1493583879,93.8154404818
82.3037833651,94.3514127076
79.9934014338,95.0546813739
78.5252281341,95.4800691645
76.2329491831,96.2186937657
74.6901076459,96.8129770373
73.1511699928,97.5028519523
71.2554284522,98.4703142019
70.2555445025,99.0588643691
68.5485854014,99.969639733
67.3541719069,100.359232952
66.3624169208,100.700299579
64.9253940708,101.121200293
63.871148412,101.408551393
61.6162826894,101.724746269
60.0023923253,101.652429991
58.0907217794,101.57666302
55.0999283803,100.827335137
52.671668144,100.326022537
49.5263783279,99.3495004505
47.4650744215,98.6487903682
45.742209183,98.1090948313
43.2549749096,97.533315038
41.5414098384,97.1804722065
38.9719970362,96.4647533099
37.4525725048,95.8913262045
36.1001815308,95.5004190702
34.5013788528,95.2993853432
33.4549721786,95.2323069652
32.5370205611,95.08673046
31.3752971506,94.9712068907
30.7549267341,94.8930480883
30.0894794664,94.983187677
29.7662281547,95.1831346362
29.6151573704,95.2768406185
29.0198815886,95.4076742909
28.6837837983,95.4643312835
28.34282889,95.5777812698
28.2286891099,95.6555394634
28.1195851413,95.7479500184
28.0741622946,95.9434287469
28.065096718,96.0145502788
28.0545874436,96.0755514787
28.1603286869,96.1194524313
28.3378182715,96.1522787139
28.5350296066,96.2518503888
28.6580759836,96.3823916563
28.7326318428,96.5123723565
28.7673562118,96.5153742408
28.7822716462,96.5126939646
28.8142283552,96.4650223675
28.8885610554,96.5065855464
28.9229512238,96.4923767544
28.7863020468,96.4403276905
28.4894553553,96.4233379085
27.6252965272,96.4020368992
26.9259705275,96.2793016712
26.197330574,96.147328715
25.1686856843,95.9103014303
24.4935120804,95.7874998365
23.4771568007,95.7417730919
22.7952911845,95.7491559505
21.701452677,95.8572921848
20.9308241727,96.0602187331
20.045796547,96.1992825666
18.7428882846,96.2450574479
18.0439493098,96.4582193265
17.4308450794,96.6465818519
16.5292054837,96.9484329181
15.8104005502,97.1876776625
14.4611195407,97.4479363775
13.4389725728,97.5729449288
12.4712365848,97.6810860521
11.1621085092,97.7132727616
10.405915586,97.6668139708
9.19592181913,97.733127895
8.36936052283,97.760837759
7.6278842538,97.8222043225
6.59252163271,98.0313918068
5.89505556171,98.1757968785
5.09695816867,98.2562891158
4.81060623741,98.2850035324
4.60144347252,98.2812114783
4.22463085664,98.2645939424
3.92021054776,98.2929925039
3.49039193781,98.3990597193
3.36351988444,98.5143764047
3.38232293777,98.6707995378
4.07559305836,99.0398709133
4.5747150057,99.0974773857
5.43929886303,99.1505571626
6.29737092667,99.1606764432
7.41764519399,99.2942117601
9.87081149777,99.7045874579
11.9326274519,100.145943898
16.4286292029,100.965447311
21.1050845472,101.879906685
27.9206647235,102.920309018
41.0457052903,103.991912609
51.2095267623,104.581965958
62.2795685294,104.702573964
79.8085940236,103.514481769
91.3295549615,102.216041656
107.092101257,99.2240899913
116.132184535,97.2258161331
124.278875904,95.6999703171
134.989933098,93.5234913511
141.439744427,92.4073527903
149.922368195,91.2946300479
154.712371848,90.9469022846
158.928920893,90.4665524605
163.99969279,90.0024437727
166.657276848,89.6410415972
169.844848017,89.4542673131
171.480745583,89.234889287
172.973707848,89.073196653
174.36763543,88.6510063959
174.965938046,88.1165646754
175.56978409,87.4147541924
176.007681954,87.0001810866
176.615508703,86.8228217075
178.526714599,86.3400622573
181.388268706,85.3551700514
186.978073769,84.4415152597
190.965661817,83.935891692
194.333328305,83.5482393466
197.461790462,83.2867808288
198.694065172,83.1215205667
200.550449881,82.6019177632
201.916139782,82.3863929701
203.390514246,82.1513819528
205.39013911,82.0176038628
206.468991816,81.8013442572
207.764450637,81.5204493388
208.547815283,81.3066039485
209.625277755,80.9534185854
212.209131161,80.5239349204
214.208568005,80.2342444569
215.979934401,80.0180731353
218.347866246,79.4947601414
219.978930128,79.0912019561
222.170118456,78.6823972871
223.680903937,78.5303315453
225.156723471,78.453692356
227.561750611,78.3625976906
228.9680564,78.1461807742
230.769124668,77.9119573197
231.928838179,77.8643357517
233.317498953,77.9475831998
236.204639518,77.9930918305
238.730606442,78.6098500437
242.511464898,80.0513829751
245.134406568,81.1336885259
247.531516753,82.3746911538
250.137664886,84.3931638635
251.362624813,85.8483732303
252.084329011,87.464571424
252.552768898,88.4143270311
253.073636291,88.7109521719
253.890380944,89.349079101
254.752217746,89.5053739712
255.39307968,89.9018433183
255.622019755,90.2352778134
255.344200034,90.5962755154
255.14766447,90.2813341016
255.071203222,90.2348532848
255.211038239,90.1500204909
255.55839708,90.2523966663
256.026185422,90.4257283308
256.4066304,90.5378490744
256.526399303,90.4614798196
256.569129321,90.4322369861
256.760625115,90.3613243858
257.132783396,90.3203012561
258.438906577,90.4520620881
260.268615601,90.6927349868
262.56425335,91.1242201539
265.895653324,91.8992087236
267.526663236,92.3489870791
269.431300229,92.4677756621
270.378880111,92.1424766691
271.029955961,91.7435908143
271.768863514,91.1007773492
272.332778635,90.7709754508
272.912554954,90.4276526904
273.205892368,90.0636099135
273.462462392,89.7047159665
273.663281217,89.3558300338
273.807390112,89.0794226783
273.920362186,88.8506530618
273.98080017,88.7337641592
274.015741022,88.7307463966
274.094701339,88.7340723253
274.054644971,88.7835259252
273.63990194,88.7399464896
273.050363526,88.5925432692
272.342529534,88.4161946184
270.392367162,87.8871800874
268.432788925,87.1122691091
264.303547339,85.194734905
260.846296779,84.1306071462
256.807832315,83.2767910227
249.294024556,82.1993892443
243.380590571,81.787290246
233.570601034,81.8527337921
226.856780697,82.2856382049
220.529165744,82.8485308747
212.673680715,82.8950463546
208.564784871,83.2641450527
205.042470915,83.5327201661
201.291619695,84.0121430389
199.153129359,84.3472475304
195.818911833,84.6277207677
193.342448198,84.8304023972
190.814618466,85.0299457305
187.443349797,85.3497163919
185.732638348,85.5640773501
183.4721225,85.8239322169
182.223016514,85.6854919672
181.125586118,85.6351742155
179.489885098,85.6615107227
178.549243233,85.7023688781
177.076844243,85.9448497842
176.153699547,86.0178979354
175.29962289,86.0172311
174.191726925,86.0264509588
173.569428865,86.0037183884
172.840946787,86.0386018658
172.374889346,86.0462062996
171.933026354,86.0401114916
171.300189726,86.1070703387
170.941441092,86.2202107098
170.339844781,86.3085220777
169.971335883,86.3600554434
169.681013137,86.4200072898
169.256708567,86.4243500995
168.91711063,86.423005876
168.094543887,86.3868047267
167.610227356,86.3110236606
167.100604002,86.3454842206
166.169233281,86.3832661139
165.456759436,86.4716040064
164.647182263,86.5537523206
163.158051778,86.927549087
162.198704952,87.0932406119
160.877314317,87.1292714429
159.931898616,87.28721188
158.508352525,87.2822403069
157.612954185,87.2397914891
156.928506021,87.1621359348
156.246595582,87.1033893814
155.926498333,87.0625275591
155.711604121,87.1655320369
155.624476454,87.0702525674
155.579455037,87.0193596932
155.403510857,86.9862597468
155.257287314,87.0589550477
155.139739155,87.1241120871
155.039716822,87.1473318901
154.977675809,87.1536250332
154.931754922,87.0774958615
154.896013329,87.023496513
154.832782537,86.9678858244
154.83124405,86.8327546811
154.764170902,86.8026289248
154.503013442,86.7570643109
154.12635832,86.7207403414
153.513099568,86.7175532494
152.213754639,86.8519955245
150.912459613,87.0889152794
147.770596749,87.6024433933
144.344564268,88.2214514606
140.105591175,88.5707397102
132.270568362,89.384108013
126.915047215,89.8921566582
121.829738733,90.5516301481
114.841068512,91.4779665402
111.042803944,92.0289720586
106.462350167,93.063434814
103.389030336,93.6406758801
100.788089344,94.0412082098
96.6934591173,94.7985677214
94.6730393885,95.0050187497
92.0260681499,95.2026649255
90.297115095,95.6132744922
88.9738785284,95.6420113271
87.4584261655,95.7427128748
86.7132040273,95.6718596247
86.2096474067,95.7988089364
86.4274019035,95.8012113515
86.5753321921,96.08769119
87.1373065284,96.4940421106
87.5282164454,96.7209233207
88.126016662,96.605346788
88.9188310444,96.7765702773
90.0231792783,97.0693237051
92.0942965984,98.1028649658
94.3274900463,98.8987780619
99.5703247748,100.088904942
104.587299083,100.221862995
110.546917087,99.6258948172
119.803305771,97.8124793959
125.693199076,96.2116911496
133.685397388,93.6370958304
138.110115814,91.5724925434
141.675518854,89.734245015
145.614133201,88.2491365387
147.694885102,87.0829149215
149.585181214,86.0488462065
152.572012321,85.3123658535
154.623389701,84.8425252924
157.554932192,84.1492324174
159.187812026,84.0184442522
160.553740922,83.7013599336
162.312734916,83.357589506
163.116827055,83.2895685235
163.872806869,83.2326074062
164.32652544,83.1893592331
164.688909744,83.1806966792
165.13085288,83.1367836543
165.446810371,83.1481488546
166.155262358,83.4510758837
166.407568794,83.7522056248
166.447320573,83.8245505935
166.535051834,84.0584497941
166.652591717,84.1435080824
166.909349151,84.0909370292
166.966616084,84.126337773
167.040525442,84.0973625733
167.092665409,84.0895317256
167.105163074,84.1296595591
167.280408007,84.1599348271
167.358925275,84.1667755529
167.393869187,84.1926826647
167.537807931,84.2566235005
167.765691259,84.4570925438
168.045481488,84.573711267
168.176625326,84.6281049607
168.213279085,84.6928244167
168.393814453,84.6260356558
168.473158254,84.5849927502
168.581464762,84.5990419721
168.660513238,84.5733248163
168.728375237,84.5553476189
168.797844118,84.5529975596
168.842432117,84.5190734027
168.913013413,84.5406832907
168.979986985,84.5591696073
169.068753021,84.5653606544
169.251019992,84.5596913893
169.331018274,84.5731368851
169.421816298,84.6049527889
169.515755223,84.6897303846
169.500977029,84.7535968599
169.484738376,84.8365706918
169.504000209,84.9175042464
169.558386033,84.9923627058
169.658616619,85.1057878493
169.675229799,85.1806446717
169.683962594,85.1917728958
169.67575848,85.1571003328
169.642694484,85.1198562435
169.600782277,85.0857836406
169.566495546,85.0813683795
169.616631668,85.0596383795
169.665596808,85.0717351429
169.696127407,85.0709057427
169.768169384,85.085683848
169.768455723,85.2059469467
169.74898956,85.2637406422
169.721757077,85.378322214
169.730182669,85.4330441519
169.855848749,85.5709929821
169.974997407,85.6347629292
170.149190044,85.7294503757
170.231260551,85.730903886
170.289790805,85.7222729213
170.321592534,85.8806579772
170.382730095,86.1141024336
170.350944425,86.9341737116
170.197014415,87.4741850427
170.032620738,88.004175587
169.745316859,88.3776677475
169.696553945,88.4297191121
169.606292295,88.6639428044
169.907703911,88.6904107972
170.057334998,88.8400638379
170.047627244,88.9291103322
170.009998373,88.9145621879
169.974171303,88.8808025773
169.991527953,88.7665850124
170.015278807,88.7052261358
170.073110135,88.6047800906
170.102536819,88.5533212823
170.104602218,88.5162361137
170.137138671,88.4821635559
170.190422267,88.4752643842
170.243306315,88.5218127488
170.269903749,88.5399248289
170.324637678,88.5190825572
170.613423145,88.4135741427
170.934231143,88.4916363791
171.220170431,88.7937513468
171.278890502,88.8362519026
171.188660569,89.0164177258
171.088913308,89.4951760498
171.161518897,89.6811832387
171.280988594,90.1686923366
171.326542565,90.0406252438
171.327655173,89.972126508
171.454196345,90.1370784127
171.749671361,90.1633020855
172.400595795,90.0911986733
172.675344239,90.204824502
172.960528497,90.216975431
173.660095644,90.2209551292
174.199878613,90.2136997266
174.927648184,90.1200145577
176.385238887,89.9052804903
178.385926833,89.3267270988
185.162568667,88.7683030741
191.479348806,88.6304388918
198.359063317,88.3822480166
208.073769616,87.9134424298
213.033532032,87.8050300291
218.254846156,87.4254525839
220.691369334,86.882035017
222.625700811,86.3521687028
225.056508592,85.5009100059
226.476868444,85.0593224136
228.782922751,84.3534213511
230.499417777,83.7657125866
232.262038098,83.066763388
234.530470987,82.1429088119
235.666897578,81.8126333235
237.305901404,81.469877092
238.370546167,81.261961312
239.437408832,81.2067963058
240.883747039,81.0880473766
241.916298075,80.7640016416
243.139263858,80.1093994693
243.872398582,79.7098489301
244.580148169,79.2573579118
245.689977208,78.4703946121
246.278560032,78.0945996662
246.72504289,77.7608918579
246.726698777,77.5084313814
246.568410268,77.426529191
245.820741297,77.1845946649
245.372786545,77.2022311832
244.816608267,77.1234815136
244.446433182,76.944843521
244.047994912,76.773150902
243.431328429,76.4927924351
242.899968811,76.2959987694
242.135808285,76.1334402638
240.359396689,76.0275587142
238.665780606,76.1811431416
235.456497938,76.9574829381
232.585741651,77.7818475692
229.080375705,78.8253496459
221.984226616,81.1089974726
216.135668108,82.6988029415
206.476956716,84.4405726815
200.432082561,85.1372564596
195.296333189,85.450523151
189.800844362,85.9727788589
186.907858149,86.2565303147
184.0615064,86.5231899455
182.647110948,86.6836319472
181.595958692,86.6577503113
180.65615989,86.4849766768
180.333814817,86.440965071
179.914145421,86.5266826483
179.125650269,86.5679183182
178.793640889,86.4704305988
178.760997605,86.3517997405
178.634990823,86.394014556
178.242548912,86.7282007816
177.99185802,86.859826565
177.782646644,86.8687644324
177.335726473,86.8831740437
177.155735358,86.8046014881
177.119357984,86.7001189738
177.174785593,86.5754445618
177.302684873,86.5527561745
177.436256304,86.718560826
177.494348848,86.8054467088
177.556558954,86.829891361
177.639282443,86.819670184
177.681879243,86.7880697028
177.646299182,86.7789196191
177.597223507,86.8258176007
177.592887972,86.9118098083
177.620175175,87.0669053412
177.649359768,87.1483578295
177.654233021,87.1929780819
177.640075034,87.2119764408
177.625697273,87.247017471
177.57069219,87.3094994529
177.471688491,87.3360582864
177.256694237,87.3210605894
177.08019566,87.3140091831
176.894036061,87.2761729184
176.746388258,87.200465829
176.69943024,87.1446604946
176.694733865,87.0855806828
176.686725192,87.0737243268
176.590554894,87.0719235294
176.268222061,87.0683701463
175.986618327,87.0293158465
175.599705472,86.8830327133
175.319077013,86.8572011792
174.899686648,86.9364274217
173.780887214,87.2250621514
172.759949009,87.4505006906
170.764978774,87.6946827366
169.451902569,87.6687929566
168.346013997,87.5975663706
166.866507023,87.655741705
165.839585318,87.6550331939
164.227283274,87.6732013387
163.06719955,87.7227126624
161.962228579,87.631363421
160.50238583,87.4190250462
159.518426212,87.3650437241
158.270236136,87.4713382015
154.429210156,87.9684465546
149.65109346,88.2468472479
139.051849966,88.5412330376
130.689573423,89.1252626393
122.505232048,89.8620426785
110.781274016,90.8316333937
104.10282828,91.4981952329
96.1655650555,91.9262408138
92.2928099228,92.1478516941
89.2729268658,92.4874132528
85.879090148,92.834923286
84.3334100358,92.9640745779
82.8153630719,93.2738439637
82.1476187442,93.402638053
81.7082176661,93.6097212016
81.1966100167,93.8804578391
80.9995037632,93.943340804
80.9627524179,94.142165251
81.4033271124,94.2028868235
82.138753873,94.3132166746
83.1431441341,94.4718399404
83.9056689657,94.1324060464
84.8214179696,94.5834403536
85.7639729357,94.4469523854
86.0106494493,95.0742264937
86.7443913577,95.5837515762
86.8557328789,96.1704354092
87.3325726643,96.5640537791
87.6866574184,96.474522436
88.2506115989,96.6865353085
88.9834345454,97.0272536278
89.6515559303,97.3306259109
90.2945304658,97.626185181
91.3810147494,98.0824262004
92.182805261,98.4674566051
93.9138208958,99.1394224636
95.7211521597,99.8813776693
98.5593925418,100.416485668
105.031481891,101.297799381
110.949266428,101.565381182
121.574217392,100.74438077
128.514187288,99.4246997395
135.038247569,97.3921006626
143.660953305,95.0494440666
148.485354573,93.9907542745
153.78527017,93.1935214609
155.765674594,92.9693859879
157.250303638,92.5480304763
158.94239013,91.8472020972
160.108988097,91.3164483072
162.335973876,90.8069818066
163.786664006,90.6095558621
165.275858479,90.2847471802
167.315688748,90.0384859399
168.348544923,89.9625640479
169.496936175,89.7725683134
170.172524538,89.5269365606
170.687582439,89.4225151979
171.377530766,89.3153921636
171.926245705,89.077721788
172.731516935,88.5702739491
173.141095282,87.922426482
173.603778668,87.0921522833
173.976806409,85.8234623483
174.412234756,85.4284151821
174.510879104,85.3343319883
174.272160023,84.9202144741
174.132086431,84.751539177
174.115453761,84.6285068887
174.15919165,84.671693034
174.310794014,84.7602284489
174.365745961,84.7610722134
174.335428477,84.7391362364
174.215414536,84.7488423505
174.177048639,84.7554015117
174.170673549,84.7857195658
174.158841621,84.8829084985
174.163076289,84.9056594503
174.08471864,84.9087800427
174.008873881,84.8436044825
173.968273127,84.7825966174
173.901380647,84.7042361789
173.94918801,84.6418139005
174.105345383,84.6141298712
174.186746978,84.5924146073
174.257321392,84.5422718997
174.330574921,84.4824021595
174.43497602,84.4337126535
174.610500726,84.4836742602
174.661803833,84.5647215971
174.671007641,84.7536362674
174.587766992,85.136529989
174.630983668,85.3120214297
175.216580392,85.4538212931
176.371914402,85.5742979689
177.828930618,85.7070879161
180.758525597,85.9088256064
183.07029603,86.1649977059
185.752637651,86.9938780756
186.851094939,87.5803930117
187.064307462,88.2289448417
186.373117102,87.9192184113
185.24903267,88.0900063691
184.226517598,88.1818075052
183.54828683,87.8525358045
183.466500375,87.6880559832
184.173645008,87.5891764212
184.771834513,87.4904165074
185.879446075,87.3785085762
189.12674112,87.3000783829
192.453922267,87.2287328144
199.695963268,87.4596049902
206.343332796,87.6620962256
213.824298017,87.9382315335
224.725391263,88.959996039
231.583393739,90.2726980805
241.700943708,92.3942348904
247.196145402,93.2554260311
251.486404858,93.1643254892
256.163576023,92.3700349963
259.286917303,91.8831715305
264.432917695,91.5435247097
267.862919898,91.3882004744
270.969843009,91.4202225302
275.257062657,91.6404004661
277.991236252,91.8041110826
281.410678406,92.6632339165
283.62166285,93.1593466199
285.847613985,93.6986684876
289.192704014,94.3791528265
291.384575755,95.01409651
294.136750221,95.9566888313
295.649431564,96.3661258262
296.931390273,96.6651703144
298.748661268,96.9855071157
299.461286571,97.0061132296
299.873641947,96.8300276768
300.345742533,96.4272148625
300.640411168,96.3312587886
300.899436163,96.1168957549
301.019973043,96.0482621433
301.161172365,95.8090075542
301.097132421,95.7560029298
301.151882351,95.5297196195
301.214142152,95.4809769893
301.292009359,95.323980739
301.111910851,95.1138692488
300.293756755,94.4998323556
299.844878822,94.1748915241
299.330470907,93.9040346985
299.063625383,93.7354278233
298.608118953,93.4535014251
297.453037409,92.5673331487
296.286855517,91.9646484147
294.498816818,91.1018968749
293.083024163,90.3751322892
291.53186922,89.6657157672
288.171924991,88.3155142888
284.836778819,86.8648738497
277.278443627,83.7666235939
270.476027792,81.5130150425
262.833742621,79.8266331767
250.445111981,78.647727081
242.343540107,78.7686283146
231.237114632,79.4739228954
224.435273453,80.0662596576
218.704860961,80.51769036
211.974892871,80.4021264433
208.582356671,80.3358702
204.335675019,80.2804383712
202.083465174,80.2096461268
200.255893997,80.3635488693
197.528105008,80.7141006249
195.981808024,80.7579120522
194.690588095,80.7568039744
193.159972968,80.7012875113
192.210310773,80.6870504099
190.790907595,80.8274252248
189.660254071,81.1991061713
188.522129835,81.3755624812
186.797149906,81.6905058155
185.576295768,82.0024933384
183.913311691,82.0618142978
182.862688028,82.1908191922
181.967861759,82.3734231847
180.300203347,82.8252335239
178.740271096,83.259155024
175.693537671,83.9959249415
172.90242952,84.9367870487
169.334479834,85.5804040673
162.199018193,86.4233910364
157.114904757,86.8747788081
150.150727741,87.349412334
146.214811055,87.3218336907
143.357816216,86.904965696
140.028801404,86.4229948218
138.136840499,86.2554833584
135.952129001,86.3583361178
132.373774381,86.9552562506
130.197670343,87.6978799608
127.2231362,88.7863907258
125.365143719,89.3939515338
122.884453973,89.9406736108
121.300349088,90.0377033644
119.772414459,90.2670380782
116.803776996,91.1687087273
114.476733582,91.7008242875
111.974348133,92.1990951695
108.119532303,92.4449185894
105.879342551,92.3034092104
103.183669166,92.0996302245
102.077087745,92.2256858688
101.343221265,92.2807583789
100.555465766,92.2096501312
100.206005226,92.0919772215
99.4336204975,92.0862807208
99.0731366677,92.0197334228
98.6119651368,91.9620075854
97.9552359199,91.886103114
97.5123969443,91.8440584997
96.8179233963,92.034861661
96.1921669634,92.0974090516
95.2973221436,92.2099559713
93.3918492323,92.1158461524
91.7142832586,92.1620625894
88.3761875232,92.0314388943
85.4135531423,91.9898459048
82.1608447736,92.0417627515
77.244323422,91.9521155494
74.0614266708,91.7528179237
69.7945888965,91.7370442522
67.2890416234,91.7452492988
64.9391027272,91.7015142998
61.6371146596,91.5754345071
59.8155639996,91.3756986588
57.4237644184,91.2488999623
55.8743569281,91.2009473196
54.5106223191,91.311357529
52.1258694238,91.5303967081
50.2947836207,91.5924976886
48.3667720417,91.6645034499
45.9036450277,91.6241542238
44.5278107997,91.6960814891
42.6560645133,91.7270954889
41.3140305496,91.8449774661
40.0786624564,91.7438367753
38.4880043002,91.8595192136
37.4826952658,91.9700237718
35.9675116613,92.204066911
35.1475748618,92.3633939817
34.4262411235,92.5034581968
33.4271978564,92.5491520845
32.9101791249,92.6038346019
32.2132867508,92.6358380245
31.9076828738,92.6943752467
31.8172681456,92.7282177446
31.5045105891,92.8473115026
31.226719332,92.9107638776
30.9772961561,92.9711310505
30.7785083677,93.0763252389
30.5529517081,93.2033491368
30.4792873953,93.2719482385
30.4727085891,93.3620118109
30.6063553813,93.4303332406
30.7323009144,93.4379625982
31.001062446,93.4521579855
31.8128482643,93.5868635628
32.4582170007,93.7750042122
33.8156664231,94.2064408056
35.122346575,94.5845974418
37.2642146785,95.3340477642
42.53801056,96.7558485089
46.6213837194,97.3975517334
51.9372243973,97.3982241365
55.1615967577,97.5364556558
57.7628518704,97.5403407692
60.8895736988,97.7366119461
62.6571881386,97.7234903759
64.353231054,97.4842549899
66.7870561785,97.2036960813
68.3146831188,96.8627081348
70.3924954811,96.636987943
71.3883576979,96.3695944846
72.3459833402,96.1492265416
73.7671898605,95.7448468096
74.8281218542,95.4058389582
76.3635329642,94.83135189
77.4002919092,94.4487464481
78.6369703981,94.0896535562
80.7825651205,93.658897854
82.7695354094,93.4440979712
85.9981130027,92.9881630095
88.4229078506,92.5570191315
91.0578331604,92.1014142594
96.0610652084,91.0499800809
99.7422683176,90.1554762419
106.840768233,88.8202788443
112.73001401,87.4978800171
119.37454188,86.1604319846
128.761905,85.0738016623
134.770641776,84.6754804921
142.715775677,83.9568390618
147.557786999,83.7868899613
152.070382981,84.0603323795
158.419461869,84.1343422798
162.035095078,84.4446553889
166.447204327,85.3069754818
168.838483506,85.8801849474
170.824523265,86.2124213372
173.179277083,86.247878542
174.595163497,86.2719675855
175.989802708,86.1971098117
177.672771856,86.1081112572
178.467179881,86.2031244782
179.410102453,86.1805913622
179.925868176,86.082128293
180.523036834,85.9510845227
181.927111151,85.73093482
183.009096465,85.6539462291
184.298266158,85.6908954314
184.677260715,85.7465660071
184.688704077,85.6386326401
184.625628201,85.3060897541
184.65509945,84.9874663094
185.237718778,84.4455831571
186.266236995,84.0054895903
187.796287604,83.7024713199
189.967316262,83.2533536396
191.441532751,82.8755771975
193.86374847,82.5452394202
196.010702938,82.1139987863
198.738183059,81.8092719521
204.658215012,81.5493957036
209.556356351,81.6721500322
217.764591699,82.2827265065
222.95138642,82.8136260005
227.59598435,83.1694290021
233.296923885,83.9094007179
236.153109062,84.1253488357
239.388113879,84.5214458689
240.795954755,84.3720221396
241.548843094,84.2054478295
242.579244961,83.467992951
243.217948933,83.0724439992
243.82534723,82.6571583598
244.381223568,82.2012726671
244.562966076,81.8660683261
244.584244998,81.252771047
244.615539759,80.8459642866
244.719736769,80.4943122886
244.918318631,80.0055497514
245.200227664,79.6621289783
245.469817088,79.1861171348
245.640424431,78.9184084486
245.663913418,78.8964203755
245.716770199,78.7179921055
245.869107957,78.4030403434
245.942418145,78.196251782
246.151850843,77.9233039265
246.460422675,77.7151388903
247.317718899,77.3436516253
248.006458799,77.0230822786
249.02642029,76.6030006909
249.836121828,76.6330304586
250.812353421,76.6557711966
252.524748177,76.5294762616
253.478524599,76.884829349
254.380169304,77.5084431794
254.946383121,77.480321444
255.428611067,77.5312453727
256.156898186,77.7802259584
256.583430774,77.9700843926
257.002781835,78.1950740661
257.670298468,78.6062384184
258.320676893,78.6533093127
260.311434646,78.6728534266
262.205247477,78.6908862862
265.362279262,78.6881513171
267.607530599,78.5876422702
269.851048534,78.5436730581
273.062996862,78.5102225071
275.041488599,78.5788609471
276.793919087,78.8577044663
278.931090206,79.1441081416
280.130195694,79.2242236454
281.592089487,79.2654052534
282.598480596,79.3423780391
283.690312684,79.6039880449
285.609959354,80.184946015
287.072567167,80.6879262237
289.651179171,81.3736914211
291.523829397,81.7302168647
293.332920103,81.9709721553
295.897649673,82.4710441002
297.751062896,82.8999629227
300.951190852,83.424935221
302.83619169,83.6616887852
304.522325304,83.8660219442
306.664311806,84.1756335377
307.764271127,84.3669444329
308.987161722,84.4836083801
309.651050169,84.4843798235
310.153812208,84.4280790802
310.667709325,84.3129521818
310.729609688,84.3521664188
310.914943304,84.4061517564
310.994152996,84.4558763323
311.096335294,84.5020636286
311.069893177,84.5212739157
310.983342677,84.4423316181
310.511141579,84.2113406496
309.962931709,84.0727926529
309.279803721,84.0094010793
307.216535353,83.2388089102
304.325050932,82.0909699689
299.876433249,80.0775411396
290.625838644,76.9760757274
283.630090897,75.6994193861
273.846893567,74.8780159717
268.310756841,74.8175016823
263.803807823,74.8271432671
258.878797121,75.2404290716
256.715032951,75.6596329337
253.907879682,76.1670925619
252.207797863,76.6303971957
250.263683166,77.0208696691
247.374565597,77.3945536446
245.586660561,77.6391990816
243.263793527,77.8993040375
242.004520656,78.023036181
240.840469972,78.224139302
239.213110439,78.4917200766
238.097450843,78.5816004205
236.247783882,78.6145084178
235.021473401,78.6772374047
233.870353833,78.7695183735
232.304896998,79.0573791612
231.277740826,79.3618175723
229.719368389,79.7826644535
228.766652064,79.9690209662
227.823798869,80.200105517
226.372166482,80.68383792
225.299767846,80.9555343034
223.391143571,81.3601597012
221.91116578,81.5992851195
220.349322817,81.7448924183
217.779151577,81.9058636555
215.793713753,82.0174713289
211.832284042,82.2397095607
207.879771584,82.0181109261
203.281333639,82.1131713592
195.877069679,82.5725406517
191.145685591,83.1858894342
187.291406676,83.8960768376
182.668354686,84.7305206308
180.211318835,85.5445329711
176.76728299,86.5671680231
174.713233993,87.0213926385
172.845712649,87.3972981485
170.218771866,87.8443111216
168.664988806,88.0434121423
166.835792021,88.4255668169
165.935121438,88.6543829242
165.061746045,88.8611271935
163.817577982,89.1727614032
162.990729341,89.2790119629
162.043628025,89.2817008792
161.325142978,89.4475448013
160.719980508,89.6707272541
160.087533852,89.7189914443
159.778468842,89.6606010186
159.302196959,89.6887454792
159.033652279,89.7332986493
158.809902394,89.708050785
158.396300842,89.8408290888
158.196050905,89.9287653537
157.927263658,90.0078243506
157.744306992,90.0060319496
157.585669768,90.0136980597
157.355292533,90.1254021741
157.101297898,90.2865849278
156.491446991,90.6265541952
156.116341369,90.7939498043
155.738402797,90.9136131567
155.187016532,91.0108681022
154.818657706,91.1037741774
154.400200728,91.2961098975
153.463053008,91.7271243121
152.319224054,91.8657360378
149.999917856,92.2208951589
148.443654569,92.4183933895
146.835020176,92.6134704859
144.990558221,92.6716711152
144.004192597,92.7800080978
142.667715538,92.8866385939
141.732914866,93.3272896825
140.708824585,93.7200879339
139.051009606,93.822122994
137.939584747,94.0319959676
136.476773138,94.2392281032
135.687094782,94.4600248459
134.858128159,94.7818646694
133.652658993,94.9939050554
132.872847022,95.1913383141
131.585460999,95.2850623526
130.583305013,95.4441109324
129.205216226,95.4786501736
127.349273252,95.329884048
126.310314208,95.1971342638
125.221261191,95.2301953553
124.593397008,95.1601222663
124.195929095,95.0948163779
123.763830692,95.132306705
123.545901232,95.1942332963
123.223165367,95.1801902974
122.970728608,95.191826828
122.704407009,95.1461856791
122.448387121,95.117873341
122.305599118,95.2533379311
122.227316261,95.4621466366
122.312389975,95.4675146226
122.716614868,95.311338354
123.665795391,94.9248349955
124.539544566,94.6296610373
125.685311328,94.1824213375
127.478209537,93.7341778315
128.585300775,93.3306426193
129.688441367,93.0243533206
130.227342051,92.7869467844
130.668212382,92.6082895249
131.171017989,92.4757255428
131.429517075,92.3117733141
131.822623826,92.1815981057
132.362456916,92.0382241651
133.094297534,91.9289711311
134.5381825,91.8673593081
135.302042772,91.7902975277
136.413879317,91.6953790148
137.101109748,91.6347902655
137.821838312,91.4863722175
139.029120701,91.1770066238
139.926999904,91.0454056771
141.955127067,90.6213806766
143.346900694,90.2448497716
145.051352376,89.7898933204
147.761047662,89.1857847328
149.680260781,88.5913765398
152.653526703,87.6385202942
154.707395604,87.1133017095
156.627689958,86.7389480149
159.526413976,86.1571534063
161.475574234,85.9275034365
163.784746796,86.1458781678
164.851157668,86.4700500305
165.64797815,86.6937448334
166.460589799,87.0610727023
166.869951657,87.3115541178
167.23663681,87.6421065284
167.461733653,87.9406983207
167.472106389,87.8530634201
167.456511303,87.6789021389
167.465404518,87.594238002
167.458882717,87.5783547256
167.354892118,87.6487191334
167.306598681,87.6421343881
167.193403772,87.6228304507
167.040622874,87.6303915942
166.803821627,87.717552945
166.354464459,87.9676451919
166.096601512,88.0352133701
165.885419591,88.0514470485
165.75015256,88.0113893961
165.609263859,87.9604668696
165.31839252,87.9168259221
165.204541064,87.9212337519
165.051395016,87.9252514983
164.998982262,87.8650216489
164.888319422,87.8903811077
164.552294341,87.9349359144
164.268496515,87.9917170042
163.830869417,88.0254760705
163.551657717,88.0619932968
163.321597487,88.1075554798
163.153071291,88.0784800172
163.042229479,88.0459702841
162.899395288,88.0375418635
162.708275028,88.0243538297
162.569163818,88.0662243352
162.392658743,87.9986904318
162.407262799,87.9338425398
162.433153824,87.9130767866
162.816656879,87.8152304711
163.687969775,87.8293010257
165.567931388,87.7446293599
167.362456318,87.5513915594
169.283942651,87.4555460808
172.836284109,87.3453227399
175.44880083,87.3443908412
179.438011428,87.3363404537
181.998795766,87.0357467313
184.413740202,86.8714634104
187.926138452,86.4674837462
190.244654457,86.3118032819
193.532222607,85.9815464436
195.746120975,85.8368592835
197.85611053,85.8009131101
200.830559337,85.7451382604
202.563532249,85.7459195765
205.063909739,85.6830879802
206.935690811,85.5929635699
208.956726681,85.5858800646
212.491300039,85.5694027682
215.067846717,85.6736157979
218.996355592,85.7999896376
221.853738463,85.8648921186
224.966657461,85.8374753522
230.791163429,85.5724995183
235.993868541,85.3516530921
245.33455049,85.2631800978
251.496064756,85.6201844911
257.009875992,86.2588411453
262.879718575,87.2744790128
265.936671033,87.7163232204
270.415785774,88.4867097349
273.590894412,89.3253390276
276.594429808,90.1569788752
280.913990711,91.699228615
283.469097974,92.549110996
285.690770257,93.4521220118
288.462740247,94.4911968337
290.287783633,95.0486228961
293.558974714,95.9619555025
295.780753746,96.7378125681
297.756873026,97.3087034773
300.359146089,97.6928370174
301.936410711,97.751754829
304.619956559,97.8559046634
306.430603914,97.9060315611
308.162460679,98.153641582
310.415283725,98.2890784653
311.654031104,98.2701927915
313.639075077,98.2894761967
315.071449438,98.3780900157
316.497175092,98.5116240852
318.289830299,98.8450705812
319.180510861,99.0675023948
320.437783005,99.3818695573
321.237260771,99.802883596
322.168462634,100.16204062
323.988168801,100.529504728
325.184402639,100.928214302
327.082732456,101.275617504
328.144523562,101.491458086
329.079886951,101.679009207
330.578851037,102.021745339
331.588960581,102.106816227
333.10100578,102.222298901
334.066831444,102.127416103
334.79005407,102.126205319
335.641392675,101.963590285
336.214987355,101.921019031
337.035422495,101.927575623
337.625204743,102.035660485
338.188020248,101.950581624
339.010631554,101.721873771
339.434171705,101.852896509
339.757903286,101.965463925
340.273267295,101.96551734
340.762496469,101.872254035
341.71715782,101.758789376
342.313543724,101.754432151
342.898162423,101.655549282
343.828422107,101.547445811
344.477099817,101.394985924
345.466357486,101.245807788
345.973999933,101.104050476
346.246905111,101.000373938
346.399132911,100.875259482
346.479898859,100.74920373
346.557938227,100.572316548
346.52744912,100.548428517
346.48052408,100.515940347
346.369045485,100.340051164
346.178126118,100.024382527
345.797137121,99.7109690395
345.653722772,99.5491844059
345.684797311,99.4558765822
345.661329127,99.3487628439
345.532516959,99.5272556401
345.227447219,99.8233767716
345.175663343,100.07202452
345.210218717,100.34154111
345.611526624,100.415801194
345.71207565,100.461800077
345.718490066,100.394319846
345.653812174,100.126476079
345.444818769,100.065276679
344.858508247,100.01233424
344.328772675,99.8840837165
343.800018968,99.7860561932
343.469535394,99.8153421413
343.332348197,99.8992521628
343.185526344,99.9092057841
342.79206261,99.6196356845
342.214700333,99.2900522383
340.663178509,98.3218206333
339.080239294,97.3518975039
335.72520143,95.3029575717
332.45143109,93.4292347292
328.022340968,90.7647918214
319.315465465,85.6763166036
312.631163146,82.6902626277
302.069180976,78.7212328158
294.860418646,77.1358738226
287.625095524,76.6835949352
276.565358931,76.203519685
269.284627195,76.396506843
258.333425623,77.2373226524
251.425752459,77.7492999807
244.792728131,78.6392969193
236.132645834,79.9970152387
230.595759368,80.9585625712
223.306875905,82.3036263356
218.79610835,82.9435072708
214.54130291,83.2894033576
208.715333947,83.8849285442
205.110394678,84.1965334085
200.624420351,84.4896954424
198.252458559,84.742858662
195.98067516,85.0567955868
192.966634088,85.4910113274
191.181305271,85.9479540763
188.802947097,86.5834395864
187.695765996,86.9135034881
186.601732727,87.355080148
185.508362932,87.4445141339
185.718827401,87.1274635861
187.140265459,86.552013362
189.632098736,86.1663902248
190.157040105,86.1070621136
189.868990489,85.6176057868
189.570899929,85.2781582
189.760502524,84.9136347065
190.304935586,84.944930439
190.354415063,84.737679149
191.499128472,84.1384713744
192.497917004,84.2322891108
193.51974628,84.232413633
195.217590004,84.1790644971
196.353922727,84.3348424261
197.109610751,84.7937746998
197.419343241,84.8592104267
197.237795175,85.0293334665
196.212860361,85.4293329421
194.98761704,85.4979186123
192.065456481,85.606003965
189.415458009,85.6974337496
186.388291144,85.9983215497
182.038243356,86.2076337635
180.109330461,86.1144480345
178.46169075,86.1646484864
178.050742358,86.2317299146
177.790617483,86.4544636046
176.940118523,86.8992088451
176.065677885,87.1250129394
174.612555204,87.314443487
173.728265415,87.2929798207
173.005679369,87.2952555464
172.083700985,87.5083800065
171.530934701,87.6358478852
171.020820579,87.8372339078
170.354102474,88.00795051
170.019857472,87.9458058699
169.661043081,87.8943898018
169.431944876,87.870915934
169.270386462,87.7962494754
169.037742398,87.6078910395
168.882139129,87.4127210675
168.5420383,87.025775123
168.284528064,86.8915487621
168.161475215,86.8052819844
168.137201155,86.5534536636
168.173705325,86.3713442636
168.259710225,86.1608637617
168.317672842,86.0376847108
168.291906516,85.9018083666
168.232421519,85.722650683
168.193266109,85.6969412745
168.424500543,85.8265083142
168.727922397,85.9102404081
169.161136956,85.8797282899
169.840966706,85.6148491807
170.367733208,85.4774739269
171.227105445,85.7176883882
171.791637565,85.9781653294
172.306276769,86.2187005165
172.86283706,86.4047784308
173.204527315,86.4122171344
173.5486549,86.4593843229
174.117894634,86.4688005434
174.796642346,86.508936457
176.980733438,86.0526124704
179.49219867,85.8381264944
182.741154476,85.8716216749
188.349836993,85.9928850727
192.37691166,86.194217128
198.496191271,86.7891869935
202.48883942,87.3199122875
206.253364935,87.9331835705
212.309551728,88.9753020096
216.698945302,89.6304715718
223.70137856,90.9907800376
227.842246766,91.7328626288
231.300494437,92.3069637197
235.554932869,93.2567271423
237.731224245,93.8775741908
240.139066533,94.6446731443
