183.553098812,82.6863473658
185.267238165,80.9112306527
185.214857034,80.5353200567
184.708772834,80.5715585969
183.937683425,80.7432836775
183.041584917,80.9628675265
182.635570313,81.0904145675
182.549375773,81.0280086272
182.663323548,81.0385319889
182.714646686,81.0552848542
182.698085182,81.0393829563
182.501122516,81.1476323409
182.319666193,81.3004692548
182.770538879,81.6989341516
184.152939155,82.0026379554
188.852229583,82.4073010921
193.178510706,82.5923971093
197.983332626,82.4658422493
205.277453377,82.378774614
210.006072601,82.5401474761
216.557381041,82.5702002008
220.479337405,82.6067816785
223.952267827,82.6036762564
228.130816125,82.6772296192
230.422973707,82.5333856446
233.176922842,82.1376870167
234.806331192,81.9815199036
236.181225418,81.8433983453
237.822712643,81.6499504211
238.655558075,81.5477590559
239.524184703,81.2763047152
240.116545851,81.170175751
240.749450396,80.9538241574
241.890887237,80.8138041522
242.714513533,80.6752590857
243.927994105,80.381635582
244.589726173,80.2016918034
245.241801164,80.0687463115
246.111206887,79.943114801
246.60772882,79.8975594203
247.191452728,79.864414776
247.357770264,79.8440124849
247.392561679,79.7847819326
247.458869222,79.7659536073
247.408422309,79.8095340049
247.03410902,79.9945444224
246.627440444,80.2644424353
246.280210215,80.5044870851
245.619656701,80.8405723021
245.084524605,81.0346602854
244.455787725,81.1250043836
243.378677154,81.5000269865
242.496902957,81.6919358695
241.010917089,81.9260818517
239.997830954,82.1200904048
238.916175016,82.3122303313
236.960315181,82.5703295711
235.252360976,82.6200828023
231.976296853,82.6184146613
229.161073532,82.4946101248
225.773861311,82.2240789586
219.660370363,81.7120056331
215.156147044,81.2492858861
207.752794454,80.6797713509
202.611309882,80.2720380601
197.413807852,79.8892949324
189.194469002,79.6475233548
183.666731263,79.4122210196
175.760045585,79.047047926
170.980094361,78.8413489939
166.903423968,78.5058953656
161.883642394,78.5011709535
159.278431802,78.6211272035
156.489025513,78.6263667983
155.134760619,78.6922799271
154.050051004,78.7387721796
152.43625589,78.8468370097
151.233010188,78.9925876712
149.150845502,79.1868372685
147.476663492,79.3598426333
145.696697995,79.5695970812
142.785020925,79.9679444111
140.724887885,80.2527706518
137.463347352,80.5914414055
135.136827979,80.8486392792
132.845850758,81.1240498552
129.246092618,81.5348580316
126.821504475,81.8577068291
124.402147832,82.2673272605
120.878575627,82.9622221994
118.717371273,83.5382049804
115.989857111,84.5433075247
114.543627531,85.216679748
113.371249322,85.7492935842
112.066591631,86.1107205604
111.301115786,86.1810426638
110.111432703,86.0848431348
109.339092027,85.956706158
108.59309437,85.7930594569
107.529090085,85.4914285246
106.818620559,85.3384757156
105.742933851,85.4025159142
105.116074958,85.3811175417
104.64154564,85.3184360118
104.066281975,85.1499966251
103.8769929,85.0676105593
103.787011583,84.8677220168
103.838450343,84.7359997052
104.019549643,84.4964283025
104.509587124,84.2452495321
104.826730663,84.1820143677
105.198397855,84.0937245722
105.803507861,84.0268271281
106.314223753,83.989049209
107.150965969,83.9502590442
107.776299348,84.0170015984
109.131409718,84.1663574341
110.405110017,84.3982338966
112.051939172,84.7044118769
115.2140239,85.4252157824
117.728923001,86.2074358456
120.305560233,87.3704697938
124.217175848,89.4338083591
126.621125931,90.9776996797
130.050836084,93.1464142641
132.302767731,94.3997114713
134.632613982,95.6184435115
138.159975781,96.8206033142
140.567835494,97.2646791337
144.190020332,97.6766251493
146.566935537,97.8309902379
148.910439311,97.8404093858
152.420628693,97.5076505512
154.860700595,97.3961484938
158.441835422,97.1449234578
160.640393709,97.0460366097
162.776803041,97.0220838513
165.597007888,97.0363677824
167.290526501,97.0255068018
169.683967245,96.778022049
171.257234109,96.5716368478
172.920521437,96.3279909584
175.56705468,95.89966751
177.591935889,95.4730449364
179.814302461,94.9477456041
183.362341781,93.9957283153
185.816639844,93.3731089148
189.462501834,92.1030835759
191.786362129,91.1483497568
195.051765135,89.3907297066
196.769760369,88.2103537292
198.116824981,86.720284688
199.933162974,83.7592904349
201.232699556,82.0111467813
203.454678043,79.7550931961
205.132095023,78.1382541948
206.969910601,76.2800838823
209.985294471,73.3047146354
212.111162167,71.3324559936
214.303794545,69.7734238989
217.549861349,67.5400774803
219.612411535,66.0897882539
222.072784699,64.6534929813
223.177852611,64.2480935426
223.817429255,63.9869108791
224.234680148,64.076892238
224.253329498,64.3340230876
224.286669053,65.0282631375
224.335632408,65.7053778938
224.566316417,66.4550769966
225.077801688,67.676772821
225.564313537,68.6479904394
226.764065889,70.1358880592
227.976116549,71.1965490105
229.446493172,72.2462082937
231.996770729,74.0060935204
233.913095874,75.1085157435
237.051853474,76.5685898046
239.312481934,77.4103149174
241.511568696,78.0924055259
244.672030103,79.0012230683
246.773913424,79.3698427587
249.737794013,80.1609309958
251.582691475,80.9265956966
253.324565952,81.8042534989
256.047461978,83.0568464632
257.823901147,83.8444417248
260.394682851,85.0259857183
262.023251908,86.007823508
263.803211697,87.572502427
266.848898614,90.7322540173
268.863886883,92.409151366
270.567757382,93.6931998658
272.407183723,95.1039908522
273.251471485,95.7642508456
274.396725857,96.5769591835
275.137282164,96.8250214955
275.806803951,96.8472796432
276.810850878,96.2713978933
277.536751138,95.4469053375
279.032124156,93.7351846017
280.354143855,92.5107447045
281.859247631,91.0527131119
284.222417286,88.4638842153
285.770353963,86.6710554519
287.99018877,84.3186015403
289.3111582,83.0720975368
290.539390837,82.0773270859
292.198265124,80.6453938932
293.183976624,79.8923423417
294.387060719,78.9617662546
294.934571757,78.4951127717
295.30773283,78.1384840367
295.609639974,77.7723573945
295.665026779,77.6470414366
295.698183981,77.4911933369
295.693390207,77.4087020245
295.626747472,77.3043841113
295.453080007,77.0996472858
295.30671585,76.9554012108
294.973465478,76.7690212702
294.599136137,76.6373205924
294.26185241,76.5843670328
293.788538734,76.5449703801
293.496395953,76.5571221003
293.26143701,76.5636324191
292.888930065,76.5958159777
292.78542114,76.6344438699
292.555965869,76.6704733436
292.405586047,76.5920795078
292.282072238,76.5313799618
292.09594976,76.418982441
292.017088801,76.3169197556
291.899414274,76.1748401506
291.829997158,76.0588890773
291.792801033,75.9865914656
291.694507394,75.8376901743
291.641798123,75.7413913738
291.632726378,75.5656073334
291.704107731,75.4110610552
291.814802348,75.2161565273
292.04823191,74.9142733881
292.151368783,74.7559932445
292.279540578,74.6624497113
292.363310503,74.6164008064
292.410478005,74.5860645511
292.459999468,74.5898725383
292.45795464,74.6170451662
292.457829909,74.641648269
292.531691904,74.5281037352
293.121362663,73.9839230531
295.650634303,71.6832310674
298.191271797,69.1643234183
301.313086452,66.03856181
302.829062933,64.4620012643
304.158887235,63.2640656099
305.725454657,61.7447005016
306.353797033,60.8766373972
306.910205694,59.441497339
307.223629508,58.6080655358
307.642549414,58.029946486
308.424350936,57.4423417867
308.843036078,57.2994564667
309.060140392,57.1814589268
309.146254836,56.9697725224
308.862998372,56.7839134491
307.886849519,56.5210836354
306.745626313,56.2951950912
305.298369591,56.0084558782
302.900639894,55.5937799158
301.119747737,55.4266309743
298.731326965,55.2543569046
297.203365951,55.3007487053
295.871749126,55.2588132955
293.97003947,54.8511293964
292.60345041,54.4749766982
290.232479529,53.5411438516
288.158196475,52.5733092702
285.604509481,51.2016330016
281.013881482,49.2037792519
277.823855756,48.0643650625
272.725471615,46.7706723746
269.30304614,46.1887753056
265.95664086,45.7431672772
260.870829506,45.0356673321
257.811001282,44.641344915
253.557734939,44.7450280462
251.379654134,45.1323097301
249.673136206,45.669606666
247.769573429,46.602235544
246.805844672,47.2320595437
245.47793547,47.8196178753
244.800542932,48.1730898939
244.135001701,48.5158475628
243.525893313,49.0649192225
243.359304393,49.4071572391
243.495558664,49.5848386193
243.589590963,49.9518559896
243.518509595,50.1889803934
243.379277434,50.5491116474
243.31103559,50.6736147361
243.158791134,50.7285245115
242.663480854,50.6281372471
242.237560785,50.6391462797
241.12821242,51.0785452099
240.048541041,51.3264769596
238.807832867,51.4617810462
236.764874273,51.5271330867
235.391214227,51.5560876707
233.22607449,51.6694390537
231.615982111,51.7262854921
229.798438617,51.8377839789
225.883616833,52.3200903354
222.295440511,53.1200575717
215.86691061,54.8938988769
210.909668567,55.9808543631
205.526569931,57.1263393419
197.03532813,59.3114564074
191.135371452,61.0459739369
182.799063593,64.0912282731
177.467848859,67.2746507618
172.884009112,70.9572306605
167.039078275,76.1077845587
163.900995533,78.6587673693
159.798038067,81.4084218353
157.675595126,82.6319791589
156.075656488,83.8455724757
154.54089446,85.5403257911
154.041089453,86.5212455829
153.701917076,88.1422707734
153.746170007,89.53758488
154.110319737,91.0410146865
155.197646884,93.0075611951
156.062091142,94.0812599881
157.031598845,95.0274930024
158.494972973,96.1964893473
159.292119375,96.7070048222
160.496670217,96.9663294685
161.210743884,96.8407693151
161.972671412,96.578685414
163.100933505,95.9094842663
163.932807488,95.4553607274
165.176859048,94.8628843393
166.124853354,94.6865157663
167.287875682,94.7795046091
169.659435205,95.5667201035
171.736559955,96.1665110492
175.288064153,97.1914035034
177.694338406,97.7971270477
180.085469937,98.192365154
183.415540388,98.7204726111
185.514527969,98.8832047964
188.462998576,98.9587730992
190.264987066,98.9714031442
191.920113425,99.0183290724
194.304126684,99.2707088761
195.991848657,99.404151123
198.613744679,99.6946399096
200.390480636,99.8109978391
202.196864938,99.9414921897
204.968072062,100.137881638
206.781400864,100.276414105
208.627034436,100.395422184
211.366608957,100.470924549
213.255378675,100.537368428
216.208072668,100.554481104
218.299380196,100.369491563
220.529182112,100.06602176
224.009641311,99.5329256797
226.499859125,99.0932586638
230.774778495,98.5393512657
233.930742281,98.1511134655
237.649016484,97.8912856591
244.230061933,97.5165151261
249.271582197,97.2380605492
257.470326512,96.6173497428
263.198940264,96.0639501807
269.238648785,95.3282702642
278.356257918,94.1577865867
283.928811542,93.2215787832
291.432837656,91.5991404849
295.672159014,90.6396173658
299.100092795,89.7305314781
302.511116094,88.3724437531
303.972208758,87.519053968
305.520229306,86.4421995437
306.443504734,86.0674505903
307.158543444,85.8183327669
308.17228025,85.5834213378
308.808241771,85.4067931648
309.811243981,84.9126356724
310.488101885,84.55534306
311.208987483,84.0899771224
312.50544045,83.0727040841
313.376601003,82.4854004257
314.784889344,81.3558899491
315.66350268,80.4766508363
316.41544549,79.5816419008
317.620092111,78.5707511236
318.817610566,78.0867963396
320.881812187,77.5544359076
322.238205419,77.3625410638
323.50892977,77.0827643229
324.946433653,76.7497432619
325.449822282,76.5856689243
325.947853089,76.123755225
326.202187054,75.8647660172
326.470011422,75.489897229
326.832976885,75.1682440048
327.028258941,74.9103891831
327.221453647,74.7203020197
327.741531128,74.5018048638
328.226300209,74.3600467153
328.982198358,74.1769661809
329.555334308,74.0560777245
330.149481963,73.9550142306
331.240250637,73.7786027296
331.985597246,73.6964477375
333.028969695,73.5925518397
333.549122232,73.5594500374
333.882495546,73.4829814344
334.306361472,73.3086881659
334.504154298,73.2483964374
334.763254719,73.3059786608
334.792840187,73.5166543374
334.54744337,73.7675895002
334.162156671,74.1640849896
334.035270328,74.2695149112
333.960736103,74.4691172352
333.786232759,74.7555296518
333.524191765,75.1342073948
333.139020548,75.4687874722
332.943353606,75.6429013871
332.85753363,75.6766825536
332.729948958,75.7056064612
332.402089243,75.6815349125
331.781678468,75.6170495327
331.41485423,75.5499068139
331.163614479,75.4566581394
331.479854345,75.3066025692
332.341489552,74.8896439638
333.294119406,74.8068703505
333.234955596,74.9732293571
333.020173756,75.2069404123
331.964908524,75.9282610676
331.204354263,76.3730700583
330.141879123,77.0821511847
329.541827036,77.6703115361
329.07790782,78.2850234314
328.602482024,78.9901877378
328.372055479,79.3987593494
328.00286862,80.0618683846
327.63606072,80.4792527456
327.028532925,80.9043443854
325.54957431,81.6158297591
324.091153739,81.7547381543
320.561191183,81.2800135063
316.951802695,80.6663842088
312.827259957,80.0115508028
306.187183916,79.4476542971
301.663873296,79.0765514178
295.257505014,78.8565343994
291.675134781,78.3798688992
289.082587129,77.6963728531
286.816555196,76.9549536892
285.962503839,76.2926064991
285.868901186,76.0293783027
286.598198134,76.147641086
287.171385188,76.4667243969
287.775755495,76.6398588075
287.857729554,77.2148139467
287.71482417,77.7283996645
288.10836059,77.8534247995
288.914956084,77.5206397345
290.158509871,77.2248535295
290.704412431,76.8757175618
290.356635202,76.4327452783
288.509763189,76.7414080402
287.157521551,77.1475957681
285.815580257,77.9447839512
285.440766184,78.4616951964
285.100178198,78.5432129968
284.223589611,78.7690163467
283.243465575,78.9444664305
281.966139617,79.1437291086
280.935430439,79.3012803416
279.877205921,79.4609123164
277.099994969,79.8133622659
274.072083827,79.9447333763
266.687219523,79.5871424054
259.767681049,79.6997280552
252.615993753,79.9570839935
242.55376343,80.7397525832
236.499065283,81.6514185313
228.663924532,83.4055243781
224.625548479,84.3680388086
221.416750937,85.0637060452
218.3063493,85.5636981187
217.234384937,86.1577725663
216.823658434,86.8603369272
217.263055955,87.1039301812
217.80388158,87.1900187059
218.815252861,87.1876846993
219.505120483,87.1779430884
220.332800213,87.2436486039
220.838322257,87.3361359903
221.440368096,87.3962545691
222.356695449,87.9465039357
222.939339727,88.412239758
223.515274002,88.7021602721
224.552682609,88.8475445638
225.324854443,88.9535952676
226.393833108,88.9725401107
227.254397819,88.8944902218
228.24847675,88.8534466313
230.22400515,88.939453576
231.951589855,88.944948913
235.467893996,88.7568529432
238.114256016,88.8008763616
240.973009911,88.8932536493
245.659048696,89.0581043772
248.907599321,89.1479692682
254.317712123,89.2579196867
258.582951657,89.3483850289
263.30682743,89.5005250761
271.135044878,89.7307035323
276.717346148,89.8064019871
285.068525747,89.7514294747
290.515058844,89.6907363924
295.683866835,89.6595758949
302.817394185,89.498382566
307.111825282,89.2153184457
312.455939496,88.6648645515
315.43188399,88.2762116413
317.996727869,87.7741143911
321.229487455,86.8964502801
323.382256175,86.3779447884
326.541476322,85.4865546366
328.582253784,84.90108464
330.374413736,84.4120715749
332.730128218,83.885721399
333.92290892,83.6412194261
334.796919679,83.4420504414
335.432833432,82.9489075114
335.571181782,82.6388895359
335.705201352,82.3272498552
335.77984059,82.2048753611
335.811273167,82.2839082307
335.829010533,82.3741087737
335.81396209,82.4066206013
335.82308183,82.4449164884
335.839371104,82.6012007763
335.747718783,82.8238388646
335.338530539,83.1549662283
334.924433054,83.3395498493
334.111211364,83.7286390268
333.506792922,84.0856763418
332.833007473,84.5221565458
331.661103864,85.3866818622
330.817445291,86.0095734871
329.608652635,86.7801660842
328.922183587,87.2967820299
328.414706039,87.7330718151
327.99398193,88.1783118674
327.937320862,88.2342583164
327.984493107,88.1898328721
328.091440606,88.1395600796
328.324342389,87.9984456815
329.025641326,87.7269203746
329.768116598,87.340933212
330.80424736,86.6633301759
332.38354772,85.6791798402
333.324766615,85.0616193582
334.294617146,84.254333981
334.736930471,83.7639290721
335.348331464,83.0486949568
336.070029228,82.382412393
337.156905444,81.3287338776
339.313122095,79.8247226982
340.818570257,79.0081695751
342.124442067,78.2599890959
343.258941517,77.496361415
343.470021286,77.130294418
343.295902496,76.6700758648
343.134929272,76.523946453
343.168860418,76.3438081735
343.392016511,76.0307391402
343.643296388,75.7916721819
343.72412133,75.6040297546
343.698828895,75.5623213704
343.621015429,75.5053999257
343.565729749,75.4819281192
343.569917639,75.4962982766
343.586150355,75.3995591064
343.520555076,75.2895254733
343.397763999,75.2010063074
343.190188541,75.1989174829
343.053224502,75.3212347761
342.826468902,75.5543222063
342.647107423,75.7320056418
342.532381984,75.830239651
342.369909784,75.9985526669
342.271025908,76.0653241943
342.137913177,76.1293750378
342.025111187,76.140377218
341.961868055,76.1660369878
341.915165918,76.2033061787
341.913073104,76.2337505974
341.898847799,76.2328451866
341.858700182,76.2149200593
341.82156924,76.2076009664
341.720534975,76.1914450747
341.67814474,76.2065116788
341.61096677,76.2402639648
341.520385558,76.3102228738
341.47474477,76.3498975012
341.396944178,76.3820408484
341.320499555,76.4039554617
341.26087894,76.4305570477
341.244425732,76.4375923304
341.277180556,76.4854224096
341.331202093,76.5489494882
341.332359111,76.5838632886
341.290358542,76.6153487167
341.212011797,76.6824789699
341.179041927,76.759023927
341.176586196,76.8698868024
341.194981465,76.9291261006
341.196305143,76.9446509009
341.146294773,76.9247996584
341.080184036,76.8955362423
340.987161954,76.8404205811
340.905952825,76.7793910607
340.629770677,76.7262349736
339.499206379,76.7894968949
337.907742867,76.9393204465
334.005811351,77.0333854128
330.111078565,76.9334050994
325.449266382,76.8810531146
317.341661475,76.9145089713
311.371658852,77.093963081
301.468252799,77.4757662572
294.353357575,77.5409346913
287.152192047,77.7610767095
276.384764997,78.1799387933
269.582200363,78.6921555938
259.912721251,79.5522564539
253.714416642,80.2800804379
247.531227239,81.1826046097
239.473639938,82.1510082154
235.247237129,82.7233274601
232.371512422,83.1541940996
230.347184406,83.4155399048
230.20923889,83.514486995
231.11599687,83.6299137279
232.022307901,83.8193599383
233.018743121,83.9932960719
234.153001118,84.3619989496
234.629637125,84.6512248283
234.756606223,85.082971354
234.686049968,85.2680621604
234.604387422,85.5064066785
234.569154138,85.8742221673
234.650038961,86.1726911535
235.097841532,86.5435476897
235.608729925,86.7225765227
236.203787459,86.7692875177
237.192687474,86.8145057723
237.636565352,86.9266415183
238.032694471,86.8191869996
238.195878586,86.6955477886
238.523795202,86.6930877369
239.466947758,86.5907852449
240.31383529,86.4609478522
241.66398025,86.445016361
242.626326531,86.4486878527
243.461563654,86.4911366699
244.491466363,86.5409834114
244.725533653,86.748733254
244.434392315,86.8725967674
243.936990992,86.9638171964
243.462985003,86.970892456
243.426451633,87.0046761307
243.498788926,87.0197550062
243.815037511,87.0225260897
244.384738966,86.9444731199
244.656730729,86.8523878849
244.939423454,86.6902121856
245.013225764,86.6383610367
245.066454736,86.5952585434
245.100541965,86.6203591436
245.123781116,86.6285519716
245.233938451,86.5759393095
245.320014073,86.5433731067
245.41168329,86.4980079374
245.570233705,86.3441944289
245.677952818,86.1853287088
245.729609364,86.0662608316
245.82348092,85.9146060611
245.922965024,85.7929587855
246.064304175,85.6599539529
246.1729372,85.6129540873
246.47164645,85.5499339814
246.700628233,85.5381563842
247.059589974,85.4754569296
247.454149425,85.392201607
247.741533912,85.2969567341
248.13552718,85.2310800597
248.470767774,85.1494479773
248.835585655,85.0738957515
249.342907715,84.8816900663
249.528670643,84.7554267622
249.541148296,84.5619817259
249.487052201,84.2705302288
249.482220054,83.8891567373
249.814585355,83.1330834101
250.438470374,82.4691481003
251.52661138,81.7735524954
253.69289854,81.2101024515
255.703941669,80.8779981645
259.437001195,80.8422581261
262.083075533,81.0477885184
265.12985235,81.3380640432
270.344314157,81.9623421905
274.320512642,82.5673708572
281.499326991,84.1740149114
287.214709252,85.7400849257
293.169777709,87.2343131789
301.871080977,88.9505209723
307.206431053,89.9582966089
313.955807485,91.1738151273
317.411567238,91.6883003414
319.939814661,92.0906323817
322.307748243,92.4037982674
323.112984004,92.4325319936
323.334885229,92.4173908556
322.963470952,92.4744776557
322.393181411,92.5550865908
321.069180207,92.6368576125
319.966807046,92.8694490936
318.196638145,93.4790654784
317.138774646,94.1325946766
316.211235374,94.8744040969
315.127971932,95.8943163599
314.458086739,96.5299379614
313.509577902,97.4858678886
312.885760678,98.0386744735
312.243956981,98.6156588105
311.246589037,99.699781736
310.728930643,100.341439269
310.397330066,100.809529922
309.990165747,101.368340923
309.755486598,101.815083072
309.404788885,102.205523973
309.182172067,102.330466977
309.080313914,102.347787189
308.989497532,102.311262862
309.011876028,102.389343863
308.996086815,102.596054915
308.935559863,102.707711611
308.760460332,102.803717093
308.355294544,102.866312652
308.149843531,102.847127566
308.11417445,102.165979286
308.43128854,101.526224815
308.942321164,100.731306078
310.149996201,98.9960486324
311.230726182,97.5854229233
313.121377131,95.2870973953
314.615033802,93.7602230269
316.274896397,92.0300746627
319.074654284,89.5407997092
321.112828452,87.9714303321
324.417741725,85.8134154045
326.799432658,84.3770599396
329.288593726,83.0507964297
333.133397234,81.1799644537
335.75718063,79.923605253
339.717100762,78.3879976644
342.329715027,77.7865153543
344.710638686,77.5811331667
347.682997777,77.5479622402
349.207842745,77.5579333048
350.950378937,77.668489817
351.811089959,77.7690976565
352.581807102,77.9387257775
353.715956095,78.4961463105
354.628425785,79.0701413298
355.658885014,79.8460944263
357.317914736,81.1745336201
358.470014631,81.9963441969
0.225870853611,83.2112558471
1.33882311392,83.997128201
2.40766833833,84.7094808722
4.01646829157,85.6361550569
5.12749692974,86.1603612724
6.96796005859,86.5340488049
8.30393363225,86.7677617155
9.66225801677,86.93437989
11.7595005776,87.0108734914
13.1513658817,86.8877742281
15.3225669852,86.6580196332
16.8811409276,86.4138296655
18.5547070101,86.2742080094
21.0991019768,86.5705669978
22.7522181552,87.1526425109
24.9602771467,88.0098896184
26.3231589487,88.4898161811
27.6949733179,88.9038713366
29.8300647391,89.2882921021
31.402792133,89.3401737069
34.0471921794,89.0396110146
35.9849368944,88.627451954
38.17659502,88.0846677707
41.7969135965,86.8993664462
44.5005599564,85.9041036409
48.8371899328,84.2278105352
51.7726726752,83.3619314209
54.6318972664,82.7361904615
58.5905467402,82.1717074731
60.99949521,81.9196967221
64.1838743744,81.4193273716
66.0740892363,81.0731371917
67.793299577,80.8216983547
70.0607698331,80.7903304584
71.3210133284,80.98693762
72.3467487849,81.144832478
73.4744726019,81.3420472
74.0578908669,81.5359355102
74.920422119,81.8882402128
75.6287474316,82.1037960642
76.479253191,82.2937559309
77.9782239377,82.6994590261
78.9953205222,83.023370002
80.539984987,83.5581576861
81.4641161113,83.8757096646
82.2749323555,84.1883447607
83.3497327927,84.5756744424
84.0303421067,84.7994370925
85.0357130309,85.0444991426
85.6718858411,85.2230119585
86.3441319755,85.3032053079
87.3312780393,85.4094921005
87.9711328969,85.4635358031
88.8267538316,85.5438948144
89.2706824383,85.5802686678
89.6117316405,85.6775561917
89.8443370074,85.8167157424
89.9301098281,85.9188297481
89.999150399,86.0990723919
90.0368467133,86.0667398366
90.2188575033,86.0566868609
90.6711330966,86.2936340347
91.1070284488,86.3284341583
91.6802152357,86.269096006
92.0655531284,86.1593000529
92.3826399149,85.9684839068
92.7821147832,85.5721504345
92.9329841688,85.3344525566
92.9391058493,85.1328663677
92.5513642463,84.7390952347
92.087135361,84.5779446524
91.4057482894,84.6949347878
91.0513848871,84.8159141567
90.7820143196,84.9915578632
90.5297203353,85.4720408772
90.3797052618,86.0829679674
90.0846274829,87.4258189809
89.8238047004,88.2829141986
89.634596289,89.0267545181
89.5181024798,90.1482649698
89.5426643531,90.7939229977
89.6060814269,91.5782242809
89.6309045976,91.8550765208
89.6105544322,91.6954342377
89.5184189885,91.6407492332
89.4616224661,91.5708317379
89.3991276796,91.3494538751
89.393298152,91.2067031145
89.3204284354,91.06547699
89.0936508686,90.8762851577
88.8964756551,90.7108900788
88.5268463835,90.4678762352
88.2874349988,90.4052273366
88.022026654,90.2949923873
87.5716017647,90.103774388
87.2175120127,89.9816392898
86.5717987734,89.733571952
86.0221726407,89.4561441374
85.3602377733,89.041639678
84.2390525919,88.2618449972
83.3666328418,87.6810710734
81.9163011028,86.8569156475
80.9853092959,86.5705508849
80.2203729354,86.5889003093
79.6130840397,86.7808379877
79.4769642103,86.8844631564
79.4648659257,86.9748857811
79.5084086165,87.0573325079
79.4874513353,87.0984857994
79.45095894,87.1053200535
79.4019790946,87.0625014162
79.3639407457,86.9912928435
79.2805635108,86.858266326
79.2412504924,86.75810703
79.2238957188,86.5684701903
79.2689930481,86.4318707932
79.2951374532,86.1856310122
79.2380391453,85.7567697818
79.2065427288,85.6302225934
79.1359549226,85.5459981952
79.1120579027,85.532965527
79.1280299864,85.5039428261
79.1581047416,85.4843788827
79.1737141912,85.5175965787
79.1920243891,85.608533746
79.1638912194,85.6815379874
79.104672609,85.7431588781
78.9563910526,85.8149696797
78.8561716265,85.8120333094
78.7646002208,85.7849869502
78.7590849732,85.7184793924
78.8116001848,85.6556552719
78.9958175046,85.5286855956
79.1228333921,85.4969439131
79.2802319097,85.4641218506
79.3636195507,85.4644948552
79.3980428705,85.4688935852
79.4190814304,85.4670767655
79.426967798,85.4740923716
79.4329703995,85.4868549133
79.4804123907,85.4389744715
79.5603711852,85.3741284677
79.7498334466,85.269779484
79.862165224,85.1699532686
79.993919901,85.0894893181
80.1622373298,84.9783858664
80.2430910821,84.9347802434
80.340380567,84.8547839651
80.3982146616,84.8231619542
80.4419326105,84.7896229562
80.5040334736,84.7583981962
80.5250429484,84.7388295819
80.530462142,84.7145803759
80.5270509002,84.694404798
80.5247022448,84.6812296621
80.5339648753,84.6776940366
80.5344209113,84.691870548
80.5337195715,84.7088321401
80.5411085446,84.7225240647
80.5557654353,84.7103439649
80.5947323728,84.7516816632
80.6015899506,84.7705567994
80.561249019,84.7775272931
80.5169163563,84.7923263458
80.453155384,84.843965227
80.3799787614,84.8994374968
80.3242445188,84.9426400011
80.2286160373,84.9995881939
80.138509663,85.0343450963
80.0339936676,85.0710489542
79.8563676468,85.1629238233
79.6385224863,85.2434487439
79.2885020502,85.3406678351
78.3973054182,85.5383972049
77.691818436,85.6892965598
76.4125184716,85.9961138442
75.3654892839,86.2309958119
74.0636134444,86.418707149
71.5995850165,86.8040813433
69.4304621678,86.9632822637
65.0220457403,87.205442575
61.31131441,87.5216139295
57.1714726502,87.9618076328
50.1005152856,88.5428779276
44.8418549901,88.8740433354
36.0065258387,89.3558337238
29.5042668672,89.7121216621
22.7603569645,90.0925161741
12.507520997,90.7439840195
5.73017135738,91.1194585149
355.937697303,91.2114035235
349.664641425,90.9495660007
343.813597878,90.5054206748
336.013721772,89.7540214454
331.530052797,89.2857453628
326.334066697,88.7773448727
323.875112111,88.5859669174
322.126199745,88.6133385197
320.431094389,88.804218751
319.700381697,88.9841982346
318.65038102,89.2286220214
317.907253715,89.3153350295
317.12927423,89.414434371
316.017486276,89.4901068061
315.274960789,89.5890400523
314.579297846,89.7283123626
313.570188588,89.9591300347
312.948046876,90.0863723661
312.1228614,90.2678221933
311.69454741,90.3961921762
311.37552062,90.4991798749
311.186491836,90.6075341993
311.172497807,90.6779149073
311.335732944,90.8245263614
311.649330176,90.7824668521
312.10851457,90.6330066077
312.974145645,90.4043419297
313.676737774,90.2859492461
314.91141506,90.093406125
315.77679136,89.9774808146
316.629770051,89.91571008
317.826737005,90.1028375432
318.576776452,90.4410009898
319.634805873,90.9192883225
320.3687098,91.0656146253
321.156089693,91.2651524394
322.350487145,91.7221657076
323.178348634,92.057641103
324.489521148,92.4831525537
325.442829286,92.7224843082
326.503439642,92.9696482729
328.410711182,93.3781415973
330.042473916,93.5744414795
332.844430688,93.8457802367
334.847227081,94.1025638979
336.824122715,94.3838837456
339.706124723,94.7400575948
341.522582729,94.93400223
344.211322418,95.414022375
346.117208509,95.8162096713
348.148176157,96.0241300092
351.417280899,96.1639623361
353.714820519,96.2702723076
356.001008185,96.3124025288
359.371429768,96.3600817465
1.604037944,96.3735569206
4.93096187504,96.3986255369
7.17838070362,96.4236589556
9.52717062295,96.4749347283
13.1498302448,96.564556467
15.759959565,96.571682044
20.0481156739,96.5317940074
23.028539312,96.4326255569
26.2096723342,96.2775754776
31.4978882948,95.8608111401
35.593415243,95.356321238
42.9003441405,94.7665554652
48.7511655447,94.444549509
55.0855543521,94.1347442629
65.1618468258,93.5182786657
71.9147017685,92.9829062152
81.5098042386,91.9401447439
87.0495641475,91.1058290027
91.4432964718,90.0867719381
96.272702389,88.2460297679
98.4081561114,86.4575844677
100.467722861,83.8792546027
101.448634003,82.5591547778
102.329814251,81.5163454114
103.716513322,80.0762264181
104.72036943,79.3347645776
106.176267364,78.2306470715
107.209417641,77.526552483
108.222797683,76.8944317226
109.697620263,76.0489925453
110.613803757,75.5079338384
111.760013529,74.7686884014
112.337477783,74.3537512433
112.77760481,73.966315481
113.087727664,73.4876432146
113.028786968,73.2576865892
112.919693678,73.0515193468
112.46300153,72.7674179562
111.99375298,72.7356027755
111.128316582,72.8772206779
110.615085114,73.0874950187
110.156432246,73.222734239
109.508252707,73.3920816979
109.121867514,73.452436085
108.845631555,73.5396846275
108.683260568,73.5264225223
108.565979315,73.5216826751
108.375625903,73.5240057698
108.224741366,73.5072308643
108.022508363,73.3816761155
107.89172333,73.2381443758
107.7467612,73.1237857261
107.605180582,73.0183626789
107.554963058,72.9746058311
107.548688765,72.8766390524
107.603243346,72.7987959072
107.678968576,72.7361438242
107.862838991,72.629256935
108.002308189,72.55327952
108.129456944,72.444677193
108.190623863,72.3810377235
108.244410135,72.3367830751
108.332477029,72.2527109606
108.403501087,72.2461193386
108.543531375,72.2918215576
108.664136701,72.345993254
108.778910345,72.3890455542
108.954651136,72.4472444529
109.064289439,72.4519655366
109.231983128,72.4588330146
109.458427745,72.4950968783
109.607613805,72.5002323356
109.863367044,72.4912282748
110.054044785,72.4784158384
110.210488397,72.4546446987
110.42817844,72.4435072324
110.556041493,72.4585451284
110.690028034,72.4784816982
110.749653854,72.5073783932
110.797801215,72.5367380455
110.852286768,72.5485285042
110.86634127,72.5471329118
110.829205344,72.5626138281
110.786789097,72.5577177278
110.746368117,72.5602990278
110.69048343,72.536546323
110.667553226,72.5170603324
110.671886695,72.4623430493
110.694071059,72.4370422105
110.710969005,72.4174763702
110.72236224,72.3524461482
110.719737168,72.2963925344
110.72377186,72.223518269
110.751021135,72.1743228349
110.78791942,72.1367846112
110.843791659,72.0853337987
110.870033976,72.0525866528
110.894229148,71.9957051628
110.907228531,71.9796844193
110.914259614,71.9725841337
110.924161856,71.94120352
110.911305187,71.9491181885
110.881772657,71.9701753396
110.839344232,71.9954992087
110.804820178,72.0320044166
110.777073041,72.0803654678
110.77061814,72.1027666234
110.782300004,72.0965874572
110.802217426,72.0979553646
110.813018322,72.0908855167
110.81743818,72.0533279986
110.82092869,72.0273095394
110.841982983,72.0102724631
110.89443051,72.0022357677
110.915902222,72.0067057019
110.932762488,72.0054291596
110.920037796,72.0014333647
110.919516484,71.988801691
110.946330364,71.9658892104
110.982778015,71.9487781383
111.045470191,71.939299796
111.066053907,71.9216644765
111.073881889,71.8608539897
111.053151671,71.8317105947
111.050187176,71.8276267401
111.078972152,71.8377459621
111.094236339,71.8533832505
111.106659277,71.8659115641
111.105588884,71.8738508958
111.11324304,71.8687923053
111.136014961,71.8734847735
111.142933694,71.8549939021
111.154716324,71.8337878409
111.180697253,71.7992571092
111.221636342,71.781299938
111.272130382,71.7724639434
111.285561886,71.7743281896
111.274684799,71.7705577562
111.256710654,71.7664993839
111.253297503,71.7540827277
111.233412756,71.7331471156
111.166731334,71.7415387448
111.129096949,71.773818545
111.078421175,71.8423207264
110.861534027,71.9054069086
110.225804596,71.9709588302
108.348725533,72.2739151113
106.325508143,72.5124956501
102.606899282,73.130163233
99.8323540145,73.6589922276
96.7208866648,74.196480581
91.2870320674,74.8112098128
87.041861347,75.2552819461
80.0301212235,75.963511747
75.0183822676,76.3662532877
69.7380621048,76.8681266337
61.3531178846,77.5981393105
55.3213397333,78.2838900517
45.7397806132,79.3190005119
39.2953917254,80.0839637676
33.2038111816,81.0371498248
24.8309325839,82.5694533381
19.8400454089,83.4175306151
15.612312879,84.0861564138
10.0682646956,84.9433243099
7.38191778271,85.3504214499
4.77520336261,85.9266968692
4.00471680973,86.1699869245
3.88798883547,86.5282889453
4.28195480907,86.8014259103
4.78545986405,87.1339389834
5.6539605577,87.629794201
6.14892158183,87.8806251119
6.48674101751,88.0929277822
6.73601683897,88.3782206571
6.88780602986,88.4869460856
7.05626210579,88.6252093427
7.12613846916,88.747833187
7.20032207025,88.8313643542
7.37886794842,88.9130502837
7.51519930752,88.9354231348
7.72666649148,88.9103790171
7.8978459229,88.8294243632
8.12116766093,88.6833872139
8.44629456828,88.4209669561
8.59735429681,88.3143394379
9.02244959682,88.0760393669
9.3656152805,87.9080735187
9.61173427238,87.7837912847
9.86201177647,87.6588192737
10.0274144698,87.6186815992
10.2512511588,87.5672493651
10.4153534327,87.5533895706
10.5309102772,87.5365883504
10.6816260689,87.526489983
10.791516378,87.5026505649
10.9375012647,87.4407370927
11.0305299089,87.3923311977
11.0902418732,87.3532409616
11.1519303866,87.3074145895
11.1730211218,87.2794263298
11.2325734211,87.2281256903
11.3014720004,87.1959762436
11.4108121658,87.1552976537
11.7970600627,87.2935228468
12.0681861213,87.5885583174
12.5884166503,88.2730053963
12.903179563,88.9810058098
13.3147820845,89.5799482777
14.2655664606,90.1936626942
15.0449318637,90.3729545839
15.8038588303,90.5029699022
16.9327569622,90.5526661979
17.571890164,90.4803384731
18.3646242033,90.1974900293
18.7146964423,89.9360340182
18.8774546077,89.6885105427
18.7582726128,89.3342707371
18.409843265,89.0196875529
17.5727601883,88.4573725412
16.9465459816,87.9873795419
16.3988904777,87.4435716295
15.7069301759,86.4668764412
15.3378958924,85.7687023785
15.0271197672,84.6088603098
14.9527058572,83.931941577
15.0834257152,83.3546279143
15.4803062219,82.7859499983
15.8403975596,82.558326115
16.4632327993,82.3880525675
16.8302235383,82.3723978471
17.1535734113,82.373903583
17.4289075498,82.385803727
17.6373775417,82.3668092831
17.8864528251,82.3271110219
18.0668557414,82.3037122384
18.2725479004,82.325150198
18.5112060599,82.4296390758
18.681653261,82.5081810377
18.8959273726,82.6190999205
19.0374151651,82.6851932444
19.1783645245,82.7305035994
19.4174715592,82.7790079982
19.6129698674,82.7740249323
19.8350904017,82.7821540088
20.1041167407,82.7836580064
20.2615837388,82.8241846188
20.4571150992,82.8186546315
20.5247808493,82.8037523228
20.5902338787,82.7947385707
20.6582859336,82.7947649286
20.7365210453,82.7939423731
20.8380061335,82.777941511
20.9557345854,82.7794328225
21.1496403792,82.8204359057
21.6637102351,82.9866399122
22.1231160051,83.1015172348
22.7562474064,83.269937885
23.1601367947,83.3512050902
23.580540431,83.4625826142
24.2437733148,83.591829089
24.6528896166,83.6203356166
25.2925557281,83.6438508392
25.5888676855,83.5988164656
25.8075321,83.5569350195
25.8091582219,83.5883015193
25.7919419906,83.5820554973
25.6356993758,83.4397551696
25.5354133107,83.3598416174
25.4458914066,83.3082186048
25.3643732129,83.2663778544
25.3233321721,83.2282449177
25.3033071259,83.1902382965
25.3052342207,83.1791690417
25.3267730352,83.1781502847
25.5173734475,83.1751434872
25.7555319122,83.1989123755
26.4246920151,83.3356506903
26.8236581456,83.4402386675
27.1442564438,83.5097052068
27.4485510131,83.5314564132
27.7575671522,83.6584517662
28.3818397093,83.9832456619
29.9676063993,84.7431612867
31.4178278599,85.5275140653
33.8318712567,86.7392330967
35.3976701774,87.7492877924
36.796909988,88.8668579769
38.7223854289,91.3367889533
39.9740465275,93.3468565265
41.4752383651,95.5343938199
42.1679287738,96.8236713422
42.7382539396,97.8367858606
43.7420299922,98.807371399
44.6396868041,99.2905250617
46.3861287728,99.8983354959
47.8495995615,100.326699539
49.5328498312,100.702892691
52.5627883966,101.533530407
55.0656291288,102.357147365
59.3550522445,103.487949893
62.4677798452,104.030644371
65.5519195861,104.546256678
69.8152263263,105.197939322
72.1837405395,105.376587212
74.9799939458,105.463573691
76.2447461841,105.387923489
77.1526744264,105.185664902
78.0263381459,104.708769367
78.4003254112,104.244436756
78.8803714552,103.501204399
79.2394482559,103.089590852
79.6054318692,102.747333093
79.8664710041,102.115643121
80.0663513622,101.420053307
80.3330851653,100.63461646
81.2621856105,99.188434256
82.2557509862,98.0558590419
84.1626610321,96.2205498946
85.5311944095,94.8658524523
86.8487884757,93.4881245159
88.8783482622,91.237980801
90.3652071285,89.6853159983
92.8353206226,87.6436328295
94.4682334692,86.6854439623
95.9407266358,85.9492829452
97.892362791,84.8803503845
98.9270636166,84.2076942573
99.9378772147,83.2043663706
100.277771706,82.5775373762
100.455720928,81.9618225787
100.186321038,81.1366413302
99.5843544571,80.5520250197
98.0280885744,79.4699233884
96.6652210769,78.7904217488
95.1568579792,78.2293002411
92.78788998,77.7306212732
91.2838230248,77.6396737444
89.2228714124,77.7617951634
87.9375057953,77.9545065455
86.6574893718,78.1896420008
84.3875189273,78.6012377182
82.4356652589,78.7467272565
78.9516680646,78.6818349999
76.269954893,78.6286784441
73.167521311,78.6958800788
68.3715127124,78.4814067583
65.2588783691,78.3914657801
62.3261366603,78.4022259911
58.6631756724,78.3865765176
56.8627819998,78.4802723901
55.0259440333,78.6324705816
54.2822872359,78.6668930875
53.8526544551,78.6949505914
53.7242640796,78.6820817926
53.73790532,78.6717178442
53.7303083649,78.8047969366
53.72637705,78.9456904143
53.6117467584,79.1631991058
53.2108618198,79.4121753869
52.9513541845,79.5627603619
52.8445384311,79.6944795988
52.8629528999,79.8710970909
52.9254905591,80.2055187695
53.0799066079,80.9350372905
53.2036249022,81.5374137097
53.5747972236,82.5890936795
53.88704191,83.361765743
54.3483472827,84.1718805655
55.3291373886,85.4301833058
56.0711895897,86.3951570176
57.3786196865,87.726296291
58.3666673332,88.4760229047
59.5134589564,89.1170192271
61.4390905633,89.9782487947
62.9206192313,90.404815121
65.5128689193,90.7577533154
67.4124216823,90.7431831904
69.4637974792,90.6966471689
72.8006990199,90.7445008786
75.0991611916,90.8924383347
78.8722043406,91.2464658684
81.4828803622,91.3702698422
84.1768068908,91.4470048717
88.4233757623,91.2365065577
91.4616360269,90.9392408835
94.6788890945,90.4489806224
99.8055925642,89.5076679983
103.480939926,88.7710683831
109.571252522,87.3750561683
114.020213518,86.2702486242
118.821955913,85.0492042102
126.633911681,82.7151248626
132.049259476,81.2116990874
139.634521815,79.2465759465
144.474411379,77.9634445422
149.144756531,76.9984876111
155.375329036,76.1462751664
159.221552184,75.7208957086
164.309669146,75.2372289496
167.251470693,75.1128973562
169.82120592,75.1559119398
173.323371386,75.3261135032
175.499575762,75.6950410058
178.683637271,76.2223480863
180.781161582,76.6542798264
182.761552742,77.2219414772
185.779450327,77.9674914051
187.817415983,78.3764897954
190.902323999,78.8781585569
192.912226258,79.3169017102
194.734799153,79.697217794
197.244035221,80.1810779733
198.840748902,80.4497750202
201.213805228,80.6883844197
202.858765124,80.8178268278
204.485297728,80.9941923018
206.92402896,81.458666232
208.424105817,81.746736209
209.778769133,82.1156509399
211.574662366,82.8012214739
212.664026246,83.2106673015
214.30072311,83.8067506965
215.43226846,84.1568292358
216.613417193,84.4501408669
218.557044619,84.6297463185
219.881834446,84.6368185622
221.760582636,84.6975819792
222.984270064,84.7047134098
224.181177327,84.7103543789
225.87802318,84.6070288096
226.999104724,84.5341409102
228.819918047,84.332788232
230.392358832,84.2444849949
232.196444919,84.0868248378
235.359752522,83.5275100386
237.416602374,83.1047316658
240.147854209,82.4928348091
241.566943862,82.0952563577
242.565264213,81.6825751464
243.778416967,80.985103624
244.420941662,80.6288141073
245.395938056,80.1588483708
246.071695519,79.8869533458
246.737063332,79.6725243697
247.705467155,79.4085429038
248.337759468,79.23993579
249.277274536,79.1574190317
249.855659821,79.2373373336
250.398063143,79.2980109103
251.205925913,79.3483108353
251.857731756,79.3321862272
252.89858022,79.2870736596
253.623111267,79.1725742514
254.402081301,79.011219312
255.7818642,78.8433583955
256.709871693,78.8014818823
257.582735732,78.7332460041
258.515634336,78.4985183149
258.926057669,78.2794246997
259.17021595,78.0478416084
259.307148435,77.846616223
259.45623225,77.6786972302
259.824374918,77.3757532847
260.097287845,77.1556595287
260.559826949,76.7544281197
