184.104823986,101.101447585
183.56615147,100.961006446
183.184129598,100.834514602
182.645728316,100.681246849
182.222447788,100.866292141
181.787059667,101.031700597
181.117654168,101.219972762
180.528928548,101.315797813
179.665726719,101.214386084
179.068960854,101.182435596
178.490185567,101.133143948
177.63282292,101.10401854
176.963512418,101.052241512
175.598552101,100.786937179
174.38091433,100.620822971
172.955483158,100.458739511
170.587770767,100.066323979
168.772548118,99.7832302643
165.728121566,99.34986819
163.704041602,99.0251454949
161.809377544,98.7483436164
159.305063693,98.404271939
157.783617968,98.1724367782
155.728626267,97.8214080945
154.522637793,97.6313295903
153.442292132,97.4091219479
152.198061384,97.1446092397
151.654302556,97.0176505181
151.169320588,96.8358008862
151.103181365,96.7976725348
151.009085853,96.7415795597
150.905061197,96.646779642
150.800893047,96.5639506978
150.665612257,96.4387249767
150.332081353,96.2169089696
149.831201868,95.9687020114
149.046497632,95.6790296042
148.417072232,95.4060373346
147.779567483,95.1097586718
146.702573582,94.7958928494
145.915903971,94.6304873768
144.600982173,94.5102398833
143.579934385,94.4340540819
142.449921495,94.3526732635
140.754510891,94.2836977796
139.61693132,94.309843325
137.993942261,94.3764664166
136.904871147,94.446469134
135.696366139,94.5527278212
133.810903753,94.5511600269
132.5498881,94.5646002368
130.971354945,94.5656344081
130.256845249,94.6104652217
129.882474654,94.6504432959
130.276975516,94.9012333428
131.494512717,95.4269921265
134.378762708,96.5483648089
136.810590738,97.6635948751
138.942913395,98.5752429458
141.436766166,100.633368544
142.705194392,102.811905934
144.121895894,107.626524487
144.874212639,112.281395276
145.407738024,117.533915884
146.221696239,124.574505398
146.591981947,128.825995136
146.597050811,133.993961789
146.324464487,136.435431325
145.410173496,138.889164628
142.293588076,142.004605999
139.647035276,143.102412379
134.343771135,144.310457939
130.781917031,145.051401332
127.46227845,145.859267292
123.803716493,147.040138142
122.088900351,147.95059947
120.99597893,148.700549586
120.398504207,149.720617863
120.14657604,150.333375842
119.904883346,150.740368617
119.366418094,150.427041518
118.795362908,149.594626937
117.845470513,147.575595558
116.949405951,146.401536527
115.097362144,145.145111103
113.733608439,144.326454669
112.745354884,142.90679284
111.654676428,139.458554528
110.976126612,136.67332865
109.300069238,131.680169674
108.265174243,127.863785596
107.039926898,123.947327133
105.100406478,118.843076572
103.911267226,116.200041597
102.17241831,112.857893647
101.056697996,111.165942501
100.188342063,109.626175903
99.0742071477,107.409924554
98.8786959588,105.851480685
99.1867236083,103.114636683
100.08398104,99.2264560423
100.92958486,98.1601921226
102.167829618,96.7893122624
103.043954567,96.2116687924
104.002132054,95.4797307696
103.997349641,95.0718729021
103.373635035,94.4517846076
101.284566138,93.6172202613
99.2347703507,93.0319077484
96.7525021127,92.6116637026
93.0115993131,92.1926359817
90.9486426934,92.2160635292
89.0472803142,92.1589281177
87.4898460709,92.2280879942
84.0149303075,91.96526638
78.2076874595,91.7351085907
74.5736907528,91.7723569323
70.2102982901,92.3633868893
68.0552389334,92.6637860885
66.7309860623,92.795746676
66.4852859914,92.8544912431
67.1565474039,93.012281878
68.2722653332,92.9329256451
68.6305889586,92.9260080533
68.5411128194,92.9458809565
68.6613208774,93.1288009251
69.3213078654,93.5964954378
71.8815529778,94.0937597493
74.6133937784,93.9026957851
78.1383163109,93.4629994224
84.4064405141,93.4121813648
88.9855588237,93.5641727595
95.820452805,93.7744513422
99.9961135388,93.8583450821
104.337212505,94.1519473212
111.331213384,95.0998224518
116.449183259,95.5932659365
121.815788292,95.9623566509
130.124659694,96.3661598623
135.478880525,96.7586388255
142.754812366,97.0376215212
146.929900898,97.1156047945
152.293573856,97.3721411885
155.423508384,97.4459047505
158.43652485,97.3916237294
162.583194141,97.521314649
165.500313609,97.3949695812
168.277068488,97.5201145301
172.784953644,97.2227113336
175.829203744,97.1922419285
180.033793692,96.8658869617
182.474800517,96.6609460136
184.703896952,96.6145340691
187.550067409,96.9178009481
189.165434345,97.449092334
191.484286138,98.1967016248
193.061065061,98.2431039986
194.630782223,98.092798097
196.977888116,98.0154685226
198.566186616,97.8374418594
201.185878751,97.8704594765
202.841017383,98.0016995832
204.407163809,98.0770494597
206.591569286,97.7314569918
208.061431034,97.4930400857
210.286843306,97.2916441623
211.827580937,97.2212789138
213.289766503,97.3515102438
215.581964638,97.5119398352
217.13047761,97.4630890938
219.60467033,97.3775790995
221.251401852,97.166579944
222.88222064,96.9875640669
225.465869623,96.8898588257
227.295860704,96.9030501511
230.486998528,96.7807904295
232.948158274,96.4617647899
235.900887563,95.7561307388
241.426628791,93.931444322
245.697337981,93.3399491757
250.216845914,93.3121427963
257.233067738,93.2148559243
261.897927546,93.2865509157
268.908183745,93.8789758611
273.674414205,94.4229145271
278.442602785,94.9634258426
285.365353428,95.5640058281
290.052257139,95.8639502403
296.533252645,96.5992088812
300.143312826,97.2203254502
303.193755966,97.6313840071
307.512826374,98.1751600556
310.181175757,98.483193864
314.514195209,98.9053380408
317.523834398,99.2681037999
320.268177981,99.4709157209
323.809128217,99.8367312108
325.83387533,99.9793881081
328.570289426,100.008145821
330.31261284,99.9811783157
332.042792246,100.044197994
334.811673837,100.403172968
336.927899295,100.519860365
340.392550875,100.721646567
342.640127446,100.634303479
344.611116981,100.674205716
347.223279546,100.801458433
348.841183881,100.967237487
350.458573617,101.137483778
352.820052508,101.161491945
354.255872285,101.237691458
356.368360872,101.187388302
357.723336712,101.271605615
359.647581681,101.273523551
0.693079173799,100.876264638
1.39562670722,100.507453865
1.42332363028,99.8581071618
0.616253600718,99.3708563959
359.259078193,98.9082917559
356.494975299,98.5623582091
354.536646569,98.4901261821
351.686147743,98.8115024828
349.55935813,99.2122713748
347.561231678,99.8190616088
344.828466082,100.710479505
343.028016665,101.114378384
339.658386003,101.623709323
337.119725418,101.723437842
333.727303965,102.061734408
327.957281076,102.403396053
323.642683426,102.645325552
317.817482375,102.612676955
314.06392465,102.761708479
311.068569473,102.492205524
307.405775808,102.297761722
305.728490143,102.104935842
303.820433225,102.298778183
302.947157487,102.384536703
302.339759169,102.612484916
301.581977363,103.148422963
301.003668443,103.537883983
300.343366735,103.778848914
299.996607429,103.810492747
299.772589108,103.905389784
299.271247286,104.360113113
299.017987749,104.564941536
298.936414727,104.484369184
298.432287338,104.342498117
297.959048969,104.268194932
296.826436032,104.303439502
295.350989644,104.430583642
294.767450948,104.482118598
292.429275596,104.706384476
290.386630217,104.822021513
286.436358971,104.615897197
283.238748519,104.142207858
279.596976608,103.619615054
273.406320679,102.873704218
268.75439794,102.482655411
261.089285229,101.64016622
255.929567936,100.917762079
251.035622424,100.304372018
244.46751243,99.6599914888
240.708608598,99.4576429927
236.161896132,99.3652663888
233.51249248,99.329009946
231.133147559,99.270936426
228.171144968,99.3045013893
226.548809829,99.3497740294
224.559908648,99.4603276843
223.220753657,99.5646097062
221.762235573,99.7657871748
219.037634668,99.921079093
216.833974231,100.098712018
214.299338926,100.306896151
210.550204652,100.698018551
208.257053818,100.806960708
205.394641494,101.00894527
203.801415946,101.051258632
202.446313533,101.063197618
200.540926128,101.041554159
199.28037505,100.964302041
197.400656271,100.740208177
196.118186544,100.589298072
194.917221729,100.417334461
193.225921331,100.188590318
192.184054686,100.090577747
190.456663819,99.8840952747
189.149820208,99.7170529073
187.745528967,99.4864667427
185.549393607,98.8952577179
184.082218444,98.6366026727
182.092472186,98.4940867866
180.925525836,98.514101046
180.09710729,98.506177603
179.47653412,98.4616465051
179.566041857,98.2258785963
180.000203309,97.7079165604
180.205819773,97.1565789742
180.407134721,96.7132508832
180.614495776,96.1958596014
180.633240056,95.6855451328
180.548643593,95.0552885192
180.126929245,93.9301453025
179.762529644,93.2212926879
179.006367403,92.3456753502
178.494319153,92.0108963407
177.679752778,91.8593850043
177.17735666,91.9456347231
176.636983895,91.9850191712
175.739588228,91.8754523879
175.135981648,91.8096824177
174.496886699,91.8143990157
173.756549513,92.0751491307
173.303554005,92.2234768996
172.294951986,92.1347993456
171.351326602,92.0782187663
170.462908519,92.1606121231
169.459263125,92.6022859037
168.932747257,93.0179185123
168.111618283,93.6954033964
167.51494228,93.8814533317
166.815787001,94.1547380508
165.783453904,94.5160339648
165.198344936,94.8032280553
164.744772124,95.0342839358
164.706474743,95.206325638
164.80214976,95.5572797617
165.126593753,96.4354996801
165.320399883,96.6603111239
165.46504202,96.8153063775
165.630722247,96.9704434665
166.005267558,97.4430972382
166.698105958,98.1206294383
167.623360778,98.727382855
169.803384387,99.7059659192
171.714028588,100.333289574
173.571703755,100.690671121
176.755158079,100.885437881
179.297499953,100.561981359
182.966895034,100.318800297
184.995229852,100.129717639
186.705765673,99.6947730843
188.89376579,98.9930366914
190.180636632,98.6167234023
191.918365177,98.3720215243
192.878329329,98.4747862147
193.853011797,98.7102440045
193.888765176,98.8061605028
192.586005652,98.6501620264
188.604899213,98.4006208853
186.140968757,98.067987281
184.690544266,97.769601823
184.407280079,97.7134518326
185.52155507,97.7167070337
187.301981395,97.8327337163
191.344462489,97.4458646155
194.818135325,96.8911122746
200.404648739,96.1973030795
203.635833558,96.0302072418
206.40387496,95.828147228
209.870265043,95.7681593257
211.689582774,95.8892546231
213.164971381,96.1414406939
214.98185393,96.6514043164
215.966510879,97.003943339
217.480198664,97.5365888103
218.870458239,97.5428208414
221.935898909,97.1750667691
224.372843604,97.2567010145
226.425484389,97.696585124
228.257960026,98.3173474754
228.954563551,98.6324976272
229.640272456,99.0344812313
230.122083294,99.3578961676
230.699586522,99.7288162419
232.254802811,100.378432915
234.092231057,100.910106692
236.473857342,101.656029864
240.233422742,102.392793955
242.567091635,102.709256267
245.23870491,102.965104255
246.253530298,103.018189606
246.864146228,103.353735321
246.971118617,103.409336269
247.101464732,103.396034187
247.545632553,103.381900492
247.998753514,103.117803209
248.39229424,102.890926991
248.805998474,102.118700122
248.655198432,101.459730791
246.255226531,99.5275510594
242.23570763,98.2327345748
236.074284825,97.1260966697
224.420025043,96.577631368
216.089772201,96.5388442815
203.771998917,96.4244205777
195.920934223,96.0858631874
188.690215403,95.7592736706
178.944554095,95.71110577
173.235266223,95.7007093717
165.858236543,95.6220591534
161.624239849,95.5607363582
157.743931927,95.5852724898
152.612375754,95.8188532187
149.466837772,96.00822715
145.463729402,96.2759137904
143.26545935,96.5590084642
141.465106253,96.7485285797
139.281834537,97.0897494785
137.975248558,97.287097768
136.342972897,97.6611518932
135.492420388,97.7118917741
134.918194733,97.7374969148
134.340850266,97.6225540155
134.131527216,97.5155001981
133.73048394,97.0940046225
133.429860023,96.8848572596
132.997736678,96.6102449347
131.880404,96.2179333027
130.048666559,95.8362533766
127.302374705,95.4243064316
121.079861669,95.006837057
116.700358719,95.0539812807
110.41662738,95.3106286429
106.867608061,95.5134007859
103.584344436,95.7289031365
99.3829419061,96.00106061
96.7543376581,96.0937506096
93.1610991297,96.2793857599
90.7726828545,96.3880643775
88.5860201371,96.4676976432
85.70446235,96.5611513338
84.0322858999,96.6528545448
81.7495593602,96.7562722937
80.1548406532,96.8853822128
78.678421742,97.062365075
76.3609347633,97.2461176951
74.8840865468,97.4360205887
72.934546537,97.7849459458
71.855805358,98.0804416482
70.8917439535,98.3411159101
69.6379237385,98.5716258362
68.8611323672,98.6849433905
67.6660152628,98.8027703966
66.8562550571,98.7551413639
65.901692006,98.6674791171
64.5282560441,98.7258647477
63.5922796293,98.7661575441
62.2129976066,98.8729011042
61.149598758,99.0967064513
60.2281229452,99.3699938468
58.9449915295,99.7291344473
58.2653213895,99.9691375675
57.3419407528,100.302856071
56.8381078708,100.401845807
56.4085874029,100.489764698
55.8138377946,100.635554903
55.6569899198,100.741040884
55.507879899,100.806392613
55.1992643095,100.977552346
55.0620532282,100.970791268
54.7973282054,100.926169451
54.7434911864,100.869648195
54.7588506511,100.7841717
55.0001112921,100.663335263
55.2507383577,100.55312772
55.7901073489,100.286008567
56.1142723317,100.250215671
56.5515523808,100.180475899
57.2079520663,100.126707629
57.6320050088,100.146303225
58.3641839032,100.009393549
58.903062101,99.8546438776
59.6102496976,99.565194502
60.9039921428,99.1409951274
61.9576451712,98.8754513839
64.0155141354,98.3047217562
65.6896594067,97.8949296144
67.5399832148,97.5009019913
70.2301040786,96.958836612
71.8264186885,96.6055388383
74.1858661425,96.1324275982
75.7934464175,95.9273138034
77.5588017443,95.8345141143
80.5599050296,95.5306798835
82.7548668304,95.3359870597
84.8749702703,94.9512053003
87.8912921202,94.3024837243
89.7254230633,93.8149780564
92.4929464807,93.324803446
94.3489667837,92.9155666818
96.2519774123,92.6069173633
99.7189730884,92.55568813
102.449014706,92.6019463146
107.111530382,92.8541307716
110.472002958,92.8247570078
113.861745404,93.0096306863
118.951442201,93.0311604403
122.175847986,93.107486466
126.511341839,93.0823695317
129.118511444,93.0506415036
131.469685378,92.8615042123
134.61637979,92.9412623875
136.415502579,93.1625569843
138.770212703,93.4620663786
140.106535404,93.5436045265
141.257808868,93.5327805244
142.713220941,93.4683983366
143.555702038,93.3932348654
144.624438786,93.5177556009
145.241758244,93.6689368266
145.854478014,93.9236855456
146.870744296,94.2649043847
147.773681934,94.4249886041
149.508660254,94.7083829082
150.667493373,94.9818786649
151.988369998,95.3674735579
154.119612913,96.2108959222
155.393841896,96.9161374595
156.427085127,97.455577824
157.680595368,97.9889242442
158.291835395,98.0816000299
159.125167826,97.9966217264
159.637972344,97.8496760599
160.160590619,97.8186446934
160.803596292,97.6650711973
161.225503165,97.5268557892
161.774048828,97.2646352173
162.303057997,97.0927998756
163.070975507,96.9961363269
165.69365244,96.8066440197
168.18298724,96.7763998347
172.222104372,96.6485418608
174.808624093,96.5854091321
177.140323184,96.5412164117
180.267261923,96.3833410262
182.240729886,96.1926321041
184.859100619,96.0491078276
186.601617543,95.8393787693
188.146054203,95.7266260497
190.106592789,95.4987522426
191.201387292,95.3678555272
192.331548304,95.1338927172
192.863315416,94.9391316074
193.145078629,94.8722005556
193.399394942,94.7113523919
193.458914362,94.627712901
193.384814654,94.5671614796
193.222822503,94.4442817663
192.598126572,94.2395776218
191.378801575,93.7900178177
190.132378898,93.4913888167
187.361047544,93.2519382134
185.074745552,93.2238943187
182.429574973,93.2289156719
178.186522315,93.3497033315
175.460378707,93.4552465679
172.950361539,93.5483471234
169.803934931,93.6328151909
168.093510921,93.7615127498
165.895930155,93.9081176183
164.557110854,93.9908676197
163.38924308,93.9851551552
161.906723652,94.0014799913
161.197319002,93.9839306424
160.302827497,94.0498557185
159.739994588,94.1419896908
159.075994049,94.1938738881
157.778254275,94.3207484961
156.377156879,94.4578418051
153.411994611,94.1610619438
151.377547078,93.8502389643
149.405944053,93.7843220768
146.915970859,93.9563621464
145.607210114,94.0712758229
143.826968135,94.2367055852
142.646336748,94.23627424
141.428188175,94.205242999
139.586865626,94.1122143225
138.34635629,94.044458364
136.251357199,93.9472684139
134.560896583,93.9674180693
132.627666058,94.0333132258
129.135472101,94.066255367
126.407702407,94.0975452383
121.889564604,94.188242781
118.844911903,94.4454935739
115.932109326,94.7493871067
111.874366879,95.1683337574
109.413981913,95.4057285947
107.284818933,95.6602525697
104.537311231,95.997992469
103.018134745,96.1445275809
100.930625867,96.3482106741
99.6391749982,96.450566802
98.4092953715,96.5070524009
96.5705596972,96.6781871294
95.295587711,96.7473110637
93.4724534116,96.8245740773
92.4266717776,96.9318248057
91.1141131504,97.0651125174
90.4901061169,97.194072638
89.9149041533,97.2506783078
89.2067584778,97.3899767714
88.7857202908,97.4046096104
88.3640560305,97.3921818598
87.8723801545,97.3767099035
87.6227382737,97.3483261638
87.3951109704,97.3699187283
87.250023507,97.3694559062
87.1028147138,97.367749079
86.8819154613,97.2532517865
86.7510210323,97.19544272
86.6494366385,97.1041133257
86.6295165065,97.0680902064
86.6620889538,97.0209044766
86.7544261365,96.9417477019
86.8241838701,96.8906045035
86.9612183057,96.8060623623
87.064549265,96.7855466334
87.1965783322,96.8086584804
87.3914877154,96.8960726677
87.5366944045,96.9765062084
87.6695291333,97.0719287474
87.9342657339,97.2945921102
88.2378599367,97.468305074
88.7914260188,98.022427993
89.0205677269,98.4187154109
89.4157211384,98.8299375709
89.7567859428,99.068567962
90.3218597585,99.317455501
91.8952440032,99.8654259384
93.72029361,100.453343237
96.367730174,101.164279261
100.895398294,102.090403055
103.993675594,102.537498458
108.689915867,102.68047562
111.974541025,102.709735703
115.135319102,102.670073049
119.496209173,102.532016773
122.103658335,102.532629474
125.826207047,102.265010158
128.233641986,102.122385053
130.577322961,101.912714323
134.041896301,101.650117698
136.480725168,101.545427063
140.24692104,101.265965856
142.95855219,101.064981026
145.953624955,100.848993872
150.279682461,100.603515928
152.890107588,100.418034931
156.283347134,100.006926637
158.110433663,99.714837118
159.710452202,99.2495202589
161.841153329,98.4362864265
163.154386987,97.8839240158
165.176262598,97.0841581882
166.468637007,96.6083402289
167.771475405,96.1618729786
169.786446166,95.7176995688
171.225345505,95.4744632351
172.727225378,95.2772170978
174.993999473,94.9408908959
176.45017749,94.7307553582
178.518248243,94.3151566974
179.862153903,94.0889741541
181.116982782,93.8130062663
182.812338262,93.4569682473
183.976883218,93.2476780342
185.740393055,92.9269386362
186.992343201,92.8337257621
188.246665602,92.7109332565
190.082125906,92.4151929018
191.093505624,92.1946652002
192.386438674,91.9445687197
193.220081607,91.7669744392
194.043595897,91.5772153116
195.730537856,91.1074902148
197.167884549,90.5639822295
199.590890472,90.0832445919
201.407371734,89.8079253968
203.428520126,89.5928960475
207.139521752,89.3663801089
210.199641666,89.3583340972
215.316973609,89.4177085399
218.902044051,89.4897772449
222.314851637,89.6207651925
226.782196905,89.818468386
229.107665444,89.7416270014
231.799444724,89.6611082636
233.025827991,89.6985340175
233.883995717,89.7255981757
234.591697407,89.6415717874
234.727227821,89.1903169998
234.694358716,88.333792374
234.909959343,87.6026424573
235.44821718,87.1806087579
236.909663534,86.825961587
238.269685431,86.7432223111
239.788996441,86.8646648967
242.41049563,87.1741101383
244.304570504,87.370335367
247.237644427,87.8067058885
249.2645592,88.1221096153
251.301033489,88.4263816389
254.619354261,88.9120420642
257.033469984,89.229069244
260.747357498,89.8244608271
263.24435667,90.2241344281
265.804551044,90.6151042002
269.33525485,91.2998287944
271.263124485,91.8779637203
273.504394707,92.7782761981
274.461768416,93.2900732917
275.202961383,93.7339937642
276.157594971,94.3848160394
276.507338176,94.6730992358
276.364510669,94.9814086983
276.096491984,95.133345565
275.941588504,95.139230538
276.062072931,95.2020402116
276.660008264,95.2400481596
277.67820698,95.245576481
278.271389421,95.1315205251
278.822438948,94.9684501398
279.523372455,94.8691655113
279.906041789,94.937510515
280.41003127,94.9497682715
280.642667254,95.0125205348
280.872800806,95.0187126577
281.051232826,94.8100272125
281.085772793,94.5736149987
281.018941574,94.3041618286
280.887353943,94.0859635258
280.77102653,94.0332986292
280.577421358,93.9716830205
280.493780401,94.0491046263
280.438156065,94.1775854433
280.397765522,94.3531910305
280.350362593,94.5316201155
280.365780548,94.9238088815
280.689541033,95.0783058961
281.161032329,95.1967766085
282.189991464,95.3799649431
282.977799328,95.6402139019
284.439174978,96.0737370169
285.44623126,96.4644921549
286.395515916,96.8607927849
287.379516376,97.6636305907
288.111277566,97.801940632
289.501680096,98.169230258
290.537248232,98.3380168998
291.617434555,98.5743607688
293.194124828,98.9376442729
294.157322963,99.1821031592
295.688276184,99.4285646091
296.708199145,99.5927892475
297.843331284,99.6509575461
299.68353763,99.6389697921
300.847662248,99.5812417638
302.349845423,99.5473335804
303.020726396,99.4454071104
303.317342834,99.2496639795
302.712386341,98.9420483474
301.617881882,98.6422186257
299.457435978,98.1349407531
297.311859508,97.6328900448
294.700940174,97.1034784299
290.104021153,96.6215093743
287.030457595,96.11127057
283.932927814,95.704324574
279.281717091,95.198189193
276.427027244,94.7192049973
271.951853098,94.2391515391
268.993190832,94.1599499633
266.055408346,94.1683346024
261.861713254,94.1080465153
259.22506038,94.1392676735
255.201062463,94.0085649546
252.372760805,93.9432610657
249.347268273,93.9363577428
244.837587411,93.9498305859
241.940032366,93.9970808716
237.758700223,94.0992262717
235.200906339,94.103383883
232.770067865,94.2319851383
229.534401461,94.6403444877
227.611070943,95.0102497362
225.872285949,95.4174991435
223.826301939,95.8429667454
222.902686211,96.1396204543
221.856730418,96.5276243215
220.548242032,96.6002764178
217.286330811,96.7511158432
214.408474471,96.7294995673
211.137356791,96.7148247143
205.646573514,96.6320904673
201.719794892,96.5211226755
197.028755963,96.2879871186
190.239309279,96.003347652
185.8149005,95.84404786
179.981703584,95.6012961919
176.61856112,95.4672318756
172.33690915,95.2381174367
169.943384978,95.0108410795
167.828123341,94.8671992755
164.782889406,94.588716453
162.778829392,94.3984676012
160.70062614,94.1679319065
157.83627904,93.9729734982
156.206127745,93.8335343737
154.175234974,93.7983325452
153.071459919,93.7722990509
152.179603376,93.7848402204
150.934291961,93.8218962102
150.193016428,93.8489768503
149.188897009,93.9895680403
148.627931508,94.0469396012
148.121057573,94.100224923
147.401350055,94.3053991537
147.009800696,94.4606178518
146.254981016,94.6530417542
145.758784548,94.7678094253
145.287113164,94.7637052859
144.72941213,94.8006745172
144.411933934,94.8118581764
144.171001911,94.8272136319
144.048627849,94.8058516548
143.95151956,94.7620645299
143.921909472,94.6229328693
143.995232171,94.5591261859
144.169386027,94.570197291
144.877379357,94.5912469867
145.450066274,94.5779274399
146.530682024,94.4670353683
147.352389426,94.3662321015
148.77684785,94.0979255418
149.829236576,93.8970236235
150.933345946,93.6948692381
152.698226991,93.4673538742
153.956956969,93.3102119231
155.159892981,93.1956168614
156.953111207,92.9570244037
158.132649458,92.7753806206
159.861761907,92.5173350336
160.899480488,92.2840319833
161.879811906,92.1721861887
163.391508642,92.0757748228
164.456584723,91.9956246845
166.163343351,91.8913823618
167.322882863,91.8672516505
168.413423473,91.7706864691
169.833123687,91.4405378378
170.657220322,91.2498922905
171.886789396,91.1063654055
172.796529539,91.2220594205
173.953445815,91.39590207
176.51137846,91.5638674096
178.935702554,91.5692365297
183.800140435,91.5685531875
187.606718157,91.7916854312
191.687041227,92.0902661573
198.108231519,92.533442641
202.291353425,92.8084106137
208.061959207,93.2282152114
211.622967492,93.4671687443
214.976991202,93.807738763
219.73746184,94.1064094832
222.679789062,94.1517166529
225.448047755,94.0620534653
229.601095626,93.7776728795
232.523005959,93.5680445383
236.988452453,93.3796373705
239.948211557,93.1673882916
244.386427288,92.8720933719
247.322766429,92.8017516404
250.200023776,92.8144631352
254.318529737,92.8690752696
257.115653815,92.8587114157
259.907433628,92.764083688
264.38636289,92.5144824584
267.415107011,92.4638524469
271.721063064,92.7410200253
274.384223302,92.9796070181
276.979558036,93.2619498674
280.969173979,94.1683851656
283.718766628,94.775928942
288.37394388,95.5382919526
291.919613519,95.8778019647
296.003935297,96.1683545092
302.465531985,96.7013858509
306.486853174,97.0544673695
311.826655981,97.8852898937
314.880597771,98.3374840099
317.507633522,98.7163713638
320.837289062,99.234498562
322.874908128,99.5371858898
325.88790705,99.7312488803
327.939825768,99.786462058
329.975940395,99.9072308002
332.911409101,99.9990818991
334.773517455,100.089452821
337.544485261,100.484099805
339.615679248,100.860831181
341.844441291,101.155369666
345.820611334,101.143759964
348.521305512,101.357600773
351.892763458,101.812171712
353.32801705,102.081692536
354.088237711,102.335136208
354.894066121,102.453202336
355.346025584,102.557464755
355.62000387,102.306052573
355.397924936,101.957889808
354.782086428,101.576722969
352.923185584,101.111810887
350.849632867,100.931033879
348.642599202,100.667925716
345.160304023,100.268376845
343.092018423,100.086512237
340.347601973,99.7792119304
338.644750477,99.7327195415
337.107832901,99.7202725617
335.285374756,99.589704625
334.313883725,99.6126615267
333.237475058,99.4270161377
332.695127267,99.2901535181
332.308565216,99.2022433449
331.977153959,99.1741022761
331.907465513,99.1400319239
331.918941663,99.0039251388
332.065196731,98.7016237865
332.168808621,98.3111236634
332.255689104,97.6718727566
332.288012684,97.2327813779
332.370296999,96.8228527361
332.712346204,96.1904615901
333.113307233,95.8514365283
333.907703033,95.5817728567
334.775524434,95.4129370771
336.990414967,95.0957582972
339.550333216,94.550174583
343.191442332,93.7811416039
350.480538256,93.0157280328
355.489138767,93.0545058835
1.90209429779,94.0339248216
5.09260071005,94.8734112568
7.5167777627,95.5343201049
9.92177615266,96.4526576523
11.1244872564,97.0738310666
12.3765134179,97.6167759468
14.1867220988,98.4371779189
15.2919513533,98.9065955391
16.720159706,99.5452539293
17.3336044517,99.8240612479
17.6488075254,100.218193549
17.5151373227,100.403825132
17.3067486862,100.412674704
16.764900985,100.450742599
16.3933152013,100.425173634
16.0055852728,100.33950525
15.2757806262,100.24829988
14.643705625,100.125464844
13.4838924175,99.9394641228
12.5577099576,99.7842976007
11.5556950776,99.7114417761
10.2139184493,99.5234448265
9.2882951228,99.3512327941
7.54528860611,99.1386259334
5.97345597289,98.9438508921
4.06342222814,98.8033818192
0.236075384349,98.5321438329
357.20259412,98.3528637378
352.295366524,98.1525366381
348.877521068,98.067629523
345.785395728,97.8831633887
341.150473197,97.8099863004
338.263604203,97.7699764195
335.380490992,97.6678302155
330.68646038,97.6439775494
327.300455113,97.6406935356
321.59689737,97.4127812216
317.4450424,97.0516299784
313.189084417,96.7917729873
307.048997371,96.592827415
303.335006123,96.5142953224
298.228935473,96.3824969817
295.204547812,96.3839547469
292.18868787,96.4753849813
287.801669502,96.5174036436
284.795248068,96.5465902941
280.153981765,96.6173672129
277.271191872,96.6098913915
274.506029349,96.6867494932
270.613843064,96.8167813002
268.080206464,96.8666917688
264.047033113,97.0342291318
261.130136057,97.1231293569
257.99211333,97.2008495075
253.226130794,97.3227451079
250.108206834,97.3003216461
246.013045085,97.1849490368
243.617826323,96.9215513572
241.539803021,96.3879046467
239.237419424,95.2090128176
238.388755934,94.3107000373
238.043986415,92.5603292449
238.428860503,91.4051955836
239.258172466,90.2176564506
241.859860451,88.5457466988
244.37949147,87.501309547
246.53743549,86.4798365121
249.380188516,84.8285038422
250.925066154,83.7059654395
253.228225327,82.0887557965
255.033380093,80.9098343091
258.256987331,79.4527483426
260.774901846,78.7473045016
263.442095313,78.4046783792
267.228339941,77.434926594
269.498331703,76.9560887618
271.522819579,76.4496191982
273.81446986,75.9987095974
274.853328311,75.7977361299
275.711171266,75.6649948543
276.002394277,75.7592998966
275.799873823,75.9491247338
274.571118914,76.5486190957
273.006459654,76.9232691735
269.425354132,77.5979938701
266.327504028,78.1628506029
263.002236436,78.4663679282
257.766340859,78.812225587
254.344238115,79.0159833262
249.184271413,79.8047643422
245.919219977,80.374697136
242.599174838,81.2444073956
238.243972126,82.3170396835
235.945690129,82.9173987661
233.261654451,83.7781682686
231.816480059,84.2698405687
230.572764285,84.7785303055
228.656362265,85.5142816873
227.387526642,85.8903753071
225.394942209,86.2944397684
224.114617965,86.559642824
222.877907812,86.6182084776
221.288847667,86.6650963429
220.349091601,86.6254290386
219.279647986,86.6275146324
218.783171668,86.7264190865
218.441276826,86.9019803869
218.109714341,87.2262040639
217.843744607,87.6066656405
217.574492312,87.8996556713
217.27723389,88.3636005276
217.124153742,88.6015926498
216.877098798,89.0144788256
216.689863584,89.2546489854
216.564869126,89.4749122322
216.506023118,89.7731269435
216.530382439,89.9430962149
216.662768164,90.2299505972
216.82472848,90.414855765
217.049086106,90.6588272797
217.352227792,91.1952569879
217.502044699,91.6893384723
217.631389652,92.2837785983
217.673568241,92.7229545877
217.693919753,93.1529281016
217.761731434,93.6054282052
217.858992854,93.8697184771
217.976898005,94.3831140855
218.103389485,94.6316282899
218.240950681,94.868771322
218.480508795,94.9555515074
218.707313303,94.9045959973
218.967290657,94.7483083624
219.080960866,94.5920429621
219.211926542,94.4385371873
219.325416732,94.2259405054
219.378507555,94.1747934037
219.365382573,94.4180884056
219.30880433,94.811330474
219.307175518,95.0741012815
219.375962299,95.1817377097
219.500187039,95.2140256673
219.6332363,95.2908229862
219.69331884,95.339660033
219.726452049,95.3378639633
219.890757196,95.1315638735
220.072622439,94.9866133912
220.230037953,94.8793275765
220.387992387,94.877128604
220.451381255,94.8783211096
220.567766654,94.7467775915
220.684563931,94.5266555015
220.740593324,94.414227478
220.724499578,94.394856718
220.572426247,94.4173384954
220.436902807,94.3168947766
220.269305163,93.9848439696
220.190771414,93.7919229273
220.092871735,93.752573133
220.032729291,93.7541230261
219.923534636,93.6687256
219.904998683,93.4189235016
219.962446538,93.1869210139
219.983550002,93.1063164536
220.020773534,93.0774165264
220.102207787,93.040451417
220.176199583,92.9147422191
220.316693308,92.6929615781
220.522211398,92.5155532817
220.642355173,92.4791280172
220.745588578,92.3958226286
220.835378802,92.0491371853
220.960271596,91.6855305186
221.075203896,91.3778477596
221.107305933,91.3402973493
221.154089985,91.2268688235
221.197889863,91.0848966816
221.270844971,90.8199584021
221.348067714,90.567864199
221.301599707,90.4753936072
221.174933855,90.3644872333
220.922045896,90.1142612907
220.760952584,89.8769630301
220.592878547,89.6740553011
220.50917143,89.6159362012
220.452842324,89.5919100965
220.336146446,89.4319252456
220.295992769,89.2027936196
220.199740375,88.9806962482
220.100337754,88.9660548912
219.983315367,88.9594606983
219.818460685,88.8731573982
219.76134307,88.6515352383
219.814763973,88.4181071133
219.811319969,88.3804994174
219.813848821,88.3704774549
219.82591466,88.2552871825
219.911538306,88.0871869826
220.178816352,87.8868092435
220.358524945,87.8496678113
220.572163189,87.9024576224
221.046660698,87.8507436187
221.603714888,87.7272504116
222.478043419,87.6553008346
223.212062582,87.738637598
224.075354954,87.7774819799
225.435383827,87.6472976751
226.567437122,87.5558657931
228.725107193,87.591781273
230.466201789,87.7769194461
232.38162384,88.0281225736
235.569619431,88.3367053728
237.823554922,88.4529509289
240.165407542,88.5110437763
243.623898418,88.8434502528
245.845247381,89.1672165183
248.938775786,89.3750697813
250.818237909,89.4534083338
252.641910135,89.4675684526
255.131830641,89.6375984831
256.712195692,89.7812874568
258.784826775,90.0860750523
260.001588322,90.0808619574
261.087378786,90.0339990083
262.504067476,90.1474867922
263.326821305,90.3125400312
264.63319608,90.4259437448
265.616540688,90.3859726755
267.000412517,90.234036789
269.309622934,90.3250753743
270.883999621,90.4793687609
273.141255128,90.6712771769
274.633958353,90.6228923338
276.076305014,90.6081263822
278.278710263,90.736561169
279.711384912,90.9613633517
281.933197653,91.2002425315
283.386830651,91.2953082614
284.853046143,91.3987848176
286.77583811,91.7145543373
287.933713329,91.9523520029
288.983426731,92.1302486807
290.405404194,92.4209964507
291.227221632,92.6126359145
292.423590612,92.9757226484
293.10088494,93.3609060979
293.468678773,93.8165032333
293.113332442,94.4028299698
292.445968926,94.7323974566
291.446335686,94.8528041993
291.031719373,94.9484443931
290.986793106,95.03322194
291.264655546,95.2151954827
291.831034513,95.4679366377
292.37469267,95.7454049571
292.512458364,95.6392643159
292.666638847,95.5753388512
292.823136325,95.4616830675
292.951618837,95.3959504359
293.189962584,95.2928227747
293.421870225,95.2452773994
293.603790117,95.2737426497
293.721018337,95.3346549208
293.569672547,95.3456596912
292.109196363,95.2452072195
290.397337977,95.1760979053
288.392793742,95.0215726406
285.498293664,94.7831991748
283.920907851,94.560627022
282.673979605,94.3486231319
281.311766505,94.2609081152
280.838117143,94.2706953505
280.924916077,94.4300933394
281.011710588,94.5074273771
282.100152751,94.7878286916
283.959552742,94.7357891563
286.703328809,94.7948320382
292.402771105,95.0144500326
296.835410983,95.3077370617
303.395949316,95.5357878862
307.146663692,95.612115549
310.569315039,95.6634684777
315.181802727,95.613651733
317.997550082,95.5696295251
320.62188882,95.60245663
324.082187576,95.7854820678
326.297108431,95.8136652233
329.688039738,95.6304268359
332.170511745,95.4428266978
334.759223017,95.2711246411
337.998570841,94.9758111703
339.624694623,94.9341470442
341.602094136,94.7755401121
343.255032225,94.6777201615
345.29780394,94.6785095563
349.015169213,94.8448432654
351.727473737,95.0853965509
355.298413796,95.4904428244
357.394999627,95.7759303458
359.197582338,95.9877227021
1.80384413393,95.7922576825
3.50678838619,95.5915611682
5.96226215202,95.3577425831
7.63713995611,95.4408685129
9.49256017456,95.5701309604
12.6996003549,95.6637291258
14.7434513021,95.7277445334
17.0472477843,95.8149921492
18.0437415278,95.8622495955
18.8114784311,95.9236290965
20.0207066627,95.8234627986
21.0326772631,95.8189975605
22.0869590371,95.747922503
23.6573297702,95.8600623529
24.6518557681,96.1072475418
26.2420229264,96.4827515821
27.3564414258,96.6145655461
29.1242566839,96.9910318551
30.3296285308,97.3640569642
31.6376793885,97.7702175685
33.8867624016,98.2171846137
35.5036098932,98.3943759189
37.335290541,98.60600822
39.9948196555,99.1364904594
41.3843295696,99.4527631791
42.9605459929,99.8816441135
43.7087228148,100.005390543
44.3317287323,99.9940613744
45.266793958,100.083689382
45.937678385,100.044331212
47.1881826165,100.008860509
48.0870901196,99.9203428024
48.9565426984,99.9691803512
50.0098787981,100.242062496
50.5996199491,100.425580876
50.653287922,100.459847248
49.6799101985,100.151174934
46.6994974197,99.447115006
39.0822311607,97.8043981189
32.7326931063,97.1985455714
26.368580603,96.5097437457
17.4945620244,95.6178725276
12.1759468053,95.0998178906
5.15638116172,94.8892322332
0.937197886365,94.9327236065
354.98454414,94.9251649735
351.325979749,94.7484711536
348.108654616,94.501352752
343.367127244,94.6286462617
340.289178464,94.6940438329
335.583665772,94.8392574292
332.704635578,94.8359379959
329.930587854,94.8820137078
326.299247347,94.9784069868
324.120042154,95.0571758854
322.14200977,95.1965438757
319.406729918,95.395598479
317.696259976,95.5189473783
315.22348163,95.5857886406
313.60927686,95.6313625381
311.998911826,95.6710393174
309.552636258,95.8917342188
307.930483024,96.0632645341
305.665664555,96.2631971998
304.219351932,96.3193756753
302.814445084,96.4000477622
300.765512494,96.5691992752
299.462452735,96.6423774763
297.430192745,96.7393604841
296.041412966,96.662802152
294.477162606,96.5933856475
291.892238593,96.4595894793
290.158242364,96.33887582
287.805670905,96.2599445524
286.449732108,96.247124329
285.261265806,96.2294797195
283.656754512,96.2404035639
282.669987543,96.2706610321
281.237199587,96.2892989704
280.353445672,96.325975918
279.477898367,96.4090321208
278.300569521,96.4922621475
277.520473906,96.5521397799
276.369472791,96.6432203684
275.539188968,96.6770630993
274.653641606,96.7277873682
273.086851863,96.7079716194
271.961226872,96.769614553
270.935376002,96.8558950055
269.59073645,97.0379433909
268.857908541,97.1549658837
267.914711453,97.31437989
267.416169562,97.3742742979
266.948552874,97.4372188192
266.384970755,97.5145124446
266.111366904,97.5466138494
265.797995965,97.555538902
265.645847219,97.5688937759
265.502263233,97.5613167768
265.389071006,97.5512559996
265.373502615,97.538378803
265.484217041,97.5120326303
265.665553273,97.506426488
265.927587302,97.4921243212
266.517560757,97.5001475372
266.980675048,97.541696232
267.819154772,97.5994288471
268.539316772,97.6341455032
269.32723146,97.745676128
270.81062139,97.880380363
271.901135698,97.9645040008
273.630078804,97.9839481394
274.853100785,97.9703507103
276.15811381,97.9398334706
278.421017925,97.9031550863
280.079459289,97.8892086973
282.970901664,97.8748885837
285.21349298,97.8832413614
287.725596799,97.8695087408
292.005487175,97.9312058465
295.185048186,97.943078997
298.560583923,97.9660776963
303.903485211,98.054162854
307.629205959,98.0810717582
313.315087202,98.2181085294
317.233711339,98.2194866108
321.226219643,98.2722103863
327.241326707,98.2252261853
331.409807014,98.1728729295
337.875754938,98.1412319669
342.130361366,98.1970389078
346.199853366,98.2495276397
351.809231959,98.5221088136
355.171720088,98.6899925164
359.939945222,98.7831531742
2.90533437469,98.9862698856
5.67864488872,99.0774102774
9.66290389318,99.1489953704
12.2831251779,99.2038595361
16.4896291792,99.4947386844
19.5849863944,99.6634890909
22.9317302883,99.792163475
28.0880411045,99.9053646206
31.5381258047,99.9033909824
36.637496666,99.8535482461
39.9765261393,99.7704493281
43.2430754385,99.4226374495
48.3057466983,99.2523472241
51.7986297082,99.120568012
57.2563359073,98.9659330737
60.9625383826,98.8967001972
64.5073568453,99.0552284397
69.0769585327,99.518673289
71.2189049527,99.7098147731
73.1859559903,99.908432939
74.2061494735,99.8983682339
75.435926935,99.7415739522
77.7573473704,99.6269216463
79.6801788482,99.5155032214
81.6404668077,99.4900802468
84.4143146954,99.4175650185
85.9638037525,99.4210925523
88.0756809847,99.3305724583
89.45300358,99.38829327
90.8521895853,99.5271144686
92.9623475975,99.6942678285
94.4998815865,99.8042769031
96.8209287233,99.8251665809
98.4203065259,99.8137096357
99.984731601,99.7164337836
102.137547882,99.4056897699
103.336073439,99.4385966125
104.767197012,99.4129973645
105.407466415,99.4312280278
105.991766552,99.3231726202
106.889565117,99.3124669474
107.576811652,99.3521206724
108.572820159,99.3819411956
109.099536625,99.3962279307
109.488061136,99.3166859784
109.558112571,99.0691484314
109.481357013,98.9766934893
109.249642537,98.6692027582
108.748493671,98.223073535
108.462083616,97.9717163741
107.952134303,97.5945284155
107.522176528,97.3117688374
106.870154656,96.9027192944
106.499275315,96.6416328981
106.168926655,96.4256280925
105.742730901,96.3009574976
105.448885582,96.2104158422
104.985928909,96.1635307359
104.694883834,96.1752087244
104.486389533,96.1993824188
103.978305058,96.4310028222
103.707735291,96.5946809465
103.515891178,96.8434849408
103.220349209,97.5083724853
103.045802697,97.8608638114
102.998614408,98.088463084
103.047217877,98.0964136372
103.147324104,98.1934919563
103.616979669,98.7012850906
104.043611702,99.0523510695
104.777726799,99.921652099
105.393859006,100.378829592
106.121398291,100.779866368
107.637639397,101.367391637
109.013086272,101.849867772
111.170294692,102.763832806
112.115488392,103.317909392
112.993574778,103.640125184
114.92593827,104.109305763
116.648210225,104.284694347
118.509302799,104.419350139
121.086674032,104.64648324
122.413114293,104.943306753
123.950779051,105.005256428
124.686733426,104.961313729
125.873234088,104.639565029
126.634250082,104.443061643
127.230461874,103.801928804
127.790347224,102.606440788
128.417308531,101.773907821
129.815054808,100.233042592
130.844776891,99.1368855208
131.818494573,98.0963067071
132.992614908,96.7881733303
133.728228905,96.2314615995
134.460313197,95.9726864198
136.15200134,95.9002843361
137.602290947,96.0808824511
139.530828768,96.0778594662
140.496634656,95.9731349609
141.160112971,95.8053674649
142.09291916,95.5087907642
142.708661286,95.4348788444
143.66748132,95.4705770114
144.231474752,95.4170604332
144.775537526,95.2106581514
145.055704656,95.0296417939
144.84422944,94.8695609208
143.966544001,94.3749796176
143.267447937,94.0274274848
142.428319604,93.7112127828
141.287834753,93.4445917478
140.549354573,93.4641464328
139.349608232,93.6200321208
138.456716143,93.76237007
137.51719183,93.8643639244
135.779663462,94.0543541036
134.473581933,94.1736390976
132.927574606,94.4914107179
130.568257427,94.6941485231
128.613049849,94.9597819243
