175.659915748,100.448028406
175.320324414,100.596236984
175.13498417,100.590776972
174.801589531,100.554523096
174.585082454,100.533103288
174.247873487,100.489113922
174.086805794,100.465952461
173.936409656,100.415675717
173.768644733,100.30156465
173.729700924,100.169909796
173.805600686,99.9324171396
174.347019992,99.4042229936
174.919601814,98.9177904291
175.829691,98.0286318373
176.399954867,97.4120007274
177.109797406,96.6419163304
177.443279437,96.1118745519
177.691214436,95.5790633611
177.902413011,94.7835806352
177.989144096,94.2103594658
178.063241899,93.4886638911
178.11430805,93.1029672471
178.131216522,92.8237320061
178.103771822,92.4858235783
178.042574456,92.3645413314
177.880095624,91.9999421607
177.791226265,91.944240713
177.704611228,91.9062578334
177.577502073,91.8191737417
177.523228176,91.810122445
177.443200442,91.7285316223
177.393626127,91.7694270851
177.35139786,91.7754223642
177.258739152,91.8954086154
177.18254651,92.0699907314
177.053505111,92.4322514381
177.026011466,92.672932789
177.055474069,93.1229502182
177.419515404,93.6148144976
177.819609903,94.0139060049
178.316186501,94.2180743152
179.209978306,94.5005481649
179.816969801,94.7140677412
180.769456029,94.8674381051
181.359790186,95.0629089225
182.296425612,95.3241284191
182.88827261,95.4881985592
183.459188385,95.5478334251
184.116508729,95.6895678412
184.388195312,95.8760080287
184.502762925,95.8790468256
184.610362525,96.0092462642
184.587345628,96.1053631174
184.429508948,96.283420109
184.262806,96.3649671701
184.024418813,96.4462295782
183.516154724,96.420863287
182.898467275,96.3510460614
181.571760038,96.2150671975
180.285468377,96.1929787398
178.932099798,96.2938485726
176.967527544,96.6718025096
175.806138323,96.9388891574
174.300950352,97.3198654294
173.534735122,97.4017030349
172.968181154,97.3881205223
172.489566797,97.2911972182
172.503863626,97.2916953021
172.323938694,97.2611774374
171.193188494,97.0753026389
168.933383466,96.8676297087
163.517206191,96.7011145202
158.450844762,96.6732400154
149.51641354,96.3189963207
142.653869142,96.2166573376
135.690531365,95.7384726696
124.184953307,95.1794318987
116.458124759,94.6245995259
104.997144428,93.8581794903
98.5109696503,93.6565634178
93.191210694,93.749495753
86.9409244173,94.7016169556
84.0697394502,95.1053893632
80.9312765494,95.5306675026
79.4497002033,95.4936578848
78.1574533711,95.5870807953
77.1167965713,95.5727304213
76.6538838704,95.5960112641
76.734869988,95.6383636776
76.6197088986,95.5627156009
76.6974595023,95.5699489538
77.2179180862,95.2965629496
77.7306047045,95.5464845734
77.9947910513,95.4502687827
79.3918576244,96.1189285118
81.848048648,96.0278543297
89.0249514437,96.2727354019
96.6160919662,97.2590946416
110.938565515,98.3241696433
121.233326171,99.1587713475
132.454563238,99.7535726104
149.782899322,99.9168073552
161.497043425,100.052613164
176.269061937,99.3439935331
185.320387643,98.319536857
193.2499827,97.8720451653
204.439965151,97.4121184846
212.041026299,97.34030408
225.249250573,97.8168727451
233.778038766,98.2680418126
241.856470174,98.9645934176
251.270100322,99.9126242674
255.100112755,99.99912518
256.118788084,99.6163055542
255.046837793,99.0602390707
253.534024773,98.4478851504
251.953069408,98.174354596
250.611420626,98.3487444201
248.568341612,98.1038291265
242.215043037,98.0327917082
235.882171711,97.2682628369
223.37326866,96.2356864085
215.163814079,94.9509917965
201.624219366,94.0883358253
193.003864541,93.4194095544
189.127518284,92.7994233255
177.057937026,89.3250917497
174.237158457,88.1631847194
173.382227801,87.5232291404
174.305356658,88.0390528389
175.12991558,88.3380467117
175.754775837,88.8962235775
176.099134311,88.8978034936
176.221624318,88.9827752982
176.364805955,89.1738875142
176.409603929,89.4605591602
176.14791541,89.803086777
175.821965195,90.0499564861
175.626855302,90.2733139491
175.160105939,91.4767000463
174.9327278,92.6558476403
174.631663246,93.7013515418
174.437955409,93.8731014435
174.169085279,94.1495586565
173.873355915,94.2533677809
173.925051329,94.1323425189
173.976940232,94.067757933
174.065687564,94.0988226887
174.172698893,94.12423876
174.251383744,94.237174225
174.291535265,94.3356481393
174.303054441,94.5605128102
174.288262451,94.6060677271
174.193728741,94.7448545631
174.060240183,94.7969932133
173.942446376,94.7958706286
173.717651298,95.1053818463
173.362831955,95.3087988918
172.889502386,95.0626040576
171.780526113,94.37839402
170.969096736,94.0748118428
170.453953379,93.9474057563
170.760440558,94.0199656474
170.935959253,94.0824816898
171.380491138,93.9997970888
171.49388449,93.9644245697
171.570967777,93.9507099714
171.610947936,93.9582425509
171.601546652,94.0582166471
171.643650874,94.2773961212
171.743978628,94.6015032743
171.867833575,94.9982048385
171.994565562,95.3099207614
172.236945787,95.6428772602
172.470898766,95.9741905629
172.770642862,96.3196303349
173.23284828,96.958850408
173.603000177,97.2526640048
174.026975826,97.491978764
174.450328259,97.836313326
174.663804602,97.9943854093
174.8358353,98.0892604873
174.911933189,98.1561960796
174.963671852,98.2124636369
174.971520862,98.2964320905
174.919140126,98.3742141198
174.818548201,98.4124529968
174.707181199,98.346134649
174.6746398,98.3176707443
174.63847774,98.3173621333
174.638150705,98.3192839337
174.667358319,98.2949182896
174.696395766,98.3000060852
174.735802649,98.3049701659
174.807214372,98.3849480969
174.871525633,98.4184972633
174.988737098,98.5865922355
175.091388749,98.7375480465
175.21505596,99.0096512953
175.382576393,99.8906553211
175.391855634,101.119176509
175.349512696,102.283205892
175.177926438,103.453773128
174.924242108,104.00245197
174.719259053,104.241012127
174.405354081,104.673966212
174.309964258,104.63001386
174.264412639,104.685503886
174.224971827,104.667854927
174.206377615,104.559471969
174.219540046,104.376859457
174.249684304,104.028422134
174.378708088,103.431862953
174.485252722,103.244956696
174.664428351,103.251977667
174.813025301,103.360617292
175.046477863,103.125254744
175.498121132,102.096028335
175.751515032,101.220029196
176.127661726,99.7367033672
176.29752296,98.8917490575
176.440370123,98.0674843384
176.55871067,97.0388215717
176.677940521,96.2143240614
176.764615062,95.4820154636
176.933612,94.1100082523
177.029300073,93.2030114612
177.231243788,91.7619780336
177.349013801,90.9744822921
177.552971794,89.8903595755
177.710098903,89.4140880442
177.873561227,89.0721743769
178.072030351,88.8640601102
178.156796341,88.4579496126
178.16923995,88.2194869295
178.142787946,88.0828240669
178.126235212,87.9758788844
178.098265914,87.8679889153
178.028819058,87.6963349815
177.94657821,87.6433434469
177.879101452,87.5861038561
177.785522139,87.4700330929
177.689236159,87.2955258841
177.659529339,87.1873415117
177.598533517,87.1311319602
177.54756055,87.0270602521
177.514663144,86.992255301
177.472171002,87.0783156223
177.477269443,87.2008262719
177.50281439,87.4354881252
177.52127833,87.6404051448
177.526155016,87.7326610527
177.540788345,87.7373880334
177.578199549,87.8685498901
177.674464333,88.230926346
177.745109162,88.7515997554
177.846896244,89.3945945093
178.013831975,90.2670887675
178.192080376,91.1374686306
178.462034389,93.2995878548
178.637456353,95.337202043
178.859047824,97.6589754559
179.223957519,100.649291835
179.39493589,102.451316098
179.28796362,105.739947996
178.883399786,107.905466295
178.180373196,109.796075788
176.70501842,112.009345625
175.161868606,113.237869448
174.09790405,113.979336873
173.265464708,114.219478428
172.543986022,114.449616189
171.703729648,114.945652575
171.463558182,115.025140889
171.545906837,114.946189557
171.554046105,114.924500083
171.688895343,114.873476003
171.92770758,114.86789842
172.08249289,114.834109209
172.299186447,114.817822614
172.36993495,114.926210951
172.530128624,115.044262596
172.801625598,115.513717093
173.161084742,115.771837801
173.95892543,116.388797672
174.756219759,116.888266519
175.728788872,117.072037905
177.499833061,117.292990504
178.615618759,117.517117165
180.277903699,117.951992562
181.142955269,118.413666065
181.829410565,118.724080624
182.519685378,119.200941682
182.948755608,119.249519612
183.385410389,119.475033873
183.690751128,119.515026551
183.935634832,119.58813056
184.247213689,119.779047701
184.434279677,119.716894115
184.519386441,119.650928178
184.629946725,119.334988201
184.612871394,119.1915859
184.656026234,118.881084567
184.68594423,118.850549678
184.721388008,118.800521703
184.844295682,118.603786243
184.890130972,118.53880712
184.972659801,118.379522154
184.996065243,118.231792783
185.029902362,117.881210255
185.281424923,116.751890307
185.687858697,115.233539446
186.050352373,114.067385746
186.404593145,112.745636368
186.680691391,111.54883531
186.913945104,110.053318119
186.96728698,109.160518318
186.962772248,108.467516945
186.973307233,107.387778776
186.936261415,107.031051503
186.813446222,106.795362562
186.798282036,106.8450318
186.644982426,106.812464264
186.521509591,106.762562714
186.291794091,106.187834985
185.954765644,105.288049899
185.5933364,104.495342086
184.840509855,103.160145684
184.264429721,102.297960036
183.670029588,101.443435604
182.757458008,100.328367289
182.229187879,99.7114046493
181.466620047,99.0862493826
180.961105526,98.945614449
180.449930252,98.7044377441
179.835858937,98.6787311504
179.550617804,98.6066944042
179.29066182,98.9996450613
179.197305579,99.3257195391
179.176471113,99.8891722076
179.149565688,101.714116866
179.218435422,103.777594476
179.386999801,106.665069755
179.467497786,107.680686245
179.669386319,110.436820694
179.920073866,111.826751201
180.06803281,112.508306182
180.019330853,113.835281698
180.011395987,114.104103541
179.830293837,114.41134226
179.776628926,114.12727396
179.489518083,113.891726064
179.135653289,113.310996786
179.091437757,112.531162452
179.136268749,111.136819617
179.158917101,109.005717329
179.051137593,107.342777487
178.911118163,105.954203095
178.533890269,104.346358597
178.318287489,103.524766586
178.049304276,102.342955138
177.980356843,101.813551944
178.020029022,101.240685991
178.132711777,101.04517871
178.230201502,100.89788753
178.343442615,100.6712731
178.43097437,100.388157747
178.439115369,100.216584402
178.366199832,100.048341012
177.946402944,99.6857447304
176.325876931,98.1611384278
175.11666676,97.4258921627
173.898309925,96.2562768097
172.490539451,94.3620929339
171.923806188,93.1505600857
171.47061049,91.9309857163
171.370469339,91.3429898255
171.426888907,90.8894511858
171.594629232,90.1811084522
171.774061175,89.9021876843
172.032682549,89.9739461476
172.129012426,89.9963495563
172.094320618,90.0063824213
170.80397626,89.9805494934
169.098881249,90.2536338033
165.588564055,90.4647023383
163.103009264,90.6547525266
160.584527516,90.8003752449
156.939129023,91.2794277467
154.623420184,91.485042325
152.341118958,91.6931468267
150.50933235,92.1580422888
147.899612902,92.9942386627
146.096945339,93.8766176441
145.034762304,94.2433611748
143.615732166,95.1114020973
142.77695949,95.824472057
141.927510334,96.4604070246
140.74083976,96.8991440838
139.655712342,97.4070393604
138.00358898,98.1698282792
136.941455531,98.66073083
135.963035355,98.9810786918
134.757123707,99.4687885321
133.952580885,99.7764316556
133.143498534,100.006964653
132.781655222,100.058266678
132.721748627,100.062432435
132.782466298,100.015372808
132.906796167,99.9976403773
133.165478729,100.013465827
133.250193437,100.105221785
133.373310611,100.24311092
133.446207357,100.458882372
133.534727942,100.576657068
133.719481028,100.792336044
133.489973546,100.956741299
131.942616029,101.156497775
127.146722055,101.327722225
122.880261317,101.267254855
116.045117487,101.129487481
111.594513178,100.785517156
107.79947591,100.397430069
103.185437195,100.612974484
101.310295147,100.944537618
98.9404451473,101.524741003
97.9515918132,101.711331627
97.3011217035,102.033974653
97.1320786082,102.079556499
97.4972258934,102.115914679
98.920032859,102.215256781
99.939881582,102.094964353
101.059844246,102.105327547
103.133851664,102.177808481
105.022701252,102.053536299
109.397172637,102.003827816
112.883340759,101.87440838
116.90247944,101.547888108
123.019188053,101.125676176
127.290635187,100.389555028
134.96056077,99.9752052592
140.659648455,99.6679457401
146.486098425,99.8740786332
156.128355334,100.057214195
163.44595136,100.075938704
175.059660531,100.859766443
182.873424384,101.248787538
190.219739087,101.516532239
200.243569727,102.452528384
206.891854484,102.708489217
216.761954881,103.437418404
222.917872183,103.445587911
228.127767282,103.0776338
235.708559561,102.52982458
240.670818166,102.985842132
247.456355334,103.704749415
250.746757988,104.465206232
251.979271253,104.806540261
251.774218348,103.299297509
251.242756596,102.90117868
250.987735879,103.038392549
250.995939671,103.327952218
250.819300291,103.37035462
249.969179516,103.383522055
249.083340484,103.263092791
247.818892877,103.184263939
244.71354262,103.348822355
241.84984009,103.362211833
234.703004239,103.668236226
228.513127994,103.917928587
222.381271511,102.963748731
213.449816255,101.160385055
207.816934982,100.354228257
198.671323947,99.568827032
192.331824845,98.7779247581
186.87078819,97.8480419136
181.907662918,97.2441406766
175.494841757,96.432733974
170.054082634,96.5257224039
167.286865907,96.5798360737
164.817506262,97.0216209313
161.782664812,97.493192075
159.506659941,97.7817363486
155.012448595,98.3261790838
151.569813713,98.6279678606
147.740697451,98.988786071
141.754894549,98.7793132983
137.864761554,98.7087728911
132.510927109,98.2967262487
129.309728924,98.1391592343
126.783471822,97.9630448881
124.683187312,97.6272017001
124.675351209,97.4821796221
127.229798469,97.2127916451
130.942023818,96.8164613495
135.352248548,96.2868004602
143.933740278,94.8540727502
149.322593159,94.1278911446
156.475304672,92.8907815406
160.163150732,92.1809102229
165.861039019,91.3060136348
167.106330607,91.7511898077
167.598238996,92.0143111694
167.216381631,91.6670132177
167.358039378,91.6983279248
167.496362393,91.8297184769
167.762912989,91.7236805068
168.309207029,91.6783547802
169.059987598,91.8792249744
169.811421844,91.6497617579
170.645786237,91.5758415622
171.79388882,91.8316651218
172.137145519,91.8336867507
172.035562789,91.909278436
171.835910857,92.0220346779
170.871958185,92.1815335813
169.939671595,92.4198902123
169.468519469,92.5407387418
168.594157512,92.967324213
167.714330829,93.1774887431
165.911995621,93.4142375857
161.876929069,94.1133906688
158.143078596,94.595468316
151.941541494,95.3326255424
147.134807468,95.775862048
144.074072436,95.9674828956
133.49523276,96.5126121027
128.940749092,96.7686479871
123.181018124,97.0123039385
119.941643628,97.1490842561
116.766079654,97.2928097927
113.456773277,97.2797391439
109.516366705,97.3267634762
106.419632824,97.7712469156
104.619782961,98.0503870396
102.936431391,98.2280307944
100.709644462,98.3621566537
99.6896224195,98.4182035326
98.899142074,98.4676310379
98.7218719603,98.5866268838
98.6656353878,98.560085857
98.4197087545,98.4072626005
97.9921985617,98.2368474043
97.4018119525,98.1502242887
97.0109195531,98.0888008915
96.6270276129,98.0615652598
96.2846973847,98.0818118661
95.8434549795,97.9718857476
95.537323511,97.9711766673
95.4101239126,97.9542642712
95.3605432693,97.9693626673
95.5411334271,97.9051158928
96.2217647123,97.8343020481
98.1870985501,97.6257935058
100.733645551,97.3345133588
105.473532409,96.6049803065
108.011723945,95.6706600428
109.638462671,95.3245102916
110.364842059,95.3194275732
110.251644746,95.6494434268
108.775059447,96.3018879541
106.629405969,97.0045601245
103.681773656,97.6338026085
98.7643047763,98.4537136567
95.713809642,98.9383420369
93.4972648006,99.242116933
92.4402335225,99.7466922637
92.9120261645,99.9047293904
93.8096447286,100.062229108
95.9163168615,100.181495603
98.156162931,100.281091363
104.006370344,100.496190353
109.757736275,101.092770124
116.209614147,101.504393824
126.740057016,102.061159596
133.492161444,102.04363012
142.628729528,101.846829676
147.437711967,101.919171624
151.317811703,101.66179938
154.403900986,101.719229902
158.635359735,101.498762312
161.466641151,101.426428311
163.233228755,101.684366206
164.627025389,102.281948412
166.732626367,102.621553043
167.331341458,102.670118083
167.781818077,102.757653921
167.752335042,103.139360091
167.621079579,103.418012304
166.522854003,104.066976739
165.868411305,104.260852131
164.007002648,104.649138493
161.509143278,104.802329037
157.132642339,105.028939587
148.660986693,104.884197865
142.168804227,104.598446075
133.037361658,103.738467431
127.599251906,103.445584383
123.103583086,103.306386687
118.439312027,103.125521202
116.383123303,103.124213322
114.884927484,103.130049775
114.468332223,103.263945754
114.402095846,103.442711828
114.480587567,103.653300414
114.132121592,103.696977919
113.011493836,103.494561443
111.809927351,103.260859607
110.29330496,103.120129337
107.975063335,102.656917447
106.597906891,102.402608468
105.012236565,101.880654733
104.462300909,101.705779438
104.079105688,101.620744427
104.352584486,101.611585568
105.263733963,101.661161632
106.659673442,101.761136618
110.027949227,101.836531857
112.207627253,101.90580928
116.768200452,101.996637647
120.476462282,102.582820648
123.99126429,103.019484257
130.474610761,103.31218334
134.82048447,103.919110529
141.61727184,105.05366076
145.826822493,105.538996039
152.678433265,105.251086739
158.217833368,105.333102063
164.647174121,105.542018957
175.798290798,105.922891848
183.145836825,106.213433489
192.776655574,106.424377853
198.565565636,106.361433228
203.421442552,106.649750972
209.854515217,107.239175602
212.93268421,107.292769267
217.631024596,105.97640081
221.173130003,105.531977069
225.148038989,105.612320411
231.147447882,106.249389699
235.010324994,105.994096124
240.271702108,105.500843735
243.303094509,105.000485918
246.767790602,104.928463806
248.355948125,104.374076899
249.385422257,103.922891611
250.447643363,103.359349198
250.681041668,103.244885078
250.561011796,103.277085791
250.176593905,103.174354203
249.622722533,103.095413886
249.023363694,103.034370292
248.917438677,103.030086283
248.816324574,102.9085389
248.727837723,103.032715563
248.784038588,102.769438813
249.112267135,102.633234848
250.438785252,102.67652911
251.368901019,102.721644554
253.689504792,102.724495704
255.433844117,102.903734991
256.862556449,103.058855692
258.555145708,102.877509186
259.448416045,102.829559077
260.534708585,102.651897736
260.965822077,102.697340259
260.843255796,102.757241972
259.188494526,103.113945694
255.916806575,103.430633713
248.755153379,104.165184241
241.874763046,104.820916507
234.442424202,105.483119034
222.558373358,105.961687782
214.705075088,105.484514653
207.401499408,104.59206014
197.031415203,102.82003754
188.350428431,101.783691557
183.949046517,101.062799787
180.872188141,100.457554149
178.115897579,100.264500844
173.390528444,100.257264643
174.043545152,100.318215131
171.665205363,100.633857527
170.575804606,100.523567606
166.405450416,100.406944944
161.203559743,100.293340382
154.392853895,100.032649135
144.327697685,100.066822905
137.726172645,100.145149719
127.796587823,100.298601196
120.88883023,99.9204040763
114.028766853,99.5526915633
103.903150651,99.0197020888
97.4262785865,98.8237639154
88.4443689519,98.857896907
82.5751769268,98.9481027051
76.9031657629,99.1229752
71.2964686501,98.9517397083
62.6871436876,98.6660271236
54.2482023743,98.4879534651
48.6528740173,98.3869445653
42.9314303455,98.5754517635
35.3320982116,98.0875236515
31.0265873199,98.1225252003
26.7896507771,98.5743879234
24.8888871881,99.0693381651
23.2591480356,99.5621139883
21.0849695677,99.9737870155
20.5384831441,99.9639704462
20.4191345577,99.5888468112
20.8844362548,99.8304644229
22.5085589891,99.8093794041
24.5995924705,100.353987759
29.1476014172,100.271150837
36.9059567307,100.541498398
40.8040341956,100.442288567
51.2650929948,100.652706689
57.5292097862,99.4042560007
66.3753786408,99.1582793852
73.5052460035,98.8093750634
79.0251598868,98.8452917676
84.1815843,99.7180360613
94.5176835193,101.217278982
103.042490031,102.287983022
111.714122766,102.872577644
123.788399311,103.803326231
130.457737259,104.090722903
141.099254304,105.11861134
147.102534096,105.559334754
155.925226569,107.051691632
160.807132583,107.874812977
164.472385876,107.831396356
168.681079769,107.594286733
170.63938068,107.761143716
172.748487844,107.748380234
173.343110062,108.054185957
173.177442678,108.062597842
172.339317016,107.840534353
171.263146918,107.747192656
169.941534757,107.519582703
166.682621718,107.451339362
163.37053676,107.315594764
156.536787205,106.965954225
151.31290758,106.776720876
145.989305064,106.820967919
138.532639881,106.37997051
134.348581548,106.211949645
129.571384608,105.900249528
127.384963433,105.767608592
125.877093957,105.568999999
124.990341272,105.398655973
125.211573464,105.331689499
126.308965468,105.072318469
127.003016989,104.846939236
127.276939941,104.46227646
126.165016512,103.870454098
124.781993911,103.235744625
121.569575626,102.491978427
118.499181,102.068819402
115.280891747,101.660905552
110.764869727,100.785938583
108.290676496,100.33383129
105.310186856,99.7445040176
103.587128232,99.2802354774
102.045176304,98.8491092405
100.331477598,98.3482624463
100.051566993,98.4200799773
100.536969975,98.691472795
101.988516291,98.6733034248
104.210629916,98.7835523514
109.703156745,99.6203541171
114.295492987,100.243778702
122.281545281,100.980212365
127.722840893,101.552674119
132.660819776,101.502269558
139.987339281,101.130962951
144.335364532,101.458786415
150.688380905,101.600200335
154.052092564,102.080134457
156.811882429,102.003603051
159.50195204,101.909072821
161.031186146,101.754357026
163.236472915,101.813253872
164.045859372,101.903968943
166.796342558,102.286995767
167.899316545,102.516437908
168.760675705,102.48588139
170.293439551,102.554157647
171.447016216,102.670680112
172.58545945,102.739323496
174.461599257,102.541184894
175.617103029,102.531948553
177.508877252,102.49751807
178.682247589,102.575202738
179.850985205,102.478364053
181.392417776,102.53782703
182.386086496,102.492783931
183.259667299,102.554029321
184.588693328,102.410702604
185.368018327,102.343479905
186.509434165,102.217458081
187.585503223,102.024989244
190.014731097,101.701029254
192.477224356,101.541398364
194.657644593,101.456317917
197.500092003,101.221254652
199.114369049,101.161163694
201.637539261,101.005976878
203.250289493,100.86223455
204.689441925,100.724188381
206.111109529,100.913356414
206.674352833,100.961648881
206.947458382,101.047867278
207.189924702,101.022162006
207.394966623,100.976566223
207.457118951,101.008498779
207.511540014,100.945667493
206.843362545,101.022444994
205.126192501,101.124762177
203.033592849,101.436433859
198.869328518,101.587448501
196.017050411,101.686152028
193.379954664,101.721191156
189.606035479,101.569930669
187.645666418,101.221713336
184.613814111,100.970643997
182.947479894,100.780283671
181.78253696,100.692861489
181.113428389,100.786825866
181.21175354,101.040452794
181.129183298,101.139035794
180.182579648,101.134017501
178.872721159,101.203333012
174.098343248,101.166335585
168.817972044,101.03285906
164.72882382,100.958069255
161.132160639,100.600879309
158.079902541,100.314087569
153.979664732,99.7337113551
151.351817641,99.4255439484
147.246087914,99.1448570831
144.923037427,98.9835197054
142.676317604,99.0640018413
139.519029199,98.9704878114
137.523559561,99.040983725
134.572751334,99.0481515866
132.645045045,98.9634559026
131.142593405,98.9049776538
129.600235234,98.8824708862
130.35410188,98.8741419292
132.325557194,99.1646857739
134.636025826,99.4295644462
137.524995259,99.752638947
142.336963878,100.430996317
145.28747551,100.832673719
148.297094727,100.913728784
148.773529527,100.90268424
147.944892154,100.369294595
145.544715828,99.8878029866
142.831572926,99.4849476133
138.245165257,99.1095084855
134.835681036,98.9538244315
131.416511765,98.5991337417
126.48762987,98.3844983634
123.227341045,98.3099658813
118.339920985,98.4248856837
113.870286508,98.6405108788
113.931861774,98.6445032575
109.106098525,98.7170145281
107.572428612,98.8679698561
106.281136888,98.7906368155
106.244588027,98.6465917628
106.587131494,98.7421765672
107.045949156,98.7736605513
106.999938892,98.7726717872
105.588151175,99.0558006094
103.686683254,99.1202611357
101.204093504,98.9749428827
96.496825676,98.7163037269
92.4080951228,98.4505181891
87.6606028852,98.2782202117
80.3654019611,98.4528930449
75.8021232841,98.6982255428
69.5438294604,98.8301126389
65.6613948641,98.7479643685
61.0593574297,98.6829246361
58.8176304022,98.6322517091
57.0109943825,98.8013859847
54.748858957,99.0022381688
53.683571777,99.1674354247
53.5296577183,99.2899359241
54.8448746978,99.6825495285
57.6723498188,99.7135266072
63.2047133783,100.268877435
69.2991676778,100.924349157
79.4518038551,101.908601201
85.9132704122,101.619339032
92.0859047394,101.523914568
99.3174759679,101.936659391
103.208451676,101.992048044
107.124395044,101.876248503
109.711576427,101.898484128
111.452461932,102.175769439
113.327676368,102.129824462
113.333436031,101.947301934
111.858191248,101.668534542
110.013949939,101.7399138
107.932310327,101.589200065
104.265712792,101.650591617
102.320809721,101.638234341
100.459591942,101.664864648
97.8349996574,101.575997301
96.2215179297,101.531848024
94.2362813469,101.529114341
93.318844061,101.564555764
92.7851847535,101.607566477
92.9059382416,101.703407801
92.9762566734,101.664583618
93.3621240621,101.599862679
93.3967999904,101.528950663
93.4556557014,101.396527631
93.5031637919,101.21069101
93.5551633277,101.096660804
93.6371341477,100.898237952
93.6619460604,100.659889072
93.6494632994,100.531375208
93.5718752404,100.368638622
93.7200694654,100.202290789
94.6721724386,99.7615353672
95.9821977077,99.4507847875
98.0242566298,98.3357684621
102.252457561,96.3647683203
106.702732777,95.5544333256
113.971828925,95.3622540664
119.316716129,95.8873646725
124.653382214,96.4379501243
130.047909932,96.6702289489
138.053263169,96.9653435644
145.156093527,97.0553575447
148.945234268,97.1075059478
152.397868447,96.8885107768
157.125130359,97.4892421159
160.302465862,97.7330192712
164.410247786,98.4127739008
166.310187945,98.0287666929
167.624868354,97.9661130532
168.706805519,98.0535876311
169.12845115,98.0818425216
169.387637822,98.1292541988
169.785045942,98.0611825983
170.233834353,97.9202069969
171.04489025,97.7017926498
171.5320279,97.6095208676
171.950534014,97.6765357144
172.022299061,97.6892649888
171.960636361,97.765376177
171.858050949,97.8416805261
171.858119318,97.8599190082
172.218095869,97.8203851402
172.88128757,97.8379495944
173.372839664,97.9167866065
173.980630094,98.0585144533
174.204242548,98.0850459667
174.143525376,98.1735144025
174.053928678,98.2118258327
173.780761536,98.2867673445
173.110139789,98.4826476614
172.503868525,98.5111100754
171.717513169,98.641605986
171.156172992,98.80773563
170.588998525,98.8265018337
170.108379917,98.8338947208
170.164688826,98.8207992257
170.277904266,98.9130966738
170.726445244,99.0294040726
171.114290099,99.0141337404
171.407979937,98.8931266034
171.533813711,98.8780186447
171.673672887,98.8934924128
171.771424499,98.8825720844
171.912815557,98.8688758671
172.575846604,98.8184850788
173.341449581,98.7011581774
175.331215535,98.6608354788
176.605163102,98.6297180905
177.706412116,98.4488064233
178.567988931,98.2909456332
178.605830346,98.0168869575
178.250356677,97.9994499915
177.44887491,97.8852385765
176.369693532,97.813881705
175.092806819,97.94787131
174.023249326,97.8601701526
171.856007784,97.7873972047
169.497134571,97.6933744665
166.488426813,97.7276861267
162.444313568,97.5349938512
160.00362531,97.4908177049
157.747438796,97.3822999774
154.973244204,97.0940576901
153.420019107,97.0743722586
151.589001555,97.1202522016
150.58454519,97.0805689053
149.779820101,97.0963984398
149.079306675,97.1641603326
148.861836432,97.2599836901
148.778544074,97.400765695
148.74791834,97.4808646473
148.672680449,97.5434254515
148.442229481,97.5405298069
148.147058367,97.5004568628
147.687923773,97.3462611513
147.339901163,97.2930419495
146.930354432,97.232182817
146.372631643,97.0177295098
146.026094153,96.8247065049
145.446208082,96.5404918518
145.103435906,96.2378478455
144.81641415,96.029337608
144.649107932,95.9186432635
144.588724525,95.8696089605
144.590521011,95.854424425
144.621865442,95.8671715821
144.683932494,95.8944190717
144.914343232,95.9151751973
145.156147177,95.8912751363
145.542608688,95.8927046756
145.807434715,95.7693457602
145.994239269,95.6788657488
146.230997113,95.507872543
146.400880914,95.3497239033
146.571838487,95.2660921293
146.686481417,95.2361683633
146.812788416,95.2355783032
146.902660871,95.310434398
146.92168513,95.3828510433
146.916292835,95.412044185
146.902260564,95.4569980192
146.924526933,95.5319895639
147.020357293,95.5960344453
147.191947037,95.6473370293
147.458186396,95.6506985846
147.642004137,95.6552459857
147.82318378,95.6569098865
148.20695542,95.6448914807
148.558985543,95.6937671491
148.849831896,95.7365194508
149.29503272,95.7207698321
149.522709616,95.6868523093
149.621584649,95.5726835058
149.686711534,95.5059062106
149.744902133,95.4586518573
149.760837872,95.4734824535
149.785619934,95.4959927104
149.918387088,95.5719549159
150.206386036,95.6153698131
151.852178355,95.6192870313
153.774622392,95.7589265137
156.203420611,96.1136208086
160.495769696,96.8747742065
163.592454268,97.3567945188
169.227350416,97.3967349458
173.136076436,97.6270719399
177.326566895,97.6834580255
183.773845817,97.8494438783
188.366235058,97.8779543558
195.393017986,98.1980595249
200.370664188,98.637821259
205.299438768,99.2189823555
212.363400317,99.9099881025
216.697347732,100.380327566
222.572769004,100.853659368
225.829164394,100.914901816
228.704478481,100.859236866
232.411141207,100.951306267
234.619095305,100.94014008
237.245787323,101.00574127
238.777272048,100.639777834
240.363387245,100.302105766
243.383739419,99.6989910038
245.690514,99.6970483459
248.143576272,99.7292498088
252.090672824,99.93435319
253.390100806,99.9574998682
258.304986818,99.2815368447
260.423777633,98.7440177085
263.277858542,98.130123718
264.784914854,97.7800248767
265.948857296,97.3502543299
267.115933703,97.1473171427
267.890603106,96.9783073499
268.499535753,96.9507750891
269.49346034,96.9934753344
270.211861874,97.2861655443
271.472704536,97.5619685012
272.215573837,97.8080697681
272.596297192,97.7578269957
272.526725988,97.5693730694
272.446614243,97.2612150085
272.404479673,96.8978362972
272.482821465,96.8481291795
272.594070953,96.823977908
272.706586444,96.9444422258
272.793826496,96.9939651693
273.004320528,97.1483798272
273.260664064,97.2798620386
273.457176315,97.3942489109
273.592469321,97.5435437968
273.62467069,97.5358426062
273.740578754,97.4726571036
273.688223533,97.4607164256
273.275961863,97.5765828085
271.72292556,97.7177543736
270.053529305,97.8514307597
267.448998834,97.5295476822
265.858608774,97.5031878418
264.820765341,97.2274240074
264.375464834,96.9749906039
264.221652397,96.8940949639
263.694583817,96.8962231528
263.260939635,96.8107372808
262.516006468,96.6622552708
261.111585076,96.4267240706
259.766602963,96.4253347034
257.469524016,96.3946243134
256.164377154,96.3823857019
255.312206934,96.2463932451
254.406788347,96.1072481514
253.694607152,96.1846824949
252.948663603,95.9360607045
252.727261707,95.8029812002
252.853297298,95.7379794714
252.903810319,95.7330714348
252.897793434,95.8233071835
252.729739828,96.0783956036
252.755757565,96.0914574362
253.272095383,95.9386424673
257.474441383,94.7263596585
262.853792414,93.7185727821
272.058385893,93.7559925164
277.197044209,95.0839922859
281.201183708,96.5935768199
284.830897483,97.5724719893
286.65206938,96.750726603
288.119351737,96.1432403267
289.266106082,95.6830797187
290.133856115,95.6647808187
290.621992951,95.7038427003
290.432002936,95.7685523849
289.745894978,96.0125226857
289.220956469,96.2345421593
288.930782946,96.2804467066
288.801267882,95.9284970122
288.837278057,96.0745108787
288.838420763,96.1491600835
288.643450472,96.2107617732
288.149609005,96.0101656997
287.161107728,95.6371325404
286.318696893,95.2775647241
284.225082043,94.8373597196
282.196613812,94.690986575
279.683106694,94.4446189678
275.987749753,94.2968675672
271.291550493,93.9360605682
266.734238878,93.8202750976
264.929600987,93.9588885658
261.635712898,94.1755796606
256.6874021,94.5036003113
253.74971843,94.3043623861
252.513408003,94.1975275188
248.160398453,94.2558958447
246.82663391,94.1685521077
246.509925761,93.9072509448
247.095921744,94.0592783024
249.322316246,93.6808255848
250.610600459,93.0515537141
251.541775095,92.7277855455
252.39289662,92.6251976434
252.783150336,92.4284471061
252.805883626,92.4570359944
252.794922597,92.4598312621
252.78308564,92.3853852204
252.893595786,92.3523671883
253.685032703,92.1846396339
254.46069816,92.1851400571
256.177151582,92.2022223586
257.928305171,92.2882360893
261.265866475,92.6373036125
263.769419434,92.7218356435
265.820281978,92.7522908851
267.974107746,92.4876933275
268.880817255,92.6591679529
269.168308001,92.7845238765
268.799309488,92.6918412236
267.984901726,92.6718118284
266.272638992,92.8947236571
264.34946445,93.4430522604
259.643773625,94.5942739628
255.252383841,95.3913605213
250.824413906,95.1834997316
244.171783748,95.2139691979
239.721267439,95.615145494
232.413814717,97.3641103054
227.258347362,99.1554225738
222.01292539,100.108296988
214.880668637,100.319188825
210.977406155,100.645631176
205.331356509,100.483169339
202.233944683,100.246679431
199.472809083,100.059615691
195.616250801,99.2249210713
193.038055346,98.8556286646
189.151484105,98.4235191484
186.703946089,97.9935919738
184.237890907,97.7153684105
180.766866904,96.9875603263
178.761913565,96.6337561701
176.313390097,96.1436308481
175.174250513,95.888338879
174.390880633,95.6614198982
173.265106839,95.5597461738
172.411643438,95.4174652433
171.252522993,95.0409233748
170.66895688,95.0175699218
170.189752611,95.1418270214
169.414756409,95.1227555371
169.00910052,94.9409386656
168.602704496,94.723037148
168.450220405,94.4234846117
168.352466353,94.1519359412
168.386697496,93.9220077333
168.407819958,93.8799500716
168.470329902,93.7776175905
168.484946145,93.7845873806
168.444281301,93.6993207361
168.327748843,93.4558463082
168.276603051,92.9172923625
168.442946617,92.0505765386
168.661266819,91.5724520377
168.808598922,91.2039423723
169.059150408,90.963664482
169.150480009,90.8652114844
169.391088173,90.8034763206
169.618679452,90.8805885332
169.97631205,90.9607490435
170.810223353,91.2013933742
171.539140768,91.3957898063
172.46258132,91.5669382815
174.346351508,91.725502015
175.964520539,91.847233803
178.928969449,92.1794265566
181.363465014,92.3878331666
185.546025073,92.69773841
188.505404851,92.9456735102
191.031704919,93.1953088307
193.960097201,93.4516999031
195.314054593,93.6138476532
196.66021097,93.6852020676
196.712544619,93.6200527517
196.205386114,93.6086805966
194.468918125,93.7381158009
192.902034753,93.7611925708
190.582244504,93.5129523955
189.156341735,93.173741649
187.989683866,92.9835910266
186.345793268,92.5104804035
185.542345309,92.2061874488
184.446330775,91.6501502724
183.998207331,91.1196875104
183.662844386,90.7321040932
183.241956733,90.1636788964
183.078438545,90.0405447141
183.015371758,90.0213659897
182.930970911,89.9524660184
182.825076156,89.867773556
182.620373092,89.7106875758
182.427606685,89.539330327
182.120234696,89.3523491126
181.735977649,89.3114471386
181.351655466,89.3286164396
180.941737499,89.4218073429
180.685965531,89.4595303671
180.505311014,89.3791856923
180.418900878,89.2715116956
180.39936419,89.2286419894
180.492005736,89.1529978181
180.522260781,89.1333154396
180.415024172,89.2263756654
179.285177332,89.7886900612
178.263607939,90.1686999438
176.026851568,91.12804709
173.954109565,91.8918505556
171.223422926,92.7511784472
166.140838311,93.8634369389
162.411597014,94.5257469642
156.281531764,95.4760095193
152.14533766,96.0712659207
147.761647072,96.4498850826
141.466506133,96.9920297737
137.305621757,97.1988215248
131.621547831,97.504005134
128.150514438,97.9121620368
124.932542658,98.110427726
121.621538251,98.2388103862
120.291256643,98.0853420174
119.867455164,97.9050949009
120.319741759,97.7855542315
121.120592906,97.5168977486
123.016796424,97.1672142298
124.460078263,96.9017292131
127.557748736,96.4909847432
129.775601797,95.9291832229
131.738212319,95.2451059963
134.886943329,94.6160616214
137.602036139,94.2946511777
142.886230246,94.152963309
146.049989477,93.8943792157
149.250793619,93.7236657058
152.691201361,91.9766175447
154.283071582,91.0122970876
156.303127885,90.1701372843
157.214938419,89.7524163298
157.817477048,89.5404126613
158.081453362,89.136619039
158.008885904,88.8332844251
157.523312363,88.8814521905
156.94826198,89.1514281583
156.382687305,89.5012068569
155.312589462,90.1035943753
154.512859319,90.5019525468
153.260518368,90.9760630669
152.324951361,91.4143695995
151.240062909,91.8230863806
149.288047697,92.4284626843
147.052216177,92.7325044431
143.060166124,93.4226349908
139.672546742,93.9964241546
135.771313937,94.1510338368
129.128129412,94.4011649971
124.408115377,94.2754671945
119.866902179,94.4070512682
115.947766242,94.3786346929
110.683595602,94.5279268627
106.93729895,94.6561484883
104.933191786,94.8673180606
103.33770098,95.1681802946
101.356367733,95.6775613567
100.63069064,96.0988273757
99.9094682655,96.2425696233
99.4813211889,96.4847741152
98.8852939391,96.5871119498
97.7986017589,96.6152747316
96.9340125313,96.4018440503
95.8018326078,96.4413727509
95.1040143333,96.4181669716
94.42606442,96.3888055492
93.4336477061,96.2492526424
92.8611631718,96.362123584
92.0401654538,96.2239479989
91.5785213852,96.3075491286
91.1656914076,96.420161358
90.4600048567,96.2515334448
90.1991771204,96.2877654876
89.7273759189,96.0623801061
89.4775720315,96.041955283
89.2850430318,95.9663438999
89.1799249741,95.9514011013
89.1490994414,95.9239811004
89.9041851718,96.0216746896
91.1571039643,95.9796339937
93.1581925939,96.2368174579
97.14354754,96.3641721665
100.152608834,96.5985954421
104.833552187,96.4522097708
107.888061336,96.6157222986
110.674784173,96.4034104088
114.175356953,96.0908777323
116.066323832,95.8733428217
118.42799833,95.5141879996
119.915683306,95.5712047368
121.192657316,95.5826697578
122.57315197,95.8705443914
123.050711518,95.8880550731
123.245470401,96.1099444567
123.318408119,96.1630493273
123.58863189,96.4281518651
124.487087152,96.7401271515
125.255106576,96.8479876853
126.417270811,96.8965561415
127.096983542,96.9429148484
127.73168008,96.9470915879
128.649463373,96.9270899697
129.076329425,96.8145260995
129.51002525,96.7555366672
129.528583081,96.7822242651
129.569209113,96.7721573241
129.577585407,96.9233683588
129.572840777,97.1132155457
129.567399297,97.2053057214
129.592601001,97.2943356671
129.539440447,97.3411419816
129.375208747,97.3781146517
129.13787828,97.4049889615
128.829364993,97.4093887829
128.392626776,97.3196748031
128.222293204,97.3483180665
127.942287916,97.2454195628
127.735594462,97.1834183747
127.388268593,97.2901159847
127.106638545,97.3314691425
126.875993037,97.3270516859
126.704819168,97.3594493384
126.570892119,97.3239263069
126.396833032,97.3943466557
126.230808322,97.3849897944
126.113134822,97.4631207451
125.988436549,97.5020199681
125.901725065,97.5251326286
125.710340363,97.7012056307
125.494693535,97.9233406453
125.31445225,98.070147595
125.146494514,98.1622357799
124.968275896,98.4185544307
124.896163304,98.5214781252
124.756211526,98.5976494808
124.706199398,98.5601671717
124.579107074,98.4123999805
124.588614387,98.2674868151
124.671056503,98.2106941997
125.024126789,98.1752834238
125.923443151,98.211427677
128.996640283,98.3486291143
132.016898503,98.81369586
137.62467645,99.2591553216
141.64589509,99.6462891265
145.668677289,99.7649343682
151.48767284,99.8622169089
155.101950131,100.18002038
159.456148162,100.537738441
161.974819988,100.761011821
164.021223231,100.967054404
166.623295933,101.840094403
167.976029626,102.214477682
168.8130365,102.415283283
169.852662402,102.073651599
170.328709855,102.020611841
170.932804829,101.751150548
171.301221715,101.699938819
171.796603485,101.542628373
172.509898459,101.509202379
173.117600042,101.509885908
173.868547233,101.477624912
174.225790475,101.40525892
174.528018802,101.502514292
174.888909909,101.478254962
175.454726182,101.459012785
176.129219972,101.599350782
176.539323177,101.619742776
176.930269392,101.716079288
177.166914675,101.725780539
177.341288021,101.697796472
177.560989823,101.658533845
177.708416977,101.685568453
177.873626221,101.743688124
178.088859609,101.84793991
178.194869258,101.917201244
178.249042375,101.987455685
178.275386426,101.991501036
178.289524752,101.99048851
178.270487286,101.990667943
178.266620331,101.990851895
178.298175296,102.106223686
178.330084554,102.136783756
178.36471816,102.152424509
178.374569837,102.192279892
178.37715532,102.211946461
178.414168241,102.22336328
178.478657725,102.240511217
178.549930749,102.216615482
178.670764289,102.105045163
178.735443087,102.044018963
178.837585508,101.974626697
178.96194069,101.921056523
179.148806795,101.84780939
179.519707996,101.823748975
180.106326751,101.79084784
181.805304973,101.858079022
183.526594201,101.96404256
185.551027536,102.110714493
188.804525774,102.33319615
191.116500985,102.342758961
194.567430386,102.338693903
196.788430118,102.329209564
198.703049362,102.317497479
201.094346723,101.892958662
202.130707182,101.77050934
203.364179919,101.264615553
203.898517081,101.100333543
204.310134401,100.937642003
204.514897962,100.823087355
