189.863694429,99.2370910191
197.039722663,104.865197113
198.653483884,106.966635951
200.563229503,109.720807935
201.459684246,110.194722885
202.042730721,110.108878462
201.935813233,109.95263254
201.861494738,109.925632606
201.648197469,109.759599383
201.511435896,109.624055879
201.450454427,109.347703632
201.646012034,108.846250945
201.777595978,108.517200885
201.899342629,108.354692298
201.868145015,108.320359102
201.865827013,108.354348993
202.031500925,109.15258408
202.419763557,110.036577372
203.210752899,111.657824703
203.840084708,113.506559449
204.757731597,116.772146361
205.73894915,119.430602882
206.80118539,121.702260052
207.969250585,123.943166938
209.004073075,126.473486926
208.755440662,126.808484484
208.939227611,128.188103899
209.110591387,129.048925849
209.229038911,129.707914401
209.191690326,130.390868766
209.47311239,130.927189345
210.213584667,131.432478043
210.384097411,131.505701922
210.764551585,131.675224206
211.168249325,131.885081387
211.362778651,132.077760185
211.440487832,132.397873254
210.8000257,132.807513991
209.707408,132.971217088
208.335386569,133.192722553
205.78118151,133.454877953
203.713055739,133.767861699
200.10112001,134.214978381
197.098768508,134.8114779
192.638880285,135.983851235
191.361717776,136.452031637
187.954887174,137.734545042
186.090553479,138.669565034
185.684800142,138.610266375
185.027130873,138.007234242
185.429696562,137.695056734
185.757225513,137.278976438
186.038123924,136.79678875
186.02344731,136.703854607
185.926287353,136.573169821
185.587109421,136.444610551
184.592152587,135.792935218
184.302418834,135.31390685
183.458307281,133.75818715
182.267347076,130.929024148
182.204814846,129.047361539
182.22669573,126.75429444
182.798627631,123.248272855
183.415635453,120.477972172
184.966608421,115.40442156
186.497560419,112.198272201
188.068441943,109.066079255
190.299342194,104.615882927
191.561252123,102.383639558
193.374604058,98.801200391
194.190448688,96.9256764064
194.938619952,95.3574108155
195.746019049,94.0174484971
196.334000921,92.730422387
196.57111479,91.7906274822
196.680492544,91.0864006314
196.762323779,90.0967502814
196.86789785,89.0546437424
196.797789212,87.2926091502
196.577858921,84.6253735182
196.386316173,82.2435335081
196.259539053,80.3656506895
196.313128398,77.1940129928
196.362863385,74.8180285045
196.467704169,71.4062165043
196.347369916,69.4910439138
196.458302465,67.8006178163
196.756604098,65.9043143603
196.963338565,65.1274474319
197.141618739,64.4627799844
197.618606181,63.5749554714
198.11766305,62.8534121705
198.923944546,61.7698234334
199.311703088,61.2556631865
199.743502658,60.5684168342
199.988995498,60.1120116304
200.135086213,59.7651134669
200.477094439,59.1471190409
200.837692499,58.8108513312
201.230705539,58.5015986364
201.50779143,58.2853628787
201.940460403,58.0645054838
202.473648647,57.7073388414
202.903032779,57.4421793585
203.398799773,57.1570584186
204.02694613,56.743060916
204.560041526,56.4579977728
205.424410912,56.025201895
206.120783853,55.5612323318
206.815653046,55.0714182102
207.872459333,54.3384306295
208.61910646,53.8112698457
209.944076791,53.041519958
210.852882124,52.4455687684
211.824289858,51.879505148
213.324948793,51.1701967782
214.319976831,50.6829415051
215.141847402,50.3083032616
216.469088703,49.7021902845
217.252317739,49.266262405
218.016518795,48.8850418657
219.330334468,48.3431047313
220.341327102,47.9398900119
221.827445166,47.4010314661
223.020920616,46.9666775589
224.903952046,46.301950386
226.139871565,45.9797322748
227.310082561,45.6817789174
228.867360197,45.4020372211
229.621921875,45.2605624624
230.695138075,45.0385921434
231.009157228,44.9474453594
232.468481684,44.6676572587
233.12417418,44.5658677452
233.686343406,44.5059521023
234.234579962,44.4255236265
235.043973753,44.2224550211
235.558184591,44.198030464
236.073492505,44.2686182144
236.237379211,44.4309983285
236.095373042,44.9924047619
235.730641311,45.5454753476
235.228509762,46.2324601268
234.729138694,47.770922387
234.721388146,48.3015141107
234.490081373,50.4483222535
234.644697706,51.9232229479
234.697354761,51.8807307951
234.992723759,53.7446254901
235.153282055,54.5526001619
235.459786662,55.7463025342
235.727652662,56.487909294
235.99662542,57.2542144783
236.322803446,58.4175274508
236.642024062,59.4385710871
236.927134662,60.4255397624
237.428883589,61.7669140015
238.038283525,63.2303716585
238.633269865,64.6018992081
239.167354677,66.2523350397
240.253892288,69.0437401559
240.744108375,70.0841676055
242.215517589,73.1792430333
243.889220767,76.5780886729
245.597756301,79.9467765097
246.63704913,82.1360004938
247.67631505,84.3359007067
248.530529477,86.4907350631
250.006214219,89.8870356046
251.290744638,92.7158089547
253.589854153,97.3096776176
254.423013106,98.7888725991
257.190847235,101.915551593
258.842772803,102.423656096
261.083658283,103.360626034
261.50254804,103.531369211
262.605231009,104.022636727
263.307681757,104.172782504
264.423640376,104.464593758
265.075771723,104.547364684
265.651121165,104.911465285
266.246089488,105.883189263
266.891819645,107.305934531
267.474718926,108.104972004
268.294286209,108.655983537
269.114626076,109.346747249
270.476821375,109.898207057
271.372770576,110.270718842
272.597180349,110.467777825
273.266590618,110.579353759
273.830020819,110.609767858
274.245297948,110.606009971
274.501185402,110.396225949
274.473954302,110.325585597
274.31723616,110.29261388
274.142990087,110.236882512
274.012654401,110.110526994
274.022185249,109.988851272
274.174664162,109.706614277
274.570529054,109.203689782
274.869523598,108.837158997
275.245331925,108.344749709
275.953463921,107.480413798
276.929500691,106.578906628
278.441048569,105.313227326
279.428363414,104.496739042
280.15800316,103.719272171
280.896562803,102.739681656
281.306196876,102.092054284
281.680058905,101.457841445
282.298661248,100.677977499
282.869946594,100.114261563
283.231410703,99.7987444612
283.484936596,99.4895158452
283.606173645,99.2743040878
283.645800387,99.0175544685
283.596232629,99.0124662112
283.536031304,99.0448304853
283.449611277,99.0737160077
282.730458489,98.9049737334
282.014686072,98.7285270247
280.724011257,98.4054357264
277.821742694,97.9289666524
275.211756879,97.6301942101
270.174554316,96.9331806511
266.030232602,96.349450121
261.506715811,95.9899608341
254.029815296,95.607967078
248.959067125,95.4071775904
241.295649159,95.0423733114
236.173566284,94.5807374185
231.011711145,93.9887063473
224.481177099,93.9549365831
221.457779668,93.6112674338
217.740529691,93.1682127598
216.979252361,93.0137493403
216.267401059,92.8614556019
216.24661182,92.6963716647
216.478162522,92.5715797907
216.647249449,92.3858361806
216.665923148,92.3501273643
216.277364746,92.1400499826
215.38076667,92.181699887
214.620771243,92.01095579
212.833410386,91.7228516519
210.765779673,91.5480674424
208.063888532,91.3702716407
202.574052556,91.0319980383
198.996124619,91.0170519862
193.788005434,90.968257989
190.944790018,91.1483001596
188.532613892,91.3489441873
186.465545213,91.3196241048
183.902739509,91.2725345501
181.902836148,91.0430956538
180.709250195,90.8670726266
179.616374614,90.7102958628
178.083133693,90.4314519206
177.07590643,90.31539514
175.468616547,90.1556908106
174.324509225,90.0051130387
173.219531987,89.752016944
171.511172674,89.2592066482
170.372269299,88.904365303
168.419382517,88.2748846042
167.059076014,87.9089646966
165.652329415,87.5351162552
164.250781868,87.2464323327
161.616084444,86.7125749221
159.450652335,86.3994398156
155.962655484,86.025397237
153.766536687,85.7357038186
150.800370487,85.5033409112
148.79380588,85.4493396688
146.869981271,85.5257282802
144.151301179,85.8251576529
142.501026561,86.2007886813
141.049715182,86.4964607246
139.660563504,86.7562856562
137.57484807,86.9460277238
135.335437875,86.9616202177
133.720070754,86.9338194504
131.44105779,86.9643341879
130.021416989,86.9064076454
128.683709692,86.895620525
126.907845444,86.9864681865
125.708956962,86.9532383084
124.427085978,87.0420443328
122.459184796,87.2103292127
121.269591712,87.3991497928
119.481319766,87.7837027969
118.297027137,88.1457910975
116.381893494,88.5888524836
115.276046406,89.0442833612
114.380952471,89.5981334743
113.647339682,90.7438466443
113.577011529,91.8824504921
113.910634271,93.2754354829
115.036853535,96.5228918623
116.570758015,99.4542467438
119.083074353,104.310929429
121.485031001,107.393957382
123.990086302,110.864543833
129.472159668,116.000412332
133.00587491,118.069268867
138.237216842,121.204337775
141.448988892,123.028928028
146.280787432,126.314542044
149.525976312,128.525514681
152.856623617,130.4519737
156.854197696,132.627622076
159.799967923,134.080192247
163.36205333,135.795307786
168.574409636,137.911166449
170.950933129,138.277419369
171.152729133,138.425189729
171.363113064,138.634436206
171.568665834,138.697516113
173.103107025,138.87217997
173.547100263,138.846662796
173.418216015,138.66360906
173.401951783,138.650139645
173.541967261,138.743011071
174.025570375,138.903034712
174.300588808,138.876693862
174.559809241,138.832544428
174.688244385,138.738640539
174.481675276,138.519313832
173.366561278,137.849096548
171.708282186,136.848651546
170.050059224,135.670970769
167.923802629,133.912872548
166.599278446,132.768021631
164.701896546,131.097293414
163.251318684,129.665905815
161.094894724,127.007610197
159.747216997,124.961305739
158.355273118,122.431851059
155.851710646,117.070205332
154.309090289,112.905071378
152.330975347,106.323378367
151.397184363,101.921476998
150.677720554,98.0315691232
150.179521018,93.8149499409
150.016951566,92.5683754003
149.79563358,91.5414796961
149.568430517,90.9319066501
149.302805728,90.6139849196
149.026806278,90.2169971156
148.462626794,89.5981058226
148.067191521,89.2258648146
147.23199373,88.5576740275
146.632758058,87.9520433478
145.624494911,86.7591858464
144.777659905,86.0741518074
143.743258633,85.0096791483
141.644724089,82.4854074278
139.758796812,81.4048760304
136.092815262,80.3240890725
133.244664444,79.8496412675
130.708642943,79.5397162842
127.200662494,79.1040588027
125.124650549,78.9420030633
123.307861792,78.6454151362
120.950333012,78.514520115
119.473644072,78.4785732558
117.634377241,78.5818707923
116.460619453,78.6296724809
114.323200833,78.4684823218
112.63853624,78.3218716927
110.528231223,78.1491027205
106.958956952,77.9807701327
104.410879393,77.9483197128
101.778615855,78.0889899619
97.7054634105,78.4427629274
94.9586986041,78.9732326129
90.316859408,79.6415519241
86.984484812,80.4134428508
82.4038852255,81.3552538237
79.6681263544,82.2793495334
77.3859819382,82.7999270235
74.2199101052,83.4641622522
72.3457754494,83.9183079402
70.5776111076,84.3135991664
68.9604060451,84.6257634456
67.4067186409,84.8097386544
64.5670005406,85.1389861644
63.3600863216,85.2641246286
62.198167811,85.2820516398
60.4000161875,85.5464307196
59.1529655869,85.5109514898
57.2458666167,85.4937043817
56.0030694571,85.5137979847
54.7128945543,85.5386685148
52.7689475225,85.8429941931
51.5995448573,85.9849574364
49.5630457927,86.1556781124
48.1038590008,86.341580359
46.4668873179,86.619714065
44.7523962288,86.9037125522
41.0293792401,87.8905602019
38.9183777401,88.6547538946
36.7845046736,89.3666763794
34.8003540012,90.0296270318
32.0400974315,90.833213267
30.5928900309,91.2174413769
28.5093686393,91.6895688584
27.1319295169,91.9111180558
25.8462423932,92.0282523507
23.912060485,92.245189206
22.6240813909,92.1770590526
21.1746698967,92.1197294818
17.7514996689,92.1529899852
17.7054866007,92.1302449149
14.3573103604,92.0573167006
12.7239803273,92.263625391
11.2157928904,92.4512850008
9.19553138392,92.4774634435
8.09888778683,92.4755184698
6.62436430763,92.4836551316
5.78807799814,92.5444727927
4.94933370658,92.6419649108
3.69969352522,92.5999694082
2.90225814596,92.4651386456
1.88947183072,92.3427892481
1.38314811101,92.1853016715
0.990042410052,92.0662961032
0.512409723241,91.813248063
0.288270497045,91.6147017814
359.569657131,91.4437375013
358.85183286,91.4965740815
358.298914166,91.5214691893
357.721517243,91.5350174434
357.299808808,91.4582892512
356.703324485,91.3892907781
356.361868243,91.3484641279
356.220138973,91.3127037383
355.929835268,91.2649335891
355.787118623,91.2058100945
355.687128933,91.2035070456
355.553767626,91.2095438373
355.474311318,91.2132158823
355.399151968,91.2733901761
355.336423858,91.3555441184
355.257262185,91.5131004531
355.208522815,91.648786267
355.171967394,91.7396719747
355.132116877,91.8857308075
355.12937271,92.0301540653
355.079211975,92.2213478096
354.869585469,92.3759734996
354.422608266,92.5216148322
353.668374826,92.7007146452
352.73560598,92.8223810277
351.59482012,92.9670130275
349.358198954,92.9448343883
347.859863495,92.8882465902
346.344886513,92.9342443665
344.096221524,93.0669474916
342.61215238,93.0135297955
340.517212626,92.9646770149
339.312262018,92.9610501349
337.45078784,92.995613836
336.281447851,93.0532138868
335.205708169,93.1097801655
333.595200896,93.2803913741
332.531722427,93.3651353771
331.311267625,93.4067036298
329.438713598,93.5194033387
328.386396038,93.5184863625
327.012794506,93.675971977
326.108284852,93.7301436917
325.301020967,93.8574502606
324.540827814,93.8827091067
324.261821358,93.8366625548
324.119632152,93.9363315599
323.729443453,94.0574932097
323.127976188,94.5617536687
322.740454566,94.9630470286
322.3060891,95.9155451218
322.230890023,97.3942519858
322.258144301,99.5032779456
322.661091271,101.354939297
322.998649781,103.197206589
323.11034054,104.678978039
322.891119589,106.603446213
322.465122323,106.875250039
321.022006456,107.776500052
320.234080863,107.817679496
319.476188613,107.823655988
318.685233033,107.659219808
317.776136131,107.639797971
317.271836262,107.494166643
316.907610414,107.561185385
316.817202447,107.563541645
316.708826835,107.579075856
316.704009788,107.597510922
316.712341197,107.567467398
316.830391977,107.536023637
317.034794258,107.509175541
317.521500339,107.485144882
317.895347822,107.455657064
318.663686681,107.524640791
320.357980786,107.700971422
322.571643312,107.88073268
325.454569549,108.085368202
331.279691236,108.481945564
335.191690246,108.155685877
340.782809811,108.172335932
342.85956165,107.71483247
345.169175424,107.378541236
345.44503637,107.193968626
345.677499612,107.26443363
345.869871421,107.514744071
346.112120972,107.834166789
346.206114424,107.954687526
346.559389261,107.943104324
346.903527218,107.963911026
347.332715569,108.02912361
347.752407406,108.057969012
349.198398056,107.880299815
350.906473799,107.508454474
352.9248426,107.135986437
356.239283014,106.781997943
358.921632387,106.553258881
1.6666870991,106.299585514
5.56206039628,105.82824866
7.75177043101,105.328280711
9.66514065223,104.981811621
12.2948636072,104.706936296
14.5305860662,104.426037198
15.4830862722,104.12000909
16.3516646148,103.884397918
17.5069131547,103.51145927
18.2565282772,103.250570899
19.1579817463,102.924399195
20.5287700599,102.318112019
21.4532076296,101.866955477
22.3037022015,101.281958063
23.6640602332,100.397017072
24.4750663625,99.6248516692
25.7280721598,98.370796545
26.5043023069,97.6641886307
27.4387995063,96.7381623142
27.8246590175,96.2703604904
28.0212270207,95.8305700563
28.1759256128,94.8827347111
28.3493926687,94.2839877638
28.607297819,93.9159515798
28.7949030755,93.4421739367
28.8785583307,93.1952752949
29.0279915759,92.9269766839
29.1487048778,92.7554042992
29.3621047217,92.4852907917
29.5303307018,92.2474042498
29.7772408046,92.0256384345
30.1722447337,91.7941280544
30.765495839,91.7482793021
31.4357028769,91.7396048469
32.3300884028,91.6468006566
33.8974534119,91.4804534637
35.766657692,91.2407262766
37.0376479241,91.0910680454
38.24611075,90.9611689381
39.937480915,90.6482833922
40.9231260196,90.4466566355
41.8381540414,90.2863998232
43.0051599348,90.1000340054
43.5856084604,90.0498491307
44.4413673921,89.9367469074
44.9916940395,89.9206691322
45.6309882344,89.8568494226
46.6932319205,89.7613530353
47.4437505441,89.7199318174
48.8031305856,89.6405313409
50.3581138914,89.587417659
51.5622086905,89.5404660718
52.8900605668,89.5395652866
54.4006476299,89.6586803902
56.3327326432,89.8889495355
59.4456189721,90.3430614842
61.6115477014,90.471528062
64.7285951885,90.8922411603
66.7497217581,91.3692100556
69.7378011392,92.2319744675
71.5296062358,92.5541151376
73.1629820368,92.8421661307
75.3347934178,93.1558774206
76.5370575989,93.3795544806
78.2049624872,93.5383592318
79.1595295662,93.5308381483
80.0605085707,93.4605347454
81.5939176572,93.2272117479
82.6172395937,93.0541249944
83.6021542997,92.9843123839
84.9897701207,92.8779759505
85.8543542456,92.8161667913
87.210776542,92.5806825783
88.1994590889,92.3926335866
89.674569839,92.0048873403
90.5862221265,91.7111903387
91.4841114801,91.4206267915
92.8346997432,91.1172227117
93.7329642805,90.9628967652
95.121129846,90.8189220364
96.0893749786,90.7825658719
97.0911537066,90.5144532079
98.6692817502,90.2740122939
99.7706806822,90.1396716145
100.883112497,89.8718710519
102.533050382,89.7820906409
103.669583913,89.8089178047
105.417713942,89.7842415685
106.803394896,89.7686061521
108.290619636,89.7816901749
110.719651477,89.6993422177
112.528350186,90.0311433952
114.37899305,90.4561063208
117.187344119,91.5491504722
119.804483806,92.807063283
121.591538029,93.5252880544
123.263919178,93.8114742232
124.774565613,94.1029934761
126.177687815,94.2287326392
127.757868755,93.9927436378
128.599121934,93.4439502434
128.961050815,93.228459878
129.227563075,92.4923091732
129.274483777,91.7857878529
128.944136512,90.7569809547
128.375881951,89.5635961251
127.217579275,87.5131736015
125.553530692,85.4339538294
123.994624042,83.1179468657
122.95313205,80.7476942394
120.496749671,77.223791579
119.192327646,75.0743592154
117.763054832,71.6919682381
117.608476917,69.1564890679
117.90463474,66.5049665519
118.792844918,62.9005602839
119.804745737,60.4041533974
121.572130365,56.687477019
122.901461907,54.6965012296
124.0027679,53.2484194623
125.970621836,50.8869406398
127.401153158,49.3916932413
128.929450008,48.0169061492
131.15314666,46.3835565113
132.757643256,45.3933019658
135.67960369,43.7241961412
137.722067757,42.4799688938
139.146417595,41.3613948368
141.07017827,40.0767164891
141.873714001,39.694090932
143.044591039,39.5498419459
143.618763975,39.5666300935
144.128716453,39.4523476508
144.606955808,39.2851126164
144.86407969,39.2994487436
144.961903148,39.4313340366
144.810402727,39.4906232263
144.547184187,39.3817989532
143.738190224,39.4313887386
142.742808907,39.5377188854
140.437961393,40.1644892642
139.010823684,41.1372225763
137.209587027,42.4866883005
134.06233582,45.1323650196
132.186926891,47.1114291555
131.393575751,50.3942026506
131.862864146,52.5807149672
133.192062553,54.6580765037
135.429439339,57.5095533616
136.994134678,58.9968589416
138.673282463,60.248833095
141.440265436,61.5327734752
142.986198038,62.1432107402
144.690076298,62.7603125582
145.86004906,63.7008488452
146.414813539,64.2791807066
147.251886917,64.8544606287
148.297120824,65.6312921125
149.566396607,66.2234646342
151.431305055,67.0468051952
153.226658187,67.7331261952
154.581169953,68.0666218659
156.130739819,68.3741489547
158.654551833,68.7078132141
159.416634931,68.7946172279
162.29254698,68.9958423603
163.593352645,69.0256245476
164.791891767,69.2277385234
166.357710442,69.5501318096
167.257881569,69.8866000383
168.024278598,70.2060293863
169.387617906,70.5071726599
170.168417423,70.7636068146
171.634298976,71.1249283528
172.712084492,71.2813137595
173.594860715,71.5657480752
174.934193535,72.0414495254
175.990025663,72.3004840727
177.724452149,72.7969280909
178.797075618,72.9831651409
179.761659644,72.8886390733
180.925040637,72.8566742236
181.722870155,72.8932249503
182.760866672,73.015968108
183.353852327,73.3066757986
184.086056922,73.6172547459
185.16949995,73.6972036606
185.905507885,73.6875323683
186.546520783,73.7230605155
187.925665283,73.970974199
188.360604788,73.9965270693
189.75926918,73.93263764
190.527669955,73.9467035844
191.340104555,74.1013982924
191.901034933,73.9934540291
192.609720577,73.7599843086
193.68848244,73.2066525501
194.290461231,72.8521342975
194.966170237,72.3019186265
195.523151406,72.0250444831
196.14341557,71.8029033839
196.96397747,71.8248560586
198.240732632,71.8565107979
199.412132418,71.8460327226
200.238968912,72.0115345825
201.138596493,72.0362924255
202.527231537,72.1198707052
203.524543638,72.3113009752
204.519299273,72.4426296629
206.06604237,72.7964154129
207.201390868,73.195233298
208.358686047,73.5991512018
210.208333759,74.3492295124
211.505394064,74.9189111851
213.46860917,75.9497819955
214.588369033,76.6489029237
216.096426461,77.7728678908
216.954917416,78.3754753311
217.767809134,78.9528393759
218.924984375,79.5671439332
219.609364574,79.9652302448
220.767759351,80.6574384699
221.334885142,81.1934301844
221.795464855,81.7628572776
222.126686145,82.6268877732
222.499826491,83.2381283097
223.002291554,83.9734046066
224.068149736,85.009246052
224.893385763,85.6536574032
226.227193979,86.7818293178
227.161816095,87.6986486367
228.690529421,89.0092811898
229.795684573,89.7754783366
230.88663644,90.444684508
232.420737901,91.2986129851
233.3094355,91.7286635818
234.401829868,92.2575365076
234.880861381,92.3539069682
235.439958346,92.3105646287
235.518770256,92.311186522
235.55770178,92.3289556336
235.808834474,92.3745821829
236.079351703,92.5049530194
236.437971357,92.714750262
236.919030669,93.0008818953
237.719186613,93.6916249019
238.419602533,94.4402963162
239.328033467,95.6329916106
239.69578356,96.3956289726
239.855338201,98.0765794469
239.938641743,99.4206690114
239.872135733,100.855741324
239.586990392,102.98071059
239.523853173,103.984175271
239.57281397,104.625311957
239.878872539,105.554203715
240.005206436,106.077242691
240.033257991,107.031199486
239.769340985,107.596233908
238.292452812,108.226609053
236.620884239,108.346526814
234.364046165,108.363056465
230.70946299,108.455676151
227.466016897,108.900444532
221.986856081,110.363366486
218.492433423,111.166482347
215.482715238,111.592379284
211.131506321,113.088029857
208.813561126,114.309441497
206.987931043,115.750137925
205.529291169,117.119963219
205.466580013,118.260913423
206.409672937,119.648522595
207.229610782,120.885032554
208.148122115,122.095697685
209.034413196,123.480168174
209.398161149,124.43653217
209.837924127,126.070465309
209.698633126,126.976292623
209.158239015,127.689801995
208.459408403,128.754295129
208.316294106,129.269082438
208.156139125,130.043126111
208.475498415,130.731477008
208.865979565,131.405382393
209.158001668,132.452340574
209.532997561,133.382022608
209.747716338,134.085180583
209.538228726,134.25931681
209.94581076,134.435269621
210.906090236,134.510034187
211.550979631,134.360908583
212.918950234,133.974725368
213.977055255,133.523419416
214.553228277,133.064013744
215.009827899,132.561671605
215.242026113,132.342120419
215.887289237,131.957230846
216.582117359,131.572510196
217.21481527,131.123613459
218.050972864,130.486126295
218.517440062,130.078806016
219.152571503,129.788095328
219.476809953,129.666665377
219.74235056,129.596528123
220.199052123,129.731645469
220.024946381,129.605859624
219.757043159,129.49751341
219.415794369,129.348878055
219.24022012,129.306087323
218.820023294,129.259325244
218.510156242,129.320369909
218.361537142,129.31229202
218.047040931,129.239822061
217.802368809,129.165942529
217.374238533,129.006678447
216.670794201,128.810288781
215.835434275,128.673372858
213.727234649,128.297150411
211.95000232,128.057836645
208.96516213,127.860617275
205.859724735,127.637869759
204.857354861,127.600574493
201.336025821,127.268626339
197.451454916,126.846613033
194.265448068,126.480479237
191.030637393,126.331665261
185.580052769,125.966390402
181.43021086,125.947086681
175.715592143,126.257580498
167.216028117,126.807265732
161.20685091,126.950483116
156.247048532,126.97867869
150.792512627,126.271962799
148.99521271,125.993578234
147.095610367,125.493624482
146.901317411,125.23728731
146.956532827,125.360882777
147.289325853,125.483370715
147.456064168,125.39091327
147.534841659,125.570293732
147.413764873,125.657980233
147.02440592,125.901554056
146.543089288,125.985593671
146.012447599,126.061839008
144.867091455,126.149872938
142.598555017,126.339040274
140.658192987,126.423143247
137.722830118,126.603342598
135.992913159,126.886421402
134.835695786,127.247132391
133.846568541,127.554238741
133.825830848,127.79513026
134.438645131,128.351372457
135.722408705,129.449786669
137.875657193,130.737028007
141.018815809,132.236588192
146.25035294,133.624627175
150.236239307,134.384013643
155.274975014,134.552911212
157.604157895,134.344856563
160.228533768,134.240350663
160.972077963,134.06955782
161.40559673,133.867949733
161.946574004,134.076748826
162.698087358,134.316668472
164.188522916,134.420434196
165.628764056,134.482995231
168.712370117,134.481125551
171.624109657,134.467054682
174.970529735,134.179045812
177.864499867,133.791384961
181.86531318,133.222161553
184.421236684,132.774053791
186.064055265,132.527614606
187.591389776,132.249879274
189.294113104,131.544335716
190.280089009,130.846709248
191.463035961,129.707003516
192.307837247,128.917021014
193.319845682,128.334202634
194.78619047,127.482943313
195.884614318,126.797515584
196.928554247,126.246283167
198.157902306,125.447575993
198.799969266,125.054666622
199.589177153,124.417711069
200.036168044,124.019335846
200.533156632,123.597504858
201.351198525,123.051523218
201.850729454,122.829794129
202.501603375,122.431687447
203.023003592,122.489229385
203.485532544,122.585726254
204.175228685,122.951506656
204.519507456,122.911012095
205.147092427,122.790038161
205.625253253,122.443494715
206.038888067,122.118149999
206.662930941,121.431074644
207.026213317,121.075437894
207.250496283,120.689903297
207.313152538,120.598303701
207.408117889,120.560961237
207.732918386,120.613741935
207.930553339,120.669536239
208.202824103,120.675777346
208.507582727,120.634232602
208.820773254,120.584251378
209.143276625,120.37971691
209.28420988,120.379898104
209.302951489,120.426911565
209.295411691,120.449329491
209.21320582,120.544355659
208.946216487,120.557153059
208.364188099,120.532591642
207.834320295,120.571162673
207.034892872,120.496083207
206.321933226,120.417028436
205.373106109,120.210896318
204.799423075,120.006041708
204.364053315,119.753001097
203.822931887,119.330181267
203.588692011,119.131289167
203.271602937,118.949817248
202.960612396,118.775722305
202.76813386,118.628895067
202.345275973,118.444398859
201.97354289,118.34856593
201.182917206,118.327351007
200.498233836,118.517136013
199.589439626,118.745760424
197.879733339,119.292581256
196.660719626,119.746115794
194.884598247,120.310009374
193.76231103,120.470411435
192.801263955,120.625683714
191.678497086,120.838805028
191.109457632,120.989792841
190.252684648,121.084154293
189.582834079,121.098163253
188.218416988,120.893499848
186.255228538,120.769120804
182.317170165,120.327883574
177.989317583,119.788680264
175.494218548,119.13195571
173.388906896,118.341832459
171.3414143,117.150837168
170.708157984,116.605990947
170.240673547,115.641530227
170.302291778,114.959488917
170.513486996,114.378587971
170.744392907,113.772231969
171.157941165,112.798963102
171.546186131,111.998857294
172.060579164,110.765378498
172.267987604,109.873642574
172.420886725,108.518158638
172.224079473,107.507623468
172.034871324,106.529814744
171.829137606,105.551397866
171.283343825,104.177073363
170.257983264,102.82697431
169.454176871,102.292080205
168.619390389,101.612912385
167.725032778,100.842062166
167.319203393,100.430147136
167.051119249,100.13984599
166.978384508,99.7476549002
167.092618087,99.3410183065
167.37235096,98.5029591184
167.570873858,97.9651826303
167.785716942,97.4995761543
167.912007759,96.9220367414
167.847563181,96.5965947543
167.611291952,96.5522117598
167.340977178,96.5774545121
166.751270529,96.7296034134
166.2637025,97.1365420825
165.59778414,97.6794786933
164.810991292,98.6941924401
163.6736678,100.504123982
162.939902022,101.236210245
162.438150345,102.234883018
162.001893399,103.111076848
161.748348483,104.530723962
161.717793731,104.736447017
161.932418393,104.845315743
162.274395212,105.173832241
162.521293549,105.380546205
162.775267687,105.461698505
163.093292535,105.588839624
163.477541863,105.554032963
164.018040617,105.521761482
164.260251701,105.485736715
164.570733797,105.356230447
164.948995558,105.189117912
165.138757788,105.060479276
165.538235411,104.664903177
165.81833389,104.404405038
166.018898927,104.260923125
166.3003097,104.044279266
166.496396191,103.799014369
166.724322871,103.336770681
166.908836357,103.016714066
167.102140266,102.328107423
167.194636204,101.983421801
167.230488123,101.664081102
167.209202315,101.078180782
167.241472409,100.577590878
167.24011506,100.237743471
167.154746545,99.2282229607
167.210135471,98.8864834533
167.358490114,97.9747953144
167.429579085,97.1810106104
167.646538753,96.3963315993
167.934704117,95.2126755681
168.25733853,94.4276578542
168.770250358,93.3387869384
169.193882465,92.6900218677
169.698724034,92.1024891164
170.501865013,91.1439319936
171.082113827,90.4940902592
171.991550406,89.0253655151
172.53225244,87.5224250579
172.989929813,86.0079350849
173.79427293,83.4768580614
174.350613014,82.0219200172
175.142795338,80.4132030479
175.773378072,79.5153520767
176.430718289,78.6868063316
177.340249787,77.4910367818
177.89727896,76.5943237815
178.690303536,75.1437311192
179.311060385,74.2701073759
179.813322144,73.3426992109
180.557518527,71.913215182
181.053861573,70.8820041638
181.97151718,69.0850958683
182.61637449,68.0140275433
183.268174719,67.017632607
184.262632296,65.5905029148
185.035877722,64.7172384113
186.286901015,63.7098273445
187.531793835,63.2028088696
189.219914088,62.9172668943
192.190620447,62.4610658359
194.000059696,62.191327437
195.796746422,61.790413532
198.447578999,60.9371182388
201.066222553,59.9111277607
202.606643905,59.2629641095
204.107375681,58.5641863433
205.59304244,57.9000894225
207.814854863,56.9374047437
209.219067335,56.3494128971
211.21821978,55.6711471472
212.301647827,55.3924318271
213.394746584,55.1217668949
214.525028975,54.7771361148
215.213109625,54.5670344383
216.676152455,54.3775839755
217.875039403,54.1455001093
219.019594519,53.8717194961
220.619440632,53.9092837358
221.64070562,53.9856534569
223.057191319,54.3823196311
223.710517299,54.79617069
223.846475348,55.097686502
223.45788187,55.3600396266
222.701495177,55.7737265478
222.880231928,56.2573708069
223.338876623,56.4432944813
223.439076262,56.6800272096
223.359054198,56.8591190632
223.371130827,56.8802229289
223.215116494,56.9716560597
223.369190292,57.148726209
223.678996177,57.3994368211
224.4326811,58.0174754532
225.09533069,58.5422924384
225.809929869,59.1860079975
227.154953251,60.2613722354
228.202406868,61.0851068947
229.776524508,62.2980696697
230.676828754,63.1380800492
232.012410641,64.498942796
232.798602599,65.2099706531
233.485563988,66.0809259508
234.558462323,67.5767203268
235.263815929,68.2981613777
235.963546507,69.0805598142
237.014431847,70.0889943108
237.660320344,70.8077960597
238.479661104,72.0353338239
239.006499352,72.8644189539
239.567054518,73.6595462572
240.414012168,74.5671873339
241.285028271,75.5769889676
242.017240622,76.2537929146
242.808978602,76.8689229536
243.729957592,77.4243148195
245.307193231,78.32279102
246.332957399,78.8662451827
247.352273549,79.4832446869
248.940735788,80.414179566
249.960686971,80.9855478035
251.23436818,81.7995558921
251.928373694,82.3514107187
252.739956782,83.104896168
253.091049125,83.6096662
253.266549315,84.0651382281
253.371324043,84.7255786699
253.253085375,85.3226984618
253.126494188,85.8796678462
253.010765975,86.6092072636
253.065984053,87.098260136
253.357561366,87.6514113112
253.889749195,87.878736807
254.5781036,88.1402135729
255.637991427,88.3742206933
256.43381176,88.5224530744
257.73589901,89.0062100766
258.799007143,89.2574460756
259.939329115,89.4330098954
261.764928599,89.7516423076
263.043196469,90.0783419784
265.203896108,90.670928358
266.784156402,90.9748081372
268.524898521,91.0995185236
270.900166669,91.1827607675
272.597956744,91.1377964384
275.169715891,91.1442721983
276.929335336,91.1358149631
278.628710231,91.1130450159
280.980058347,91.0594982922
282.431719898,91.1178694109
283.906338541,91.1564247115
285.343680247,91.1898462882
287.510912863,91.3259567641
289.485371112,91.4338586069
290.731874001,91.4663144416
292.268844194,91.494218838
293.187945263,91.5505349158
294.093371424,91.6078741591
294.974112217,91.5916240101
296.24447289,91.6341539501
297.105473116,91.6928120182
298.390576356,91.7153446014
299.185752817,91.6991743022
300.260709477,91.681851319
300.888605837,91.6369221558
301.74390134,91.468953331
302.290187071,91.414851926
302.839805915,91.3929622565
303.698198436,91.3798910537
304.21047065,91.4039450894
305.013743872,91.5168125994
305.463861076,91.5938665819
305.967315916,91.5865973023
306.445720086,91.5871991732
306.892496357,91.5868938047
307.588113507,91.6010337302
308.30733989,91.6682499323
308.783205308,91.6707928909
309.485795937,91.6192736938
309.894329409,91.6256858288
310.287051253,91.6847358192
310.845186224,91.9280856378
311.239059382,92.0876189825
311.988797732,92.2965783
312.531479741,92.4823296694
313.084370496,92.624572688
313.873202501,92.9641587392
314.343713413,93.2046102482
314.956006581,93.6236163376
315.340428858,93.8329944601
315.694850354,93.9834165743
316.180212324,94.0838817796
316.479990874,94.1725840621
316.756965242,94.1864659355
317.160498157,94.148371864
317.502069789,94.1497354326
317.905589624,94.1031929624
318.170580147,94.0696557501
318.357890877,94.0551519519
318.589791566,94.1099996971
318.687724135,94.1100074794
318.771040743,94.1191570179
318.801896729,94.1590388308
318.770449037,94.2660048423
318.648889421,94.3281431103
318.381243583,94.4867881067
317.953563573,94.6740799615
317.581402139,94.9308343377
317.18581596,95.2576199527
316.365711712,96.1254635023
315.612720363,96.9604980961
314.47107435,97.6174240996
312.512918658,98.8705634626
310.905241495,99.6498250756
308.453739151,101.170105885
306.906735593,102.108863098
304.719460444,103.625698104
303.270281461,104.724724646
301.843550434,105.752990705
299.560312229,106.360300355
298.155756789,106.74268572
296.342258947,107.601418285
295.397025514,108.141597479
294.578722563,108.545416844
293.625657793,108.974179331
293.087305211,109.049811946
292.782744281,109.28807497
292.206656759,109.339607654
291.875934546,109.442518573
291.453142214,109.442687733
291.223470552,109.418512956
290.704542969,109.220827833
290.061570423,109.137307315
289.550704389,108.999807581
288.817583683,108.870625802
288.259798293,108.575428581
287.24827927,108.187306628
286.259066984,108.072803331
285.085252918,108.178676491
282.667818201,108.523528636
280.866006306,109.084292014
279.171091311,110.029493712
276.861088699,111.647924741
275.931484866,113.10832863
275.218158515,115.45428537
275.448657436,117.009940251
276.072479279,118.253679031
277.25691694,119.049736835
278.443491721,119.682150394
279.375948569,120.474624896
279.511032149,121.086571657
279.56084652,121.530307478
279.137306976,122.153395373
278.63820096,122.516492366
277.573651034,123.185201614
276.738302395,123.566513117
275.887814184,123.959478825
274.445732665,124.306772013
273.392525859,124.47246932
272.299799345,124.577564545
270.560899904,124.774667155
269.33219001,124.853362992
267.08398394,124.713096535
265.368175831,124.223495913
263.040578294,123.394519751
261.38500871,122.469553404
259.622589177,121.422544567
257.044970434,119.702605569
255.422268861,118.464213209
254.027218859,117.355419885
252.025234684,115.587348708
250.643320101,114.268130995
248.154375236,112.148008361
246.15636109,110.816009607
244.385252042,109.602101994
241.820324052,107.710122804
240.592526228,106.539571851
239.359808524,104.606038465
238.709879045,103.44520239
238.106104566,102.362077191
237.08088252,100.663818914
236.460169526,99.7745594253
235.714877744,98.3924317619
235.372838093,97.5878772576
235.022033768,96.9135099227
234.568315361,95.9109234444
234.320889005,95.4207815657
234.034559955,94.6231373688
233.903808494,94.226347991
233.747885302,93.9261140266
233.475581737,93.3693014248
233.20241095,92.9795572261
232.89000192,92.4691626108
232.565462339,92.099288444
232.495335779,92.0173419523
232.211520415,91.3888111311
232.003579436,91.1620066247
231.775740795,90.9543455098
231.408898841,90.8496626703
230.946477759,90.800628737
230.188716139,90.8140710485
229.520065011,90.8390885504
228.42180326,90.7228856154
227.317781378,90.5995216358
226.158627495,90.4189600883
224.159050616,90.1186102526
222.782555365,89.8956966645
221.399259103,89.6418869937
219.549343899,89.2517294405
218.33886952,89.0596184035
217.252406652,88.9617335913
215.035018779,88.6595377966
214.047501263,88.5489854414
213.077576098,88.3226153508
212.178193327,88.098761101
210.980376208,87.697368192
210.141456055,87.3938476347
209.215309726,87.0977163113
207.958972775,86.5878115314
207.142372724,86.3814090886
205.90299625,85.8535273832
205.06083176,85.5370463466
204.060916318,85.366554712
202.575053388,85.3468444756
201.548752433,85.4743599423
200.517737426,85.7829977101
198.958388638,86.3246689755
197.980311285,86.5860644614
196.541158089,86.740330827
195.660281214,86.7850422211
194.832974332,86.850727989
193.633951068,86.8858796538
192.85098443,86.8963299992
191.444935423,86.8710959143
190.41391957,86.7876540035
189.133027787,86.9301348006
188.447491282,86.9749200399
187.936401385,86.9944874973
187.46689857,86.8150871505
187.440718198,86.6437755051
187.531927447,86.2089271165
187.798420043,85.8559257002
188.107216178,85.4600520136
188.465753804,84.7710537435
188.676876248,84.1525365165
188.827534111,83.5172350655
189.013837516,82.2588540389
189.151350356,81.369150583
189.126367971,80.6256079752
189.156961863,79.6246316875
189.091912689,78.915709396
189.12733564,77.9341077132
188.976775873,77.3419261816
188.667735726,76.2614329767
188.087531906,75.7144831773
187.41985902,75.2639557473
186.155967902,74.5081820826
185.214411471,73.8961048032
184.36009149,73.5116186545
183.107318691,73.1451831186
182.308833785,72.9225911425
181.220956917,72.6545486128
180.551122952,72.5492750062
179.419100982,72.5122543688
178.512913725,72.5000222165
177.596878833,72.4792853962
176.269712382,72.2590417346
175.347801973,72.07509608
174.308548139,71.9685525205
172.320692544,71.5429981418
170.654705209,71.4253577443
168.135668185,71.0447167339
166.385551308,70.9374834217
164.693824238,70.8087992879
162.365631289,70.4883123388
160.991077131,70.2914802372
159.442771601,70.1226989399
158.687166775,69.9434335851
157.761114952,69.6632262609
157.359800493,69.4221394529
156.924629234,69.1869131615
156.217997707,68.8323234934
155.960285766,68.5609712509
155.832376126,68.2238469597
155.558427217,67.9731516196
155.325394423,67.9369588538
154.697288418,67.9374574802
154.153873686,67.9532184213
153.515344702,67.9722379085
152.335105624,68.0238587036
151.45850588,68.0569007446
150.452439064,68.1146787396
148.445181982,68.3659693975
147.916026832,68.4487298841
146.339073326,68.7803135136
145.26301377,68.9473097486
144.122913744,69.0473768285
142.217705306,69.1487045236
140.946760561,69.2551798526
138.913797017,69.6413674997
137.562609834,70.0152401769
136.141306004,70.4208360228
133.872114648,71.1090867344
132.395541728,71.7582462585
130.212958264,72.5968220569
128.850134389,73.4349866011
126.815069209,74.6476802826
125.31833823,75.6741864034
123.842604312,76.846076581
121.709531384,78.3158785733
120.243284375,79.2074403415
117.938593684,80.5973078436
116.395735516,81.3274959589
115.00397769,81.9641467584
113.679933016,82.5952875686
111.308038172,83.8275309193
110.755366828,84.2698934419
109.139307528,85.4319829291
108.198800454,86.342539726
106.873330332,87.4759272432
106.006813996,88.1355247746
105.077926819,88.7315873462
103.62677456,89.4463387584
102.628270233,89.7857715278
101.555366834,90.030478646
99.9052264321,90.2573792196
98.2225155993,90.5791440653
97.2102354442,90.6536166545
96.2701603901,90.7880806182
95.4608358805,90.9674749338
94.0813619174,91.5982978035
94.1343051532,91.6293962304
92.7786728773,91.9461210557
91.7413708691,91.7246079747
90.417022325,91.6008814909
88.2447899461,91.2407815834
86.596670013,90.8327757056
84.1013895867,90.3931713015
82.3391290404,90.1001281178
80.6837257251,89.8420966952
78.4717805786,89.4699313907
76.6800957401,89.0262450636
75.7320300568,88.7189567385
74.9534099108,88.4488716568
73.9589373996,88.135559434
73.3657820555,87.9400829208
72.9554478053,87.7813663031
72.2354102522,87.5674786616
71.6368503766,87.4971668881
70.6245243642,87.3842232901
69.8566595298,87.4078609099
69.2265701351,87.4608273542
68.6863343378,87.4659734633
68.3528529529,87.5234661586
68.0128736451,87.5755886043
67.3954756523,87.6728382607
66.8622758512,87.8936255454
66.2699144868,88.0831953455
65.4697291261,88.220718836
64.9816722996,88.4003458095
64.4625932215,88.8053304494
64.3163995262,89.1392279141
64.3077586826,89.5710231222
64.2337010595,90.2808957481
64.2220714698,91.3067308687
64.5261749972,93.1852211858
64.9939578514,95.1731445625
65.496183628,96.5107823607
65.9206693113,97.3536720563
66.2558626339,98.0625343042
66.6936895987,98.8241878
67.0773523335,99.2563258916
67.3023303464,99.4364373521
67.8119814102,100.216524659
68.3031945089,100.846738572
69.3023864608,102.091774068
69.9864379271,103.09978898
71.0189673503,104.836503508
73.9415743537,108.617528486
74.6263377223,109.286964897
75.6226796796,110.311142423
76.6900044854,111.165122617
76.9386836395,111.452469188
77.3638642151,112.062029823
77.6901288098,112.760752238
78.0916768726,113.603272043
78.222702788,113.937114705
78.3368531667,114.143131739
78.5622011465,114.645005035
