178.219239217,78.732435715
178.85769716,79.4639325989
179.293495412,79.5395060489
179.964653775,79.3768896435
180.913255455,79.2663810358
181.405725065,78.9621581894
181.689010918,79.1131797383
181.746288124,79.5015524312
181.497767912,79.9214487712
180.954469697,80.456743082
180.508724299,80.4467434678
179.557155754,81.0032242057
179.050377517,81.2440044798
178.322763918,81.614841835
177.005804304,82.2244789487
175.657923155,82.7411762531
172.160305988,83.7023821625
169.292968288,83.6589362075
166.807707961,83.6615340997
163.828122815,84.3183006708
162.753946413,84.5636156011
161.805533224,85.0698096602
161.658685096,85.1257369644
161.42835212,85.2595442552
160.947085735,85.6999635332
160.415712852,86.1213634
159.851501178,86.2769587268
158.807609084,86.700391017
158.187074306,86.9157266607
157.295372812,87.0286990528
156.737103916,87.18548674
156.122495548,87.0082148838
154.914366595,87.1229101505
154.067679078,87.3508440555
152.642134035,88.0007424379
151.640138022,88.5122169555
150.807332135,88.8282598579
149.758707095,89.0869051341
148.984629193,89.270871925
147.879120405,89.3258831941
147.419404915,88.8501176832
147.10542865,88.3315787426
146.811681482,88.1584162442
146.661075988,87.9769221274
146.126053488,88.0277864333
145.681741479,88.1103411704
145.36110782,88.1806508339
144.689193907,88.3418655002
144.2047581,88.4786493974
143.430921688,89.0379768456
142.723882111,89.5245578939
141.767215791,89.994938064
138.942713349,90.8793871586
135.992256156,91.6310284594
131.839908005,92.2054195462
129.432786652,92.5886141573
127.496371265,92.9042300413
125.205991497,93.0798781768
124.056602191,93.0723623577
123.032578164,93.0295200748
121.818500545,92.8890716355
120.835337118,92.9643553591
119.299493253,92.9349594641
118.328976315,92.9241909512
117.512811765,92.9030628613
116.334099642,92.9108500425
115.553207704,92.9053968508
114.146721599,92.9687565229
113.203953622,92.9460228652
112.082271508,92.9173703859
110.363947178,92.7161286576
109.103783426,92.5645893378
107.116204788,92.2553526563
105.794620039,92.1442119881
104.774337364,92.0218160828
103.69271991,91.958780983
103.528456424,91.9934776735
104.27633199,92.1993305617
105.354192761,92.3331316613
106.635522994,92.5028623687
108.3504229,92.7848461287
109.812410311,92.857776595
113.319670372,92.9251901687
116.540892844,92.7926103418
119.899543693,92.681110826
124.278480042,92.4523523447
126.145248681,92.3798904272
128.0048874,92.1089547468
128.832500578,91.9018380317
129.654818784,91.8047540527
130.891966135,91.6286541518
131.977368449,91.6435366901
133.174830676,91.551657282
135.708377425,91.6012010832
138.268958719,91.6494117642
144.053155909,91.6196881495
149.376465179,91.4891952305
154.965430059,91.4485314842
163.17795404,90.9780681839
168.439355024,91.3647399361
175.050613981,92.0000655976
178.289156028,91.8809858077
180.525232236,91.8139410929
182.363153803,91.6917850366
182.962590824,91.5025045834
184.098637417,91.3849283506
185.202243576,91.3688996289
186.385396643,91.3964031958
188.142944378,91.1622161798
189.152457351,91.267489431
190.605000783,91.2520932549
191.476335314,91.2273473558
192.334788884,91.128703519
193.486079644,91.0241176046
194.201792598,90.9795330171
195.077552685,91.0388376419
195.633812931,91.0983044933
196.23949517,91.1753552519
197.079038376,91.4120507241
197.520340949,91.4339068525
198.229715997,91.492939706
198.706337752,91.5220321081
199.196425863,91.5574459466
199.89742789,91.7321033877
200.408153922,91.8541090722
201.263549815,92.2466003208
201.793200719,92.4558012589
202.324651527,92.7005622725
202.996631087,92.9969517465
203.315520858,93.1990049061
203.519426868,93.2986904543
203.420341256,93.2830176595
202.741094989,93.2114546667
200.367143816,93.1387773127
197.85986317,92.9258164681
194.80622991,92.5016995054
189.92102971,92.1407548807
186.881249198,91.6929952625
183.449765926,91.3629291389
182.023213488,91.2780754115
181.227334298,91.2821487556
180.771025665,91.4395174416
180.938072544,91.5708105401
181.718777643,91.9682821951
182.437408564,92.3856643672
183.437975697,93.1763212892
185.391042948,95.8412754671
186.901584197,98.5115894729
188.744745179,101.984454617
189.360637162,103.696496912
189.652990645,105.265968649
189.552557117,106.968014069
189.635358503,108.186812669
190.100559755,109.781624492
190.900597387,110.896804628
192.187251773,111.578513443
194.60287604,112.238127749
197.063717721,112.647792065
203.532716485,113.504947767
208.893893896,113.787170563
214.079762863,114.007969873
219.748539211,113.821621411
222.267454904,113.295820906
224.092260224,113.069268292
226.228216239,112.206377862
227.517464626,111.97672487
229.890422016,111.376310669
231.967319515,111.278412436
234.551499203,111.241871049
240.114407199,111.647946263
245.048048824,112.168225239
251.923432196,113.153300952
255.008654401,113.158033675
256.967177633,112.819914032
258.792655044,112.169694651
259.88875219,111.758732347
262.062169407,111.342460744
263.676731444,111.079402261
265.396432822,110.752752741
268.001048824,110.336529015
269.633693712,110.094733751
271.933053767,109.64541363
273.344597348,109.279455212
274.77978519,108.883446885
276.502688931,108.2961303
277.238751021,108.043740297
277.846558023,108.083554965
277.981864062,108.128242291
278.488909862,108.26904676
279.362305485,108.289042737
280.277560195,108.318832305
281.671635139,108.369251978
282.600136023,108.419548507
283.310229965,108.389934378
284.055740326,108.462859704
284.385193274,108.558591806
284.941130785,108.662641326
285.349748679,108.672949616
285.913346061,108.665192849
286.936470514,108.54256067
288.046410529,108.299338543
289.293327196,107.928718928
291.196620924,107.455996669
292.34405662,107.238244379
293.841619091,107.315435624
294.668284741,107.305113115
295.710723844,107.124360065
299.345437103,105.206313845
303.011388917,101.738301418
309.550467196,97.015828939
313.579957118,95.153492927
317.089632602,94.1535062579
321.678320832,93.0330728624
324.665498255,92.1521586579
328.631315931,91.2600206618
331.042122434,90.6490108262
333.320081132,90.2891151497
336.374004426,89.8105750023
338.242689892,89.4699960364
339.723547978,89.3620281539
341.41068866,89.4018367745
342.329943841,89.4224997361
343.831675125,89.5040863011
344.76585665,89.7770145585
346.069610935,89.8692043139
347.260775597,89.804927608
348.648832071,89.7823068192
351.237756911,90.0429859965
353.354649947,90.1429609492
357.308416522,89.9222239446
0.418059905399,89.7155050475
3.4153369974,89.3110141061
7.02613191349,88.8899472957
8.73785178215,88.6975564586
10.1347453271,88.5132471765
11.7241140694,88.3321085617
12.2676454002,88.2866498633
12.4745489375,88.3253302595
12.3548566618,88.3495946884
11.9992643967,88.3588689522
10.9355765705,88.4903929996
10.2611193243,88.570928196
9.37652997695,89.0298340022
8.91266656432,89.3025005634
8.31518848744,89.6175935551
7.28497377813,89.9150894022
6.62512341884,90.0223981689
5.95426897653,89.8951840976
5.60747415469,89.8739410664
5.49902164821,89.8943514368
5.21804708514,89.9415259831
5.06206237355,89.9292324615
4.94641161782,89.8818178695
4.86980476622,89.7949708445
4.74583053972,89.7412946523
4.5214978675,89.5402539445
4.40860662376,89.3682695399
4.2841917211,89.304386662
4.21198805875,89.3023240872
4.12061523564,89.3542748437
3.95133187053,89.3706385356
3.74225630351,89.4264480185
3.41705046493,89.3796366648
3.24253711242,89.3528841717
3.10680826198,89.3911626489
2.87862250417,89.4582346992
2.7410579554,89.5277101407
2.38001729257,89.6842896587
2.06269500317,89.8688336013
1.4121997137,90.152845296
0.148412350096,90.9419759633
359.516451341,91.2645017706
359.099398081,91.6087494135
359.004470886,91.7280152173
359.024519586,91.7121057804
358.987035414,91.7141270396
358.913176442,91.7636882588
358.821777826,91.8277211853
358.665195742,91.8476293619
358.560090316,91.8540699631
358.444470384,91.8358685904
358.359490527,91.7794931666
358.30471324,91.7204797725
358.30815412,91.6806645817
358.348287961,91.6634232931
358.429018694,91.6654870241
358.452200736,91.6646537037
358.470335857,91.6372178664
358.49208601,91.5792377852
358.564180729,91.5433762905
358.743354515,91.6008947763
358.807628911,91.6440786149
358.854640121,91.7064420616
358.873321746,91.7840328178
358.830346707,91.8582518887
358.813064305,91.8846057207
358.792455215,91.9279464928
358.785477623,91.9763313522
358.763328071,92.0166283798
358.764027523,92.0374159804
358.761556146,92.0471155409
358.651545679,92.2650953551
358.492967957,92.6517820712
358.273604177,93.4278846404
358.27382502,93.7040112296
358.292333049,93.6818977959
358.282112414,93.6661709126
358.320707701,93.6009052249
358.340087163,93.5703155545
358.341581591,93.4744039209
358.29622332,93.4444303909
358.219451931,93.4055604643
358.20335112,93.382608786
358.269634958,93.3070481157
358.308535644,93.2782995545
358.33627669,93.2599222546
358.336184901,93.193161143
358.294336696,93.1778829516
358.249829983,93.1310185349
358.22353302,93.0755051278
358.202124315,92.99844411
358.156893223,92.9054324109
358.133647241,92.8824468521
358.083157264,92.8359134109
358.002530408,92.8009254724
357.887499769,92.7187628879
357.584557295,92.7427131564
357.323590479,92.7292796703
356.482132288,92.5966409536
355.989715609,92.5085717477
355.507923193,92.4329180817
354.783260744,92.4367193278
354.083724346,92.5143272528
352.950011723,92.5964184444
352.192491662,92.6683061648
351.377758163,92.6225142518
350.10781747,92.5542503073
349.345225932,92.4510060972
348.297560375,92.3647882012
347.551089809,92.3727193365
346.676369339,92.3003791493
345.049165802,92.0832495282
343.768791412,92.0618281571
342.400066283,92.0688568218
340.125075811,91.9709178144
338.480962221,92.0517835672
335.753708786,92.0886389074
333.780576269,92.1664551879
331.592803693,92.2947455803
327.725071189,92.6139921294
324.535345476,92.7962373836
318.875661651,92.7888851455
314.277990219,92.5336184152
309.231563691,92.1551991117
301.152091817,91.9683427281
295.301749307,91.8000830719
286.141203202,91.5002962676
279.605720134,91.3373313879
273.170629681,91.1875352813
264.085639776,90.8201374778
258.581815589,90.6138245285
251.338851754,90.3321268762
246.976255139,90.0814628344
243.021953718,89.8097904144
237.74748517,89.3622781204
234.511121567,89.2190663056
230.53093075,88.9052109572
228.552663043,88.9091413662
226.972824381,88.9629270759
225.556950797,89.1610224882
225.177718021,89.3564414504
225.100836448,89.8813510999
225.147100643,90.1088729055
225.192814538,90.5385790995
225.089000997,90.8300067346
224.884997117,90.9943553233
224.542430128,91.1597716967
223.972408309,91.2634941279
223.460068454,91.4016530707
222.645485222,91.450423589
221.866419117,91.4884312094
220.743851201,91.5167543264
218.576643579,91.5399494202
216.363395537,91.5332812662
210.759207879,91.452436295
205.583481021,91.4162464323
199.529937186,91.5418532728
189.604779334,91.6199567712
183.002542993,91.9836657392
173.388352294,92.3525306114
167.395639171,92.5649046589
162.306815851,92.8933443194
155.919304423,93.2563418317
153.053861069,93.477245436
150.164573244,93.5912866462
148.077181277,93.5027564868
145.43079118,93.3546804732
142.454631826,93.3183406981
141.210216237,93.3271380905
140.582807382,93.2084601463
140.377772064,92.8078566696
140.446855677,92.7456138362
140.503419839,92.7039279928
140.48667657,92.7364604423
140.303906502,92.8976030914
140.083871811,92.9953758032
139.887249289,93.0301972812
139.550568212,93.102909275
139.417136086,93.1409694938
139.296175174,93.2012979329
139.145898377,93.1779069096
139.050359682,93.1782038811
138.851373232,93.1180261715
138.741780115,93.1211570097
138.609249543,93.1448041722
138.339144835,93.1282479456
138.059377186,93.1561071725
137.351531248,92.964282784
136.920768558,92.93747638
136.42679255,92.93970909
135.530365395,92.8166431118
134.993914492,92.7407596722
134.275755847,92.6313603776
133.870520424,92.5544080248
133.581744762,92.5754395195
133.395640329,92.5285170763
133.325073362,92.5198428531
133.350009084,92.543996617
133.540205435,92.515894292
133.995439638,92.4453813407
134.918260466,91.9639882647
135.617170304,91.5532545383
136.840085907,91.4467248355
137.687023508,91.3076578014
138.714101064,91.1155456222
140.762387202,90.7475719174
142.452866182,90.5240396551
145.424790621,90.2713870163
147.758728245,90.0600041196
150.390418306,89.9869321223
155.32014606,89.7654072643
159.865998614,89.6119975218
165.060593159,89.3883304443
172.891547024,89.1796664976
178.155516879,89.2376524024
185.08507194,89.2203639368
189.016517597,89.2428318086
192.075574869,89.2560627194
195.735166029,89.2573608042
197.98923712,89.224347743
201.413161087,89.0431271359
203.95867517,89.0716015955
206.835068707,89.1180711727
211.772480776,89.2943926348
215.379219579,89.3423428056
222.079083129,89.3923504513
226.54182923,89.6485001919
230.305758086,89.7784785664
234.556068731,89.8656622809
236.461789887,89.7670811331
239.273161404,89.8134981667
241.580006255,89.912790719
244.184851565,89.9253059314
248.17771296,89.9495886089
250.852157311,89.9112432897
254.68699489,89.9071853712
256.96259289,89.8730810717
259.000597342,89.8435288355
261.679781795,89.8365449722
263.387822478,89.7289594894
266.057379035,89.4811141949
267.962226863,89.3148000022
270.066014668,89.2334986203
273.473333275,89.184835946
275.702956267,89.2505373701
278.995957613,89.2993094939
281.123018134,89.3214862283
283.245483043,89.3796739819
286.405443336,89.5200784408
288.6789764,89.6809465524
291.027336773,89.8007469191
295.213893781,89.8828013475
298.561463313,89.8600825849
305.555564754,89.6156681229
311.026087144,89.3868437509
317.112949868,89.1091922292
326.85406167,88.8672822283
333.323548799,88.7175728229
342.68714073,88.3686550085
348.364671731,87.9694259556
353.367043257,87.414344972
359.703024241,86.6828929444
3.10613567256,86.5273698832
7.62505941029,86.4574336206
10.8361220505,86.303949196
14.1880721965,86.4363499994
18.8969839303,86.374971627
21.6281424441,86.5004479719
24.8830709365,86.6982311755
26.4826703507,86.4444348248
26.7705022216,86.9197015773
25.3051866045,87.5330518213
24.203133871,87.1843260938
21.9206406558,87.8846304224
20.361284626,88.3693638627
18.708367374,88.6079939486
17.069487234,88.3263569589
16.5369519952,87.8821707187
16.486090326,87.2888384221
16.4179222266,86.9619849417
16.4437156824,86.8431580575
16.3806181242,86.7156787632
16.3540977815,86.8745116909
16.3011757011,86.8592863494
16.3265448794,86.8560704752
16.3310458989,86.7090072074
16.4315205112,86.369957218
16.4860225692,86.2595768172
16.6557777197,86.1530454424
16.8467593145,86.0540613584
16.9298681697,85.9950558851
16.9756075773,85.8584136514
16.8481373577,85.8024442466
16.1496710531,85.7854316072
14.364891546,85.6678804756
12.9249641867,85.5130500444
9.82402218457,85.0881489344
7.15487041469,84.621193227
4.43242376482,84.07768344
0.977014747808,83.5687098118
359.082875067,83.4659824123
357.183390607,83.5668131525
356.659224538,83.54450244
356.333661145,83.6414474479
356.255973408,83.4222608331
356.301038484,83.407879189
356.383031606,83.4197760113
356.440014497,83.3160718348
356.328604673,82.947739873
356.284392134,82.906856474
356.421797574,82.991650066
356.975249373,83.2379786157
357.383643867,83.4013498605
357.860615872,83.3353120549
358.082047233,83.3436660342
358.248943681,83.5037600729
358.430560725,84.157314847
358.489622645,84.4959213829
358.345375889,84.4856630612
358.038549946,84.5310818703
357.500276947,84.7366432873
357.186331449,85.045064513
356.997224539,85.1812779957
356.933295667,85.3628619753
356.808854161,85.6725496006
356.889816178,85.6873712216
356.913796483,85.643561132
356.990430325,85.6321662634
357.034217064,85.6496420196
357.176064414,85.8691107847
357.191540763,86.1472626995
357.225698153,86.2706312917
358.052856253,86.4598352705
359.283970879,86.6842413622
3.18213626835,87.3119835691
7.113013961,87.5081605069
11.6261523983,88.0206294599
18.5256745545,88.3011802081
22.7809040005,88.657742935
26.6404487359,88.4860800864
31.9319588475,87.7445926606
35.2313834904,87.3787205919
39.7281139491,86.6722355629
42.4327929245,86.3842010854
45.4218657559,85.9702063575
46.5317540517,85.4825922403
47.4162069595,84.7702238596
49.040767335,84.3949239096
50.9648715028,83.916801951
54.4618327736,83.3793740046
56.3618579512,82.9927705541
57.8677540628,82.7380876793
59.2836806544,82.018310411
60.0263177239,82.3614510971
61.0963886626,82.0095060498
63.2936126325,82.1273468874
64.5937149,82.0963461062
65.9350873799,82.1559936676
66.4174578794,82.0759051978
66.8701476341,82.3106460475
67.540135625,82.8234293334
67.9556922532,83.0134863128
68.7141261684,83.6076452397
69.3187907598,83.9473448105
69.8741251134,84.6802464521
70.7404612762,84.8212379549
71.204025955,85.1257505537
72.3629306222,85.6665509249
73.2919001763,85.9179940473
74.4473179084,86.8262177165
75.9199983949,87.0979173475
76.1634691231,86.6836973783
76.5995725375,86.8801988002
77.452785239,87.1607295114
78.9585554889,87.603540581
81.6110226459,87.7186729566
83.4881592917,87.7490943375
85.9286827432,87.7900974571
87.3383619628,87.7136945891
88.8158242612,87.6533427982
90.9489933911,87.8754673595
92.5060674721,88.0231889318
94.9514085864,87.4797070247
96.6158044365,87.4787566452
98.5487215558,87.6265648531
101.911504181,87.3925169988
104.50395171,87.2484166989
108.244387672,87.1877411885
110.479323152,87.1397321398
112.616618767,86.9513888595
115.547543782,86.988399857
117.425999542,86.9504976349
118.869947768,87.1102587112
120.188114286,87.2921059127
120.987337734,87.5884372313
122.556075905,87.5785812401
123.579288941,87.8509021366
124.731756919,88.0520996383
125.827549694,88.3065525079
126.491100693,88.5191396373
127.766899721,88.7036220617
128.780112043,88.8145077592
129.907161753,88.8751014331
131.825328339,89.0884432801
133.316240833,89.2097811274
135.310240428,89.316485032
136.493495,89.5204557818
137.430932983,89.6251227432
138.522231062,89.776285968
139.005954571,89.7573545854
139.509135993,89.8342163604
139.674778923,89.8675627618
139.728621465,89.9159311044
139.713076734,89.96798176
139.345797098,90.0868696528
138.057579902,90.2801655791
137.184129634,90.478128908
136.353483133,90.8345330202
135.48178421,91.4001673094
135.130520952,91.6796812496
134.868548069,91.8797562061
134.665488911,91.9487459175
134.362700711,92.0091804875
133.635894376,92.0674781772
132.904909262,92.1485285671
131.851580484,92.2067373804
129.158854635,92.4893593525
127.029731448,92.4948006902
124.925660704,92.7483156165
124.163522388,92.8963785625
123.612849339,92.8208464444
122.940100894,92.6807063787
122.602594704,92.6977449719
122.631148924,92.5796596068
122.651632976,92.4102030027
123.215487329,92.0822135149
123.978065783,91.7318828769
124.413317111,91.4368512892
124.450520305,91.1959915745
124.308221187,90.9749553491
123.80133582,90.5837226509
122.834516568,90.3380630622
122.310804192,90.402561711
122.045401007,90.967644069
122.117706462,91.1531692398
122.23409295,91.4172693068
122.400046561,91.299266465
122.55905941,91.047843979
122.580846195,90.7689882933
122.55242817,90.4980235061
122.423608833,90.4008817441
121.966193175,90.2276665604
121.64903532,90.2191277124
121.082784227,90.3230757987
120.787916141,90.2923033235
120.299817595,90.4089378786
119.747854539,90.4836195348
119.306762887,90.4924332299
118.602013363,90.3847511787
118.095877758,90.3733543334
117.639206812,90.2126723899
117.099157434,90.2673929081
116.861947461,90.2036986193
116.578819235,90.1759408056
115.788762258,90.2393754502
115.189246863,90.3133299295
113.971427119,90.3224059649
112.85940113,90.3114643582
111.820739818,90.3041431365
110.564960137,90.3564722766
109.981224655,90.4527327034
109.082193575,90.4669089276
108.446901086,90.5476513931
107.682500307,90.5782821051
106.667828313,90.6413048238
105.934478165,90.7815241073
105.025075346,90.9952284637
104.396986635,91.147473911
103.887479675,91.2219185225
103.11154025,91.1464176468
102.721898579,91.0734960884
102.00221967,91.1345334933
101.538840005,91.2870049958
100.956545657,91.3501348002
99.93926142,91.4892627677
99.2385176402,91.5060019532
98.2180192282,91.5383615779
97.598168139,91.5772937529
96.9855828111,91.6300633686
96.1354499836,91.630286704
95.6929483512,91.708652802
95.2124825801,91.7124152704
94.7240079389,91.6477908307
94.0777100598,91.5267742781
92.9231746409,91.4505209518
92.2082144249,91.4186248298
91.5327863464,91.4167692958
90.6644330009,91.2830822245
90.0482941132,91.3188188676
89.0166354162,91.2651323585
88.1671604318,91.2250455352
87.1388906387,91.1998554475
85.1865067861,91.1932731702
83.6021662212,91.1457396431
80.9960149814,91.3003065519
78.9928629944,91.4732302143
76.3848859576,91.7442679572
71.9726273403,92.1479041142
68.7135978738,92.4562321373
63.1478992116,92.6572614722
58.6537759176,92.595700952
54.0536119143,92.5627980155
45.0427260582,91.8423093067
38.0174568135,91.3642025461
27.1445907469,90.7005843944
19.8421395576,90.2445523539
12.4523264101,89.5806774753
2.50414141572,89.2785372965
356.230567324,89.0415179754
348.370960752,89.352762492
343.916938341,89.501915961
340.264469912,89.8714363058
336.069404358,90.1311336215
333.997691987,90.1164484589
331.663103361,90.1536042428
330.524852315,90.0613989005
329.60522528,89.9423761709
328.064633399,89.9510307699
327.022417554,90.0307783227
326.096500126,90.2664894809
324.381311042,90.5346480446
323.274513532,90.6529792136
321.249511799,90.9147133514
319.633020511,90.9399123717
316.702418304,91.332250495
310.641213599,92.0689919553
307.247712438,92.2896475603
303.145877615,92.4725547113
300.825116193,92.4551749302
298.780903306,92.5795316296
295.904074685,92.8305331432
293.897884687,93.0190808274
290.854577657,93.1471992997
289.023601046,93.2529434914
287.2242274,93.0269449022
284.77040053,92.4810602287
283.181011361,92.1963033953
280.894133381,91.9435082394
279.468250284,91.988761849
278.135569381,92.2191720816
276.338579034,92.5254278672
275.265129394,92.6855052377
273.746572647,92.7802600799
272.792748972,92.7658626868
271.911781802,92.6629364632
270.811000974,92.5213690071
270.133588608,92.38418343
269.223626432,92.2678520027
268.741802599,92.1881675438
268.298860161,92.2242084823
267.730161355,92.1837905615
267.382509729,92.2614984622
266.59623041,92.4292352967
265.964053904,92.5669534447
265.353922747,92.6385756446
264.622951985,92.7186443304
263.584479997,92.7735731942
262.798075144,92.7375317738
261.574499022,92.6420917553
260.62862583,92.6998371396
259.07596241,92.6159882796
257.970128293,92.5122589274
256.708988036,92.3986476121
254.618204238,92.1754353005
253.003009518,92.1134213864
249.316432274,92.2135675702
246.564437235,92.3118534967
243.590156967,92.358812405
238.985524497,92.4062175387
236.045823169,92.7231902898
232.003291953,92.643862753
229.814824954,92.6459076703
227.938023819,92.5573917016
226.084974996,92.5069131432
225.177948601,92.5308567388
224.103234901,92.6783196982
223.52854151,92.6964775145
222.95059613,92.70344233
221.9829372,92.7434090672
221.256636235,92.8193443678
220.122646729,93.0146746008
219.433181973,93.2376420382
218.862060957,93.423825849
218.118366825,93.9321116914
217.103518456,94.7698687366
214.720123407,96.1815749535
212.731069803,97.0260502707
210.895370505,97.3833705932
208.869659753,97.8076365862
207.851131267,97.796763422
206.819952335,97.7846717428
206.227321015,97.6276814021
205.912441233,97.4383788082
205.919742063,97.3485268577
205.964074836,97.2625681097
206.030181954,97.2463062569
206.120783156,97.098995099
206.147202391,97.0386807751
206.250667152,96.9692236954
206.236437996,96.9374231412
206.034250337,96.8843237909
205.171970837,96.8007461499
204.123920478,96.7258879319
200.332954065,96.7166760479
196.787087552,96.6507716591
192.662728957,96.5144942566
186.502241578,96.5061440146
182.673187564,96.6152739067
177.731333403,96.6327743633
174.940275975,96.6169826502
172.757666257,96.5202338558
170.419466269,96.5151749463
169.333993123,96.5321199095
168.496272956,96.474798332
167.64884931,96.4221374552
167.043478639,96.3625197353
166.352469923,96.3046698629
165.974954029,96.2058377894
165.442971478,96.2042953066
165.19309652,96.2176215139
164.862226923,96.2823938005
164.329935634,96.3526377097
163.894081042,96.4326675037
163.304572685,96.4856504249
162.91080286,96.4818721533
162.576439302,96.4775573344
162.206451162,96.384494191
161.739817677,96.3299272166
161.409245138,96.2335747865
160.897141297,96.2276564551
160.863730936,96.2379553017
160.800943618,96.2199378699
160.773197215,96.189646385
160.749957519,96.2192700114
160.68603337,96.223247486
160.67055758,96.1996613985
160.601644077,96.1506486425
160.52448572,96.1083983122
160.456232217,96.105261295
160.373307886,96.1104126055
160.329910904,96.1157774199
160.226519625,96.1140595807
160.155523952,96.084007161
160.123470455,96.0311886183
160.151181855,95.9302306437
160.176624054,95.8344673743
160.15712182,95.7584916649
160.126250138,95.7241408063
160.109243808,95.6891646633
160.10827225,95.6122683904
160.1456167,95.571641426
160.213461564,95.5059828202
160.314316878,95.462412455
160.429728594,95.4409213104
160.938872592,95.3771859202
161.449469876,95.3296847585
162.98225421,95.1867374473
164.609682368,95.1844538216
166.777473543,94.9898103032
170.479252216,95.0605119055
173.017275691,95.0668409444
175.560401938,95.036037382
179.068146028,94.8282230143
181.039934434,94.7220914857
183.589568658,94.5852476455
184.876365931,94.6241924422
186.000431271,94.5696770433
187.864272313,94.6383320143
189.176006067,94.6670895739
191.253269248,94.8582585588
192.816384869,94.9611268429
194.538625447,95.0676375604
197.411987254,95.1709236912
199.459902564,95.281394536
203.443144549,95.371392596
206.969770143,95.4114523378
211.238281934,95.2958047089
218.919618811,94.8170238972
223.472234929,94.5184674629
229.416181623,94.2895709207
233.021699278,94.2668229285
236.362263169,94.0928830648
241.746434256,93.3094543939
245.175271272,92.9713506315
249.54165059,92.4514360832
251.783040568,92.3517223889
253.604618803,92.2389649212
255.79100144,92.2200715737
257.102286881,92.2373596359
258.429930644,92.2585030219
260.420624638,92.265057672
262.029390663,92.3751026395
265.889303934,92.5707375241
269.165808396,92.6779098608
274.654189943,92.7221586391
277.978118419,92.6152526662
281.188212257,92.5915916886
285.363881991,92.6388672845
288.001669774,92.6716027997
290.329169757,92.8029320531
293.7620135,92.7984573057
296.661464012,93.002845496
304.730557502,92.9739970899
310.871472575,92.8624898186
317.043976573,92.8360129064
325.590201281,93.2128529015
330.524635098,93.5623243182
336.51035408,94.0178982019
339.712101326,94.0956887734
342.440122547,94.4467591753
346.010168791,94.3670093967
348.331117235,94.2000962227
352.122870735,93.9426465266
354.195459126,93.8014295919
355.692797476,93.4695695932
357.530908223,93.20535505
358.578807996,93.1057805914
0.148454451035,93.0448329024
1.32379604842,93.0918565634
2.51725861637,93.1685809151
4.28013598491,93.2056132577
5.42184616981,93.1663532448
7.14032780333,93.1186886322
8.22960061923,93.1172929889
9.41375132469,93.1604979375
11.2359128689,93.3397321119
12.4614856235,93.4238542529
14.1797029395,93.4121192379
15.3537200115,93.4018533665
16.4569719909,93.3287335932
18.18584527,93.2947737492
19.2894408058,93.3479585428
20.3878333686,93.3172672374
22.1095432772,93.2986289244
23.3140579037,93.3275986794
25.3126882962,93.3676883092
26.6527780955,93.4229811162
27.9782897893,93.4393208336
29.9867038315,93.5784223951
31.1087796683,93.5135798771
31.9936589163,92.9918609058
32.6811175352,92.9661326433
33.4617777295,93.0080543613
34.9090142054,92.9320878775
35.8926998968,92.9593425698
37.2602202465,92.9013973323
38.1805588251,92.7941229253
39.1176196113,92.7054721267
40.6523328271,92.5347454666
41.7758071571,92.5466668462
43.6044061841,92.6550470463
44.8636163672,92.9267811574
45.998877424,93.3753290014
47.4781041298,94.3204517862
48.4093394724,95.2596134032
49.4448105029,95.9345751721
50.9407216801,96.6848050276
51.9307633602,97.2036850542
53.4419324918,97.5028324552
54.4003581379,97.4584449456
55.6900971086,97.3962587695
56.3848260485,97.6527914326
56.8625058387,97.9508204246
57.5017554013,98.7495255914
57.8923813581,99.8269608982
58.1368983766,101.793508092
57.911721835,102.906725965
57.5348830871,103.574382175
57.3220073832,103.823482102
57.5111713903,103.60124313
57.7870422001,103.506434614
58.1189738217,103.510733371
58.3482812722,103.551343962
58.6393231317,103.606140751
58.8479949744,103.521706294
59.0986832342,103.225193015
59.2810885005,102.662462039
59.2415496084,102.167379798
59.0523040906,101.873265685
58.8237921055,101.661284735
58.5162568835,101.554066625
57.7634673502,101.259615195
57.1394305304,101.145210946
55.7524064218,100.569041294
54.4076038303,100.209677843
53.0879231681,99.8775092701
51.2135480236,99.4503274959
50.1540557496,99.3654075309
48.6960840362,99.334270756
47.8171302879,99.5626187381
46.8542949507,99.7058550532
45.4127261962,99.6294238659
44.3750444528,99.5839430332
42.6300904961,99.4459435584
41.2438184811,99.334368963
39.6632630421,99.2623036739
36.7076305876,99.2434060732
34.2281573363,99.2012903869
29.7146995438,99.1970921533
25.6440865922,99.1814407806
20.8402342661,99.0450357664
13.3800527375,98.5524537366
8.83858140597,98.3239144668
4.97450543676,98.1701290695
359.155008158,97.7150403213
355.564360159,97.3947621295
350.376365066,96.8539547565
346.797803921,96.4736820204
343.418372293,96.3040544169
338.467284813,95.9296313257
335.216166531,95.6884445689
330.929170191,95.7181556574
328.575102503,95.7016574587
326.808087362,95.7681051037
324.837891472,95.7006393289
323.72997333,95.6168497598
322.023638305,95.3875948085
320.834528913,95.1375280369
319.776503991,95.1122663645
318.209789127,95.122720275
317.172952555,95.1273505622
315.487384064,95.1957271975
314.178157222,95.2646797233
312.625663949,95.2812680113
309.723720955,95.2819444241
307.329665284,95.1285240933
304.715333757,94.8222899156
301.320031659,94.5604020469
299.487135238,94.5058553322
297.583555363,94.5153462376
296.703787311,94.5598920203
295.637918858,94.5682161835
295.029154672,94.6034777975
294.331631365,94.5362730507
293.012783158,94.5286420775
291.996022459,94.5882961787
290.863152114,94.5976062492
289.159482168,94.6327566987
288.111639259,94.5535753161
286.847959896,94.3456341475
286.213393813,94.3138023265
285.76102598,94.373437319
285.117054887,94.3839910548
284.660935749,94.3839015031
283.907623848,94.3075514909
283.363566085,94.2401493138
282.751735623,94.215848134
281.742753419,94.2014125612
281.052730839,94.2489970489
279.85115557,94.2996380438
279.015771807,94.3293004171
278.150732677,94.3682654349
276.8338671,94.3487101489
275.854073052,94.2321902527
274.322422,94.0352792223
273.228741485,93.9343119966
271.972870152,93.8982801075
269.311677241,93.9118611974
266.451586357,93.9884132467
260.857513599,94.0227148636
257.277233191,94.1160759493
254.041094747,93.9021964219
249.776648212,92.9190357131
247.345021231,92.6904621949
244.13935498,92.9220189971
241.974921934,93.0210739272
239.91635516,92.9783381932
237.008818933,93.1077506247
235.069699793,93.1488230174
232.528308899,93.2924435812
231.14794292,93.3868083079
230.024489664,93.5335920612
228.483411466,93.8063745175
227.494652608,93.9599501874
226.440982461,94.1754240939
224.69497612,94.2206841016
223.260021175,94.2932036017
220.871484709,94.2378637133
219.451749734,94.2018559837
218.254437506,94.2507413011
216.785329849,94.2655544599
216.091599167,94.2453271971
215.214575766,94.3830593356
214.794300781,94.3902108664
214.527489494,94.3870005804
214.309984757,94.399774603
214.091578865,94.3676579969
213.840140259,94.366600725
213.670606481,94.3115579101
213.658200015,94.2968745229
213.926334499,94.2386585469
214.212728544,94.1558585699
214.581085498,94.2191738723
214.530365291,94.242040115
214.109531658,94.2940785374
213.120584253,94.0483453105
212.438466122,93.9560976702
211.624199147,93.6548491177
211.332616619,93.5073131895
211.307639078,93.4581477061
211.339937722,93.4204877046
211.454603198,93.4147768965
211.820919796,93.5302593119
212.182214742,93.6745120471
212.390701735,93.801089432
212.727000369,93.8990856239
212.897316324,93.933417683
213.05794889,93.9132305402
213.371898305,93.9868977898
213.632816321,94.0317204768
213.952960909,94.1662528979
214.260943747,94.2080320262
214.589272936,94.2871142679
215.208869973,94.3295481341
215.844902815,94.4062964947
216.993960474,94.3659704826
218.009925757,94.3729428825
219.154741883,94.3115096278
221.052998839,94.3516655409
222.57951335,94.3489351222
224.970527669,94.2440482349
226.373774196,94.1182747949
227.584967213,93.890367245
229.058035487,93.5745276056
229.536725142,93.3643750313
230.157766511,93.3766628616
230.778402637,93.2770406891
231.556583258,93.2197690348
232.804709488,93.0835904481
233.545073876,92.8877939505
234.554207666,92.6601666284
235.278761424,92.5659063313
236.034313455,92.4282366404
237.415109776,92.3050621153
238.370503826,92.3682420332
239.745483955,92.5987219844
240.762031076,92.730153868
241.883072388,92.9171312907
243.690105595,93.3204777827
245.005857158,93.3942509308
246.852550661,93.6038871426
247.956150763,93.8133899763
249.069808197,93.9958080689
250.477104055,94.1463251427
251.341335397,94.180311479
252.089287371,94.07510997
253.062739844,93.7304806185
253.245356229,93.474706062
252.860166101,93.4904677497
251.813280897,93.7331901892
250.39408087,93.9691776399
248.210698995,94.332936667
247.090069411,94.5480181237
246.085892186,94.6758263277
245.800791098,94.6137477833
245.825658615,94.6380105932
246.183034991,95.2752119396
246.614212124,95.5019527727
247.425479938,95.859090394
247.912974781,96.1784375596
248.396895254,96.3666047293
249.091075372,96.6358146029
249.535912315,96.7507589519
250.207752536,96.7363220523
250.680367844,96.7295273305
251.221048749,96.6594741798
252.248973426,96.6140101588
253.053175137,96.7047284802
254.394202284,97.1164548992
255.406950533,97.2588594678
256.592302281,97.4004638583
258.478087613,97.4295409755
259.881735331,97.3924987854
262.549901436,97.1857376139
264.671943893,96.9730489398
266.954270398,96.6862340194
271.200212462,96.2554547529
274.69643749,95.7979978327
280.550949518,95.2471364088
284.981065147,95.1186535569
289.954778717,95.0738516844
298.591704842,94.5331324083
304.34269863,94.0660476041
309.912503094,93.6981467187
316.399062192,93.1719627148
319.611560583,92.663685934
323.470902527,92.367175826
325.585147496,92.1913515148
327.479931416,92.2560390242
329.905511784,92.124675666
331.476243781,92.0975533182
333.916373836,92.0953019958
335.617005611,92.1352751621
337.594840102,92.1046939056
340.55219084,92.1689836047
342.308126979,92.2462365626
344.260107079,92.1932992524
345.191385662,92.0086167287
345.931005002,92.0588772847
346.94378815,92.187760748
347.742056856,92.3946776982
348.87036346,92.496957256
349.890390649,92.6006584075
351.125931628,92.7341402603
354.103030519,92.8731766775
357.811734053,93.0020354755
1.95333784848,92.8974425875
6.65079806845,92.9352160489
13.293611483,93.2714194419
19.7828312031,93.4268931718
23.5809896241,93.3874772207
28.4851969594,93.2562654091
30.9314355835,92.9863423802
32.9355209822,92.7038863484
35.5738350721,92.4021601384
37.3124210389,92.1914780904
38.9171011191,92.1195449467
41.6830696757,92.1893987432
43.6715476354,92.2688171498
46.9923427086,92.4071598533
49.5434138517,92.3938468224
52.1265548331,92.2401416034
56.2559548462,92.5824304639
59.0798958197,92.774024683
63.3556608661,92.9450286444
65.932937204,92.8312695168
67.9919339061,92.499654785
70.2178987918,92.24362489
71.5183655796,92.1104995125
73.5711749776,92.066152031
74.9158244363,92.013297718
76.2636806653,92.013188508
78.0462586434,91.9070944655
79.0888806735,91.7565126794
80.5898657576,91.7034979475
81.6049211965,91.7672615751
82.6602764161,91.820945541
84.1573370842,91.6780537516
85.1583066537,91.6624052583
86.2487653089,91.5438159117
86.8086329762,91.58374876
87.1795429751,91.6648827761
87.8549794429,91.6828597282
88.2084726765,91.9697641528
88.6633511672,92.505302164
88.8911072898,92.8131313496
89.1095092884,93.0863258601
89.3785555074,93.2653069192
89.6524096288,93.3861974649
89.8534265221,93.3974764461
90.4778457323,93.3248969474
90.9347466466,93.3274799445
91.6367314862,93.2508929656
92.1351998949,93.2367683249
92.6337530224,93.1792542001
93.3707687371,93.0563111427
93.7901503369,92.9536801863
94.4413535049,92.6695310567
94.8074614488,92.4453290933
95.1475290139,92.3542917167
95.3040187053,92.2562723751
95.4534457952,92.1844182785
95.5696749283,92.1298996457
95.637558855,92.155539282
95.6533750398,92.1293042279
95.5026731234,92.1959560795
95.2544672405,92.2285514839
94.7700026319,92.3435465948
94.3532051066,92.3529589846
93.9246600168,92.3569191106
93.0970227023,92.4462069263
92.5708232698,92.5217676767
91.6182025811,92.6144046698
90.9866666542,92.6645786061
90.2990290044,92.5983171963
89.2938133128,92.6719676957
88.6830152042,92.7452928669
87.6285553011,92.8563527921
86.8901582224,92.8836195756
86.1341961072,92.9073916689
84.8503562756,92.82728671
83.9503019706,92.8610156437
82.9463319437,92.8736220799
81.3941853405,92.8799048732
80.3842462829,92.9634521262
78.8619581444,93.245209609
77.7379539694,93.6047158953
76.7051682266,94.0599264622
75.2837133749,94.581501843
74.199196928,94.7755808878
72.2863473965,94.9477617168
70.9924253475,94.907780523
69.7401412375,95.0003762455
67.7487280213,95.0841085334
66.5288312852,95.1830534335
64.9941343024,95.2149134244
63.7835135306,95.2179322804
62.3842946003,95.282386212
60.0202439404,95.4812189936
58.2920322528,95.5921034662
55.9356537888,95.8241337264
54.5536440194,95.9864512581
53.178607367,96.2380794277
50.7697300356,96.2243506891
48.9525434919,96.2236126607
46.1854238957,96.1218177216
44.3100739449,96.0166073566
42.3368227305,95.771047452
39.4633488542,95.5822064267
37.5706074043,95.410868065
35.0590455853,95.3543486602
33.5238797769,95.288185399
32.0758431494,95.2378621228
29.962495747,95.0362185602
28.5187640029,94.964534434
26.2857808735,94.7989356077
24.7970975617,94.6966056516
23.2651455257,94.5921014803
20.815589853,94.4282418896
18.9856137305,94.2426406466
17.0546012209,94.0937188633
14.0734308876,94.0793328618
12.227140103,94.2098250982
9.51992934914,94.290424043
7.79729174849,94.3250169228
6.32833969943,94.4198441623
4.21209416652,94.394062763
2.87791529606,94.4275276386
0.533512442375,94.43207186
358.762105431,94.4849171212
356.576021462,94.5073216343
352.156626189,94.8276813937
348.86097747,95.0274759539
342.823377105,95.4667730239
338.31105362,95.9421951234
333.663816332,96.1745471822
326.774835991,96.5404487334
322.38795088,96.6578604196
316.097382796,96.6530927276
312.37505313,96.5133267217
309.191742686,96.2859891022
305.192986561,95.9851519087
303.022653644,95.6338538745
301.138719733,95.4329848801
298.510277063,95.2684204462
296.992801685,95.3576781463
294.583514577,95.4239700175
293.116409247,95.5272069365
291.125464114,95.5799415758
290.023749575,95.5607175661
289.001728112,95.5244370743
287.505169249,95.4260379254
286.624452785,95.3544657198
285.315304207,95.3006549521
284.433217171,95.2415523913
283.508362997,95.1915504337
282.081256999,95.1568745674
281.001030482,95.0990312043
279.891078873,95.1007875269
278.299500366,95.0898728501
277.309594672,95.1716486214
276.018025088,95.1967824147
275.215035179,95.2639958587
274.475435544,95.2847734078
273.294341735,95.3576756983
272.516261878,95.3373344084
271.299095245,95.4082382989
270.536604843,95.4859275715
269.798871448,95.6414831159
268.758724025,95.9206227514
268.13181575,96.1351106238
267.171853021,96.3712660329
266.582242079,96.3553124813
266.129141957,96.3768305821
265.608831442,96.2738458729
265.428117863,96.2052561246
265.244330789,96.0763120416
265.173268554,96.0057354855
265.134061624,95.9431178855
265.233730672,95.8797539411
265.436827659,95.7983788838
265.874668425,95.6802223798
266.181113663,95.6504128579
266.567989486,95.630283929
267.291863465,95.6643892103
267.806955408,95.6823284823
268.559419451,95.649197984
269.057759846,95.5306663997
269.476860702,95.3741643431
269.98213134,95.143611416
270.354221593,95.047977961
270.880492114,95.0658063733
272.025515636,95.0152541475
272.977506695,95.0384756028
274.661940801,95.0332632838
275.949473421,95.0132114507
277.370298539,94.9577532788
279.618394488,94.8327636073
281.050997169,94.6873664562
283.26352088,94.5265916473
284.784514501,94.447420756
286.392474792,94.4193923258
288.993368455,94.3897139949
290.795925762,94.3823434613
293.554103658,94.3024222294
295.412742162,94.2212148018
297.425503188,93.9653745752
300.387608065,93.5175106818
302.287512172,93.3898523968
305.082169423,93.2556303867
306.901101479,93.2004164891
308.748696209,93.1223000812
311.554487843,92.9692033103
313.25407726,92.9042200722
315.636120596,92.8187612974
317.082109252,92.6710794689
318.365952692,92.536670552
320.031370208,92.4586550834
320.994040535,92.5096005109
322.340446397,92.6090376247
323.265438988,92.6664023011
324.420866302,92.7107106574
326.760958332,92.7315976231
329.238173649,92.7387236065
332.623697564,92.8947892379
339.314245508,92.7961184629
344.184322939,92.4052214574
351.585541245,91.9861454206
356.397745498,92.1666705494
1.11764960838,92.7227276449
7.86334661858,94.0415545931
11.9258041611,95.0563051655
16.9665087244,96.1396223513
19.7920576708,96.6355133664
22.2418956375,96.9295959231
25.4066165168,96.873344248
27.3507733876,96.823626501
30.5342516176,96.8770127357
32.9114408364,96.977667836
35.5508871258,97.1139028267
39.9234859889,97.1162867101
43.0526555669,97.124907816
47.6350492138,96.8968390664
50.4190287709,96.4498844166
52.8901417005,96.0809581062
56.1851545099,95.587603939
58.2037618838,95.5270562977
59.8027614226,95.637935479
61.8094712581,95.7713693026
63.0285769475,95.7832099028
64.9751598997,95.5991329619
66.3928573228,95.4488628078
68.7926112908,95.2509265028
70.5114229962,95.1101801048
72.5811539921,95.0667275882
76.5208746123,94.8427290576
80.3728672883,94.453759944
86.65196409,93.7222675296
90.1716749302,93.7129570732
93.1781319881,93.6201957425
97.3607008465,93.0305377046
99.9219151313,92.7663904536
