179.472678592,88.7890513249
179.406798635,88.8750246689
179.407921473,88.8765919033
179.416620556,88.8828663281
179.448461922,88.8872063261
179.471891351,88.8750328414
179.473008961,88.865358318
179.469646835,88.8755838096
179.440345085,88.8911413942
179.352937667,88.9186009968
179.308155729,88.9383533973
179.227114958,88.9537821029
179.192254588,88.9536853204
179.177417278,88.9684954024
179.165703545,88.9931783763
179.166971281,88.990471632
179.144005398,88.9832177186
179.132492244,88.9776640451
179.107861131,88.9847213123
179.055245933,88.9980118987
179.022907551,89.027355817
178.95562089,89.049691312
178.914349848,89.0585855566
178.880038104,89.0712909626
178.857817604,89.0740532037
178.85755577,89.0743048335
178.869916981,89.0800004967
178.877692927,89.0996975384
178.864657074,89.1212936352
178.807755563,89.1762176126
178.759855464,89.2131543627
178.683083733,89.2561147943
178.644544342,89.2700726868
178.613577474,89.3167299451
178.572107977,89.3751266867
178.528375885,89.398867243
178.48337309,89.4265544811
178.421075093,89.4294362926
178.380942402,89.4420033416
178.262536065,89.4560963871
178.023844362,89.4654649275
177.460932242,89.3959311919
176.541431605,89.3635396542
175.857822426,89.3350740284
174.349894914,89.2612521055
173.002959592,89.2214509727
171.328462445,89.2359199267
168.366540411,89.4196519505
166.114735765,89.6032454371
162.354988051,89.8186410761
159.55690248,90.0901732472
156.58967804,90.3726775285
151.627602204,90.8025006989
148.338691894,91.1673615228
143.559269271,91.8241818103
140.772950835,92.1438917028
138.487221764,92.4115718501
135.847662862,92.7885836883
134.697535278,92.9833937387
133.499902956,93.06256771
133.112254409,93.1549990684
133.079050682,93.1684773103
133.29427751,93.2268497211
133.544232676,93.2348725478
133.917565951,93.1476233827
133.972247412,93.1048494267
134.009993643,93.0884005114
134.027515067,93.0759761162
134.005346459,93.0695932972
133.972578072,93.0403937862
134.014252802,92.9766544361
134.127575879,92.8867998076
134.381439847,92.7620302263
134.583304762,92.7038085735
134.705928304,92.6660134478
134.935590642,92.5129836038
135.050510771,92.3938799281
135.219626449,92.2287607305
135.299858658,92.1727980082
135.385590425,92.1221555987
135.602677586,92.0711072635
135.781252226,92.0168784881
136.037325543,91.9360083852
136.277695823,91.8893886301
136.466147016,91.8931561439
136.685167849,91.8598723278
136.798527796,91.8213410015
136.906642371,91.7693765007
136.928320711,91.7540612261
136.956301927,91.7559993227
137.016491721,91.7651366154
137.096151328,91.7465243505
137.239784409,91.7091667697
137.313931423,91.6762132258
137.396284304,91.662311914
137.490750816,91.5689086957
137.570522734,91.4824246184
137.661993244,91.3808813583
137.765961654,91.3301014474
137.902067009,91.3019954576
138.132590282,91.3030251741
138.271130979,91.312861956
138.359476581,91.3010501565
138.43166183,91.2483596907
138.451306783,91.2234093436
138.447113451,91.1839841581
138.441327639,91.1661109837
138.445616716,91.1533689743
138.463262823,91.161055633
138.484128264,91.180660317
138.518558234,91.2119687852
138.544196894,91.2259989332
138.574453925,91.2305398799
138.629958597,91.2168805596
138.66504585,91.2550478829
138.732744584,91.2585578898
138.769882425,91.2092208587
138.801907545,91.180721186
138.810182652,91.1234702187
138.816780518,91.0966246413
138.831885383,91.0589278095
138.840847928,91.0299996063
138.859066778,91.0026039868
138.885213716,90.9764518224
138.9030578,90.9321539505
138.909487402,90.8527958904
138.912125298,90.8026888308
138.924921823,90.7432504865
139.035023328,90.6276155325
139.176887066,90.5734554892
139.586017271,90.4380664268
139.92586964,90.3834815811
140.280190126,90.311733791
140.805818172,90.1188997473
141.194429322,90.1144786181
141.773574369,89.903360923
142.164565588,89.75722355
142.516521518,89.644955359
142.986629622,89.5072885521
143.22245195,89.4466159511
143.508436644,89.3646175173
143.777636867,89.2979587902
143.914927402,89.2252876513
144.084657585,89.06017823
144.148298361,88.9820784153
144.203690582,88.8902969067
144.26200061,88.7558385196
144.316264059,88.683805744
144.419992026,88.5869648461
144.475450973,88.5455129034
144.534555728,88.4955007938
144.647299858,88.4008619363
144.727143329,88.3183386387
144.845278,88.1717941884
144.915199389,88.1329737641
144.941204392,88.1028150081
144.946661949,87.9675525665
144.933339557,87.9002194187
144.91469249,87.792225515
144.927213488,87.7006111536
144.959375622,87.6078253511
145.031603626,87.4875282761
145.080287455,87.3822860639
145.143819772,87.2583348055
145.187320689,87.1717293065
145.217743876,87.1160360371
145.277341743,87.0160115947
145.326035593,86.9536691975
145.437620189,86.8447169718
145.503649564,86.7846904512
145.580007585,86.7385316391
145.637834633,86.7003860757
145.643405032,86.6579248928
145.629737813,86.6422187513
145.615942445,86.6243658762
145.637672148,86.6364734674
145.712008327,86.5992999525
145.80533762,86.5584258517
145.869656819,86.5098662631
145.986542947,86.4753397682
146.08598392,86.4483620459
146.384373676,86.3824270451
146.753095246,86.3173337434
147.419550698,86.1280776117
148.756877545,85.8569882164
149.906168588,85.6607344403
152.024586716,85.2694098585
153.652012102,85.0179379122
155.451058504,84.7288902038
158.360819529,84.2405524591
160.364060273,83.8831649254
163.338115947,83.3028524193
165.475420648,82.8826618537
167.751948153,82.4659601048
171.231504034,81.7013150497
173.533069843,81.2519016161
176.813706593,80.5295279633
178.845402262,80.1493961695
180.638686752,79.6642726536
183.359673292,79.2361847217
184.931903087,78.9972332925
186.908893039,78.74506329
187.938994105,78.6920281965
188.66098084,78.7272820805
189.352842132,78.6189167699
189.655224545,78.7431652054
189.617311723,78.7722171165
189.606478041,78.8915573658
189.431588857,79.053797041
189.062838794,79.2513436476
188.870585528,79.3675529112
188.743508075,79.4863170899
188.653851518,79.7168879193
188.637808203,79.8021544202
188.678519012,79.9052317577
188.707946471,79.9645674858
188.743384649,80.0340330009
188.809398971,80.1010616928
188.879699512,80.1368850705
189.0146582,80.1939374454
189.073314742,80.1968092717
189.114653845,80.1991309221
189.165847237,80.2266624159
189.179612544,80.24222822
189.214421869,80.2635385966
189.210219582,80.2740126114
189.183254248,80.2593746308
189.15276931,80.2509291147
189.135638033,80.2370131568
189.1428434,80.2822693136
189.13156013,80.308324988
189.074345524,80.3565106029
188.962459936,80.4397235148
188.825280914,80.506844819
188.590490485,80.5975049433
188.394535333,80.6784840554
188.256645134,80.8063355564
188.02103431,80.8972656667
187.880453371,80.9423615137
187.720291879,80.9828145287
187.66620858,81.0096321062
187.704692298,81.0052342211
188.058640969,81.0127826501
188.359604432,81.0198511677
188.845636849,80.8875962538
189.501996295,80.8286138387
189.962605108,80.7330813957
190.67309715,80.5866073566
191.119272967,80.5827236626
191.453693831,80.507545711
191.85814994,80.3098740156
192.047268065,80.2574420758
192.370964707,80.1635675324
192.547625815,80.1295915872
192.701766077,80.052426232
192.963973008,79.9151570911
193.107090251,79.8814404459
193.309858424,79.8587962026
193.395710499,79.8185036964
193.471132537,79.8153109653
193.532124827,79.8370617708
193.545702015,79.8543009773
193.59192442,79.9332293037
193.642791133,79.993847982
193.685434292,80.0357086259
193.77453713,80.0824474548
193.845579404,80.1294291988
193.944662582,80.1603755896
194.008901812,80.163302384
194.071859635,80.1639320191
194.10628703,80.1627815606
194.125874077,80.1514521695
194.210285064,80.1079939998
194.361321604,80.0104634961
194.610387238,79.9056980247
195.283388115,79.6371920607
195.897095127,79.3502665692
196.627314201,78.9037929531
198.16125707,78.5814578686
199.423818478,78.2382084294
201.700655778,77.7649617739
203.51018829,77.5947702488
205.58735375,77.276702227
209.717480497,76.8747984977
213.022002119,76.7345185784
219.456882542,76.5762437021
224.290018745,76.8811243981
229.106630042,77.0810328944
235.983535686,77.4777839239
239.929234397,77.5498774339
244.903165027,77.5435706406
247.683944347,77.6301666276
249.954673467,77.7687096713
252.544402383,77.971808127
253.728984155,78.0641793623
254.677329209,78.1523083909
254.819212496,78.0756455073
254.603100496,78.0421825196
254.40047048,77.9634933378
254.246314167,77.9507032745
254.104511028,77.9493860877
254.049050187,77.9232127085
254.042395688,77.8635009613
254.100269665,77.6451309772
254.152927532,77.4759747138
254.244113884,77.2407800248
254.324308616,77.1117486874
254.434423707,77.0410349004
254.800743052,77.1868886239
255.096953902,77.5199471226
255.658062497,78.3097996432
255.977870694,78.9553228692
256.203779615,79.4859542339
256.40978096,80.6451430857
256.43510459,81.2985679444
256.390217437,81.9979719529
256.003459515,82.5662151376
255.723886606,82.8104351045
255.130491176,83.1478829526
254.743995295,83.2603092728
254.182437227,83.5532391727
253.049813263,84.10463653
252.336666314,84.3393205337
251.34183581,84.7866308119
250.620015692,85.2809070647
250.012515863,85.798521586
248.76516603,86.8358134689
247.615669596,87.4440511302
245.576031204,87.8372226549
244.024726291,88.0605627683
242.478543184,87.8764849166
240.597953285,87.781595274
239.880721493,87.5974429203
239.284998069,87.8661735447
239.045998761,88.1159495953
238.983912304,88.3554916846
238.821267419,88.816094778
238.705008427,88.8755843955
238.513495041,88.8663623735
238.25045624,88.7932092436
238.07242883,88.7250817138
237.914219135,88.6361620211
237.860283798,88.5999832046
237.816101638,88.5937312198
237.780497394,88.5757991264
237.662005003,88.5845272888
237.444074759,88.6357029403
237.379872526,88.6569656545
237.529299459,88.8357966876
237.821015048,89.1399593364
237.871627976,89.1518306908
237.758693893,89.1498325217
237.39687136,89.1492152407
236.797020924,89.1286673298
235.39794495,89.0430428241
234.135017512,88.7415406025
231.413631186,88.089676056
229.411340998,87.5355489909
227.446953047,87.2775126379
224.583031182,87.2436364512
222.837199035,87.3802451814
220.224906814,87.8615759984
218.430231775,88.0974541965
216.189023194,88.239492073
212.030251596,87.7903018926
208.454630499,87.3357795095
202.825704128,86.8515449551
198.709820579,86.7739907938
194.573203683,86.8242269476
188.573998023,86.7364455655
185.041306341,86.7148029821
180.294399223,87.2570866478
177.093697113,87.8536005627
173.660672787,88.3215346628
168.18982026,89.2334757388
164.281940917,89.8441310112
159.987310726,90.5696170047
152.715194198,91.2654660251
145.270066499,91.5506400668
142.692517833,91.6085252739
135.211175123,91.4814939589
131.400930674,91.3050403348
127.177572631,91.1664985061
125.61017684,91.1835365367
123.984343688,91.2373148824
123.40032303,91.1600167471
122.921109947,91.0771442577
122.795841656,90.7562025512
122.788657305,90.7750316266
122.659425322,90.7225411956
122.532991282,90.7708079463
122.339993277,90.9807391152
122.007098079,91.3097919718
121.573212102,91.6194482291
120.939270331,92.1338976201
120.698838905,92.2293662046
120.563741261,92.201798851
120.277038501,92.2471179025
120.173135162,92.226282094
120.10303738,92.2321342561
120.082768948,92.2441335716
120.075257575,92.220893769
120.072864584,92.2539925796
120.130267524,92.2247431374
120.213221052,92.2143305724
120.34520313,92.1491750488
120.443169394,92.1084053145
120.893971447,91.8119386427
121.374994465,91.6839676849
122.690227621,91.3817787598
123.881657681,91.3686907481
125.101040893,91.2926178222
126.492128097,91.1548083644
127.088761491,90.8523202473
127.330859686,90.3636138231
127.294892392,90.1345902223
127.178910847,89.9507098065
127.195628166,89.6572110251
127.390036986,89.6268207513
127.706389878,89.5934773429
128.295933549,89.492071886
128.720899734,89.351473619
129.426331739,89.2932769566
129.790779324,89.4700162368
129.76824252,89.4149406771
129.433041111,89.274285576
129.16451628,89.4047503373
128.958778905,89.5382187306
128.806720249,89.6729875489
128.817355227,89.9104313587
128.912318036,90.0058049162
129.131072114,90.0917912081
129.470028429,90.1266854147
129.817248247,90.1562403161
130.185357151,90.0969276774
130.747649406,89.988253257
130.95041553,89.9067018502
131.285896312,89.9147703858
131.423805913,89.8922750062
131.607220389,89.9191076063
132.077186343,89.9468997179
132.523555394,89.9635582757
133.430096176,89.7843142303
134.237394192,89.5734856731
135.486050672,89.1688836027
137.915481817,88.6552145621
140.259999502,88.2132248467
142.967969277,87.8961092026
147.508180231,87.2652422637
150.385474974,86.8587309424
154.539327057,85.9527386278
157.014045912,85.4334119397
160.537392661,84.627556615
162.684976705,84.0363256925
164.570713836,83.6196197424
166.673023274,83.1790360139
167.624693247,82.928469915
168.104863617,82.6516831776
168.303278678,82.3637953347
168.323539425,82.3096662871
168.464837958,82.1897186915
168.505279844,82.2032336335
168.510746533,82.1968008668
168.304842119,82.1499609353
168.12934691,82.123797152
167.79420684,82.1795351793
167.677121986,82.2375355343
167.596717361,82.3491007786
167.567043648,82.5268542333
167.543146714,82.6166815358
167.468744113,82.7759311611
167.41449232,82.8352582198
167.338561873,82.9363433463
167.137487341,83.0663246918
166.996066925,83.0856798801
166.805334199,83.1277884781
166.767627566,83.1482569635
166.726609763,83.197493502
166.664183339,83.2452732346
166.62452783,83.2396152752
166.541770115,83.2133387962
166.524149868,83.1688971812
166.515395571,83.1065844765
166.47205269,83.0646343636
166.449925218,82.998468709
166.485330837,82.9034069032
166.61872744,82.8372952274
166.7865514,82.7606046263
167.252713625,82.5443262001
167.644614143,82.3728040031
168.213039297,82.1587005358
169.288203679,81.7346488165
170.199300039,81.4874163427
171.86379998,81.1407272524
173.230324633,80.7632776631
174.988617141,80.3741626436
178.459930923,79.7588121475
181.198704701,79.4860353495
185.834147559,79.0272684534
189.195399327,78.7614324913
192.52918814,78.4831662303
197.706917041,77.9016843345
201.096198315,77.4590560992
205.803418533,77.0952064359
208.747107516,76.8367468306
211.464399969,76.5255362075
215.225600845,76.391293983
217.410497202,76.4163836718
219.759205363,76.582137206
220.948573889,76.6713072416
221.831953509,76.802707736
222.929871753,76.9390992361
223.542574108,77.0538226184
224.417605755,77.1038045453
224.97768207,77.1222657655
225.699612782,77.2297177527
226.808992471,77.5204254621
227.546827149,77.6232674183
228.538448282,77.7790866496
228.978494431,77.8447731187
229.452546882,77.9189500364
230.164629645,77.9739665568
230.66205302,78.0168786465
231.292592421,77.9502280282
232.266064875,77.8744673532
232.830025088,77.9292002945
233.427609147,78.028633351
233.524403167,78.0425874667
233.564403311,78.0371286552
233.567975403,78.0392030794
233.531536189,78.0001521165
233.446144106,77.9611127017
233.362205567,77.9482493837
233.287959478,77.9557360019
233.158765346,77.953995943
233.091398244,77.9437791211
232.968960672,77.9108825714
232.824571285,77.8924385396
232.667712638,77.8719027298
232.343276084,77.8166222053
232.119804312,77.7763983983
231.69876492,77.6881468053
231.159604575,77.6689458318
230.613856739,77.5433418036
229.654301453,77.6140960436
228.828975348,77.6838339853
227.26678975,77.8473175347
225.873435254,77.9363801254
224.082953551,78.0543356692
220.844857181,78.2429359067
218.449569779,78.5527076511
214.516294931,79.2362103087
211.624805008,79.7125441192
208.558830012,80.2118644013
203.776632729,81.0976201826
200.429535502,81.8363861636
195.316896339,82.9054089638
191.786768634,83.6330945193
188.322442217,84.2304082519
183.330740993,85.0144977979
180.325536968,85.5772874985
177.47652125,86.1900647224
173.478713076,87.2578340412
170.809345036,88.0113336725
166.649052465,89.3094001883
163.913063661,90.0374409439
161.260550331,90.6022549482
157.755182116,91.2523355492
155.827421121,91.6009651428
153.513902945,91.9083142504
152.086338088,91.9596523988
150.855734118,91.9311601894
149.585048415,91.9561324724
149.157606872,91.9381186052
148.655198123,91.7963107898
148.456149859,91.6385009041
148.259203672,91.6031694356
147.858425682,91.4727616727
147.549962001,91.4507124798
146.857591487,91.4526347032
146.410705272,91.4647990409
146.091800251,91.508283539
145.742399922,91.5457656859
145.538718427,91.576525866
145.268758444,91.5385655374
145.046204375,91.5013380984
144.861302598,91.4498478891
144.658277064,91.3580396766
144.513246154,91.2822645519
144.337240983,91.2059437485
144.305761865,91.1398166271
144.354591161,91.1000417053
144.567473343,91.0711299767
144.781913518,91.0657558338
144.964508428,91.0954230986
145.177198018,91.1654232794
145.296035562,91.2187941151
145.393092455,91.3272802973
145.460046823,91.4005765842
145.537312988,91.4883628107
145.625245913,91.5910297256
145.691939142,91.6332135332
145.820808417,91.7085880713
145.876224204,91.739572258
145.93621697,91.72466296
145.973830096,91.6871798787
145.961879545,91.6574899438
145.908842655,91.6017462477
145.878993992,91.5595809664
145.853728202,91.4947067538
145.89054252,91.373602091
146.066731594,91.1781932981
146.770480687,90.7814293031
147.198794268,90.5549217081
147.735807623,90.3825383408
148.430685832,90.0530338199
149.014260844,89.8420467262
149.891662989,89.5296600795
150.504686579,89.4154654704
150.988993753,89.3232402724
151.771832789,89.1251096601
152.374953611,89.0237511177
153.264935419,88.9423671401
154.026547293,88.8175058178
154.723453845,88.6777427351
155.471593992,88.489445596
156.771352562,88.263055455
158.266085929,88.1042174155
159.079328834,88.0225479531
159.88101873,87.9268212866
160.971041502,87.8028059977
161.705058607,87.753667235
162.531710097,87.7330388305
163.742411346,87.6957449951
164.571616667,87.6887728176
165.820121965,87.6746701574
166.593528724,87.6617526233
167.332887015,87.64137449
168.399846101,87.7194138672
169.056797686,87.7668524804
169.924514743,87.8821479223
170.49625691,87.9404811865
171.066249429,88.0038136376
171.829963601,88.0829906942
172.384207285,88.0908127653
173.166978934,88.086529551
173.696560983,88.0600115925
174.209610253,88.0832526034
174.742152103,87.9622299677
175.000419293,87.9450148698
175.267502852,87.9596472835
175.499552895,87.9728229886
175.722341352,88.008709794
175.994160717,88.0433154566
176.147131728,88.0598331984
176.308351094,88.0392408711
176.365580467,88.0583156156
176.374164924,88.0907757122
176.309672515,88.1454184234
176.225342252,88.187688338
176.111134231,88.218771985
175.960155658,88.2717074305
175.835424842,88.283378183
175.677038005,88.3026724334
175.513008149,88.3850580155
175.350677438,88.4150594209
175.115820663,88.413729825
174.952334553,88.4198599625
174.757252413,88.4278344991
174.657882294,88.4212337681
174.550847841,88.40372833
174.421822337,88.3871026198
174.321842677,88.3559927683
174.219114394,88.3303719459
174.128932121,88.317669961
174.058296255,88.2949290998
173.964364956,88.2685797743
173.943293482,88.2598889981
173.910773028,88.2587956109
173.878757396,88.2665459365
173.840174241,88.2781921859
173.774321267,88.3198128839
173.740420492,88.3344269982
173.73097114,88.3463761019
173.739185614,88.3483498033
173.747986365,88.3938377948
173.737969225,88.4290422225
173.715086353,88.4580949541
173.666416948,88.4744780187
173.639406637,88.4859243092
173.629270415,88.4927761788
173.603787622,88.4725331039
173.593399064,88.4843709522
173.567738727,88.484626442
173.546641836,88.4959582795
173.535968732,88.5020036996
173.535299164,88.4942268295
173.543657574,88.4921080334
173.546218466,88.491273786
173.534155222,88.4982076147
173.517685654,88.5016139952
173.485192128,88.5105412506
173.481250053,88.5139944831
173.479509854,88.5298117278
173.463871928,88.5289022932
173.451651549,88.5340229875
173.423475642,88.5738326495
173.410818766,88.6082272193
173.380388898,88.6142617688
173.336538372,88.6179829694
173.318892653,88.6192932486
173.30581989,88.629999447
173.304512221,88.6308881854
173.301243534,88.6354630505
173.301023526,88.6524858653
173.300675923,88.6565849775
173.294115647,88.6626310365
173.293873423,88.6529316787
173.30305528,88.6448335828
173.330020013,88.6427462032
173.339170513,88.6487091074
173.328596706,88.6494131348
173.317011799,88.6556784637
173.297062067,88.6568256332
173.275881323,88.6523500642
173.270096873,88.6248246415
173.286154121,88.5804041377
173.299610946,88.549238159
173.319583981,88.5605531146
173.328396124,88.5042373471
173.323639863,88.4801489573
173.326047664,88.4514811019
173.328282133,88.4252333304
173.32571991,88.3941415473
173.295674049,88.3668736193
173.283211487,88.3405164429
173.264608768,88.319077371
173.265194405,88.2860717931
173.280792253,88.2541541896
173.308598652,88.201489846
173.320292329,88.1724729284
173.318645687,88.1616518335
173.290876834,88.1640248304
173.263462059,88.1792465151
173.21669345,88.2213481118
173.19446153,88.2350308376
173.174712096,88.2233481149
173.187285372,88.1771444232
173.180797505,88.175379078
173.177941499,88.1887072374
173.152473851,88.1687956883
173.117936612,88.1670307458
172.991825495,88.1919056705
172.906252092,88.1982614301
172.671110754,88.2049935807
172.528469734,88.2223067765
172.360201522,88.2352494037
172.021192668,88.2293967898
171.786306373,88.2408041391
171.426754137,88.2478403745
171.191625589,88.2417840543
170.9810403,88.2495912612
170.740931702,88.2580535702
170.577655484,88.2728769417
170.38079004,88.3169593869
170.294705948,88.3286709376
170.223993799,88.3359097247
170.202241075,88.3489995495
170.199540805,88.3423110397
170.208028272,88.3722746703
170.171216968,88.3957170482
170.10444052,88.3969518507
169.868657275,88.4336839422
169.675751983,88.4734039648
169.552104595,88.4873343632
169.468893055,88.4877295576
169.518624686,88.4647904205
169.659937373,88.3965551481
169.724868512,88.370090227
169.77792038,88.3367058527
169.796601424,88.3032846633
169.830062615,88.2716487145
169.892601833,88.2209189532
169.941094752,88.1926560922
169.929442678,88.1883348316
169.8646154,88.2534565632
169.700216291,88.3241499221
169.386506522,88.405341959
169.032751751,88.4578231693
168.254236473,88.4871829522
166.573353774,88.6217341718
164.867771449,88.611269988
161.872868272,88.6495079375
159.584801481,88.6875981776
157.157248484,88.8904278349
153.296567949,89.4048429518
150.563649249,89.8457055096
146.322673335,90.5913651925
143.622707943,91.0929004956
141.02190014,91.6808354182
137.501352577,92.4656100167
135.456923629,92.8872777017
133.653959707,93.2111991319
131.474163023,93.7721691989
130.310533489,94.053176508
128.819281024,94.3599768569
127.895135632,94.6655546338
127.04690187,95.0630044221
125.888948739,95.3805136422
125.014839246,95.4444032379
123.835630532,95.5677288766
123.112304805,95.5015586984
122.506753871,95.405462098
121.721795701,95.2322462929
121.234940612,95.0886940163
120.518210973,95.0115096947
120.220856929,94.9348957737
119.874288246,94.8684516616
119.448751564,94.7926643371
118.982252122,94.705494885
118.390742219,94.7428725808
117.982566656,94.7533064308
117.680250763,94.772537379
117.388233659,94.8404688745
117.208091935,94.8658966112
116.930880342,94.9186730967
116.829257509,94.9596536596
116.735746758,95.0185169413
116.665640551,95.1200021465
116.659281244,95.2611600288
116.684629962,95.5349351427
116.80385945,95.5809645874
116.976441603,95.5216112578
117.350189261,95.4681316455
117.614466525,95.3889364963
118.151153454,95.2780915487
118.540173833,95.210267966
119.006021481,95.1710084316
119.583319616,95.0639704747
120.019455717,95.0397775939
120.497369286,94.9810774683
121.329115675,94.7762479737
121.931633438,94.6718218279
122.978027986,94.5887713648
123.75413126,94.4434034688
124.573698618,94.3262270299
126.097466913,94.1693486292
127.341774555,94.0243015679
129.33714142,93.7037730042
130.689755198,93.4410776123
131.830991991,93.1417235392
133.030553647,93.0066992744
133.496059207,92.936764193
134.287935964,92.9329132695
135.038759419,93.0331507792
135.933626964,93.2422926588
137.260868962,93.7152906985
138.085410255,93.9954242225
138.884124802,94.1371329039
139.197052464,94.3081475567
139.345441263,94.6351710123
139.378535894,95.0373453182
139.205596334,95.2802749087
138.465141985,95.2889928427
137.750365283,95.1639653578
136.983849867,95.0729933471
135.750064012,95.044552278
134.948783431,95.1098240655
133.775233044,95.2419925413
133.194677503,95.3351424874
132.728876747,95.4011264138
132.218579649,95.5874175411
131.985421905,95.6343357221
131.559032945,95.6386173893
131.214770835,95.6531685215
130.882637218,95.6501576141
130.492195711,95.5650646221
130.364403831,95.3085148194
130.302264667,95.1868360181
130.133160344,95.2157618202
129.635992725,95.3703869566
129.075128643,95.1145155501
128.894934454,94.9582196343
128.887506459,94.8781484778
128.978023912,94.7570200091
129.325415629,94.6864425105
130.145480894,94.470010517
130.881253518,94.3007196347
131.99543584,94.0719300375
134.204075722,93.6096783027
135.847600895,93.2611571878
138.819352882,92.6864864563
140.724539793,92.4242909487
142.565301505,92.2296266885
144.759131322,91.8192806173
146.018837762,91.6390363332
147.49240984,91.332495378
148.363134549,91.1572366657
149.176618099,90.9896351492
150.392310015,90.8035648754
151.315370199,90.5138541313
152.981462639,90.0706736194
154.144334696,89.7276342857
155.365120205,89.3321110147
157.168149432,88.7551145164
158.266975084,88.3088702398
159.830385315,87.644591443
160.817495087,87.2557965443
161.858893573,86.9521237243
163.990540427,86.4279525898
165.918564034,86.1518840245
167.77379146,85.7828791375
170.632949798,85.1647701626
172.630457429,84.8597214911
175.811556927,84.2802238268
178.004855272,84.034308731
180.020414466,83.7857640401
182.981645424,83.3974851582
184.659853053,83.2145925895
186.956443159,82.9795224016
187.993618309,82.7108805088
188.867477768,82.5206786238
189.846020089,82.4589679577
190.409742857,82.3429265699
190.929623999,82.2051990894
191.649333602,81.8948921754
192.159965325,81.827239729
192.856930858,81.5678642595
193.376402314,81.3806014742
194.364798069,81.1010277444
195.157695792,80.8831390942
195.809365886,80.6169329785
196.630842939,80.336123522
197.095173334,80.16404717
197.579176959,79.9740393323
198.374495709,79.8138543504
198.762557381,79.797878136
199.143514132,79.7949899491
199.160959581,79.8913008381
199.204884646,79.9957375037
199.165873619,80.0682710382
199.038304744,80.1507523398
198.823526958,80.3336211642
198.690022827,80.5037882282
198.453423371,80.7707714585
198.279380523,80.8624306189
198.119328622,80.9221600018
197.972324758,80.9641661053
197.932994319,81.0009690009
197.963688355,81.0403674289
198.054586359,81.0651434257
198.072302948,81.0647662821
198.033180008,81.0032594929
197.993960513,80.9875287382
197.939282187,81.0261063987
197.861305924,81.054526896
197.846171592,81.0622109799
197.910229305,81.0713886907
198.009129755,81.0718004479
198.126240447,81.0540162862
198.29137601,80.9956992828
198.364187955,80.9614710612
198.432131254,80.9086241861
198.456645065,80.8832747783
198.460333814,80.8883476232
198.457868193,80.9132769113
198.464957134,80.91230107
198.50679062,80.9521075217
198.573020497,80.9841268963
198.627089196,81.0051605367
198.758681804,81.036349838
198.849686801,81.0458091311
198.953388424,81.058091693
199.011644366,81.0551798748
199.058650381,81.02659432
199.101708563,81.0453329975
199.119099443,81.0583506324
199.121522686,81.08900892
199.113462496,81.1133961335
199.079537831,81.1249943711
199.041603143,81.0832395936
199.037759206,81.0683314081
199.051590981,81.0593656749
199.07060857,81.0002911253
199.073013459,80.9679746942
199.013913292,80.9228431026
199.004989061,80.898619513
199.078290287,80.9243935751
199.421005052,80.9589639463
199.848468095,80.9691344947
200.661010898,80.9989907665
201.354873198,81.0269912877
202.3630545,81.1431103126
204.560708283,81.5571655192
206.157165865,81.752607279
208.561289414,81.844156746
210.198852256,81.8656105975
211.856498484,81.8634980924
214.482931638,81.8266179829
216.235667183,81.7191323808
219.079842705,81.386017977
221.095703879,81.2310254809
223.094931926,81.2137463692
226.02374193,81.1697093799
227.883778739,81.0957964301
230.324514355,81.0255732949
231.696821353,80.8727561483
232.791007962,80.6507549462
233.769610249,80.3691120266
234.071073131,80.2276810845
234.011552131,80.0930860235
233.927013584,79.9833820648
233.689478046,79.8511074176
233.205761563,79.7494857513
232.941954028,79.7196022923
232.683931592,79.6800113985
232.440896358,79.568013337
232.322992467,79.4775936906
232.196407093,79.4388031955
232.088646368,79.4203902506
232.014890167,79.4196526537
231.890528025,79.4525520236
231.795988074,79.5069379878
231.647410622,79.6092571051
231.510160909,79.6461419324
231.323847599,79.6672047141
230.797021682,79.6499968941
230.241452226,79.6915753997
229.185183569,79.6388184032
228.412749695,79.6402531534
227.738272894,79.6656618423
227.075783977,79.8591950938
226.837145621,80.0278033668
226.667860729,80.1707263829
226.392624065,80.3303484308
225.792723259,80.4746101308
224.442755926,80.5186604019
222.861915245,80.4754007843
219.423847605,80.5559343115
216.564491276,80.545279145
213.377350411,80.5810954637
208.183707357,80.8022724378
204.602700686,81.0864894634
201.132663161,81.4530556957
196.080312212,82.1746853534
192.890755735,82.5581540157
188.582029598,83.1425790873
186.052692849,83.5377857464
182.685158341,84.1167846929
180.780754421,84.4196466121
179.066554425,84.7145605725
176.775968598,85.1735637603
175.341570315,85.4116408775
174.002976458,85.6604631546
172.241252891,85.8426653721
171.163283647,86.0230440411
169.779865567,86.0830592278
168.963650642,86.1547775873
168.201662709,86.3111780833
167.219398993,86.3447007
166.672463622,86.3603414088
165.791589322,86.3603999709
165.251728169,86.3506152598
164.815521835,86.3762073226
164.070358649,86.4696944302
163.65857782,86.4717471757
162.917743324,86.514009029
162.352948232,86.5814609382
161.830482414,86.6131852915
161.014240705,86.7105340887
160.474221117,86.7599096882
159.726523778,86.9105569314
159.257067559,86.9548657132
158.807029546,87.0972710033
158.285020056,87.3551606697
157.969043188,87.4913898012
157.506041791,87.7135527809
157.294206862,87.8130708771
157.018038009,88.0265911076
156.740510721,88.1322624661
156.530988731,88.2218814371
156.221182236,88.3682418466
156.002878958,88.442396285
155.797962716,88.5539652992
155.374970076,88.7667868914
155.056021652,88.9228675634
154.847387965,89.0283256045
154.532115028,89.1950685831
154.45763338,89.2336891434
154.286306449,89.3544559538
154.185412811,89.3776585014
154.089475267,89.3791243994
153.9289775,89.333191723
153.883045655,89.3239480598
153.684926671,89.3280870266
153.480756304,89.3609528612
153.185851052,89.4438786613
152.381892571,89.5743943749
151.768604223,89.779955192
150.25002061,90.2630252566
148.46574547,90.7799298365
145.886114455,91.5723246253
140.522753487,93.0658262878
136.56547837,94.040615538
131.098382045,95.40494213
127.851310809,96.0711303463
125.090909627,96.6795589546
121.904907938,97.1326729748
120.079860693,97.1378348673
117.895975184,97.0847184154
116.842807139,97.1983443323
116.01854778,97.2446152136
115.413214888,97.424604365
115.329889946,97.5026279853
115.349699952,97.5566388123
115.451005739,97.5952045541
115.548473413,97.5764380763
115.643790809,97.5594869482
115.65390805,97.5514236722
115.650503892,97.6033826069
115.6553077,97.6016910314
115.679973711,97.5613500756
115.763759471,97.4978114763
115.863497358,97.4520450478
115.932358118,97.437237462
115.984821363,97.414430622
115.980648966,97.4114757237
115.940772633,97.4123282451
115.888803963,97.4663893342
115.862060312,97.4970481869
115.83257691,97.5267631985
115.81216311,97.5231657818
115.784496115,97.5498949098
115.789429432,97.5741069711
115.770679613,97.6014062924
115.770771556,97.6827285452
115.767889059,97.6970997826
115.770483391,97.7104489206
115.741804223,97.7358587363
115.689026781,97.7672945705
115.609719871,97.7475276706
115.58017943,97.7176197235
115.653445205,97.6118549269
115.831421953,97.5107874711
116.004234022,97.411266598
116.165104049,97.3538883774
116.191843853,97.3132611749
116.205819459,97.2924578899
116.217211317,97.2825846775
116.269776534,97.2133198629
116.706550521,96.9826291922
117.237464157,96.7924588241
117.843727003,96.694657633
117.928114587,96.6864832969
117.946684918,96.7058416647
117.827358916,96.7505032811
117.632651323,96.7760320856
117.481499482,96.7688923748
117.345622226,96.7928402471
117.325999169,96.8508121129
117.377402974,96.820118274
117.423444916,96.7985246703
117.460903399,96.7921852325
117.522641297,96.8156145536
117.561418551,96.8447188306
117.588049728,96.838794752
117.588908123,96.8392866042
117.596292039,96.8460696904
117.658857919,96.8435373791
117.728066624,96.8064924463
117.88536641,96.7296032491
117.997085062,96.7040847431
118.06891513,96.684097507
118.100456378,96.6592098984
118.062826893,96.6446186359
117.987372393,96.6440358993
117.954861577,96.6443871092
117.937434994,96.6445816286
117.950626776,96.6547515086
117.973299806,96.6801453814
118.019344604,96.7051736417
118.049784403,96.6932351527
118.073551494,96.6698973367
118.094170613,96.6713780274
118.11319311,96.6779681647
118.141574364,96.6437737674
118.165135052,96.6441506854
118.18310401,96.6180787129
118.20920068,96.5927577363
118.2378707,96.5810023534
118.297825242,96.5404945496
118.341728878,96.5358175227
118.364602831,96.5344522899
118.385794904,96.5179161638
118.395515538,96.5219043722
118.395869931,96.5262863622
118.412631449,96.5364623737
118.43433076,96.5278132519
118.447624418,96.5003915816
118.45447211,96.508598388
118.452108983,96.5180213004
118.419478103,96.4579639898
118.41295954,96.4276191675
118.420161302,96.4002241558
118.458283732,96.3696348939
118.502324185,96.3508029446
118.539777943,96.3316035673
118.55608612,96.3128552381
118.591805526,96.2736982705
118.63052911,96.2618843716
118.675128574,96.2439524259
118.756165814,96.1922037411
118.846745481,96.1582656264
118.948695963,96.1453788868
118.992367564,96.1449138065
119.007456663,96.1401722208
119.007180546,96.1328187835
118.995559931,96.119923503
119.011303596,96.0833290268
119.021169184,96.085304173
119.033700823,96.0926385898
119.059263037,96.0574398616
119.078203605,96.0258488084
119.088536354,96.0034812786
119.095557636,96.0069312193
119.096043903,96.0034071668
119.102995613,96.008803236
119.106041384,96.0001807553
119.115712691,95.9904898573
119.144975061,95.9892303853
119.157839239,95.9719024539
119.149176308,95.9492300891
119.147736623,95.9466481003
119.151762143,95.9460933513
119.151209498,95.9401095504
119.159765485,95.9582876084
119.173196025,95.9762033874
119.180297831,95.9676046488
119.18846469,95.9532712378
119.197277178,95.9388181957
119.207396993,95.9786438924
119.219871065,95.9517253625
119.236516006,95.9246737702
119.260758555,95.9169654185
119.310304863,95.9281171275
119.339728895,95.9407923382
119.417202252,95.9437458718
119.47854523,95.9181629251
119.549778152,95.9165128403
119.62046621,95.9050802646
119.665733308,95.9020393022
119.725215144,95.8988841918
119.769258862,95.8804984371
119.786613922,95.86817934
119.78825711,95.8650710363
119.757701826,95.8439892431
119.723772993,95.8460051655
119.699330934,95.8479972828
119.676316354,95.8666404723
119.656337851,95.9231389739
119.663529867,96.0035566152
119.664112894,96.0529571054
119.653287462,96.0835787437
119.658835619,96.0719366376
119.689108068,96.0438542568
119.718027237,96.0177430717
119.778887413,95.9871312587
120.143210625,95.799050289
120.941148929,95.5411913717
122.952631589,94.9483221976
124.878796978,94.4207803111
126.841943974,93.7500879155
129.677208916,92.7885646436
131.542090615,92.1276664958
134.303129522,91.226023944
136.123240558,90.6678324661
137.773471018,90.1506251216
140.102941143,89.3973300596
141.578515086,88.8477065052
143.772327149,88.3362861623
145.240794996,87.9995562192
146.719833665,87.5354393331
149.17964134,86.8442778203
150.91418558,86.538703833
153.438060921,86.0145902875
155.086249062,85.7235730022
156.745498168,85.50932982
159.167942005,85.020217862
160.70678761,84.7640670562
162.937786888,84.5524371542
164.418913003,84.3716077959
165.743420577,84.2489249851
167.51797,83.9960658456
168.595004675,83.8547722986
169.851268615,83.6827724368
170.640351713,83.6049937636
171.269848961,83.5103301432
172.139085161,83.3482627462
172.659695387,83.2953978663
173.161305988,83.3670129471
173.667591961,83.3831463147
173.737751603,83.350375376
173.88932292,83.3471285214
173.940494825,83.3854980007
174.017129583,83.4105979685
174.185178992,83.4236114389
174.417479306,83.4651399384
174.867930775,83.5160906842
175.295846791,83.5240544532
175.799422166,83.5726877725
176.58672631,83.7515150021
177.115840536,83.8111607748
177.838339916,84.0077231641
178.25528292,84.1218080558
178.691434945,84.2803365654
179.401723257,84.5212870894
179.866559736,84.6808537516
180.399544087,84.6797418666
180.621223939,84.7464474502
180.732224892,84.8798556129
180.933628389,84.9184555367
181.063586257,84.9453085669
181.283376021,85.0249819257
181.435793955,84.9814916904
181.52646656,84.9155247131
181.615771462,84.9211967082
181.605089021,84.9278935869
181.437769761,85.0313362367
181.290683066,85.0592908416
181.189801259,85.116308241
181.056982146,85.2472661153
181.010916087,85.3824539417
181.012563098,85.5007842333
180.982149427,85.6049749654
180.945948307,85.6738554123
180.873478944,85.7708010671
180.78640751,85.8510810322
180.664553714,85.9121109425
180.434299727,86.028169964
180.359091361,86.1737580553
180.430020979,86.3558166565
180.622016014,86.4474430352
180.88117176,86.659022004
181.134219053,86.9862930481
181.235939492,86.9873355859
181.253616468,87.0307718699
181.293727268,87.0476495274
181.495438428,87.0432636705
181.791118336,86.8442071229
182.07270307,86.630129895
182.301481484,86.5156015312
182.446457872,86.4433190466
182.600504468,86.4422785191
182.732869995,86.5878662136
182.764503573,86.7202639665
182.730994341,86.6417041663
182.543529842,86.5696881426
182.415062574,86.5784069101
182.307134979,86.8052116629
182.347895068,86.8814408654
182.574499454,87.010341111
182.700558876,87.1448498146
182.933862196,87.3182633845
183.417890463,87.4077332297
183.66967904,87.5614465898
183.934677693,87.7352573606
183.972648818,87.7222513535
183.9491491,87.7243890639
183.871259662,87.7372145669
183.819791944,87.8756867124
183.773166538,87.8632007901
183.611925285,87.5039394085
183.475593712,87.2668578006
183.138851011,86.7349456594
182.662539353,86.7996347792
181.914541446,87.0073186577
180.418872987,87.0216342652
179.063334164,87.1554204679
176.893110439,87.5459340409
175.317884318,87.5659266674
173.881683378,87.7738078926
172.255189678,87.6241726398
171.238988423,88.0107658729
169.950862682,88.5704924033
169.001899683,88.8250160431
167.97858708,88.797120253
166.493731124,88.703298293
165.389574432,88.8016732522
163.119664294,88.6702274823
161.319049741,88.5876099233
159.353594157,88.782435164
156.153565167,88.9175237314
154.123647688,89.1150866476
150.878371628,89.3409696048
148.774612421,89.3744172417
146.887013098,89.6290192573
144.143044959,89.9641749578
142.464413374,90.1535504436
140.218227385,90.4998143604
138.92865614,90.8496849844
137.646180049,91.2023786091
136.004972788,91.5246657157
135.243169077,91.6041237681
134.635657449,91.6355974036
134.20305015,91.6765305774
134.270475649,91.5195367657
134.389653365,91.1258032928
134.651331766,90.6461273783
135.037654947,90.1977896854
135.791530575,89.4615704158
136.247156728,88.8758609811
136.947617825,87.7096887844
137.452661779,87.0106844159
137.933568798,86.3737077824
138.703571263,85.7444236388
139.203476179,85.7340951092
139.863436177,85.932149001
140.156144629,86.1968461148
140.226949169,86.4142884866
140.18971855,86.795755519
140.158365336,86.9754500896
140.026664096,87.3057459613
139.924920412,87.4434857401
139.836441302,87.5047724137
139.786379803,87.5739483669
139.820846338,87.595434747
140.001998009,87.6124808699
140.037809072,87.5994706376
140.046385811,87.5966960594
139.899328786,87.6537852833
139.797198625,87.715793391
139.782202504,87.8030953364
139.841145486,87.8203162825
139.926541677,87.8665264289
140.016171955,87.8712283474
140.069141555,87.7849135258
140.12253617,87.7127852187
140.160827518,87.6626128894
140.104100547,87.6342020934
139.97211954,87.6344709859
139.849829675,87.6951233315
139.784184829,87.740476398
139.737888693,87.7179728696
139.785406592,87.6708726432
140.151388855,87.5511461506
140.584634693,87.5031296209
140.742003806,87.5028352731
140.806264513,87.5196554521
140.784506903,87.5903964203
140.417938036,87.7391209721
140.143267223,87.8069791684
139.911370894,87.8259425072
139.669388143,87.7557056626
139.651087657,87.6558276358
139.98479816,87.4478415622
140.294683532,87.4713980491
140.474315191,87.4850369157
140.563894963,87.5629220396
140.459635904,87.6500236879
140.113798729,87.6861429194
139.875073273,87.7506923664
139.679025984,87.8234112015
139.31523067,87.8810572748
139.006518045,87.8293648406
138.839531146,87.8273025322
138.825454447,87.8669981614
138.941937183,87.8563645589
139.163233785,87.8282021644
139.278876888,87.7981452799
139.375125676,87.7679830257
139.46972274,87.7947884587
139.461210702,87.7410949191
139.400947642,87.6550847517
139.331920464,87.6219015547
139.280776471,87.6020016503
139.194285344,87.5071062464
139.166357727,87.4687354422
139.16678169,87.4082846733
139.164851921,87.3317956016
139.166341695,87.31147163
139.124635735,87.2457590425
139.077790109,87.2102228385
139.056492051,87.2064701925
139.057576593,87.2061363744
139.043793589,87.2014249112
139.006020021,87.1957798294
138.940584075,87.1905302709
138.831563373,87.1833716264
138.707717249,87.1698969405
138.57969093,87.1445321242
138.023715564,86.8685299113
137.567606029,86.723685722
136.253699141,86.2047812706
134.99129249,86.0568200107
133.206678701,85.8666747564
130.027928076,85.7995441065
127.645662524,85.9719467194
123.893807146,86.3910901116
121.429658759,86.9235189579
119.262507908,87.4279589793
116.904858609,88.1910992579
115.866094115,88.6184327816
