181.172554438,98.2945510015
181.109556313,98.8209826583
181.246573825,98.8459394701
181.349612744,98.7869570781
181.501679085,98.5397409699
181.628372113,98.3609293652
181.720107832,98.1941480014
181.808444117,97.8868472814
181.851685022,97.6645286021
181.895810807,97.4952084558
182.002910961,97.3048298008
182.100509661,97.2028860946
182.249251036,96.7112211129
182.336537467,96.1712677948
182.495521388,95.4399884628
182.610594703,93.903799228
182.691491943,92.6378880229
182.778699222,90.5063154114
182.782598242,89.2829142047
182.720681887,87.9938032861
182.561660766,86.1041281136
182.395437831,85.1918478395
181.950624587,84.0925714953
181.619944768,83.71781314
181.296570961,83.4509104531
180.909317136,83.1521386304
180.710801437,82.9813165623
180.623891427,82.8737833059
180.480876844,82.6872945142
180.460313783,82.5989536579
180.465352028,82.4037558184
180.463503447,82.3071475967
180.459295764,82.199172224
180.433575665,82.0935784037
180.413114586,82.0525402453
180.366070443,82.0383161009
180.35982898,82.0042353525
180.408569343,81.9485679609
180.638564289,81.9367428634
180.881422283,81.9117348161
181.282619977,81.9110022433
181.49959567,81.8621190417
181.687012798,81.8134772817
181.818423101,81.7607999023
181.862654513,81.7464485233
181.9321718,81.7397455171
182.00624967,81.8307686585
182.094205599,81.9056180003
182.215687564,82.1273986295
182.249400906,82.2318691791
182.275298054,82.3714959986
182.223871221,82.5969867238
182.104541511,83.0277061733
182.001937592,83.7925076347
181.965832875,84.426891133
181.883326433,85.2734194681
181.690723566,86.9191499935
181.577553876,88.0382053877
181.356665494,89.9487739069
181.203972323,91.1928126751
181.163694823,92.3693018181
181.210593348,94.1334438417
181.280058902,95.1466727806
181.416065741,96.3236271491
181.504946439,97.0680447724
181.591921082,97.7933508839
181.585317291,98.58959167
181.583090893,98.9806572369
181.611949651,99.3991878716
181.636459514,99.5677040701
181.66740079,99.6185023918
181.773877226,99.7324814506
181.854642475,99.7874599637
181.991147524,99.811585427
182.108507151,99.763017297
182.210061297,99.6598989774
182.392682094,99.4997684968
182.53469938,99.4129067945
182.811596328,99.295912872
182.982185953,99.1761808572
183.148730154,99.1124455295
183.416403939,98.9797143373
183.591702054,98.89418541
183.854860004,98.741948458
184.024425537,98.6653120273
184.198817692,98.5972870737
184.57013216,98.4498055693
184.96442711,98.367983846
185.71506174,98.2303573782
186.174223685,98.2154096252
186.694356478,98.190916387
187.276256182,98.0596187815
187.671178103,97.9651664728
188.110265319,97.8718826388
188.740449206,97.635741503
189.168160446,97.4907206405
189.808835074,97.2642403415
190.203311708,97.1522095969
190.559119891,97.0493448409
190.903963984,96.9673972956
191.168666443,96.9676193632
192.025643024,96.9019542622
192.922761445,96.8914767142
194.091663427,96.8157246866
196.315509767,96.4805824988
197.820245534,96.2572213325
199.276609038,96.0596663359
201.325486743,95.8596776665
202.5684282,95.8351429228
204.35295158,95.8044617653
205.755580275,95.7857323076
208.508811072,95.6826570272
210.692814957,95.453191392
212.99125617,95.1083819812
216.503385802,94.5600106134
218.666489392,94.178175177
221.50867833,93.5730871777
223.124533391,93.2111215118
224.514943022,92.8898690102
226.092414847,92.3722949109
226.879289143,91.9838948784
227.445651834,91.6171679446
227.27181697,91.5217987391
226.873849794,91.3706262746
225.58961855,91.2919794857
224.557942576,91.2737400784
223.56945511,91.3253323767
222.155728612,91.4246700005
221.216274438,91.4899324946
219.881616682,91.5966627222
219.199461986,91.6682584845
218.767173335,91.6901796392
218.848289939,91.5755023263
219.255579811,91.231194163
220.317228152,90.4723181525
221.047668421,89.7830998423
221.691439078,89.0068095853
222.156536981,87.6795984744
222.21444339,86.7061437514
221.949356852,85.5332808956
221.670755072,84.8920140042
221.43813148,84.4258501539
221.286454892,84.0723191626
221.20657479,83.9375379645
221.095737919,83.7076365406
220.940557118,83.4339925511
220.68407375,82.9452555567
219.627304708,81.6957645497
218.783428492,80.3921847106
217.581413291,78.8316876817
216.957922279,77.839934918
216.35978501,76.9885392185
215.54883292,76.4470198001
215.090557288,76.4863770825
214.703078433,76.8500664476
214.51118758,77.3596869336
214.238757924,78.0562786069
213.796008663,79.6425864895
213.525733312,80.9103682456
213.423835327,82.470502802
213.537971857,84.6970427367
213.7707273,86.1034989005
214.221303338,87.4181496776
214.397759006,88.2071836152
214.419914036,88.731086793
214.093204913,89.4820842317
213.694327331,89.9141728219
212.921543744,90.799064579
212.287801662,91.3692119527
211.605816998,91.9378792452
210.694124167,92.6275873949
210.126674513,93.1965766498
209.393938743,93.9609912716
208.88143126,94.3373135644
208.403641965,94.6527743686
207.615649499,94.9370753484
207.057992841,95.0117054182
206.262411957,95.0056640888
205.808405139,95.0632133986
205.403166846,95.0877422019
204.913368315,95.2409266716
204.785758881,95.2905251633
204.556537595,95.3806147357
204.395074309,95.4376928389
204.210219489,95.480186833
203.951997336,95.4848398876
203.810360865,95.40849245
203.698588128,95.3445578603
203.649691622,95.2981245424
203.627220589,95.2812008229
203.643977192,95.314447125
203.697317302,95.3828290891
203.813262896,95.4906682988
203.859247537,95.5341736752
203.897883676,95.5274595207
203.971477069,95.4482466874
204.035538673,95.3730529887
204.129140587,95.3019801076
204.495049561,95.197979209
205.17208552,95.121698409
206.295346403,95.0797480988
207.166063645,95.0425248547
208.007742515,95.0293338992
209.113431003,94.9218007666
209.794699179,94.8082533507
210.38448992,94.7492627361
211.287462637,94.7059756592
211.849334077,94.8454057493
212.790582822,95.3396067243
213.49842665,95.8545377939
214.516290827,96.7145266789
215.285441876,97.5282637914
216.071554282,98.2595871043
217.157939686,99.0587424622
217.982738422,99.5403246085
219.138606418,99.8638834088
219.913517753,99.9953087132
220.623235189,100.165324813
221.589462422,100.202907614
222.229601535,100.349299195
222.981148882,100.380399845
223.321428764,100.354635722
223.384709124,100.304088269
223.364739652,100.284921902
223.278217475,100.287028932
222.922857003,100.279761828
222.611366385,100.24547007
222.305271231,100.143358933
221.756982348,99.9994887788
221.354744533,99.8472966507
221.03294773,99.6906890517
220.561908503,99.5880688566
220.175839474,99.5132723866
219.710567182,99.4926252236
219.388349972,99.491810847
218.978593073,99.5208990593
218.479507042,99.5807075835
218.208355315,99.6505442752
218.010633944,99.6967701629
217.894234074,99.7271561902
217.83465999,99.7502874563
217.756580772,99.7821202991
217.692325173,99.8040117802
217.517563675,99.8105547087
217.422697838,99.808784398
217.296687581,99.7980810667
217.079829457,99.7975856602
216.937416591,99.7463508144
216.717621216,99.6457364144
216.562847821,99.594194286
216.378893967,99.5438347331
216.023170941,99.4787141835
215.745439804,99.4365469559
215.178073012,99.3528533841
214.876501699,99.3208529261
214.477619778,99.298284443
213.828508876,99.1894076202
213.428165354,99.1294476145
212.78478607,99.0566833144
212.363492912,99.0501728055
211.92591808,99.0021864734
211.240153838,98.8939726959
210.735619773,98.8383234541
210.055773617,98.7659500658
209.502916968,98.7359929664
209.082260301,98.6645373487
208.369179031,98.663295529
207.849111392,98.7227870803
207.311295504,98.7530363368
206.476535735,98.8515681622
205.873815727,98.9186447123
205.004054617,98.8875104981
204.413249255,98.9008101289
203.808076974,98.8645195521
202.931765097,98.7827295988
202.32309262,98.752776088
201.347058304,98.7808559849
200.715323211,98.80589312
200.087896571,98.8731466839
199.262664503,98.8756647784
198.770350489,98.8297652896
198.02903981,98.8608661917
197.474016241,98.8036587057
196.94544393,98.7004280266
196.176514838,98.4589824533
195.676116413,98.2928854863
194.940580288,97.9938301262
194.417289826,97.7754186316
193.888956408,97.5420573272
193.197647179,97.2238947192
192.752492406,97.0482957646
192.25462408,96.7401250144
192.008044638,96.5263523822
191.779514869,96.216480044
191.504223302,95.4799298273
191.227999103,94.7872555601
190.749947749,93.4617250382
190.374751304,92.5048294495
189.950378035,91.5136685635
189.292975441,90.403446274
188.871361941,89.9588238057
188.429793591,89.7354169493
188.299681127,89.6213050943
188.30239864,89.705069566
188.285473211,89.7674375989
188.300337661,89.8766282565
188.320493041,89.9983265507
188.296519972,90.164763177
188.241414278,90.254763424
188.076280813,90.4020996563
187.840740837,90.5827566589
187.591345999,90.8131210368
187.096999297,91.2980911683
186.735357263,91.6488896193
186.026837121,92.1874632076
185.304662162,92.5828917754
184.344458953,92.9698964518
182.631144476,93.4099873828
181.445550892,93.6652222675
179.797406653,93.9728742411
178.729563439,94.1486820842
177.652512763,94.3494543709
176.119474276,94.5774613237
175.146063291,94.7014322616
173.66290801,94.787251995
172.771284095,94.8127126133
171.971268988,94.7814684476
170.861199373,94.7621594924
170.232503687,94.7381662768
169.450143851,94.5962263161
169.050346943,94.5274732181
168.816253861,94.4610484885
168.638231716,94.3932173109
168.618951449,94.3535613908
168.707531713,94.2436933977
168.848572489,94.1794957591
168.968457208,94.1388098557
169.047350551,94.1509452932
169.065385778,94.1690530865
169.030313622,94.2363368931
168.948051689,94.378978448
168.934523608,94.451847143
168.966126744,94.5313230152
169.021568434,94.57354309
169.086089025,94.6076630302
169.206137479,94.6599907186
169.31822368,94.7005615363
169.523800262,94.7316475717
169.701673444,94.7338449843
169.887925635,94.7298510777
170.135045135,94.6314185401
170.209110907,94.5518855714
170.285782639,94.3666822298
170.370209837,94.2555510318
170.476312411,94.1400106574
170.779840682,93.9943330643
171.115721607,93.9156783597
171.744800619,93.8215762435
172.027874137,93.8008869216
172.225777885,93.8608509619
172.28936534,93.8353002179
172.307632705,93.8094788792
172.322416906,93.7471940781
172.470673725,93.7252357222
173.018274392,93.6974949122
174.017829323,93.6767997652
174.670785202,93.6561540106
175.357483967,93.6501577115
176.440367967,93.6143951283
177.24025747,93.5770757083
178.4977774,93.4558377732
179.314324224,93.3355706836
180.129469664,93.2028282168
181.47509991,93.0421588852
182.358596652,92.9376195076
183.575861552,92.7712994709
184.370613643,92.6145150067
185.117115774,92.5415295788
186.038257383,92.3448375573
186.632140978,92.1860551943
187.193176871,91.8176169977
187.434673691,91.5193477081
187.549663773,91.1309110164
187.589661721,90.3678305002
187.611209886,89.6492431631
187.653774882,88.3646091946
187.778659698,87.4749410712
187.965959038,86.927890044
188.39524866,86.4280301746
188.664370264,86.3099692204
189.169598539,86.1327432817
189.501964906,86.0926174765
189.766336404,86.1109403072
190.199816379,86.198339118
190.455840113,86.2903755066
190.945569586,86.370899826
191.331314123,86.4173859308
191.708401772,86.4878683114
192.243985393,86.7150296163
192.381449802,86.8300564679
192.443905035,87.1056395298
192.419074071,87.3758937878
192.410746992,87.5978140808
192.435680885,87.887226266
192.441153678,87.9598592966
192.383562294,88.0202463031
192.337211721,88.0576345953
192.261313514,88.1370760426
192.050954723,88.3962846977
191.903964247,88.5359982554
191.742882284,88.6538897293
191.421528471,88.7773973594
191.218021251,88.8456456946
190.948094581,88.9805292482
190.765381242,89.0941246255
190.656929656,89.1494848802
190.461445223,89.2755260017
190.327224981,89.4187505234
190.186094781,89.6673779976
190.073267678,89.8133893536
189.986796268,89.9311212064
189.822771648,90.1340545861
189.715338263,90.3086100117
189.441163378,90.8559754515
189.213750026,91.190814018
189.0132906,91.9192733085
188.868941906,93.0957701653
188.816005022,93.8713248252
188.939378928,95.0043058628
189.069822699,95.2748364538
189.184876033,95.4373831045
189.574137144,95.9733072755
189.936045185,96.6204667501
190.486678701,97.4318873809
190.943087989,98.0448657386
191.240139226,98.3971011846
191.544802365,98.8404820963
191.583997552,99.005577719
191.52738737,98.99692612
191.452153712,98.9932115114
191.327343112,98.9155156757
191.189472773,98.7963388721
191.124832486,98.7207145813
191.100810104,98.6644460679
191.096898354,98.610399435
191.107099336,98.5338987123
191.118271996,98.3260542992
191.073227998,98.0690603545
190.925334267,97.6134668461
190.579464753,97.03041566
190.288661122,96.5404692583
189.696397571,95.6366818324
189.225328641,94.9929407293
188.737713075,94.3966922296
188.097150405,93.9092232467
187.765699582,93.6629824787
187.470405231,93.4368780154
187.351616154,93.3760859416
187.285103855,93.2822619921
187.283526655,93.2019061055
187.298325582,93.1626194398
187.37369766,93.1287054506
187.416415812,93.0939108758
187.431259972,93.0691378683
187.432111961,93.0767265557
187.436157527,93.1287050468
187.433800918,93.2222639815
187.438780841,93.2738981899
187.432692398,93.3166891904
187.432056169,93.3902806015
187.453864126,93.4717953471
187.499899013,93.5762532614
187.53779502,93.6177777242
187.584434247,93.647582445
187.647473179,93.7086909649
187.675022584,93.735402781
187.688257451,93.7413119135
187.608589125,93.7096597603
187.537911269,93.6959610035
187.422629169,93.6677250773
187.344908186,93.652667152
187.245659844,93.6345127771
187.030574793,93.6061717263
186.833924644,93.6139044743
186.478276421,93.5821694982
186.146171626,93.5232712372
185.648085828,93.522521757
184.691703543,93.4717454037
183.953605353,93.4230889346
182.907611077,93.3436195809
182.284847756,93.3112873115
181.770267596,93.2803899995
181.175047923,93.281703274
180.922201996,93.2547494585
180.703065407,93.1474163941
180.51193792,93.0040280033
180.344634011,92.8171884347
180.120864164,92.356309002
179.976650583,92.0751539103
179.865499389,91.7796289268
179.822850762,91.5436766048
179.804568398,91.3883315468
179.897818538,91.1834108597
180.016466038,91.1202284776
180.253375973,91.0664374152
180.352756207,91.0585921831
180.410689436,91.0603543148
180.396132051,91.0832633796
180.335302495,91.0995533017
180.226477585,91.1344672251
180.188620914,91.1465734593
180.170637468,91.1911689773
180.189322677,91.2972430808
180.199058512,91.3655678113
180.184457689,91.4126655685
180.137697349,91.4520570329
180.109684998,91.4592897466
180.112400196,91.4417658458
180.154088632,91.4088887901
180.230252512,91.3512625114
180.323528518,91.2618211544
180.371277986,91.2153347476
180.42515752,91.1491852271
180.431541488,91.0890510422
180.43407062,91.0384334614
180.412270442,90.9376536734
180.39918147,90.8675966823
180.418712904,90.726535685
180.448548956,90.6039664241
180.504992472,90.4926015876
180.556762333,90.3017339223
180.563799215,90.1823039779
180.453163214,89.8797676018
180.321857107,89.4720865733
180.250647677,89.0583262335
180.130227802,87.9682908054
179.955601569,87.0080393223
179.726059091,85.5973777204
179.532070662,84.8386356199
179.329940694,84.1206916465
178.908507802,83.5333385698
178.675861323,83.3070163758
178.352307687,83.2133754928
178.205215437,83.1682590598
178.096364199,83.1531651872
177.990628935,83.0943460944
177.91617488,83.0903481122
177.866827699,83.0456128531
177.853930028,82.9653345537
177.882622862,82.939899302
177.895570245,82.9650619701
177.844076893,83.0629818884
177.763568115,83.3498095515
177.716065553,84.1418815669
177.731016817,84.7999833855
177.870048478,85.9329117078
177.94254898,86.6339069345
177.935498935,87.5162264233
178.068309238,88.6570664215
178.2039078,89.4339681716
178.540538241,90.4084944361
178.807432063,90.9556374501
179.056026622,91.3227592946
179.405491984,91.7309992486
179.590023273,91.870039055
179.736492693,91.9852052003
179.867428004,92.0134087509
179.97396731,92.0185959875
180.129216729,92.0157823233
180.20681344,92.0016487534
180.249034539,91.9502648836
180.256662576,91.8996173508
180.293473678,91.8278403994
180.376026659,91.6944526217
180.436002529,91.5902765894
180.457689453,91.4308897946
180.396477358,91.3041910838
180.288407724,91.1937191583
180.160964914,91.0871606465
180.089874578,91.0642933773
180.034452215,91.0678411226
180.004996495,91.1010473411
180.011185035,91.1180770949
180.042744897,91.156727577
180.057960265,91.1693289633
180.095499972,91.1438812593
180.182631894,91.105877303
180.25588656,91.0816603815
180.371414457,91.0763077563
180.461434811,91.0814092274
180.564409268,91.0957677374
180.854119841,91.1472317795
181.176671637,91.2073905877
181.778643302,91.2576248093
182.305238104,91.2736044851
182.868501621,91.2878109697
184.007529151,91.3080317801
184.846165094,91.3186259285
186.159560724,91.3083724877
187.168532717,91.3173934223
188.312432691,91.4243661852
190.300762159,91.4631387527
191.712496501,91.52813212
193.841804,91.6015350435
195.335436506,91.6827852431
196.790880907,91.6244573241
198.93477133,91.6926462476
200.209880045,91.6556459794
201.350370603,91.6547401138
202.694972927,91.5402067729
203.211801308,91.4807888316
203.680271355,91.4077807818
203.633079202,91.4325229545
203.770878848,91.43410863
203.933280895,91.4227753203
204.283883155,91.4052267273
205.000985037,91.3321146224
205.416292368,91.2993624684
205.595178546,91.2438765286
205.674376656,91.1703556374
205.680430157,91.1343929071
205.610011545,91.0944505756
205.498166486,91.0773476799
205.39553252,91.0779037241
205.144760794,90.9950893811
204.902979014,90.9540878511
204.311399363,90.9562176437
203.827879706,90.9948995408
203.424612667,91.0366286154
202.767861757,91.098299797
202.304057888,91.1357961383
201.609896317,91.2426432763
201.156161123,91.2899615919
200.678840106,91.2461724607
200.27599017,91.1999745544
199.729114717,91.1685160366
199.492719927,91.1916903386
199.23217003,91.2000061139
199.059949643,91.2215276109
198.874263129,91.2319812096
198.739778945,91.2455401795
198.570608008,91.2398024937
198.461776183,91.2311653813
198.356997252,91.1668647146
198.26620462,91.0581821449
198.23179333,91.0090155721
198.199453259,90.9884039528
198.159937599,90.9827344611
198.116021965,90.9559164501
198.043205582,90.9178040932
198.013369124,90.8804193467
197.976869912,90.8307842531
197.903279989,90.7585097398
197.858478455,90.7134564249
197.796242413,90.6650561348
197.756932559,90.6470440415
197.716493744,90.6387737659
197.67555529,90.6571483201
197.644993601,90.674576179
197.587940462,90.6979579327
197.564626574,90.7076122843
197.541594573,90.7112662175
197.526361574,90.7297023749
197.528241293,90.6941793911
197.533342482,90.6530707736
197.538255083,90.6372347529
197.524391614,90.634282633
197.416680622,90.5975392092
197.280743279,90.5136789417
196.946995137,90.2050178572
196.699215073,89.7858423505
196.49937778,89.2797079398
196.149900342,88.4522448722
195.950296442,87.7213029006
195.573006982,86.549581867
195.323539598,85.7599868487
195.068819812,85.080138642
194.732595708,84.1442804
194.516575222,83.6260420934
194.272574873,83.0930231406
194.184366484,82.8303727893
194.174472241,82.7345506782
194.15308204,82.5810971412
194.179465952,82.5296017555
194.233521106,82.4798500983
194.277360531,82.5054831766
194.283887766,82.5497996106
194.209964335,82.6692008556
194.136698405,82.7994362965
194.061178432,83.0186462448
193.950222587,83.6534731361
193.92091529,84.1899483347
193.783773431,85.2401101496
193.628929269,86.0458413404
193.382316393,86.9461379695
192.911458218,88.5314345215
192.437526403,89.6215620651
191.529103838,91.3627037936
190.909332309,92.3972171043
190.250596213,93.5646183544
189.389861338,94.9368942854
188.924561883,95.6634086156
188.282921483,96.3440139812
187.966404037,96.6749364995
187.674115315,96.9974622029
187.433068632,97.414934686
187.377304618,97.5326278777
187.287959957,97.6521115962
187.234074534,97.7316710693
187.218275369,97.7983961978
187.214855142,97.8793595545
187.229580809,97.8812327978
187.256128479,97.8071341187
187.263057339,97.7331808737
187.256086164,97.6326871416
187.245586281,97.5304302514
187.244045851,97.4699256243
187.232369101,97.4127036156
187.224438021,97.3579265412
187.230496211,97.3333160978
187.215051559,97.3023232689
187.199070442,97.2568925361
187.179008203,97.2085285894
187.159730617,97.1670373406
187.128255039,97.1474417392
187.042164585,97.1301718313
186.995588484,97.133494349
186.961178178,97.1297332685
186.947539472,97.1364448206
186.957897648,97.136683612
187.002160349,97.1247714095
187.028673208,97.1025865582
187.029260312,97.0825620005
187.041316144,97.0410995379
187.042387575,97.0232528794
187.036576503,97.0231781671
187.024328851,97.0270857539
187.025925467,97.0436985376
187.051256221,97.0766562972
187.076383146,97.0944072705
187.118122929,97.0659281948
187.157722245,97.0361832762
187.213449411,96.9930393796
187.263664275,96.9601489829
187.275099825,96.9410569367
187.261284359,96.9188231823
187.250406523,96.9185438546
187.260804704,96.9173778426
187.282147924,96.909436911
187.302622467,96.8893547847
187.321679368,96.8302226344
187.318577643,96.791545362
187.319504042,96.745266001
187.317163925,96.6932713894
187.313676755,96.6690214476
187.30396495,96.6536135357
187.302937431,96.6306234755
187.309269731,96.6063229096
187.333011555,96.5585426025
187.369746917,96.4733809402
187.413572542,96.3859166278
187.547807643,96.2640961595
187.645198385,96.1969283918
187.84144424,96.0167123029
187.951357194,95.8860647978
188.12808554,95.7058621227
188.592209305,95.2768767103
188.94622346,94.8902771627
189.575745299,94.016734309
190.021008714,93.2822211144
190.46710361,92.4295719761
191.09910283,91.1253833974
191.325707705,90.4597078294
191.33897312,89.7752703471
191.165272038,89.4907722108
190.995696552,89.3754247421
190.751771163,89.3142422559
190.577375563,89.3193322377
190.383065746,89.2948533342
190.289548132,89.319821969
190.225387186,89.3311324171
190.141935441,89.3607494763
190.099575881,89.3773646117
190.043460893,89.5308898543
190.001849761,89.678716154
189.979819503,89.9335586666
189.898837967,90.356001104
189.798899596,90.5807253332
189.627449593,90.9025021326
189.508911759,91.0598493295
189.4107279,91.1745793229
189.198596403,91.3116766213
189.065388315,91.3785759972
188.923785726,91.415389126
188.733287532,91.4897295363
188.654379466,91.5408332201
188.571180361,91.5671854682
188.557556681,91.5649960964
188.587390036,91.568692807
188.656525762,91.5782964655
188.680856755,91.5895733239
188.66949044,91.5979184004
188.637163379,91.6137805643
188.615600894,91.625910243
188.5957455,91.6646002479
188.621259482,91.7128940231
188.662970238,91.7535041315
188.691785182,91.7613769432
188.705958835,91.7474033093
188.733347339,91.726233479
188.735955599,91.7088843897
188.733953062,91.6956361132
188.729311598,91.6841386273
188.735973471,91.6695485293
188.733868924,91.6771093155
188.744016445,91.6583221926
188.790648999,91.6003655175
188.848387275,91.561102274
188.911886903,91.5461077993
188.934264277,91.5094384549
188.92287607,91.4741661149
188.90025559,91.4618598195
188.881711518,91.4595532028
188.868181276,91.4598492702
188.824031825,91.4497509437
188.742897029,91.4048035169
188.489375448,91.1635529859
188.304789328,90.7330069682
188.071601946,90.0199487189
187.579326083,88.5389806733
187.224587039,87.2338550587
186.850208998,85.9221995093
186.261200052,84.0461133218
185.862975019,83.1648762564
185.435231789,81.8713973977
185.275293947,81.0619457271
185.222319945,80.5284169594
185.299767175,80.0778712572
185.490868738,79.9687136143
186.140600118,80.012909978
186.846321557,80.3885450785
187.635680059,80.890690742
188.949398939,82.3298247806
189.705743029,83.2779266847
190.719722884,84.525429113
191.331442129,85.2788331721
191.946504672,85.859860722
192.875942187,86.8749898572
193.626235274,87.325665938
195.111340945,88.3390407413
196.121824018,89.0266244494
197.179098289,89.8201389696
198.764658891,91.0018607181
199.786316848,91.649878057
201.172287444,92.3066341646
201.963801377,92.7322759428
202.641542012,92.9042340331
203.609158909,93.0931571154
204.199791831,93.1647932617
205.182643125,93.3060869103
205.914842533,93.3735242737
206.620849542,93.388446884
207.6133753,93.4145928405
208.259116336,93.3412111648
208.956022644,93.2843719729
210.165682355,93.2687166998
211.099676651,93.2022085972
212.614344817,93.1268171557
213.663292021,93.0757150248
214.90423782,93.1615009577
217.134004667,93.3711921438
219.037306445,93.5864231568
222.093266002,93.7432720525
224.286769223,93.8832234743
226.469041443,93.9941825834
229.757308728,94.0914953077
231.858203354,94.0873692134
234.962642603,93.9836112431
236.883969021,93.8729605057
238.749967609,93.8451324578
241.338826057,93.6819400735
243.027892381,93.6213316539
245.515724371,93.4431085659
247.307995315,93.3505924219
249.144963987,93.1770809553
251.884117558,93.0252211197
253.568510742,92.9399259154
255.844425231,92.8905512147
257.194567635,92.8246890111
258.530027955,92.8287474848
260.536353817,92.7510484479
261.876413742,92.5016152792
263.630071871,91.976256327
264.480771423,91.5774091124
265.011571501,91.2453423959
265.42850264,90.8692872293
265.664007733,90.7486235534
265.739472378,90.6895659421
265.728104108,90.500466904
265.362198702,90.2849260511
263.934028057,89.7788205445
262.415058656,89.4319694578
260.25858355,89.0173772371
256.189041649,88.4102578013
253.124992256,88.3312668285
248.102829123,88.3505330134
244.617785308,88.300620327
240.933485043,88.4026266197
235.136971777,88.1184051244
231.154719728,87.8536302233
225.786571174,87.2817686503
222.897191933,87.1244288916
220.522605539,86.876931888
217.909134,86.2881752834
216.624105534,85.8247589275
215.386418923,85.3500822074
214.915680861,85.7064205242
214.669325584,86.0598982173
214.613341833,87.1862862232
214.8376551,88.0796473207
215.246009458,89.703199009
215.543770108,91.0948438557
215.861345134,92.2613699016
216.382225611,94.0724605486
216.811493524,95.0910536718
217.501796192,96.3214386125
217.983946209,96.908877787
218.506455559,97.5122944167
219.303214614,97.9193370452
219.861752919,98.081032176
220.670293586,98.1765247322
221.22277637,98.1377413246
221.724516764,97.9989671906
222.568528017,97.9107690274
223.161413399,97.8198156325
223.764769802,97.7663118317
224.657665753,97.670038724
225.180602164,97.585106418
225.854904403,97.5113518991
226.304743633,97.4429207354
226.70931951,97.4243260528
227.374216692,97.3955410334
227.890012301,97.3758827985
228.649444411,97.3263843054
229.192902565,97.3606414883
229.742740941,97.3808609719
230.666240924,97.4846338662
231.299008789,97.4777420638
232.246851545,97.4759883011
232.810669547,97.4039252295
233.289041578,97.3332177875
233.686540602,97.355204119
233.769509607,97.418803021
233.781937234,97.6049149521
233.714739866,97.8028744459
233.562075433,98.0156046657
233.432345423,98.1697638915
233.384383746,98.2505096731
233.391022405,98.2489892205
233.487946483,98.0894101511
233.559663665,97.876909934
233.501197067,97.4289833072
233.339432305,97.0181765489
232.994475985,96.1738970299
232.67482255,95.5539817707
232.265172195,94.9970763816
231.526884669,94.2513657786
230.996831702,93.7434934758
230.379487259,93.2269495167
229.440586681,92.5191104437
228.772720229,92.1626972252
227.774588296,91.7276292758
227.175770054,91.5315462002
226.549046985,91.4257531777
225.671862542,91.3162262142
225.092978455,91.3117672106
224.172628374,91.3011021177
223.553781693,91.3729496085
222.883314462,91.4705895299
221.799180285,91.5206946734
221.011441261,91.5770519937
219.73201555,91.7082070009
218.854275007,91.8139434412
217.841852775,91.9784534839
216.202138516,92.1939321952
215.006895381,92.3018207928
213.21963867,92.4678307974
212.013014544,92.6032914181
210.75346969,92.6777335869
208.86833124,92.8225809533
207.563639364,92.8937089758
206.248973193,92.97553985
204.333553609,93.0748532011
203.091257707,93.1318439634
201.224323151,93.1324919979
200.016207648,93.0324516395
198.841553038,92.8458714802
197.054610431,92.4406114542
195.890135786,92.0662639784
194.269452806,91.4807137954
193.242418962,91.0173547164
191.796525517,90.5451772047
190.885501685,90.3325581645
190.040305773,90.1705586671
188.854312263,89.9964521388
188.224497139,89.9585700297
187.699815464,89.9142286808
187.125492752,89.8179856493
186.856594688,89.7624526115
186.595582172,89.7228609346
186.386570387,89.7048447553
186.198434836,89.6832705579
185.976900096,89.6238567465
185.873459193,89.6378569375
185.768867965,89.663655674
185.773647392,89.6645929225
185.816943152,89.670716401
185.915892714,89.6813147535
186.02072975,89.6946169504
186.18634338,89.7272095428
186.288716947,89.7406050682
186.393065377,89.7938517828
186.516947825,89.9047930569
186.596473506,90.0850747172
186.692702828,90.3925817633
186.704276845,90.5613062646
186.735456982,90.6895749836
186.804108188,90.8110288271
186.861972731,90.8710457401
186.965282612,90.9265136982
187.022242569,90.946105409
187.068406891,90.9352299173
187.083905814,90.8608124003
187.054923591,90.7477390063
186.956626897,90.4404103525
186.86572255,90.0335311825
186.793264317,89.5559794114
186.659354665,88.5204616906
186.554355999,87.6678042761
186.467641495,86.2828472291
186.400996147,85.6051678984
186.32182863,85.1835933529
186.326825654,85.2176532551
186.35163873,85.2044489991
186.429384275,85.2708147088
186.50526327,85.4770291634
186.496473634,85.6697735466
186.408477634,86.0276844777
186.337387226,86.2675980502
186.224835948,86.6514920592
186.067551761,87.3576685563
185.927974699,87.911550317
185.735968264,88.7138440433
185.614241028,89.314620979
185.457229339,89.9126921496
185.231061664,90.8266838695
185.084020617,91.4242229602
185.031943274,91.8527364864
185.021419978,92.288527078
185.080154023,92.4163573558
185.292125887,92.4493807169
186.192253376,92.3657507143
188.870274799,92.2982910767
191.453821377,92.2599155748
194.503934427,92.2825368129
199.556745752,92.435947869
202.731894718,92.4286503694
207.239615289,92.5381162475
209.882514617,92.528872744
212.291598112,92.4870239399
215.480094505,92.1346048035
217.129169935,91.9679934613
218.187621539,91.8139354813
218.596907912,91.5648815023
218.278622675,91.5548962853
217.51761614,91.3649359187
216.828847211,91.3754779239
216.178469387,91.4145500605
215.052970834,91.4266975495
213.919921401,91.4093221267
211.06927285,91.4406165794
208.617350943,91.3827028284
205.677169334,91.4449667152
201.200521096,91.5039382923
198.373222364,91.6978016907
194.457221824,91.8221809165
192.082890505,91.8671249825
189.958255841,91.9360978331
187.408931931,92.3464688604
186.063700261,92.6561084349
184.668685174,93.0236067865
184.012892481,93.0957027431
183.587869279,93.0169206233
183.120242096,92.7688786411
182.863110753,92.461086054
182.270988905,91.7719159784
181.78840292,91.0346656828
181.155111788,90.1589583058
179.869836355,88.745738764
178.832761938,87.9432881674
176.454727101,87.099028657
174.47740825,86.8056519722
172.461163847,86.8548238143
169.553130379,87.2233612141
167.782996579,87.6044680581
166.069330053,88.1106519929
163.83461161,88.8964325418
162.509549014,89.3523839176
160.792759066,89.9386061788
159.871749992,90.0679849987
159.288692305,90.1682922284
159.058795889,90.315437523
159.25805346,90.3315661611
159.612673974,90.4054611273
159.811474791,90.3177822047
159.997428561,89.9686752745
159.962400749,88.9859167719
159.898669709,87.8007589427
159.673685706,85.5064817249
159.50495397,83.6032239498
159.309752929,81.7706232005
159.066307181,79.0930941829
158.980237772,77.4061487443
158.973111358,75.4919639709
159.128917168,74.4980528151
159.200558312,74.1378536538
159.389266368,74.0467867861
159.468355649,74.165829964
159.7702354,74.1719132259
160.041327005,74.0005270614
160.12868478,73.8222510401
160.27118528,73.5036314985
160.513156277,73.2962632184
161.004803409,73.2163423765
161.452092756,73.2721256433
161.946441904,73.3115165549
162.749752913,73.3575946302
163.283071944,73.2361219008
164.105055289,72.90157428
164.809676192,72.5619297222
165.656987182,72.3593981839
167.052301008,72.8610738526
168.026740738,73.2511172939
169.233557233,73.5778920241
171.234353497,74.2671231414
172.62903846,74.5471828126
174.779870403,75.048351258
176.150590843,75.7137823889
177.351832456,76.1909275568
178.84108545,76.7603017004
179.555840714,77.2716155139
180.270503646,77.9842985062
180.461565523,78.6091897089
180.48228203,79.3193599925
180.229413803,80.6936472711
180.051609172,81.734597153
179.637585042,83.5671786862
179.330995842,84.8437066407
179.044516957,86.2531624881
178.771078864,88.3708066414
178.58909283,89.769967756
178.43665711,92.255739916
178.299944901,93.7874879863
178.18003428,95.2993148677
177.543947326,97.5843412305
176.945966242,99.1614634933
176.056407114,101.621549583
175.5742017,103.26377552
175.280294722,104.837924517
175.185753754,106.975526865
175.218304539,108.242011479
175.181015068,109.569448542
175.147427246,110.11291044
175.124054987,110.517310674
175.080217429,110.883074699
175.117972957,111.089596312
175.13485269,111.141452152
175.186838587,111.321195443
175.222536153,111.390792888
175.296891988,111.546963791
175.319793043,111.626039562
175.343447535,111.653640064
175.40201578,111.528946289
175.471467002,111.252528072
175.559405023,110.739754977
175.548407453,110.422837237
175.583348544,110.056757079
175.502835111,109.634657175
175.273118586,109.24896441
174.686430411,108.220383371
173.976324111,107.202111357
173.021822808,105.75071807
171.268966129,103.395439832
170.067471301,101.892392912
168.442104564,100.001483625
167.428706222,98.9454745273
166.583083913,98.1219859004
165.740662996,97.0013472067
165.460865685,96.5059524627
165.402722078,96.0386323405
165.578805778,95.8202507264
165.767190649,95.6749490863
166.049000804,95.3926438235
166.140294313,95.2124181844
166.154465529,94.9197989375
166.10430694,94.7998583897
166.041853111,94.6600200724
165.986223312,94.5424340784
165.965797233,94.5095342197
165.950298373,94.5196521764
165.965093459,94.6076555676
165.984237141,94.7086011548
166.022673752,94.8124705979
166.066728109,94.8864260199
166.116478238,94.9553457636
166.298300685,95.1621307218
166.469891375,95.2205774159
166.829068473,95.2990937549
167.009033297,95.3174282355
167.200755339,95.3071610212
167.414412012,95.2694400033
167.517887973,95.25124796
167.644370162,95.2111801903
167.712453382,95.1893385037
167.76361309,95.1361651854
167.882871439,95.0257415172
167.950427903,94.9581832376
168.028383058,94.8247828235
168.040666281,94.6529534854
168.003647977,94.4260090104
167.92959017,94.0701103552
167.868220871,93.8434857872
167.763608769,93.53301056
167.726454581,93.3890457209
167.727607995,93.2230869879
167.789807464,93.0235282596
167.879198585,92.9021904933
168.039576617,92.7539442913
168.133585689,92.7009633737
168.232111877,92.670042594
168.350820407,92.6513710742
168.41309212,92.6576098053
168.512807023,92.6685799486
168.582033849,92.6862622774
168.645348402,92.7367143921
168.712491089,92.8310764658
168.738169083,92.8878778025
168.777732451,92.9454136948
168.843517491,93.0066978087
168.912897913,93.0342130658
169.054114898,93.0630325291
169.17192054,93.0764444169
169.286258654,93.0856525156
169.440622322,93.06866729
169.541005147,93.0322410254
169.699631948,92.950496626
169.809244005,92.8910052052
169.942503116,92.8461854499
170.113284864,92.7846045905
170.276901054,92.7339579272
170.69115161,92.6490304558
171.110692455,92.5789943983
171.6412534,92.5421154809
172.471419385,92.4104157679
173.301402937,92.2794643853
175.206278413,91.9460910945
177.093494369,91.7275823961
179.429324333,91.5214046712
183.586943633,91.2532124049
186.5194002,91.0968078319
191.145645312,90.938285762
194.286493467,90.8737313017
197.444269319,90.8720467483
202.204401291,90.8611541317
205.413951719,90.8470343157
210.52712053,90.8697860406
214.110036727,90.9489136965
217.805639959,91.071856204
223.303720504,91.2136688643
226.810445793,91.3015543219
231.773075746,91.5687671303
235.027377924,91.6561599522
238.450652793,91.7054046926
243.185050465,91.7951087064
246.025646955,91.6819148262
248.611914879,91.3673655475
251.852672609,90.7609869128
253.405012786,90.1881053142
255.236761443,89.0136005025
256.007578468,87.9697715916
256.49097273,86.7618838545
256.742104064,84.9379641542
256.626768953,83.7975569163
255.725247353,82.3220137539
254.574138184,81.6824572776
252.711200441,81.2877743244
249.502868478,81.1168091099
247.216973982,81.1134020719
243.661508666,81.1465008434
241.098169334,81.2498420136
238.601460119,81.3422605924
234.500886409,81.7548617642
231.689710109,81.8969446278
227.029909405,82.0093349895
223.614657038,82.1222481097
220.067683379,82.0698334027
214.074037704,82.1512477141
210.206356298,82.1813571419
206.554259767,82.375498662
202.012234022,82.8219595748
199.530789128,83.1780803148
196.537719259,83.835846777
194.917921596,84.3057566998
192.715113723,85.1078322432
191.568536218,85.386430658
190.583076479,85.7132026583
189.57412945,86.1498438845
189.167945059,86.4079321976
188.913969456,86.7106064958
188.641571669,87.3900829211
188.53191648,87.7570343181
188.448423293,88.0906554261
188.398361291,88.2560781843
188.343260628,88.4303944253
188.168498155,88.7371193971
188.133534118,88.8383168823
188.023024979,89.0078870257
187.950820971,89.0862833486
187.91603022,89.2376946697
187.802030689,89.616409383
187.657091448,90.2213424863
187.389083957,91.1771704758
187.118681555,92.053417791
186.793463323,92.6435648052
186.284908293,93.5381844085
185.852534731,93.8127772673
185.144973376,93.8523584457
184.581991301,93.6654560935
183.943392489,93.4956502267
182.826380014,93.2329581217
181.945515938,93.0284772664
180.531716147,92.7354536554
179.666661721,92.6604307585
178.423919761,92.7867734245
175.988650346,92.6873175205
173.905428963,92.6131667583
171.023464922,92.4758419996
169.358090192,92.5050341291
167.998962237,92.4181205871
167.029932484,92.2945414728
167.094032956,92.2036286728
167.664820676,92.1165689818
168.924927859,92.0691809969
169.797679387,92.0743500211
171.051879237,92.1239282091
171.825890782,92.2111141454
172.533784124,92.3276867563
173.596722921,92.4539996089
174.28048246,92.5502403838
175.202141131,92.6851836984
176.000009522,92.7920287288
176.218818895,92.7362785239
176.900183633,92.6416579373
177.30757386,92.5695773459
177.841677188,92.4846738123
178.182350653,92.4760245552
178.600023455,92.4886312771
179.225819475,92.6122419025
179.663982401,92.7053343101
180.280835445,92.8205492888
180.731051698,92.8256470334
181.183276165,92.8539859011
181.791970718,92.8891636782
182.158931877,92.9085584633
182.485511656,92.9087683435
182.571483451,92.9213160758
182.728700482,92.947481186
182.83351565,92.9888305772
182.875036001,93.0219402534
182.923776078,93.0602219588
182.984931234,93.0697933547
183.076380042,93.0513629885
183.250312701,93.0060557285
183.374017651,92.9664131926
183.495202483,92.9304055305
183.67835012,92.9072634794
183.769886062,92.9003760497
183.921253831,92.9125806039
183.995761,92.9416153943
184.081584315,92.9660720916
184.126153684,92.9718096735
184.176728634,92.9771826363
184.254698176,92.9985870032
184.2793217,93.0123840579
184.276079824,93.0080968427
184.242779136,92.9908941742
184.226074689,92.9751120654
184.228567312,92.955568531
184.242736891,92.9506656894
184.240262392,92.9493439065
184.165229248,92.9148985572
184.085997309,92.8733776352
183.974335765,92.8134153729
183.860956621,92.7677116293
183.746919938,92.7383063666
183.380993578,92.6892883774
183.025563677,92.687324181
182.47569399,92.7284952027
182.098778023,92.7340875955
181.729425136,92.7310884352
181.041247384,92.7181490478
180.569420161,92.7183554494
179.715993628,92.7109411744
179.077523119,92.6723227203
178.450408652,92.6537245549
177.509515185,92.6432711615
176.924576961,92.6608885778
175.945594866,92.7517947127
175.226946637,92.777034608
174.499927745,92.8349496453
173.42637683,92.8780974459
172.7697496,92.8608429817
172.189520021,92.8177006303
171.514756012,92.6862269243
171.164220651,92.5769998323
170.635723936,92.399276363
170.226834889,92.282385439
169.850889589,92.2280940733
169.180562123,92.0888309607
168.696820477,92.0259444341
167.845882323,91.8262255448
167.160421337,91.6549013822
166.473624146,91.4052454449
165.373329921,91.1300732358
164.639820766,90.9361797288
163.615588795,90.7658437121
163.002154087,90.6715898351
162.353684924,90.579982223
161.589801958,90.4821483597
161.095965634,90.4852271791
160.40787148,90.479088742
159.922775318,90.4461750365
159.453291605,90.4677365916
158.599946794,90.4683170227
157.948198845,90.4947401454
156.960202509,90.504396642
156.269384766,90.5707167728
155.615943651,90.5920166791
154.776483124,90.6312609889
154.267573403,90.6814579103
153.551364792,90.7749657336
153.097464814,90.8156240746
152.612819455,90.8604090619
151.850516757,90.887541399
151.320415951,90.8954902163
150.537147888,90.8966813079
149.801702393,90.9047668041
148.981788075,90.9247765517
146.672086585,91.1209224195
144.560004143,91.1887243776
141.959277512,91.3237157498
137.954889106,91.280882926
135.617200817,91.1789908047
132.921187872,90.9151506589
131.562834642,90.7321308075
130.526515569,90.5492734707
129.475700364,90.4032102068
128.856464118,90.3010427281
128.141848217,90.12691893
127.679773062,89.9462603297
127.37145223,89.8074184347
126.929444644,89.7812303659
126.423244594,90.1792574176
125.732579974,91.214282524
125.396574328,92.307568168
125.175984358,93.4955119017
124.968736935,95.4893889263
125.043511255,96.7098090545
125.127034809,98.4254331897
125.293505639,99.0994777321
125.343914488,99.6506295288
125.276430008,100.004541129
125.081253703,100.376640326
124.788990601,100.384062346
124.543080963,100.283882547
124.305943833,100.198966198
123.88364803,100.139975809
123.600813831,100.151946043
123.175141995,100.309084665
123.007617571,100.376777746
122.827566765,100.428095205
122.628994884,100.394214873
122.482554271,100.35509236
122.299822493,100.263411955
122.059261506,100.032592984
121.857803189,99.7795321165
121.573291448,99.1458633327
121.391754497,98.752919777
121.191606637,98.3437946826
120.858110705,97.6537018778
