184.554868071,96.3704061274
188.292425474,96.1426941077
189.77619366,96.4322041418
191.830088515,96.680380077
192.759726499,96.9067152079
193.383060502,96.955329064
193.825606032,96.8574014701
193.9167097,96.7610035179
193.995844803,96.6431031448
194.198246876,96.5163912292
194.528947567,96.4696059248
195.174670937,96.4332373977
195.560668633,96.4148122709
196.009449271,96.38319375
196.22959813,96.3562493176
196.444859577,96.4339404649
196.893349492,96.5656387375
197.478947322,96.6627897647
198.989628903,96.4132596539
200.949455191,95.9467901239
203.621773097,96.4153494339
208.33819131,98.0291082083
211.244571446,98.9974192009
214.943650095,99.5338494335
216.937594094,100.265798633
218.576458347,101.099340428
221.146694507,101.685067881
222.684836165,101.99309883
224.832062465,102.294115499
226.258403003,102.533318159
227.456190945,102.820701809
228.797038453,103.31783068
229.491160425,103.562146768
229.975061843,103.512788288
230.221431851,103.317147498
230.354207975,103.323795714
230.664117784,103.324093538
230.855896705,103.180630701
230.625718752,102.907545285
228.982487295,101.508769219
226.861807733,100.101591833
221.812741173,97.1549550322
217.758845149,94.7131162642
213.473579928,92.6909788945
207.179543136,90.0081317207
203.152933081,88.8352042529
197.491126383,87.5428153261
194.128923877,86.7507038774
191.121327488,86.2134615941
187.604772189,86.3040706728
185.888107789,86.5873883623
183.823340656,87.2595286697
182.52902301,87.3917787574
181.405653206,87.5538651451
179.924226661,87.8914253413
179.157792757,87.9011623282
178.117412015,88.0212148416
177.40312989,88.0614326184
176.75762406,87.9052216876
175.884712722,87.8117709274
175.27244768,87.9588030322
174.355964716,88.0654564196
173.544468567,87.9800752221
172.47493245,87.9118619708
170.969519277,87.7290917572
170.030176682,87.8184838564
168.666881643,88.0929965938
167.301517074,88.0786015858
164.48036127,88.2144505647
156.138425204,88.0658932736
149.390393823,88.5583424426
141.899309972,89.5672108273
131.45992204,90.1688441778
125.594534185,90.3689557473
118.984015159,90.7774890996
115.854446744,91.4213907733
113.509566729,92.2012778621
111.173190223,92.8002706059
109.629449238,93.1554481953
106.955706686,93.1460419585
104.945630778,93.0614723468
102.471423317,92.9203103061
97.7074340461,92.2395054383
94.3128384286,92.3882489076
89.6457701882,92.7879366328
86.5478866187,93.3208328389
83.7617735438,93.7799724167
80.7484077299,94.1434196944
79.1598211318,94.3549858147
76.8289302049,94.5372428708
74.9877402464,94.7206381299
73.1090027335,94.7386621898
70.4839274535,94.5576874068
68.8735509559,94.4327591293
66.7738963361,94.3014796458
65.6899876731,94.1925186515
64.7986152949,94.0097699126
63.4995048776,93.5032869884
62.7312767542,93.3927305394
62.0607974491,93.1211488604
60.8086986978,92.8508219332
59.9714594472,92.8218998854
58.5947408245,93.0167897377
57.6156655984,93.0136743074
56.5185721635,93.0502105581
55.0706783704,93.245800023
54.2677946569,93.343362692
52.6359267554,93.3759860642
51.4553902052,93.3141272557
50.3773477271,93.4129521144
49.0471601041,93.2682093283
48.1144150263,93.4980398455
46.7851541299,93.4472366333
45.8335467962,93.3939353589
45.0016015432,93.44844172
43.7748326058,93.3887007138
42.6882869418,93.4319920381
40.7113844329,93.3326761168
39.0723351305,93.3827339045
37.566482656,93.2523844647
35.1373759088,93.2061970764
33.3642312575,92.8901161827
30.2195165982,92.8107514093
28.1013724682,92.7493067169
26.0872938369,92.5813229311
23.2935714923,92.7447708787
21.8585098848,92.7889047439
19.9702151689,93.326217158
18.8584389968,93.2246145893
17.3674980577,93.5823792075
14.8451151084,93.6949467554
13.1303637396,93.8421612348
10.6663325586,93.9663661845
8.86429904805,94.3811315532
7.09331902152,94.6662186473
4.40477658711,95.273455346
2.79623937856,95.3034850313
0.805362511041,95.2073850962
359.769478857,95.337998523
358.684320989,95.3083041052
357.38911894,95.441405808
356.617061274,95.2521690628
355.893802735,95.0596015645
355.146423057,94.9885838591
354.64105701,94.841084828
354.067269216,95.0801522119
353.940299973,94.950990735
353.500594594,95.0505469758
353.23957557,94.9449480697
353.126815882,94.9215770965
353.049210829,94.8831003738
353.260869408,94.6844261277
353.6568082,94.6981285804
354.373369736,94.5847938194
354.537406653,94.6000217169
354.543522495,94.5573814954
354.545398014,94.5936088975
354.608361941,94.5841419982
354.669569677,94.7133066659
354.696398549,94.7505060458
354.712093985,94.9776970921
354.824977982,94.9343972873
354.902175138,95.0760476888
354.953841437,95.2034359744
354.957041993,95.2495392459
354.982939237,95.3698653604
355.100897023,95.4845698705
355.138051796,95.5826828082
355.105400386,95.794076096
355.022519351,95.9178584709
354.817389266,96.1055802991
354.775845216,96.2263262017
354.783397337,96.3035779174
354.863864341,96.4341546569
355.00102985,96.419281062
355.123835329,96.3689489596
355.31118095,96.3957732429
355.490590901,96.4088236746
355.684194168,96.4745685678
355.723338443,96.4112670817
355.795419346,96.3456301355
355.921546262,96.2825961886
356.069388656,96.2195380783
356.322624507,96.2573766568
356.498345516,96.2350475732
356.634085844,96.2549426244
356.823101076,96.2263669038
356.992829662,96.2189691789
357.480018972,96.2137483564
357.869924581,96.2434694799
358.436925928,96.3761003941
359.428191935,96.6738191297
0.0404096819547,96.8566508766
1.21614439943,96.9227508788
2.123416636,96.8374857209
3.73398335559,96.5763413737
7.44464934976,96.0094179282
9.57063389094,95.6648191908
11.6728227477,95.412556309
12.3583611392,95.2861077567
12.7745909573,95.2747186375
12.6045644023,95.3312735291
12.5153138074,95.253135008
12.5441980669,94.9106685863
13.5922087857,94.2908748735
15.6863338231,93.6471282852
19.7524820681,93.2489023425
22.2760890849,93.0245904309
25.8408544396,93.2259035051
27.4467587684,93.3852747227
28.6346460812,93.6235932848
30.5103182045,94.1496378783
32.120532547,94.5311524315
34.3567963199,95.4899039274
38.2468382374,97.1290205784
41.0050949379,98.3270328712
45.0860367687,100.314496723
47.731523209,101.32235871
50.2545743485,102.369776307
53.7847714016,103.362639253
55.8443757317,103.768832058
58.4433425042,104.621986746
59.871957425,105.119202308
61.1197569239,105.646230302
62.9162228442,105.984586788
64.1810205685,106.15746677
66.2437284873,105.977713626
68.1113877918,105.650300602
70.4279686223,105.586427377
75.1386675873,105.020869124
78.7966520425,104.572464748
84.1927365986,103.555468075
87.0436922663,102.660033661
89.4028629742,101.90827364
91.7900209527,101.247907831
93.2144444592,100.794302524
94.2842820751,100.650402187
96.4023104516,100.112709664
98.4475774331,99.7287099526
103.085559768,98.451652812
106.389424964,97.7619736522
110.561498832,97.0253027383
112.370654194,96.3389999724
113.402978784,95.9538378714
114.405054632,95.3778935181
114.909761648,95.2984310764
115.373905532,95.6237218777
116.021984043,95.4689307853
116.463120329,95.6139766988
117.325920084,95.0087690325
117.834203287,95.2249465099
118.449555734,95.2816488596
119.185484085,95.160463742
119.765646366,95.1884636019
120.823890409,94.9344699361
121.37465013,95.1562817742
121.612761538,95.4766248009
121.442231291,95.6550863747
120.71190653,96.3656198846
119.358736308,96.7387659399
118.561046777,97.0288833327
117.923595372,97.5218808742
117.983843793,98.1857651275
117.851269825,98.9032562532
117.788780757,98.9522509557
117.548736532,99.3399818298
117.397782747,99.451819168
116.987899785,99.8475509937
116.864111455,99.8214715948
116.543700222,100.043672359
116.274858659,100.086831953
116.181121382,100.107639496
115.713584328,100.289032222
115.392572478,100.299042016
114.831841018,100.380480353
114.059510863,100.390100722
112.551732871,100.103105553
108.342847769,99.3068569152
104.27255707,98.6412439427
96.29327187,97.3053423112
90.0797832869,96.2100363246
83.719538302,95.1175199183
74.7307268213,93.907912351
69.3788860254,93.4033829522
64.7894999386,93.0813153467
58.6521009019,93.4915429952
54.719106451,94.2045676307
49.4339812218,94.9180941752
46.1715383478,95.2165904301
43.1410456697,95.4986681763
39.5206188971,95.5186216869
37.4139484045,95.5638650215
34.7464757602,95.5816938954
33.081301885,95.5504261813
31.2081316633,95.6805128667
28.5129318844,95.608344571
26.791272278,95.6299445471
24.1205993906,95.7073182517
22.3854006517,95.6586514302
20.8124455586,95.684263678
19.0096600862,95.5785555716
17.936149282,96.0097547675
16.9357209708,96.4147816517
15.5130617189,96.4541293872
14.5012279088,96.4019004337
13.1726433736,96.1088757565
11.9802229626,95.9472543254
11.0098564595,95.748956371
9.64710282529,95.7927119718
8.62484474593,95.8537051124
7.6546413496,95.8620418721
7.28419334544,96.0602983992
6.82399293106,96.4956882905
6.53448560949,96.4459741603
6.16525689734,96.2554639717
5.4970683778,95.6622999019
4.82962570263,95.1899188711
3.62828250357,94.2786531284
359.511419503,91.8377043328
357.052964708,90.0985509139
352.967520761,87.7178541651
350.546795315,86.4873546226
348.34599169,85.5810530943
344.908801699,84.8591889932
343.01587305,84.3242183245
338.988800284,83.5818943029
335.861120206,82.0530218701
332.039728608,80.2956988854
327.875771453,77.9241975808
325.330611766,77.7470030582
323.032533138,77.577214169
321.623433408,78.1660243505
320.613748521,78.7077859648
319.220273668,79.664490748
318.663718214,79.8054674758
317.89380138,80.0161087508
317.777663053,79.6458649776
317.71192003,79.4550298164
317.779022306,79.0463231663
317.874650507,79.1179647277
318.244549274,79.2047153278
318.787158749,79.2954491427
319.224773471,79.9246191116
320.760917124,79.9851652232
321.940806432,79.9844118562
323.471012948,80.3828983081
324.314169574,81.0115165309
325.06763459,81.5505158307
325.835850549,81.8468623958
326.223974604,81.837417227
326.848457599,81.7501718616
328.069510354,82.1346014271
329.549469916,82.1575456352
331.411445376,83.4813237749
332.445379333,83.9436191478
333.255760155,84.2945446313
334.753302948,84.664412422
335.714700545,85.1806954512
337.678606396,85.882115372
338.525002519,86.5784615786
339.182397447,87.0099077908
339.651953367,87.1222877574
339.644603615,87.1552709759
339.827311273,87.4002937158
339.90800412,87.5958877754
339.987403661,87.6204714621
340.004147106,87.7067056124
339.916675157,87.7159906336
338.870570855,88.2042431154
337.775159931,88.5372785575
335.958745869,88.9155207815
332.098284283,88.3151656686
328.870411282,88.0353442804
324.011391013,87.2964813267
320.382030231,87.177695308
316.950872547,86.8200892716
312.413027483,86.5540836458
309.677591141,86.5241438665
306.3791573,86.499047756
304.561073126,86.8076190176
303.399845481,86.9772340181
301.919175341,87.8554504799
301.110723859,87.9865974061
299.464619052,88.4587504774
298.44734561,88.4158135086
297.332014266,88.6268670625
295.646963661,88.8696262996
294.405271839,88.9892883178
293.322840641,89.0424464775
292.083249298,89.2355839051
291.449342986,89.3585641759
290.695950259,89.5343230011
290.571271251,89.5511915258
290.757250231,89.4671489148
291.298318843,89.8662281906
291.652345972,89.7883128355
291.363333676,90.4163902004
291.152312604,90.3841836856
291.202434952,90.4735982576
291.713183867,90.6777569478
292.282074862,90.8243599182
293.322247792,91.1289313391
294.712570666,91.3879362783
296.258050342,92.1507593038
299.650546881,93.0413939309
302.67677008,94.1943718256
308.808391473,95.9979038446
314.787861971,97.6812989484
321.197845643,99.8215258562
332.345010655,102.684132543
339.965874037,104.114768613
351.065550834,105.363855623
357.676461227,106.017886613
3.30721474323,105.982678205
10.4027468394,105.14051842
13.8768312422,104.828739942
16.8175702455,104.306903488
20.3371599,103.640644328
22.4402273853,103.424809662
25.8265063812,103.225427689
28.1749960581,103.215356837
30.6799544469,103.101697071
34.7716075902,103.017477547
37.4434039768,103.178909855
41.5669053653,103.379594252
44.0422601874,103.486388839
46.6727059928,103.233331824
50.4307588333,103.204081602
52.8018141395,103.146629958
56.4642048321,103.264674375
59.3661585925,103.26924577
63.4333738637,103.359043906
72.0230300285,102.536284592
78.2707675946,102.664901808
86.4730203287,102.446935195
90.7201372269,102.287479278
94.2070230354,102.091949257
98.3892073572,102.119915548
100.78502562,102.184546349
104.343478412,101.945783318
106.330259626,102.215301416
108.287138048,101.996600151
110.920124575,101.890695059
112.662989864,101.720932697
115.084281312,101.550540808
116.602098524,101.50283561
118.192632485,101.380163419
120.654044975,101.334246366
122.459630799,101.09955914
124.017199546,101.260429738
126.194297007,101.250193147
127.493243667,101.278711628
129.52093185,101.524387487
130.965829956,101.501904142
133.312392058,101.263789828
135.468613833,101.056646845
137.937735902,100.979096276
141.733367565,100.231451488
143.659240334,99.9937494314
145.350757541,99.3828136258
146.829912187,99.0402553046
147.423091458,98.7223213009
147.843777374,98.5430578187
148.350148928,98.2250357926
148.855054312,98.4398333783
149.600145456,98.9294693946
150.015899826,99.0919130326
150.962527619,99.3362559446
151.918212544,99.3581716125
152.840184487,99.3381342115
154.167201296,99.2417337541
155.273100753,99.0494893117
156.736844706,98.9687138179
157.881256961,98.6971981138
159.009927469,98.6488514479
160.813047904,98.565136312
161.965936627,98.6141493649
163.742607628,98.5786474296
165.132587294,98.4473780737
166.579887762,98.5154330268
168.757510293,98.8023263368
169.986527871,98.8984736652
171.306281201,98.7184921221
173.281520328,98.8790558687
174.70663929,98.7862531299
176.741942287,98.8167362234
177.817613943,98.8550442841
178.856308265,98.6946507025
180.371337151,98.8169198838
181.561071549,98.5302787311
183.485042105,98.3375591267
184.812790134,98.1202304163
186.113296922,97.8041726018
187.766441266,97.5433358816
188.844444786,97.5009900105
190.503002234,97.4922973245
191.723948329,97.4848814988
192.922519871,97.4916037881
194.860762773,97.3597691411
196.018031795,97.4475456262
197.925620084,97.4039008393
199.202342343,97.5339851336
200.461205384,97.6851711745
202.303300597,97.5420720408
203.472774772,97.4056573529
205.279615462,97.2090886111
206.488507131,97.370307079
207.852665613,97.2891858801
209.639538149,97.4398870525
210.652902854,97.5339199111
212.122734407,97.5818183317
213.141011333,97.6487976903
214.211430651,97.55072912
215.764683947,97.5457142969
216.745077678,97.4371311895
218.038570704,97.4158405782
218.891606723,97.3717191266
219.844499885,97.2124168412
221.196673695,97.1414483501
222.151979791,96.9220551822
223.445226699,96.8694707994
224.320001835,96.6620520261
225.282730234,96.5852680843
226.678167028,96.8316548623
227.666795436,96.605943735
228.534984544,96.681996888
229.874360249,96.7602206881
230.793962034,96.8113066583
232.168483134,96.9873213723
233.042760626,97.1915721133
233.809890857,97.4004214569
234.706327092,97.9594124659
234.918997075,98.7441382237
235.77417671,99.5753452103
236.455582557,100.289656334
237.494865339,100.712148774
239.127552948,101.548525559
240.570658599,101.765107285
242.329058888,102.608438831
243.289187326,102.788768421
243.862516257,103.236783927
245.058679655,103.596926589
245.871363455,104.223337334
246.988646577,105.119642212
247.554807522,105.825975696
248.109134035,106.436138666
248.605902733,107.286766793
248.892612461,107.492415244
249.317441035,107.601842127
249.818077229,108.035296516
250.333173464,108.165144939
250.791766338,108.743705688
251.335298825,108.787195672
251.750723716,109.060794163
252.14524553,109.141944166
252.340908462,109.329876164
252.660435479,109.189437475
252.784760302,109.244284274
252.948685967,109.329142633
253.127969049,109.271506654
253.176246966,109.163608647
252.97039741,108.969879707
252.786412991,108.81959567
252.551510365,108.600807422
252.024791595,108.098113779
251.575794733,106.938895115
249.650698329,105.055413406
247.463721702,102.853782487
244.263331779,100.321270039
237.630601383,96.8223798589
232.433862818,94.2599089704
223.179668807,90.904960684
217.152016295,88.5466988334
211.173649162,86.4616552408
203.092716455,84.1253019415
198.435043713,83.204288159
192.438640863,82.6782304313
189.344499002,82.7221144351
186.942015802,82.9121391252
184.557624603,83.6408258423
183.761275121,84.194627019
183.126544178,85.1855529097
183.004881983,85.7737395153
183.084934905,86.1446696062
183.110677301,86.5366874745
183.077492211,86.6283172525
182.980209612,86.7163603573
182.484634047,86.9906821768
182.136166072,87.009552913
181.367063193,87.1541541987
180.700282554,87.1153654685
179.306523759,87.2943913515
177.683141376,87.2706989864
175.253170277,87.3202401821
169.682996761,87.8769146727
165.35588731,88.0822835447
160.78218024,88.4098845313
153.372620387,89.2539830505
148.606249957,89.6580664286
141.522811453,90.7010474271
137.36396629,91.1785633661
133.412328219,91.6997525059
128.779042488,92.1559621733
126.365670069,92.7881979198
124.070573119,93.3415424151
123.015578189,93.691801659
122.216524617,94.040048661
121.278780948,94.5569740501
120.769206062,94.8861431324
120.342816726,95.2169550237
119.947860642,95.6512152126
119.708434887,95.7770619973
119.36377053,95.7590807647
119.271014447,95.5436882365
119.817065193,95.2455687135
120.173081345,95.6851341473
120.638948527,95.9509074643
121.262797558,96.0470991093
121.662005678,96.0133886077
122.139481201,95.9648281593
122.01482198,96.144529161
121.49944782,96.0500935099
119.959822592,95.7231118467
119.059146981,95.2595703969
118.430836435,94.7044827362
118.499171688,94.5844848046
118.701098094,94.8292208368
119.031055348,95.2696707518
118.902866379,95.5599543705
118.670778243,95.5217763136
118.152627173,95.311717619
117.619091404,95.3378466353
117.109260411,95.3692653257
116.423163176,95.6378928395
115.723420169,95.6015609951
113.587683814,95.2932836067
111.756764598,94.5668784198
108.001481962,94.2730056022
105.568040452,93.5939055013
102.87411681,93.4254752001
99.3703200647,92.9768244467
97.5718352433,93.136314695
95.4799292521,93.320317523
94.3455457146,93.346871023
92.9236114078,93.5834351137
90.9327535516,93.3972793506
89.2826772742,93.5692675436
87.0479539613,93.5258577956
85.506028111,93.6154184639
84.0082896585,93.5908878075
81.9176045732,93.6773262916
80.5393945408,93.7578423852
78.8337697966,93.7324183109
77.6489982415,93.7733634888
76.6201938862,93.6335839949
75.0743372634,93.7394025011
74.1211384913,93.7201049866
72.9533997499,93.7843789448
72.1060049754,93.7710665668
71.450687884,93.5978904404
70.7550920291,93.6566747697
70.4670590414,93.6089684611
70.1346895774,93.5981829332
69.9748680912,93.5641655906
69.7916630955,93.5770482112
69.7185490966,93.511429768
69.7918659071,93.4564920969
70.2523308813,93.3794418406
71.8153330191,93.1278750695
73.70516161,93.0869226088
78.6618752015,93.9009086807
83.2795500631,94.542601046
88.721954767,95.3192574997
98.7413320335,97.1016306981
106.074765804,98.3414705525
118.288012889,99.7441170054
126.576354182,100.471236144
134.789888203,100.734271145
146.57514035,101.654004094
154.056094514,101.987967568
164.203557279,101.995618635
170.919688276,101.947292622
177.673657136,101.959402024
187.295480815,101.812380386
193.149810315,101.774150037
200.557393106,101.722821575
204.741936077,101.89618679
208.473921293,101.944904993
213.561315591,101.307219087
216.781434575,100.900188514
220.007042349,100.614840406
224.512291572,100.610011507
227.394960654,100.550278638
231.46020316,100.268782333
233.998751387,100.051837127
236.299004786,99.9207532647
239.965839658,99.4194144265
242.221873395,99.2962338875
245.469785973,99.3143249621
247.411582641,99.4071159068
250.101703496,99.373650969
252.10139801,99.038716598
253.896720563,99.1684267413
256.861850498,99.2325897299
258.893280041,99.3367583159
260.688216011,99.7340257598
263.303618728,99.8111350292
264.85281743,99.8309173107
267.172120862,99.5330860305
268.89620371,99.2954681575
270.636188264,99.1960688509
273.003804981,99.2865822641
274.399781639,99.3507679742
276.479129161,99.2873201666
277.822669794,99.3687386801
279.377937123,99.1314014724
281.565760637,99.186538199
283.092735492,99.0215077629
285.297893386,98.7947445358
287.057332075,98.562494442
289.025142095,98.3591313824
291.679350229,98.3691803323
293.268715376,98.2631346221
295.056737134,98.1726514277
296.339802248,97.8620294748
297.472927525,97.7162878485
299.554384764,97.2832937877
300.775841261,97.2639633169
302.32062543,97.2903684702
303.457919221,97.0609978503
304.458242167,97.1139700396
305.902315255,97.0044138822
306.701036523,97.001046863
307.860504686,97.1125401038
308.950226511,97.0486969841
309.847801726,97.4357826668
311.115125137,97.5629621039
311.988646681,97.5036818847
312.678349206,97.6954570327
314.05742178,97.5054134816
315.082381615,97.5613859395
316.911267928,97.7075758188
318.390096488,97.6791730777
319.749762137,97.7201076119
321.900370218,97.4943780213
323.209444914,97.5321529759
325.470609546,97.1996492794
327.021528457,97.084895601
328.682440788,96.8892788265
330.685109537,97.1854399889
331.329574377,97.5910592617
331.221145057,97.804689947
330.478144005,97.7010889763
328.72883481,97.7392357078
323.046957586,98.0233864257
317.755146957,97.1069561161
308.982866457,94.4972459861
302.572258478,92.376125008
296.556578768,90.4339372583
287.940519349,88.5197457239
283.236672262,87.7087050937
278.395133797,87.9343570291
276.35792364,88.2335767756
275.296783625,88.6759267092
274.196821322,89.6042254306
273.870608244,89.8250353082
273.57815349,90.1486387687
273.307621299,90.3527631185
273.279816327,90.3699033085
273.288024565,90.4531531025
273.271228218,90.5243408444
273.506631631,90.5220106654
273.915963437,90.5282410066
274.527173294,90.5284595993
275.828142782,90.4956858948
277.808214317,90.372614659
281.071142993,90.7469242393
289.03755015,91.9485651995
295.124507653,93.4986972815
304.590823129,95.1883685081
310.227163471,95.906113247
315.554308473,96.5149917818
322.237119564,96.9062759238
325.691853873,97.0342952641
328.845144639,96.8703589351
329.911373585,96.5486634962
330.535183417,96.2554667107
331.138403645,95.863142913
330.973887234,95.9825311363
331.037541181,95.7217282418
330.946708044,95.678063617
331.080670829,95.4173279479
331.273621712,95.3816737541
331.332262176,95.4748658208
331.467914558,95.4053941133
331.476963482,95.4416842497
331.491099011,95.393822163
331.517263423,95.3994263508
331.452329145,95.5241943144
331.388038789,95.5495377651
331.305846821,95.6472620122
331.348885303,95.6204906213
331.43616762,95.6439127299
331.450970925,95.6845231228
331.445243422,95.6552555422
331.390132071,95.6613460085
331.392458694,95.6144136076
331.41885633,95.5748022335
331.434562728,95.6098096823
331.473847336,95.5685255497
331.424413678,95.6124747138
331.401430846,95.6105300888
331.362414813,95.6207172408
331.325507473,95.6452784504
331.332576673,95.6046341499
331.330840347,95.6401814311
331.325862616,95.6693190272
331.318691637,95.6829220392
331.301970396,95.6548389707
331.298498457,95.6010054693
331.295183442,95.593412482
331.304686039,95.5576387605
331.227291078,95.5466338679
330.609746977,95.6887729047
329.101440282,95.794994301
324.492624714,95.8789868993
319.472133308,95.5010089975
310.571317709,93.8734058574
303.944779952,92.5012266695
297.023252019,90.7652454954
287.997763629,88.5180405521
283.586805421,87.0434672457
278.77222962,86.7026651492
276.314968752,87.268853857
274.687226748,87.5715423363
273.015325675,88.2569664388
272.11316534,88.7794467694
271.099469566,89.003903537
270.495401736,89.1505687847
269.698452632,89.317186859
267.955400905,89.5358552209
265.793966914,89.4707297569
262.518170582,89.2923172959
256.084403456,88.6556264213
251.398359392,88.1622533534
245.367955499,87.4430284255
242.106507318,87.2365408245
239.431296437,87.231139767
235.887450489,87.6725601399
233.314528942,87.9797390583
229.346513027,88.213171984
227.175150997,88.14691453
225.640235695,88.2109613693
224.20625062,88.737651602
223.855592228,89.0827807803
223.540256191,89.6233047228
223.306585104,89.859655711
222.929777103,90.0381008998
222.234143836,90.1476526248
221.885722463,90.0874500276
221.316464919,90.1648524739
221.176229155,90.1358245808
221.031886635,90.10098996
220.591970443,90.3683686963
220.417866369,90.4011487914
220.076695751,90.4647382981
219.852266321,90.5153951841
219.748774741,90.4342851247
219.501160169,90.3626324058
219.327118711,90.3005039971
218.888936428,90.2460593963
218.426081029,90.2289098876
218.014412344,90.1346261606
217.326526963,90.1812414427
217.090799801,90.1036377213
216.589013861,90.2539043312
216.287011644,90.3156263046
215.921802459,90.3398917853
215.164696318,90.4156736348
214.741910975,90.3468411146
214.346947789,90.3629432015
214.030593349,90.3731389586
213.87596251,90.3860332981
213.576097776,90.4614695897
213.394279461,90.4669150046
213.216160475,90.5089256362
213.129735966,90.5618787018
213.1021336,90.6292982778
213.052597727,90.7047224773
213.012830124,90.7139792729
212.830210266,90.7822575334
212.599675423,90.8085711071
212.46238534,90.8031291726
212.309514164,90.8005827126
212.303164411,90.7861638282
212.378318047,90.8446706075
212.560076561,90.9633432586
212.717590189,91.0170346667
212.80315001,91.0801978227
212.894740119,91.09178745
212.966407116,91.1026376401
212.978850792,91.1229588175
213.033168571,91.1109359954
213.105843064,91.1636141032
213.16989593,91.1996424026
213.218404977,91.222019616
213.220362418,91.2842775573
213.196648004,91.3036435177
213.21415399,91.3005175077
213.211775306,91.3409664893
213.222185139,91.3682850206
213.262934766,91.4329741508
213.258451095,91.4812887943
213.259160851,91.4985967317
213.294309874,91.5092016852
213.321933497,91.5405172641
213.397082614,91.5645228645
213.445458438,91.5580522042
213.69680929,91.4799137155
215.107780052,91.2912950902
217.17344607,90.7682274302
223.135941161,91.2069945397
227.986652407,92.2763379901
232.842628396,93.5813853087
239.706998631,95.080497668
244.122217543,96.0404238379
249.527143369,97.0657071103
252.318991557,97.4117458626
254.589461098,97.2427862931
257.607015666,97.2088624669
259.363210854,97.0641544825
262.054906468,97.166924296
263.669510442,97.4931190571
264.827339345,97.5831653539
266.40413721,97.6843830655
267.227629091,97.6552407488
268.44333562,97.7592541383
269.316973476,98.1844071374
270.322775131,98.8215818908
272.14123482,99.3197159085
273.374247018,99.4610583668
274.983253894,100.165091981
275.951661771,100.77406751
276.932761653,101.265472891
278.32218991,101.885456108
279.135130144,102.129743932
279.83757808,102.239970127
280.622456044,102.36654322
280.845273681,102.472840995
281.15107737,102.329222279
281.508746978,102.101416373
281.752107787,101.998664615
282.054528261,101.892111194
282.188202699,101.955476573
282.710244848,101.92509032
283.098140043,102.09449655
283.529662493,102.272753802
284.322618983,102.681407976
284.74623489,102.920812288
285.407549002,103.106049491
285.822707246,103.237252703
286.124931501,103.326510874
286.748184092,103.452443142
287.322680217,103.73774856
288.247343509,104.230064179
289.239082164,104.62234123
290.099411656,105.056083484
291.221680913,105.523270209
291.890170874,105.793705109
292.239845927,106.009791168
292.467192223,106.152466056
292.982418383,106.360027194
293.962921955,106.882732562
294.929234137,107.443102296
296.449403722,108.481423621
297.478536657,108.957207437
298.355852952,109.309069056
299.372525102,109.863394086
300.299457919,110.311935963
301.586745467,111.113030102
302.439821192,111.613521861
303.20260996,112.11544656
304.456752449,112.640868404
305.08604071,112.895603568
305.546903094,113.073025858
306.026306468,113.428964713
306.229561136,113.530355019
306.693169146,113.77223477
306.97918739,113.997315854
307.220587948,114.213936562
307.466118357,114.431744961
307.58563689,114.548784796
307.584327526,114.517284519
307.204418391,114.342760846
306.343688805,114.247361822
305.045349686,113.202762713
303.952730834,112.401576798
302.289752385,111.325947945
301.165013517,110.870509933
299.784095765,110.327578627
297.836291669,109.39075393
296.133759403,108.686076217
292.982950152,107.230887146
291.134540335,105.943645848
289.767543082,104.751480607
288.336431304,103.660302285
287.796050919,103.562208286
287.177558454,104.255254858
286.869360027,104.870442
286.707755939,105.255277544
286.73703209,105.473006262
286.689447206,105.502779973
286.690903696,105.553650368
286.720072506,105.613091643
286.815637745,105.699901621
287.340254244,105.909576124
287.690781403,106.065062307
288.209591773,106.18262538
289.245374734,106.453878781
289.844993985,106.784458508
290.903506191,107.15957093
291.620753581,107.54142581
292.668512257,107.710614726
294.949405108,108.526921435
296.944756249,109.469673808
300.478197768,111.058183807
302.939717721,111.959918197
305.573388796,112.845096238
309.690933634,114.077404375
312.390729063,114.880490555
316.826764546,115.597097776
319.475971323,115.934913542
321.590670173,116.335446281
324.420126264,116.644161276
325.984961908,116.948892537
328.855093356,117.071212358
330.565360996,117.170625444
332.180432705,117.000908875
334.21064076,116.611516388
335.144347557,116.367990098
336.225652332,115.756036139
336.359978937,115.400594946
336.477854185,114.887154822
336.515097881,114.47723444
336.356688769,114.508689502
335.886762692,114.519001446
335.59985361,114.398284075
335.443580523,114.18806768
335.481648361,113.921888353
335.559130056,113.845591835
335.184116553,113.985861391
335.097378392,113.83324568
334.52548049,113.768076557
334.170673743,113.666368185
333.735984702,113.692744293
333.307337468,113.633553578
332.656741762,113.560434595
332.164900625,113.377694411
331.735647309,113.213632627
331.211135956,113.243349577
330.91771626,113.035439907
330.447211986,112.910244319
329.743397439,112.640610772
328.633445799,111.874777068
327.249753259,111.337849445
325.814249463,110.499514311
322.92211155,109.367879239
321.422642619,108.102513153
318.477810891,106.520429478
316.524764753,105.157364706
314.632910949,103.956116654
311.04057798,102.440860935
309.016632998,101.211832518
306.066727946,99.6662573409
304.046989157,98.6988572874
302.100064482,97.7393059043
299.406155293,96.1528289433
297.506380051,95.2537302216
294.702882936,93.8946628706
292.985018092,93.2040232312
291.492139339,92.6379753323
289.739343351,92.2551198873
288.705620742,92.233328267
287.538416898,92.0976006591
286.763627346,92.1111672735
286.0030994,91.9674518286
285.049406126,91.4530184585
284.352050435,91.134988135
283.727914319,90.7637977428
282.964637268,90.3893882434
282.436968443,90.2959876924
282.22544887,90.2398809982
282.726252251,91.0318542397
283.789242007,91.9926019765
285.422863256,93.1254038805
286.742447731,93.7577110215
288.999946522,94.5924515905
291.089984742,95.2013562397
293.289247686,96.0024349811
296.375045187,97.5135604916
298.779927346,98.6517397135
303.148872775,101.55859388
307.028945431,103.377537207
311.173090329,105.107059523
317.10406575,107.246692136
320.570341516,108.109145215
324.800244587,109.425512523
326.916049094,109.690425523
328.636772385,109.841524217
330.430361999,109.938926938
331.351813725,109.997374509
332.081140346,110.026478127
332.367343526,109.827650612
332.40772315,109.77500753
332.637455404,109.681671132
332.826389132,109.653853493
333.306571242,109.547771471
333.864163133,109.410830613
334.603564112,109.347983843
336.18045832,109.172913998
336.927765078,108.939141601
336.802280517,107.810915673
335.950432469,106.905939368
334.587120546,105.8094191
332.161459155,104.203374784
330.242483498,102.873349826
328.008049448,101.755382189
323.613725415,99.6593730196
319.918233003,98.3883830505
314.112205113,96.3482200156
310.416191992,95.3305338383
307.324067791,94.2589271643
304.192306621,93.2711162129
302.602628768,93.0891303453
301.364753516,92.9235340032
300.949206922,93.214560596
300.465439045,93.3873217669
299.796450116,93.318780779
299.40801893,93.2998674224
298.961474037,93.3048348063
298.546174089,93.3338081958
297.812696442,93.3566541525
295.56377946,93.1947059108
293.006616235,92.9456263437
287.10785011,92.6518123908
283.039106718,92.012918149
279.162058473,91.6784020282
273.482801974,91.4327115062
270.26320366,91.0597387843
266.026227406,90.5257128942
264.209604799,90.2281733559
262.946695072,90.2102473497
261.802906501,90.2891647509
261.687793538,90.2963409989
261.905459069,90.4124201889
262.129510058,90.4244601031
262.499573379,90.3984686003
262.928768793,90.3614718176
263.146242156,90.3167488514
263.249742605,90.3562502546
263.475104582,90.3775314711
263.541758544,90.3918767864
263.676782966,90.3483311795
263.784061818,90.3119887656
263.879845856,90.3093331474
264.111900045,90.3118493125
264.214459668,90.3361815463
264.330193618,90.3138901303
264.417577741,90.2704087893
264.486963639,90.2452252114
264.570527046,90.1968411619
264.605714746,90.1891428527
264.613913697,90.2697105214
264.672214858,90.3267669129
264.710914178,90.3871967956
264.755490342,90.4413692568
264.809902008,90.4863546296
264.816950356,90.562124336
264.844256506,90.5842844549
264.869927268,90.5980945994
264.890938137,90.6328289009
264.927914114,90.6379159926
264.925350755,90.6429799117
264.870112384,90.6479463316
264.849035278,90.6558738121
264.837965293,90.6646905874
264.849584739,90.6755691312
264.863381499,90.6920990592
264.863802678,90.678993953
264.876913373,90.6815881163
264.880668948,90.6952116353
264.890289677,90.7072556919
264.896149108,90.7290126887
264.898941173,90.7372540824
264.886665811,90.7381210738
264.840746018,90.7274378053
264.816712232,90.7369778595
264.794424706,90.7595963167
264.76369245,90.7942170484
264.738883047,90.8150673714
264.693237628,90.8527028444
264.672611304,90.8686629464
264.645737632,90.889084569
264.600762794,90.8949608533
264.545640468,90.8798325359
264.435264281,90.8740840348
264.344692409,90.8873586608
264.255641777,90.8833734389
264.122132208,90.8814490156
264.046333557,90.9047457888
263.894972699,90.9238969742
263.763144844,90.9510491013
263.610601896,90.9745806595
263.362137079,90.987071386
263.179452946,90.957009469
262.861486227,90.9327372828
262.567392482,90.9068120572
262.046778426,90.9443508275
261.06585985,90.9955528926
260.08572563,91.0228317786
257.814255287,91.0362745727
255.924695476,91.012148631
253.762353713,91.0854940812
250.43267733,91.3043199951
248.150962893,91.5436090087
246.016800928,91.7865535355
243.198302657,92.0867454571
241.846220871,92.311163366
240.208863475,92.754068471
239.407814733,93.1449536827
238.439144559,93.5834271111
237.111057976,93.8859911309
236.20061326,93.9773365834
234.837741496,94.0929600214
234.098221389,94.0914658525
233.379699318,94.1717395707
232.326116229,94.3264437717
231.653142289,94.3671514902
230.599900101,94.390796985
229.846979075,94.2915925108
229.139829535,94.2356124403
228.201545527,94.102088346
227.863017712,93.9840429385
227.945026767,93.6415680001
227.968268915,93.607717629
227.925816576,93.4608641182
227.548299102,93.1841277226
227.390993911,93.0619603852
226.890228098,92.796241339
226.565097514,92.6470667109
226.389080344,92.5598031055
225.996270713,92.491703346
225.865305584,92.4052173342
225.472781039,92.3295700885
225.184409044,92.2721184627
225.007478392,92.2379746835
224.576395557,92.1476159202
224.40556612,92.1037203972
224.095083644,92.0913942502
223.800429549,92.1175091747
223.676112074,92.0820555042
223.426523852,92.0701110209
223.257534178,92.0680232913
223.198553887,92.033167845
223.227915984,92.0046757669
223.359865854,91.9871832126
224.008711385,91.7884862124
224.492451008,91.8152936734
225.431658643,91.8002999162
227.191156197,91.8344519007
229.866147979,90.9998005587
236.737777542,90.8820137152
241.369808646,91.2657163438
245.995337185,91.6465637301
252.15199178,92.7505786537
255.552626855,93.6573900778
259.579718853,94.4737598332
261.740393322,94.6946070133
263.210917118,95.028079495
264.662500182,95.2162628588
265.435107917,95.2511612698
266.067434644,95.3626932895
266.366324359,95.4664955309
266.668846341,95.5903727328
266.988948943,95.6677413392
267.213516467,95.6788573803
267.567471314,95.6879248006
267.91150639,95.7497156421
268.230458965,95.823758814
268.568739783,95.9264806673
268.800133693,95.9775871404
269.050722393,96.0433138764
269.189647945,96.1231050497
269.366084961,96.1613202744
269.584262422,96.2745566606
269.701935966,96.3641652599
269.879426238,96.4970679127
270.050988562,96.6001023847
270.190882921,96.6765547682
270.444182973,96.7110644626
270.578744304,96.7194009863
270.759679018,96.7298964163
270.949882308,96.6998266135
271.062599899,96.6833696919
271.229679067,96.6632298997
271.291071632,96.6481172083
271.326322039,96.6313822199
271.370220786,96.6084310018
271.367311814,96.6176800557
271.313294897,96.6135764922
271.264909042,96.5750912923
271.230623634,96.5683329896
271.127281681,96.5854942297
271.071305536,96.5785380392
270.921786982,96.5436707116
270.816666443,96.5288042368
270.752774028,96.4955012186
270.848640335,96.4788780828
271.053626825,96.4627044408
271.638079306,96.4002232863
272.163679631,96.4399949102
272.710998559,96.4774830645
273.706574416,96.7328574882
274.529604323,96.920484713
275.527963438,97.1903593676
277.747197741,98.1365774239
279.898776067,99.0621597938
283.594777588,101.060096949
286.633122023,102.387760339
291.496716479,104.741388792
295.032084245,106.079056329
298.48044591,107.158417711
302.97313474,108.558532347
305.661928537,109.052184304
307.841549601,109.421494738
310.264811757,109.594467987
311.194843257,109.650084242
312.513157401,109.327826834
313.139540683,109.208006641
313.782243907,109.006881121
314.955957515,108.962984081
315.870243621,108.827461565
317.055823667,108.736322485
317.692910238,108.598000741
318.277699618,108.511206617
318.945527813,108.477823428
319.495555834,108.421752598
320.289669719,108.556949563
320.84686744,108.646014896
321.409271983,108.747304846
322.211009144,108.948864694
322.791890046,109.000987807
323.417369437,109.24266261
323.667974531,109.225872422
323.623018788,109.167011435
323.158544437,108.804585288
322.076578654,108.457910744
317.343584547,106.721352993
312.788389747,104.026769903
308.126381995,101.120894349
301.193719288,96.6196159878
297.284998409,94.121419696
292.498427749,91.4995305003
290.0008277,90.3815982245
287.942402129,89.786003983
286.173074905,89.2444856746
285.565526799,89.3192199603
285.354995571,89.6768291312
285.777400998,90.0913456114
286.264243685,90.6663173564
286.962873533,91.3785217176
287.461294228,91.7093779643
287.941856741,91.9654633191
288.615673767,92.3136820941
289.207914605,92.5680449384
290.222891025,92.9763075716
291.185963703,93.3885808363
292.037854678,94.0268576832
293.41328949,94.6741339154
294.47641332,95.1858359996
296.21618678,96.1069685126
297.647571482,96.7818595274
299.261565775,97.6072866472
302.510789339,99.026285182
305.051155564,100.06620278
308.462533855,101.770440302
310.729809196,102.74942924
312.766129876,103.543582811
315.263290586,104.423471087
316.745189905,104.883510507
318.924864161,105.535830731
320.134607099,106.197508123
321.156100423,106.938820344
322.575804032,107.993881222
323.242568543,108.474797572
323.810295651,108.734648562
323.990848178,108.720475947
323.919313928,108.70969089
324.001214014,108.746917971
324.105427027,108.903240221
324.387925112,109.5510117
324.695282662,110.16841439
324.944148749,110.870574698
325.544980206,112.113249128
325.862198461,112.96289413
326.086023439,113.625437467
326.28430284,114.11178488
326.237876474,114.246694507
326.137357747,114.220134369
326.017965988,114.181286297
325.9328445,114.13115865
325.767334779,114.17585283
325.701492249,114.260745097
325.648467925,114.451515767
325.627746787,114.546331188
325.624141515,114.554578304
325.549158436,114.632037772
325.480781066,114.671810589
325.301878234,114.705381847
325.204949984,114.770649668
325.102066182,114.828135775
324.975512825,114.87423043
324.896657073,114.930415304
324.786400159,114.937534041
324.786457708,114.930004438
324.823202078,114.959289627
324.860294837,115.030020347
324.854481988,115.055203346
324.826212178,115.065522027
324.791445667,115.105662818
324.759845834,115.158771525
324.742573729,115.248043938
324.760332175,115.305662366
324.940357522,115.458284186
325.096196807,115.668589448
325.288577442,115.87958857
325.879317002,116.292646448
326.149504417,116.604457376
326.471417779,116.883578955
326.932934655,117.287298095
327.122383315,117.543876948
327.30946889,117.882430707
327.385970803,118.099669758
327.427469915,118.246462345
327.486006186,118.440974238
327.510957632,118.512113558
327.486757489,118.653235938
327.469612423,118.747636893
327.447690607,118.945817665
327.493238249,119.287864064
327.543992752,119.467099821
327.648452664,119.670616728
327.496050793,119.885600456
327.557086223,120.068889794
327.876832,120.446000577
328.035556559,120.781810597
328.292691461,121.011938516
328.308627485,121.132418188
328.328873962,121.269510971
328.409483487,121.362032559
328.439388959,121.522902653
328.665271337,121.706063325
328.71289464,121.789329224
328.97074724,121.866351555
329.293500809,122.085585192
329.634180558,122.258980301
330.166113089,122.346964691
330.514438603,122.452501908
330.821093185,122.636112786
331.11183472,122.838047721
331.306845469,122.804968361
331.497111441,122.714465599
331.580450474,122.632179365
331.721940984,122.479813902
331.820074084,122.409078635
331.949335621,122.254711357
332.06445225,122.165328749
332.175284845,122.076613274
332.270093284,122.044829709
332.331980817,122.014546247
332.436475094,121.984307175
332.522744924,121.971012902
332.9694249,121.718801311
333.462944983,121.505037062
333.910213542,121.445426162
334.367440399,121.409420678
334.8416946,121.42496135
335.81628487,121.41876208
336.750970122,121.418857438
338.467578914,121.481009516
339.438960227,121.552051625
340.647935592,121.400393725
342.277242141,121.177132438
343.689693155,120.904313784
345.558976365,120.721417815
346.947136149,120.548730064
347.906926633,120.482257734
349.475975338,119.983690046
350.177101892,119.716832456
351.308226877,119.188262991
