180.335078602,86.059409386
180.310179041,86.028922011
180.317027815,86.0171197681
180.326783083,86.004827582
180.348152747,85.9966402177
180.360309048,85.9854138274
180.372841491,85.9553876757
180.373438881,85.9432864786
180.373892402,85.9053846361
180.399784843,85.9011425913
180.423851142,85.889421839
180.433610994,85.8596626411
180.448568165,85.8345093425
180.476835607,85.8128292493
180.532723423,85.8017333643
180.563502004,85.7901323555
180.590077946,85.7693449221
180.600262109,85.7549994988
180.613888829,85.7450073375
180.653565211,85.759756955
180.673619901,85.752101911
180.691656268,85.7516721051
180.697415733,85.7467789361
180.700717332,85.7572201175
180.695858157,85.7563059061
180.669146609,85.7313567644
180.653803363,85.7032864155
180.665133311,85.6769725081
180.705643249,85.7119015056
180.745923673,85.7450624512
180.750296006,85.745440036
180.739969255,85.7502884037
180.731955195,85.7820048177
180.737575545,85.8123822992
180.722180134,85.838674977
180.681369445,85.8612985635
180.648696557,85.8227932179
180.649453316,85.7783321487
180.709417365,85.7830945621
180.828005507,85.756665856
180.925603606,85.7608524734
181.008074718,85.7441992867
181.105247627,85.7592930596
181.122497245,85.779824544
181.096236363,85.8468617029
181.062767515,85.8779171559
181.019573863,85.8720059638
180.983461522,85.9395805186
180.98844418,86.0043995156
181.102988147,85.9726869402
181.215608717,85.8915057984
181.297686899,85.8311630723
181.431584551,85.7938716465
181.531411098,85.7833139933
181.606344073,85.7898231601
181.651098295,85.8040151286
181.708644105,85.7904159481
181.708906375,85.8063667037
181.717495855,85.8023813637
181.702463579,85.8270983733
181.646290163,85.8871630644
181.624717983,85.9083343344
181.584102807,85.9864997276
181.574367796,86.0148801384
181.553772114,86.0021082313
181.50700891,86.0408733117
181.462401597,86.0867963117
181.401132468,86.1939911274
181.372020009,86.223520085
181.380550502,86.2255777809
181.393558263,86.2193029577
181.418592163,86.2095985533
181.500033157,86.1716961086
181.574138798,86.1425677721
181.65593608,86.0890001928
181.762551782,86.0045813992
181.814638805,85.9659238008
181.847843875,85.9288463535
181.849808318,85.9092096793
181.833602725,85.894199307
181.842305571,85.8338338751
181.849744443,85.8304697664
181.885630048,85.8134280444
181.933737799,85.7994500083
181.978097352,85.800207585
182.023532871,85.7977290913
182.03641937,85.7961704882
182.023952823,85.8243360498
181.993168492,85.8361654937
181.93373903,85.8621535318
181.845861198,85.9803260755
181.741456588,86.0411366058
181.615543058,86.0747856604
181.422558732,86.1308093057
181.319816887,86.1285139405
181.223876536,86.141641647
181.185504736,86.1173661423
181.183413386,86.1026423509
181.21318825,86.0491591825
181.238345449,85.9995609626
181.276784005,85.9426019424
181.304091363,85.8980410737
181.295597866,85.8568679025
181.320495257,85.7412449189
181.317432494,85.6623463049
181.312819097,85.5673874136
181.300108324,85.5617175857
181.293887778,85.5529651875
181.261480667,85.5513489992
181.238002177,85.5714232569
181.214771458,85.5764820398
181.187485597,85.5816942043
181.188043656,85.5785991555
181.208531383,85.6161345251
181.218259061,85.6488012994
181.221243595,85.7076829856
181.188675669,85.7283725672
181.147232368,85.7510353658
181.096272627,85.7819369103
181.088447041,85.8101924483
181.090742859,85.8281595735
181.088501089,85.8388063179
181.079404874,85.8409026328
181.081023381,85.8722524029
181.09189397,85.8833269432
181.091744292,85.8933692232
181.079460721,85.8900153037
181.078985602,85.8766515187
181.073451447,85.8715250501
181.085379322,85.8462186567
181.108128827,85.8233870786
181.153327563,85.8011907506
181.183271686,85.7895378012
181.20210732,85.7941900779
181.179292203,85.7930128862
181.161143823,85.7954071442
181.130099189,85.8013950812
181.126563289,85.7971823365
181.130834068,85.8035465124
181.136647991,85.7961261525
181.145696927,85.8021342307
181.136368403,85.8038036331
181.123841917,85.8148325355
181.102866006,85.8283133884
181.085741602,85.8430346015
181.067301306,85.8513238804
181.051192472,85.8469678937
181.055029151,85.8574563618
181.06722817,85.8483764441
181.069740682,85.8395906828
181.078726087,85.8369085573
181.093230374,85.8392194948
181.094791543,85.8426933927
181.076033325,85.8318415247
181.064740432,85.8323074142
181.058246039,85.8330990289
181.068897141,85.8301397869
181.074629489,85.8258677358
181.072530053,85.8279269286
181.082756407,85.8166945139
181.089110903,85.8194716559
181.102085382,85.8056262567
181.112556729,85.8117421213
181.114162736,85.8227075151
181.117073188,85.8311526552
181.103299971,85.8423751841
181.096997655,85.8228512857
181.113377968,85.8279866031
181.140148031,85.8210414267
181.182283652,85.7944825299
181.214302161,85.7793183486
181.255812675,85.7719483155
181.272501561,85.7709658372
181.274661816,85.7627057204
181.271633323,85.7587611138
181.272518455,85.7546831347
181.286078548,85.7403601605
181.30743478,85.7267103218
181.346845117,85.7040807702
181.426733665,85.676324836
181.467945033,85.6654569131
181.490776771,85.6568500263
181.489799257,85.6426557199
181.486500639,85.6486072661
181.497598612,85.6564220387
181.496443453,85.6699011958
181.486798894,85.689615657
181.479625734,85.7003619243
181.461119851,85.7194602524
181.448403939,85.7385048731
181.444893467,85.7670190986
181.45237946,85.8014517465
181.441266668,85.8193803257
181.423648486,85.8188826644
181.402465287,85.8305587747
181.395612309,85.8250829802
181.39002804,85.8047554311
181.388872217,85.770792403
181.400716561,85.7532107283
181.431581229,85.7193947414
181.443436183,85.7035427308
181.461518702,85.6865427761
181.460872541,85.6704393855
181.461307113,85.6657388017
181.449062733,85.6542478371
181.439298835,85.655388497
181.42137902,85.6320082677
181.393367617,85.6283531639
181.38279479,85.6208909544
181.360014584,85.6273932914
181.361344789,85.6394676905
181.368658133,85.6489486989
181.373668467,85.6774873019
181.370342838,85.6809752116
181.356274345,85.7077222816
181.343248565,85.7159417162
181.326084255,85.7185720737
181.320472769,85.7132218357
181.328593777,85.7091668391
181.356106233,85.7190195752
181.368993142,85.7379643936
181.360156367,85.7457210253
181.32299505,85.7541328356
181.299705631,85.7655714357
181.279085857,85.7745791796
181.275870676,85.7799794399
181.278971135,85.7949987499
181.307505794,85.7908747873
181.312810606,85.7911437248
181.307463711,85.7899784547
181.293380968,85.7954537794
181.283560199,85.8095259645
181.259638162,85.8344182229
181.228761669,85.8462670606
181.19378152,85.8397554085
181.18331028,85.861306105
181.201529617,85.8659294223
181.226572825,85.8596187233
181.25044876,85.8563893588
181.266400003,85.8586529265
181.275923569,85.8594340951
181.264085688,85.8557329831
181.22605877,85.8470781642
181.214449653,85.8475400411
181.209123221,85.8497168115
181.221704891,85.8487899217
181.232971187,85.8435514803
181.253100402,85.8400399558
181.262292647,85.850207651
181.264091316,85.8383257973
181.251271454,85.83112751
181.259458892,85.8204911084
181.267889113,85.8116416913
181.280360557,85.8102409166
181.29687982,85.8081681995
181.31001248,85.8140634769
181.31918396,85.8064072781
181.33533232,85.8131861095
181.341924257,85.8061010152
181.346724399,85.7937426118
181.368406888,85.7831793696
181.386186359,85.7856640752
181.38869261,85.7926263426
181.370317373,85.8081617716
181.344769738,85.8303101457
181.297206708,85.8724825404
181.262267977,85.9091454383
181.222189089,85.9497696341
181.178112419,85.9985078725
181.158266561,86.0261477707
181.137072796,86.0535934966
181.119186823,86.0616805578
181.108744525,86.0287333003
181.11899932,85.9970619575
181.126579948,85.9685951847
181.129388978,85.9412648769
181.124952033,85.9307910092
181.111554924,85.929445342
181.085191614,85.9242020192
181.071522359,85.8991266197
181.081254485,85.873757071
181.099896641,85.8522166512
181.1125766,85.8072012121
181.134858592,85.7616373954
181.15182337,85.7407032905
181.181400878,85.7239263354
181.183608336,85.7148149332
181.177099779,85.705919496
181.160938005,85.6959693138
181.152960165,85.692208523
181.159658239,85.6929215985
181.167794634,85.6929143099
181.177374998,85.6916056945
181.192947928,85.6750823308
181.204145735,85.6825345943
181.216882225,85.6692301654
181.211978961,85.6711563073
181.197037585,85.6658820696
181.167230959,85.669015784
181.160030469,85.6791745195
181.159494814,85.6836343204
181.144760526,85.7017180225
181.138432208,85.7037016458
181.127368657,85.7175543602
181.119233256,85.7140407456
181.121564899,85.7113840212
181.119782374,85.7048162607
181.124205157,85.7027183719
181.115813587,85.7144834747
181.101091076,85.7239431239
181.075014301,85.7297545714
181.039039398,85.7475434005
181.033205962,85.7583241636
181.047071153,85.7701357395
181.056685614,85.7647935413
181.060448302,85.7791312101
181.059963471,85.7791636559
181.049931033,85.7914474666
181.029605287,85.8080892253
181.00461916,85.8289548398
180.978535266,85.8479505752
180.941602725,85.8742563536
180.924394251,85.8979627114
180.912696261,85.8871641384
180.92122696,85.8928348719
180.942003171,85.8872694054
180.966071877,85.8684092871
180.979067949,85.8595035769
180.992518311,85.8545698191
181.008142881,85.8516884369
181.00891045,85.8569283813
180.982751479,85.8609774136
180.956793417,85.8569611354
180.952899588,85.8540256457
180.960429524,85.8519813537
180.980241377,85.8490542344
181.00969989,85.8532666766
181.028370017,85.854429294
181.039575553,85.8636718447
181.042126356,85.8710084442
181.035672836,85.8728225867
181.028461391,85.8828246136
181.017752425,85.883914442
181.010691435,85.8960139828
181.002352638,85.9110249404
180.994870418,85.9134496398
180.975465188,85.9231769345
180.97050734,85.9174032394
180.970694071,85.9243903213
180.978630229,85.9195003709
180.987931846,85.9081195333
180.997729657,85.9044717053
181.008805043,85.8995858506
181.007515887,85.9012288734
181.000165622,85.8990421777
180.988500382,85.8938758406
180.991362421,85.893403756
181.000943508,85.8971614015
181.014365919,85.8924447345
181.032197602,85.8921836
181.036262275,85.8934328219
181.039053799,85.892597749
181.023324438,85.9013057139
181.012104858,85.8987753466
180.996192178,85.8914270135
180.994822055,85.8965601469
180.981642764,85.8903202373
180.960364643,85.8898251453
180.937918575,85.8944140344
180.915328858,85.8963436012
180.9005774,85.9014354785
180.896097378,85.8906099363
180.903694851,85.8930712413
180.910429747,85.8870692305
180.904446674,85.8568660731
180.905760908,85.8410240433
180.922179721,85.8297779438
180.942667349,85.8077114765
180.940808527,85.7948150989
180.930132749,85.7794925304
180.920038849,85.7755865341
180.918696543,85.7750620274
180.931877361,85.7727500155
180.938195691,85.7712883836
180.946462106,85.7429766972
180.950330838,85.742949284
180.957553153,85.724855825
180.965446491,85.6946781753
180.965719284,85.6770239454
180.969762314,85.6535810212
180.980063907,85.6548799729
180.985892276,85.6520689222
180.988815124,85.6638297084
180.982889641,85.6575665125
180.97441232,85.6635022424
180.971758554,85.6701169604
180.965021373,85.6644122668
180.962079013,85.6571487077
180.968178756,85.6513430726
180.969323792,85.6547699131
180.951005331,85.6678645644
180.903561962,85.6886985965
180.741893435,85.7468261755
180.594140153,85.8131690408
180.468972505,85.8939566527
180.239355125,86.0036807224
180.098749599,86.0370446723
179.848518345,86.0930314061
179.684051768,86.0957878618
179.478635514,86.1058860769
179.116520745,86.1166994508
178.877204364,86.175456371
178.388075924,86.2857482221
177.947781371,86.3543811031
177.516471434,86.4653487697
176.878480675,86.5320245872
176.463995819,86.6283414024
175.797835077,86.6454298346
175.295980179,86.6352977853
174.782111565,86.5706020991
174.088736082,86.5133673356
173.671490661,86.4687202561
172.977139755,86.4338843612
172.477393229,86.410089315
171.886666221,86.4213777508
170.913072591,86.5051564002
170.229969417,86.5940183972
169.175268527,86.7501845625
168.483445552,86.8467533007
167.790118378,86.9106822383
166.771921033,86.9570064703
166.146191208,86.9525825481
165.399167758,86.8874617929
165.021244222,86.7882750181
164.825294829,86.6480351033
164.719310017,86.4716186055
164.735928549,86.3419543457
164.849968683,86.1836668442
165.271040726,85.9245456196
165.66376368,85.7727164001
166.287722153,85.6748740036
166.727335563,85.6206135153
167.205677309,85.6515127684
167.975564314,85.705780787
168.563059923,85.7311508095
169.474532344,85.7831709453
170.190907172,85.7989623275
170.907135358,85.8101838601
172.137919586,85.7978902654
172.968159586,85.7498561341
174.256598067,85.6163729548
175.16199954,85.5322262981
176.028513351,85.4330788751
177.376142306,85.2900548781
178.277461714,85.1827025167
179.693075953,85.0164526505
180.636872663,84.9079171985
181.597876657,84.8287972053
182.975224774,84.7678888622
183.868155464,84.7119324017
185.191725239,84.7169496235
185.986718992,84.7473110893
186.685734018,84.7179251642
187.454528593,84.697388737
187.841484995,84.6491199472
188.137764771,84.6358484164
188.331564943,84.6633006381
188.534724436,84.7441891366
188.789312859,84.831782516
188.972012892,84.8874632579
189.079573643,84.9411225166
189.101271741,84.9778476568
189.045697713,85.0570541457
188.711021166,85.2232451806
188.435575723,85.3370574279
188.059254677,85.4719798404
187.445341235,85.6610424497
187.082380313,85.6941701145
186.542918231,85.7654940353
186.259983861,85.7357833596
185.887430419,85.758590702
185.325681572,85.7981493321
184.949402171,85.8119283981
184.301818258,85.8224341841
183.866981304,85.8259370794
183.398093663,85.849581795
182.660776684,85.8932912054
182.148549349,85.9158516705
181.423031569,85.9220400455
180.94086206,85.8939222733
180.5252793,85.8870407296
179.923393004,85.8170433321
179.565019872,85.7861674953
179.27639553,85.7370956077
178.77681829,85.7682021664
178.458959692,85.9594648958
177.98455126,86.457253409
177.834198667,86.9443805099
177.691423563,87.5990161332
177.699080143,88.0139894728
177.805291764,88.2924767369
177.801256077,88.6792318606
177.842386576,88.9165075668
177.907120254,89.099920394
177.916425546,89.0886714233
177.931606745,89.1056887982
177.964298858,89.1131363187
178.03661283,89.1364115841
178.156281315,89.2543948087
178.293685619,89.5255946464
178.357739008,89.6361357996
178.372827629,89.7006177935
178.355275294,89.7224144123
178.307823154,89.7572631804
178.229344459,89.8363000386
178.192333447,89.898115328
178.109936504,89.9709602647
178.060237249,89.9995827877
178.003305646,90.0291895862
177.93625314,90.0458377997
177.896511759,90.0636779207
177.863263261,90.0645130433
177.851661531,90.0343146518
177.849958602,89.9509140211
177.82685155,89.8132894847
177.799346943,89.7233108122
177.763388802,89.607568687
177.759210153,89.543338892
177.745070745,89.4996287329
177.753813254,89.4643591597
177.769972118,89.4365450839
177.791253747,89.412774443
177.80151814,89.3892672494
177.788769439,89.35356072
177.774162914,89.3004850467
177.767387539,89.2626042237
177.781936996,89.2543315743
177.788281555,89.2558455322
177.789209618,89.2786063761
177.787321833,89.3201068973
177.773623429,89.3540607235
177.759548234,89.3883347017
177.73028898,89.4199526563
177.713128626,89.409606723
177.701124512,89.4016904211
177.716901118,89.3687737409
177.702200393,89.3522232006
177.700367133,89.2834940971
177.684150755,89.2185114798
177.682406965,89.1442109533
177.712277574,89.0795881064
177.740417224,89.0526525592
177.78523626,88.8165799199
177.850637605,88.6008460428
177.972726442,88.2128228219
178.094164863,87.9096815136
178.268521103,87.7831162813
178.541654122,87.5550155539
178.737682544,87.4546081675
178.855190383,87.4296335023
178.950812727,87.3806300896
178.97420966,87.3438220403
178.947897152,87.3137237135
178.8854938,87.3035434743
178.778261421,87.2974728133
178.72336915,87.3014552419
178.694426492,87.3198278322
178.645327457,87.3395634886
178.619878759,87.3543455832
178.578613083,87.3673623235
178.542027521,87.382031177
178.507094448,87.3997525206
178.469370257,87.4279241661
178.452004794,87.4456422736
178.426022763,87.4696219335
178.409899725,87.4743373487
178.401675075,87.4783430323
178.389999982,87.4700015329
178.387975537,87.4571458462
178.389857094,87.446235926
178.39736003,87.4180445085
178.401893229,87.404708274
178.411270355,87.3785849241
178.412652864,87.374975034
178.406458815,87.3711689034
178.39586509,87.364152773
178.38793872,87.3673196284
178.378188118,87.3761020919
178.379542107,87.3691527748
178.371496844,87.3703303151
178.354914931,87.3663348812
178.348861237,87.3583841517
178.327766309,87.3508710451
178.309003045,87.3594010248
178.28501211,87.3680562359
178.227369298,87.388113294
178.1880175,87.4012227141
178.11813936,87.4021605055
178.083528438,87.4005405854
178.043573309,87.3952025856
177.942236353,87.3640276691
177.842813041,87.3216211026
177.624220341,87.2680417209
177.39220988,87.2244147781
177.019859669,87.1864431255
176.214478732,87.1714494215
175.634016793,87.1705537978
174.622166339,87.1631137763
173.871867164,87.2117390958
173.04327218,87.2623272512
171.695023338,87.4330696231
170.716339095,87.5612292552
169.321102089,87.8708883852
168.459636084,88.0586858168
167.593212333,88.2662582667
166.385584787,88.5747120292
165.702135192,88.7713592002
165.109747836,88.940589449
164.418667262,89.1244936638
164.040158562,89.2096214662
163.547811835,89.206097507
163.330619064,89.2124841368
163.026114997,89.1769305346
162.532640211,89.0672484592
162.188939523,88.9757437911
161.807471249,88.870240733
161.554484488,88.7943258882
161.33943617,88.7250420033
160.990589196,88.6300634538
160.707069274,88.5483887413
160.173854063,88.4295161892
159.756160588,88.3279043913
159.257836069,88.2488530587
158.363051383,88.1380595253
157.604328804,88.0724169482
156.236526061,88.0898267787
155.223048345,88.1346313528
154.142765139,88.2267693392
152.392231409,88.3381974919
151.192039452,88.3900269651
149.306752892,88.4966488116
148.068837715,88.5086612882
146.906668298,88.591022769
145.27142848,88.6405196999
144.273039798,88.6461487773
143.0389444,88.6962202847
142.463717067,88.7588618718
142.023026883,88.7863024866
141.788898441,88.8499584971
141.721432165,88.8248196503
141.689516683,88.7960788295
142.146248052,88.4363983644
142.98887786,88.2537863543
145.603643353,87.6162935489
148.639877066,87.3649840638
151.830477508,87.0819419021
156.255466901,86.4074555588
158.838109325,85.8722217126
162.169805423,85.1821341245
164.0248413,84.7262601318
165.701688342,84.3013246699
167.623346951,83.7997679877
168.615422419,83.5254174047
169.753102057,83.2328783629
170.28458448,83.021633491
170.637110816,82.8682468042
170.948199864,82.7043486956
170.975880962,82.6643528121
170.961474015,82.5932734492
170.950300275,82.5669276279
170.911584307,82.5470259848
170.815843727,82.6175475474
170.763775767,82.7256314705
170.736794548,82.9834800677
170.742257847,83.1526983694
170.773140412,83.3110422091
170.800445071,83.4965806177
170.806958166,83.661023348
170.830540782,83.9349988616
170.869557003,84.1282307298
170.923937967,84.3447625896
171.095336018,84.6247848282
171.220706358,84.8479160677
171.422362358,85.0086108715
171.861384225,85.2044457784
172.109869501,85.226361762
172.567212859,85.2456411914
172.841496837,85.3216647218
173.141624343,85.365664116
173.575545282,85.4398753488
173.792080157,85.4829981308
174.134708217,85.5709968157
174.29169346,85.6008794487
174.400151402,85.6627127187
174.543713555,85.7939085097
174.603339907,85.9108394194
174.660420547,86.1461169507
174.677128915,86.3177846927
174.693650844,86.4607622398
174.743069795,86.757049099
174.780930455,86.9655090173
174.857092013,87.3286087571
174.856303967,87.4968027261
174.776930165,87.6972620901
174.522418984,87.9457475206
174.299726534,88.0342345164
173.898767287,88.1058614569
173.593970133,88.1322368602
173.233712973,88.1084289232
172.632015142,88.0651084466
172.136744294,88.0565019965
171.311976603,87.9382720794
170.691865561,87.8484146573
170.102739597,87.7406910092
169.197282193,87.5895360025
168.611491742,87.4745133464
167.730304142,87.3205629016
167.12335335,87.2063887575
166.43166492,87.0959203412
165.268966717,86.9804560496
164.422689151,86.9461372707
163.481462177,86.9341110727
161.830237901,87.0130523969
160.53336166,87.1426006282
158.110106335,87.2856524227
156.204725259,87.3609030605
154.132724339,87.4429099039
150.738770122,87.5467403312
148.368243833,87.6222549722
144.516192206,87.7798485178
141.862865803,87.8618406164
139.210618289,87.9440330926
135.171612056,88.2024523619
132.502620932,88.3527801639
128.566059235,88.5513968805
126.053026047,88.6832786075
123.648976013,88.8358878273
120.259349539,89.0095828422
118.249392668,89.1354793912
115.517528734,89.3833527674
113.965405052,89.534795865
112.559814717,89.714697299
110.801139042,89.9958545793
109.806347262,90.2311174728
108.699100156,90.4628928254
108.169618652,90.617873516
107.801152283,90.7335116997
107.644354105,90.7738313915
107.651903257,90.777028806
107.713035779,90.7898148314
107.839116315,90.7599023913
108.019459862,90.7178849659
108.280782153,90.6475642063
108.440623218,90.516844346
108.522468246,90.3819338374
108.55351798,90.027839617
108.542805108,89.7786542095
108.443342528,89.4671370277
108.479068178,89.3021472512
108.556705517,89.1813624648
108.783451544,88.9616599644
108.954101789,88.8539605604
109.171710591,88.6982251503
109.288579685,88.6169360438
109.360013721,88.5596734257
109.369634694,88.4861679793
109.335109283,88.4523448508
109.278263806,88.4485063178
109.238015597,88.4722975024
109.203829262,88.4982479166
109.179462987,88.5518324333
109.212128552,88.5809996132
109.382584529,88.6457696896
109.51242012,88.7018601921
109.64110953,88.7454790713
109.836053053,88.9093293625
109.97464141,89.0252453985
110.18948908,89.2602051922
110.350841483,89.3784262116
110.483246065,89.4371210612
110.631314057,89.4438446872
110.679648741,89.3993953411
110.793536393,89.2986830706
110.958930176,89.1677682378
111.190935865,89.0025509899
111.726855356,88.6569365706
112.171961773,88.4305492587
113.169364467,87.996711766
114.09237454,87.770106831
115.193471994,87.571433868
116.874205613,87.3714006736
117.894677695,87.2358225536
118.820797677,87.0681121596
120.014981898,86.7957083906
120.562589657,86.6241981187
121.227114892,86.4146098795
121.466567855,86.3254140441
121.537124845,86.2967161464
121.771803955,86.2190989236
122.009778213,86.1591166589
122.482548358,86.1594164379
122.857235707,86.1805200736
123.327570893,86.2135771206
124.003681455,86.2898454543
124.365613392,86.3559590813
124.677599844,86.4429443619
124.702772056,86.4633078309
124.745142799,86.4770820358
124.755162264,86.5015471909
124.70587351,86.5175637768
124.624586646,86.533299949
124.563242267,86.5567486393
124.485500961,86.552465409
124.392611918,86.5356962299
124.341074738,86.5145989128
124.338247421,86.4634318714
124.421170532,86.4018022759
124.583510813,86.373493518
124.910752488,86.2968395206
125.028238735,86.250733181
125.194838363,86.216780105
125.289881544,86.190333682
125.386175021,86.1741066959
125.532526439,86.1573408227
125.658685002,86.1742236474
125.75855894,86.2110100608
125.900512375,86.2717361513
125.935786564,86.312559025
125.936092611,86.3636760538
125.889464404,86.3839020967
125.812164907,86.3949721568
125.708038627,86.4182541844
125.623267837,86.426405361
125.52290435,86.4240956358
125.45031247,86.3919251772
125.353426942,86.3230843627
125.208523417,86.0946769637
125.157145325,85.9534229411
125.066975387,85.7787382258
125.045304084,85.7484229168
125.122896138,85.7255067562
125.34768983,85.6648246197
125.898391054,85.654062755
126.91496192,85.741214555
127.714639572,85.765520121
128.723964235,85.8422108723
130.747149633,85.8539062259
132.472713738,85.8623333271
135.727086655,85.9099384639
138.057632491,86.060098071
140.395461331,86.2022429186
143.83855925,86.3774464542
146.039423821,86.4398620226
149.395709837,86.546413251
151.711126353,86.5566715531
153.940298078,86.6342023585
156.784968721,86.7573855296
158.343062077,86.7575566585
160.193373146,86.7065840911
161.128454067,86.5803190519
161.802721983,86.4357304456
162.466050196,86.2028616677
162.657276532,86.0821396895
162.64549133,85.9811760657
162.56994168,85.8955465547
162.427785215,85.8361669494
162.021346136,85.7630432218
161.628967017,85.7342486058
161.235390029,85.752788434
160.569858246,85.8160372358
160.095552512,85.9336570456
159.30121673,86.0697562673
158.672627405,86.1511827253
157.911733989,86.2947536158
156.312973008,86.4165711219
155.030175079,86.4806805802
152.844535554,86.6187662583
151.357596422,86.6436145797
150.044057286,86.6233096713
148.726078763,86.666420059
148.182396517,86.7513135126
147.741917096,86.8954155374
147.631546083,86.9633925792
147.414247587,86.9994568634
146.907269399,87.034094999
146.355411462,86.9786420284
144.974982159,86.8910753243
143.471281982,86.7393377659
141.577347456,86.6201097032
138.170754891,86.4168279589
135.570595159,86.3545981831
131.531912517,86.1985141441
128.787926565,86.2511959731
126.175299551,86.3767380522
122.57100517,86.5964323204
120.525582809,86.8855590525
118.722988985,87.2375709557
116.518369891,87.6230229629
115.299271766,87.9107736847
113.659996592,88.2139799804
112.573327769,88.4186081154
111.494465356,88.6421786161
109.823374794,89.0094135525
108.762938036,89.2044175329
107.417217266,89.4435529137
106.671281532,89.5549115858
106.137937505,89.5850737051
105.711418954,89.600597237
105.864085031,89.5612749424
106.214483766,89.3472082773
106.910325674,89.1126116598
107.647131463,88.9292868794
108.908040099,88.593030491
109.890286816,88.3816229668
111.497240336,87.9404908154
112.645696614,87.7163661712
113.777710995,87.4891211373
115.206737786,87.3489631938
115.894505622,87.219328312
116.346530859,87.0610976921
116.622202087,86.8453541723
116.693398074,86.7067210545
116.759090331,86.5511084677
116.819753068,86.4540642665
116.939206639,86.3693247883
116.998595046,86.3438848022
117.084269701,86.3348405726
117.337137616,86.3695366249
117.905545303,86.4209578035
118.685300792,86.4419870938
120.203690801,86.3901401047
121.382828219,86.3918758998
123.09548993,86.4250526343
124.221987901,86.4661546526
125.354434845,86.4781633272
126.899007266,86.57175855
127.769365986,86.7099872184
128.890254332,86.8585352342
129.466794451,86.9523533893
130.007436405,87.0216254455
130.624860327,87.0501418607
130.966271481,87.0219057747
131.493500292,86.9613506338
131.922556171,86.9182365895
132.440665405,86.8956420915
133.414897546,86.861869181
134.130234277,86.8390244397
135.355558528,86.8543169537
136.126684626,86.8446453203
136.885357166,86.8247893958
138.067588245,86.7789093207
138.80537854,86.7963600555
139.868137471,86.7786568158
140.583145138,86.754735503
141.297385574,86.7270563373
142.565182931,86.628553993
143.632139906,86.5659185429
145.522399954,86.5032553267
146.982122533,86.4631237028
148.5049491,86.4631376902
150.906877201,86.4501711666
152.578150328,86.3888010458
155.190113282,86.3181002486
156.847736433,86.2677413099
158.391371623,86.2895721581
160.467512883,86.2634255731
161.677556947,86.2278899979
162.704725634,86.2236737678
164.070442291,86.1934992179
164.929410184,86.1348728584
166.181473766,86.0987997726
166.957981717,86.0634142332
167.684456819,86.0314616246
168.651689302,85.893071271
169.199937646,85.7754390427
169.794235768,85.589275224
170.073716341,85.5164175183
170.18925379,85.4614511424
170.370519632,85.3908440868
170.438216894,85.3753766316
170.476111437,85.3579018623
170.469815021,85.3797465747
170.456358515,85.4310889609
170.405510623,85.5408008844
170.345219053,85.6181206658
170.236117071,85.6928696103
170.130281756,85.7389845847
170.036774011,85.7722968115
169.819595803,85.7813293128
169.66939011,85.79306188
169.417315928,85.8073069191
169.257420459,85.8307137197
169.111947259,85.846463684
168.925496386,85.8834331029
168.843283562,85.8950439402
168.73103432,85.8937408365
168.653670399,85.8931477544
168.607690713,85.8680263407
168.529719301,85.83548284
168.487286425,85.8090089606
168.438436322,85.7801089088
168.357643449,85.7585548848
168.294218645,85.7289508155
168.210718692,85.7095201237
168.147264163,85.6848442061
168.054711699,85.6731094505
167.823297461,85.6261458849
167.358212218,85.6023341401
166.153127635,85.552674849
165.062211505,85.4893529368
163.664750749,85.4168148845
161.221150479,85.3737734687
159.330359709,85.3857736677
156.41047987,85.4653514338
154.264632958,85.5973673267
152.091341381,85.7093797061
148.868608666,85.9908332117
146.737465448,86.2457276655
143.723718256,86.526213248
141.916736898,86.7230427267
140.135059672,86.869394762
137.709216538,87.197444614
136.249420938,87.3805311237
134.252490496,87.70174071
133.042196871,87.9529455512
131.922051071,88.1700852676
130.420293736,88.4435243512
129.549248823,88.5893671371
128.367380436,88.6917871522
127.732163903,88.6765018556
127.111197313,88.6978422755
126.285523872,88.6933924375
125.79427747,88.6733370813
125.350266855,88.6407683255
124.83220136,88.4902817309
124.474737506,88.3690073145
123.930796415,87.9473153362
123.511660489,87.6546929111
123.095039338,87.4047826621
122.488998297,86.9936926509
122.229585292,86.7626538458
122.053505668,86.470627515
122.016743568,86.4309902157
121.90497862,86.4727416934
121.310124884,86.8738991715
120.761754138,87.2857968432
119.774774563,87.9342992339
119.15771253,88.3211166044
118.648528359,88.6493556821
117.890176001,89.0034483862
117.308358213,89.1138443038
116.236234611,89.3411093929
115.352735151,89.4660384722
114.246074497,89.4606670139
112.454924137,88.9905597403
111.396207155,88.5848601975
110.042763909,88.0154566579
109.339475597,87.8484431465
108.834983791,87.8470702259
108.430998294,88.0351041753
108.440758046,88.2327789353
108.508313001,88.5658369724
108.533091009,88.6684540022
108.57251746,88.741035792
108.343550798,88.8128498669
107.812025295,88.7156423586
106.903833879,88.356060404
106.343432788,88.0651855401
105.854624977,87.7182185149
105.359099218,87.3481256279
105.254766817,87.182694629
105.288283766,87.1369930029
105.52017441,87.00048645
105.987955871,86.8581520295
107.299768073,86.6600508567
108.680190932,86.5022387251
110.5400607,86.4039588353
113.965209399,86.3077062977
116.428639391,86.345358486
120.004894663,86.4845641186
122.152216805,86.4230395134
124.110704286,86.2876912473
126.699222993,85.8546802415
128.350115488,85.461124168
130.656742033,84.9661527221
132.23119758,84.7118227246
133.784655687,84.5755619379
136.10159958,84.5279303505
137.763514597,84.57300961
140.274328294,84.6872710168
141.95672708,84.7752297113
143.62822732,84.816719212
146.158517447,84.7932289242
147.839904749,84.7431036982
150.429154992,84.6455901502
152.184761986,84.519840948
153.993107134,84.386080948
156.713224367,84.1690934534
158.572213337,84.0606863669
161.402581826,83.9927458797
163.264599002,84.0598440199
165.199871318,84.1109997076
167.996639457,84.1758233334
169.894164681,84.1568560532
171.737073713,84.0959782632
174.283032487,84.0217499692
175.872947735,84.0005288439
178.185069432,84.0243238905
179.620121686,83.98709736
181.036141955,83.9726950249
183.129691644,83.9381023975
184.485836844,83.9787287919
186.40781866,84.1938815533
187.591639232,84.3255533073
188.792807838,84.3680911685
190.599557815,84.3383337675
191.952979104,84.2125349774
194.327795907,84.0466469506
196.152921673,83.8930129409
198.059272068,83.7694716136
201.137552787,83.5972373074
203.273704679,83.5423726654
206.518276815,83.5388144578
208.641650037,83.3799492685
210.754260372,83.1693289953
213.819610348,82.8402033675
215.688632011,82.7482967413
218.212999808,82.9289062894
219.781016869,83.1968679037
221.179184436,83.5822644236
223.078853241,84.3142408117
224.30344925,84.6730442978
226.285596278,84.8484247517
227.762513577,84.7543388767
229.433887722,84.5027101118
232.199553533,84.0586511266
234.145557158,83.7536240728
237.124726751,83.1784411963
239.135370236,82.7884984997
241.170393441,82.3899151603
244.052055457,81.9283301202
245.845774299,81.8257651044
247.481049921,81.8207912334
249.60281638,81.9474826238
250.700496581,82.0913133797
252.10577454,82.4120077859
252.880390603,82.7347857306
253.641885858,83.0392759693
254.811942792,83.6977976465
255.46549407,84.074783068
256.337409509,84.3099212447
256.951868321,84.326708964
257.451881258,84.3305172894
258.174411676,84.3242351396
258.618353206,84.5027225127
259.182884649,84.8428726252
259.615129922,85.0451156782
260.087178887,85.211246439
260.873787928,85.3861301784
261.430161655,85.5709555125
262.087216736,86.0455722989
262.470522598,86.236144064
262.7767262,86.4165326723
263.143645206,86.6327548404
263.197547366,86.760112475
263.233260617,86.9138922994
263.245341516,86.9779377469
263.209281551,87.0273852876
263.100964535,86.9932491916
262.979801735,86.9341279372
262.790834822,86.7458920682
262.678488895,86.6078043017
262.597110505,86.5186106472
262.533418054,86.4350213988
262.536667675,86.3974544849
262.561993133,86.3443846541
262.664744834,86.1997906645
262.722436695,86.0582271858
262.819983051,85.8182306805
262.901283822,85.6532016107
262.961096442,85.5233005068
263.040282383,85.391565717
263.082964546,85.3412140293
263.097206644,85.3284436885
263.06574384,85.3756536427
262.98779188,85.4450657146
262.778193399,85.5909849865
262.644757336,85.6619260906
262.390428288,85.7936294024
262.240080661,85.8612017329
262.089453887,85.9392344262
261.900009609,86.0162733134
261.777856325,86.0678159823
261.590080909,86.1584308232
261.455489161,86.2031422514
261.344759431,86.2215740682
261.190640017,86.2273421346
261.121102257,86.2001787088
261.017190722,86.135218037
260.971099435,86.0852297022
260.923866328,86.0302099778
260.895682861,85.9526714758
260.893471894,85.907036014
260.879364331,85.8685926572
260.86600859,85.8513357131
260.809574248,85.8538177745
260.538971049,85.8864682309
259.823492218,85.9157555833
259.063347067,85.8727555124
257.406697025,85.8380261695
256.099167815,85.7455058841
253.890536797,85.6178125443
252.455956837,85.5557534263
251.099113438,85.562375912
249.301481306,85.6201281802
248.23676851,85.625447765
246.993445624,85.6938361929
246.339656419,85.7752095544
245.806173514,85.8518641891
245.199417303,85.9610810699
244.832897591,86.0188272253
244.145124146,86.0557562732
243.502559861,86.0820486193
242.738503745,86.1053595874
241.314452247,86.111401214
240.177441293,86.1543890582
238.064100244,86.1440957104
236.55495638,86.0607101413
234.943126382,86.0067898436
232.507151765,85.8537188925
230.920470912,85.8883419225
228.688435834,86.0055112727
227.332742521,86.0980606263
226.082944905,86.1798020096
224.42248292,86.4281534786
223.399015002,86.5852433006
222.036552679,86.7950369984
221.142939791,86.9590486284
220.260765801,87.0848846321
218.983840032,87.3494070503
218.186467193,87.523291586
217.115805967,87.8061236358
216.461319493,87.9791153462
215.898794235,88.1056392282
215.213228651,88.2658801287
214.909677085,88.3798757234
214.736650596,88.4108426892
214.581875238,88.4478057024
214.51822246,88.4579542191
214.471363754,88.457027297
214.47323805,88.4293786235
214.51361507,88.411327034
214.61587468,88.3699280936
214.717664977,88.325347891
214.868211982,88.2739229533
214.940090574,88.2537294822
214.998587962,88.244752031
215.055065993,88.2215612837
215.062653385,88.1982659472
215.054985201,88.1725519359
215.046898341,88.1733860869
215.050527998,88.1792116411
215.063910113,88.1894564491
215.078137539,88.1963851235
215.151228868,88.2011004783
215.225111916,88.2040060603
215.400954231,88.1948249066
215.907807918,88.1510865081
216.4439011,88.0710609579
217.320275105,87.9911443008
218.052486192,87.9278105805
218.90453583,87.8415470526
220.507916038,87.6005643684
221.610808379,87.4000472494
223.427734698,86.9850505663
224.666154472,86.8141851227
225.871081658,86.6804028305
227.674248529,86.5145530149
228.775997584,86.3985578941
229.822580086,86.2751111874
231.27715643,86.1518119432
232.149835436,86.1450739211
233.325209608,86.1019758302
234.097549119,86.0869653363
234.834877654,86.0697357736
236.000002983,86.0330851369
236.798599401,85.993524513
238.014623702,85.916482591
238.827766117,85.8709238353
239.638339918,85.8038859744
240.781880697,85.7479998322
241.483156222,85.7019770495
242.412920857,85.5994056139
242.928566478,85.5160014763
243.371165885,85.4720133995
243.960379986,85.4418732463
244.352913117,85.3981097824
244.923058671,85.3025465109
245.334938912,85.1824432928
245.813885825,85.0077377616
246.642910335,84.723709405
247.187208086,84.561069098
248.060604126,84.4035943239
248.583215784,84.3964408908
249.038893522,84.4542822729
249.500576733,84.4795041577
249.725162579,84.4906592917
249.765254413,84.4987838063
249.793923098,84.4674587942
249.736669673,84.4354168678
249.514145497,84.4092916018
249.288368205,84.3794490035
248.882288452,84.3238410488
248.627092763,84.3051158271
248.229481037,84.2378688596
247.644232553,84.1856792515
247.254800183,84.157072008
246.862755045,84.1045992095
246.254170501,84.0671152871
245.872824842,84.0495723584
245.322824758,84.0157792103
244.954613185,83.9911660843
244.611035871,83.998101111
244.131987974,84.0336615025
243.856160663,84.0291980536
243.375573264,84.0506206997
243.032900899,84.0769875886
242.640063719,84.0639375305
241.798847744,83.9941077105
241.0326316,83.8580662039
239.638417814,83.5711668651
238.436933011,83.3409168227
237.052094037,83.010433823
234.677396491,82.5476987733
232.891942361,82.2583477107
230.118606503,81.9916369578
228.264685066,81.8547941431
226.398281097,81.7449616627
223.752460912,81.6890051218
222.093168824,81.7347440367
219.709700068,81.8011767205
218.213206652,81.9477195053
216.720214362,82.0527717716
214.578614623,82.1988912908
213.186321795,82.3271307004
211.756613,82.3902420978
209.684797869,82.4471952643
208.274164455,82.5554165847
206.059330608,82.6719722529
204.590832129,82.7609283785
203.125605971,82.8151867986
200.769998955,82.946653572
199.164583924,83.0221800615
196.563392929,83.1843531151
194.710755365,83.2639352876
192.825309288,83.263480131
189.969688657,83.3210263767
188.186906867,83.3352051037
185.747503857,83.3649416304
184.403093591,83.354974088
183.271167904,83.4082355918
181.944000399,83.5155269335
181.314446723,83.6613601657
180.705259323,83.8095678445
180.440868907,83.9427890851
180.262957119,84.1253326112
180.178143576,84.308290579
180.161452975,84.4418300323
180.235802512,84.6048280723
180.316157541,84.6776112593
180.386017647,84.7220752191
180.51535495,84.7665478464
180.628057127,84.7426142638
180.774402689,84.6129806174
180.901797058,84.4824248285
181.047731082,84.4229141991
181.300179227,84.4147586156
181.499357887,84.4977662293
181.858363644,84.6668700739
182.12948799,84.7897446865
182.316490489,84.8722715936
182.476928119,84.9964559934
182.473688065,85.0257309281
182.369975746,85.0249521647
182.148009279,85.0196957673
181.900877605,84.9746487932
181.465930407,84.9010461314
181.155987758,84.8591421745
180.892187031,84.8500498469
180.568608382,84.8806479422
180.414261802,84.9122041767
180.234957207,84.9964971695
180.148579087,85.0475976936
180.083667048,85.0797239866
179.998348218,85.1051935589
179.93897414,85.1288722275
179.876464222,85.1208881176
179.830662298,85.1267181068
179.786079393,85.1371951773
179.703578296,85.1563182001
179.64854762,85.1724439968
179.520925461,85.203895943
179.415621051,85.243802736
179.288743027,85.2993225059
179.046209002,85.3581166174
178.8871923,85.4064476395
178.696085818,85.4600155895
178.552883016,85.495614363
178.427287961,85.5221458354
178.182752537,85.5463458133
177.988132158,85.5238409838
177.770329417,85.527885881
177.387066662,85.5113043149
177.06828078,85.5255266332
176.610723853,85.5461154883
176.16193814,85.5940797865
175.486370311,85.6391991154
174.992387132,85.6644567055
174.405503371,85.7490332911
173.423256087,85.865403719
172.760375948,85.9724426734
172.037015565,86.1353383691
170.867715615,86.3642816385
170.029691629,86.5589664565
168.667243199,86.780574045
167.643588571,86.9423361489
166.529399103,87.0744271927
164.621098781,87.2910845933
163.20837253,87.3954750697
161.044020083,87.5422166248
159.560656581,87.613722648
158.157896079,87.6280647905
156.330358069,87.7108072247
155.360972108,87.7644009876
154.232810918,87.9223175436
153.661763681,87.9538048454
153.129807102,87.9210981619
152.289448041,87.6452766307
151.538225435,87.4313058904
149.705717114,87.0054229264
148.176553821,86.7043056957
146.461029595,86.4656557232
143.852227818,86.1936450445
142.164765933,86.1001506141
139.881177711,86.0378641524
138.565490878,86.1482959129
137.438052888,86.2818979454
135.959083587,86.664785918
135.128171711,86.9587159451
133.834955402,87.4493758755
132.982612017,87.6861668611
132.05317204,87.9027029628
130.541102668,88.0908257126
129.594244414,88.0907046725
128.778763725,88.1186509588
128.342779118,88.0059786653
128.859050207,87.9560436812
131.156363557,87.9577235776
133.225895409,87.8767174191
135.470617075,87.7411713495
138.801688089,87.5706069628
140.824989458,87.398924036
143.620914571,87.111091826
145.297487373,86.8765064204
146.809329084,86.7338789516
148.926178153,86.4240209672
150.216208313,86.2387092316
152.080271328,85.9563343865
153.283947617,85.7524220767
154.44397403,85.5524385027
156.136863097,85.1431742065
157.213270579,84.8911258352
158.943709213,84.48725194
160.099043382,84.2692859885
161.243787649,84.0696940183
163.007366762,83.9620664368
164.192934751,83.9529328193
165.887454531,83.9445365031
166.957876088,84.0324887682
167.873508977,84.1458813277
169.128351112,84.393591951
169.823789544,84.5835873483
170.698885377,84.7947281657
171.258850271,84.9058154945
171.751896244,84.997583364
172.449978731,85.1923730591
172.867769291,85.3670335524
173.527158109,85.5803924678
173.945202506,85.7890722544
174.368012916,85.9618659146
174.896932573,86.2558826352
175.17559621,86.4510538395
175.408143885,86.573304342
175.58436045,86.6919752987
175.707054614,86.7607455933
175.856797818,86.850392178
175.947262181,86.885969575
176.103213497,86.8891121658
176.44214931,86.8092569086
176.854745113,86.6568286468
