177.195413342,107.884037734
177.174307343,107.961373922
177.17628861,107.974322596
177.155109018,107.964271464
177.135807917,107.895965645
177.101003411,107.849787622
177.061694456,107.810370782
177.049893839,107.802323818
177.038823561,107.805068913
177.009391217,107.795638363
176.957019733,107.70216549
176.781499561,107.480228404
176.68608019,107.3742191
176.6305142,107.232516727
176.626196214,107.162717838
176.64997299,107.115034646
176.689169761,107.089323508
176.702527419,107.082102626
176.707645713,107.057068294
176.706875705,107.068546822
176.714924163,107.047782437
176.704611733,107.041593178
176.706232338,107.030397379
176.702969706,107.021203419
176.679902799,107.040155407
176.668679315,107.076189156
177.127132297,107.392062034
178.559712234,107.659272866
181.431930143,106.693287707
186.644201158,103.080913579
190.118256821,100.598817943
194.917827252,98.6261798864
198.257264709,97.7948373262
203.644282873,96.5780616488
207.761585586,96.5161290009
212.461275853,96.1523571867
220.404961172,96.0229683993
225.848755939,95.9500319335
233.959749072,95.7365738402
239.154681209,95.9068069669
243.374151588,96.8776587813
246.772984288,98.6479063394
246.684432231,99.8568544494
244.445116587,100.910773838
243.218352147,101.31701997
242.769945104,101.784796793
242.985192609,102.134311068
243.200770192,102.191944736
243.279106832,102.22269628
243.02123343,102.282526219
242.268261682,102.378372739
238.624961108,101.685231342
232.208350677,101.251653553
222.116995518,100.86368094
202.053581852,99.6645383089
186.947533905,99.3279743374
164.232824448,97.9134450183
151.507690035,97.2281161237
141.266319492,96.3155663947
132.338666624,95.0305219879
130.285666518,95.6415050753
131.644954485,96.897154155
133.980520019,97.9271042184
136.445799342,98.7342721435
139.081726802,99.0588644109
140.142023906,99.047682495
140.59009357,98.7024969763
140.70867101,98.4825309659
140.659877467,98.3683188129
140.800851499,98.3390162382
141.114618813,98.4273580634
141.551301236,98.6431952306
141.753523483,98.7391673987
141.887793151,98.8621245197
142.013525611,99.0500750706
142.053273839,99.0828050809
142.159217833,99.0856836897
142.36752422,99.0489853578
142.671682839,99.0011814389
143.307520487,98.9049816416
143.684371367,98.9019816616
144.117988086,98.9159418768
144.30398252,98.9665713387
144.402232026,99.0502469061
144.512627,99.2334990252
144.516742817,99.2976540614
144.431553097,99.3668882099
144.344641734,99.3893448761
144.318599004,99.4018886936
144.373474276,99.4288502603
144.473656187,99.4520163028
144.607113636,99.4564908178
144.684402882,99.4423555438
144.719124566,99.4490988549
144.750692803,99.5089704648
144.76369188,99.4954405175
144.773498527,99.5196133593
144.782672615,99.5272233951
144.804915793,99.5514455963
144.284856016,99.8641584564
142.956762682,99.8574853036
138.816253166,98.6463681434
133.815563356,97.0457061335
126.688866531,94.9846254077
113.860397801,92.0189763356
104.995757219,90.3017398211
92.5747471747,88.7439822277
85.5313325199,88.4718804391
80.0975746532,88.7769671456
74.6265594931,90.6604655571
72.1907743006,92.4600753986
70.0870645663,94.2751465896
67.3502601734,96.007051124
65.9977664675,96.9863436231
64.6135152465,98.1359769121
64.1362121268,98.8082168748
64.2166024043,99.1601746703
64.2766935584,99.1276407459
64.3900784626,99.1578661083
64.5651842821,98.9534530172
64.8412855263,98.8108303359
65.0934247204,98.7091062001
65.5220844189,98.8297486647
65.7962111405,98.7506214167
66.1938669595,98.8226506901
66.5043674907,98.7283102863
66.8439648311,98.886318613
67.0646064467,98.8795707813
67.2461481092,98.9022703923
67.6840673019,99.0989755791
68.354110609,99.415616425
70.339327831,99.9967124407
72.6191418938,100.607257735
75.8650160442,100.813535803
83.7746981338,100.74130913
90.4660261321,101.167782465
99.4907317388,101.320581344
120.029046779,100.958995675
135.944753016,99.5204317851
157.257331361,97.885322908
169.378637758,97.7630044634
178.798205335,97.1180892795
189.053570063,96.1935891039
193.916670576,95.9823546183
198.384822195,96.1445985806
199.274520402,96.8983583716
199.267604107,97.8275612451
197.472998898,99.7482683762
195.900220979,100.693027542
193.368881408,101.347233296
192.056630703,101.064581582
190.928740616,100.732100695
189.755224064,100.117067817
189.229702462,99.9757423624
188.364630677,100.177095431
187.503271613,100.30482787
186.105745501,100.337591761
181.621094385,100.037852266
174.6005657,99.6124877111
155.213117682,96.0707059611
143.385940951,94.6310596277
138.169962042,93.3633304839
138.484329094,93.2917054661
140.686061368,93.405571839
144.930229106,94.5793263701
146.91390758,95.7520428032
148.547225083,96.6074363676
149.417023832,96.7955853035
149.468475162,96.8471244344
149.180460431,96.770232369
148.984715399,96.8057119369
148.662478776,96.670523562
148.486837846,95.9575293039
148.495216213,95.690214408
149.230729577,95.1632333568
150.288192268,94.7385852088
152.010370516,93.9793811516
155.421006125,92.5669839185
157.845465304,91.9216643611
161.126062513,91.3721397691
163.074505431,91.4035792797
164.727918029,91.890744304
166.836107832,92.5135320532
168.24038896,92.8557962171
170.128507139,93.5276972203
171.256362164,94.1429320128
172.265503705,94.4269486442
173.741641744,94.8845972108
174.615893188,95.1417186946
175.797802291,95.2541767834
176.557278374,95.3385526012
177.27861419,95.4458227987
178.470865601,95.29036221
179.300099035,95.0502052441
180.665167845,94.6386558388
181.654186958,94.4404487376
182.761868666,94.3196694501
184.501164267,94.3341765178
185.735431207,94.379064129
187.650016297,94.4798389364
189.032548878,94.5727480919
190.417868166,94.6176342146
192.430321905,94.5974758045
193.742031486,94.650499439
195.583270993,94.8205310438
196.764321919,94.8702434642
197.961524301,94.8771140862
199.759498012,95.0135089138
201.013444286,95.1241479113
202.909273202,95.2819361884
204.333021155,95.3631971771
206.213393166,95.3991232117
209.524141431,95.5380794683
212.259479011,95.4877150036
216.862903259,95.6642980338
220.207308758,95.8882721663
223.588674616,95.9885250394
229.347837347,95.9948725509
233.118438439,95.9628706494
238.669343738,95.71239903
242.132732803,95.5735211256
245.275729855,95.4878573438
249.572636411,95.4901825262
252.24073638,95.4900969485
254.776420734,95.5653841197
258.636183866,95.6944441401
261.531482124,95.7892182056
266.126232939,96.1181252085
269.310971443,96.3855497602
272.43172554,96.5172373249
276.870236065,96.5961089373
279.591698986,96.6064998178
283.101755037,96.5474668275
285.181246753,96.5138158227
287.192210344,96.4625347652
290.116560838,96.674124315
291.986906311,96.9098762033
294.897722516,97.2527467176
296.833082725,97.3690981297
298.858473347,97.4459615755
301.987338701,97.6912834685
304.171423499,97.9257805974
307.463100611,98.2585834352
309.654386517,98.473669086
311.828788567,98.7634407643
315.177800276,99.1745668257
317.375474545,99.420027352
320.470510276,99.8104123997
322.440301911,100.15854988
324.30369859,100.544690409
327.059651567,101.185968011
329.029707108,101.774279645
332.223300995,102.652393835
334.416356902,103.346248702
336.497150479,104.134504297
339.416653802,105.083977494
341.01321708,105.764593385
343.206303115,106.246295375
344.74498898,106.37147664
346.29394603,106.644985827
348.783019599,107.043580934
350.167638521,107.289757719
351.789513861,107.727761542
352.580820328,107.810802911
353.500819801,107.720541655
355.106455106,107.515384813
356.330746544,107.422961951
358.108951023,107.222150944
359.109653988,107.089198256
0.033461980834,106.881461286
1.38123786513,106.573017663
2.62120336879,106.352686051
4.60200558479,106.182971196
5.88124084224,106.039627057
7.02092894964,105.915049375
8.60431840859,105.669259799
9.71495608385,105.584002143
11.8600533872,105.561154827
13.3460537067,105.569930702
14.9404157285,105.54363536
16.9562788764,105.57006312
18.0937954938,105.576484386
19.3583467242,105.859753234
19.8658058056,106.108666775
20.1996250958,106.254817761
20.1711871378,106.224984579
20.1774720585,106.105520322
20.0315884765,105.54743581
19.9084880101,105.070759148
19.755743007,104.465388312
19.617975033,103.920082027
19.7184030478,103.620986624
19.8177291113,103.540369198
19.8325726223,103.573471101
19.8366214818,103.621881904
19.7127512661,103.736042847
19.599242756,103.824258377
19.3464949639,103.925326648
19.1737274516,103.914591721
18.902174477,103.888901253
18.6735860175,103.826012188
18.5788945277,103.830852168
18.5028644567,103.768928846
18.3938700359,103.717955976
18.2758773971,103.688185336
18.0894153856,103.614230029
18.0050238435,103.540265456
17.8565158467,103.468285418
17.7099601417,103.421873784
17.6157483889,103.371701031
17.4687314019,103.328267793
17.4054058077,103.328310783
17.3597814672,103.359013674
17.3408545719,103.413242432
17.336762147,103.464258412
17.190034196,103.56862668
16.7085000791,103.757152403
16.0484562165,103.96973989
14.6698002086,104.376717976
13.8359981828,104.394516457
12.7368667067,104.646607819
12.4710244758,104.741253416
12.4704979952,104.933166868
12.5206725682,105.329488667
12.5126637814,105.626141859
12.278992831,106.509735594
12.0627078289,107.10757575
11.6548175112,107.604093259
10.1544374018,108.673358183
7.53280583933,109.198077841
358.233027397,108.282679317
348.195504866,106.309347268
337.214857714,103.921958851
324.777708918,99.9170878215
321.032548375,98.7141706109
318.375894623,98.2539016806
318.348798088,98.3941603789
318.520231901,98.4133335436
319.378317519,98.5197810295
320.09132216,98.5482755995
321.066929539,98.3003375448
321.572557498,98.1070095682
321.966270214,98.0346486177
322.502917747,98.0451599605
322.889408557,98.139430533
323.725489319,98.5103120846
324.419805359,98.4633357182
325.164138011,98.3840803115
325.577775471,98.1915310956
324.928850288,98.0636055978
320.416519425,97.7460280642
314.304542427,96.7201470375
306.513885017,95.2916789676
293.944449404,93.6167502893
286.022565783,93.0813959501
275.886596697,92.7974039409
270.522818892,92.3126739543
266.26004588,91.9433276049
260.736825377,92.0532001956
257.218351018,92.2964532868
251.913994979,92.6196701535
248.524180198,92.7235521746
245.271750031,92.676237248
240.660934126,92.3590917473
237.960319156,92.059427134
234.440334645,91.5641306196
232.492015529,91.1167131889
230.828275642,90.9036004404
228.685187104,90.7025461473
227.339185053,90.3443496993
225.093453687,90.1042957507
223.44346499,90.0938168673
221.715440501,90.2450927111
219.390503429,90.6656948281
218.221776891,91.2358230921
216.030196625,92.3860264937
214.182415286,92.9831507145
212.118039789,93.1947866887
208.670425026,93.3801243939
206.3708905,93.5393074561
202.755786868,93.9969255494
200.350489116,94.5016198084
197.948078424,95.0618971322
194.39711108,95.8153161585
192.137373997,96.1223842042
188.834785541,96.3310532511
186.811360929,96.4081436757
184.852734571,96.5665556047
182.094676102,96.8355595395
180.27623521,96.9284759323
177.650664449,96.8902806273
175.856720788,96.8043774436
173.96641365,96.8255591893
170.931223764,96.7544583413
168.675599081,96.6309212119
164.738710035,96.4146313337
161.944336433,96.4640603416
159.033199706,96.6184405175
154.938773426,96.5422285596
152.410010939,96.4352899682
149.936794636,96.3902223698
146.418377366,96.3022359243
144.236971201,96.3143813195
140.966200117,96.3451559233
138.750650737,96.2777338751
135.358348226,96.0487966599
132.94290267,95.8779193945
130.289829007,95.5381623531
126.243168558,95.0725312297
123.393756308,94.731483739
120.583763714,94.4804254712
116.469725732,94.310025917
113.859872915,94.1710965338
110.280378974,94.1042854555
108.131019377,94.1317848345
106.113111015,94.2704114224
103.224299599,94.493039997
101.176273322,94.5585162908
97.7495109447,94.5109165487
95.2058850719,94.4221752719
92.5421927762,94.4307779107
88.2981632817,94.7023800393
85.3248201414,94.9699038181
80.4816469296,95.5872018865
77.052317558,96.0932795413
73.6392191738,96.6397894509
68.6380775347,97.5718346088
65.3914653178,98.3349067275
60.4882563965,99.8028930945
57.0567503153,100.780266947
53.4753809296,101.832762839
48.0497735044,102.886303018
44.6983213126,103.385739243
40.2008415362,103.686963151
37.7192369129,103.60930992
35.6431312876,103.322885421
33.1282345677,102.853859603
31.9105912018,102.395928351
30.244722,101.900063405
29.0231815086,101.525905971
27.6483936924,101.209778004
25.4009231286,101.039484909
23.9617046338,101.166086951
21.9416896865,101.315066434
20.7873324323,101.561673711
19.585494997,102.105677447
17.820153369,102.648629354
16.5739636764,103.168041117
15.2953306567,103.839429881
14.8795427266,104.090937522
14.7756227895,104.336857228
15.3871960287,104.570556999
16.0113889331,104.635319614
16.590214962,104.655092406
16.9930130502,104.691160141
17.0158157116,104.597314331
17.1289947543,104.506249178
17.3171797673,104.469114253
17.6807058833,104.567191189
17.9374634684,104.72956446
18.3988005606,104.9528822
18.8419910269,105.348281828
18.9643911343,105.605380122
19.0489417432,105.916130882
19.1495774277,105.980105836
19.3257159584,106.04868937
19.8351308416,106.199077748
20.5457207813,106.265937999
22.3654093469,106.103199255
23.9894899424,105.858257028
26.0372815279,105.64289929
30.276951096,105.627101617
33.7619313351,105.924273364
39.7584471983,106.584722405
43.9628410761,107.194429247
48.0022086482,107.897644384
53.0935031703,108.793428632
55.5701017113,109.36623961
58.1389251495,109.997114294
59.2714288102,110.519330023
60.1525238313,111.01035008
61.3004347763,111.976345296
62.1691233743,112.457900842
63.6161604821,113.30785986
64.4324267782,113.928343312
65.2948230483,114.614462102
67.4082434014,114.556864122
68.9914873021,114.424878021
70.6392744917,114.469846169
73.2202605067,114.285773618
74.9628270634,114.246851706
78.1950967653,113.72740935
80.5022196273,113.281008172
82.8176400738,112.9967433
86.2249941425,112.787174923
88.503242683,112.636818243
91.659593745,112.372738641
93.4355938346,112.158317877
94.9000588042,111.8253999
96.5515508644,111.475809696
97.571890983,111.195185311
99.0188989032,110.836847313
99.9447810244,110.624037631
100.834685379,110.411754001
102.206472491,109.963276416
103.148038633,109.531906973
104.674817996,108.483198623
105.739793146,107.431973941
106.825724312,106.318456495
108.522228231,103.531630343
109.578063709,101.300851984
111.343259483,95.2679305548
112.224809695,90.9334773375
113.095558195,86.1319443059
114.342374276,79.2915506657
115.219069438,75.065885628
117.10861842,70.4712184894
118.659979041,67.2280996762
120.037659957,63.3734388823
122.420702891,58.1290769171
124.655563004,55.5756131903
128.937005152,52.694992661
131.920119435,51.2487520186
134.842287895,50.1886524726
138.778693456,48.7337970302
141.21135966,48.2657523043
144.209258323,48.0647400316
146.236744278,48.5108858057
148.545032139,49.596231569
153.072223688,52.7472445509
156.598615536,56.0861245359
162.378767921,63.832806727
166.066514998,69.614606172
169.497805243,75.558126044
173.389394692,84.2103623483
175.064533715,90.0071805902
176.972487183,99.3199410012
177.78752915,103.111012285
178.212767705,104.631783316
178.172290008,103.463869263
178.037446232,101.851987202
177.71363254,100.672111447
177.65451526,100.215954763
177.900040904,99.9507173293
178.579946426,99.3143425914
179.232256745,98.8279226168
180.140752816,98.3609459365
180.287755125,97.9411462717
180.221509873,97.5432870692
179.647485522,96.9111325139
179.302902679,96.5407847902
179.145663331,96.0892676586
179.309013226,95.930800205
179.563355837,95.9113535458
180.066363783,95.8999039001
180.379053864,95.7715143693
180.358274295,95.5975160934
180.136793812,95.3893741301
179.791780669,95.1606436624
179.084649637,94.388216377
178.663679273,94.0205860752
178.425867532,93.5918311133
178.051372594,92.8183399598
177.880189296,92.5315195163
177.655447468,92.2393825212
177.33860294,92.4941388187
176.686666827,92.7251386509
176.226151248,92.6339225445
175.605846142,92.5523345944
174.497079669,92.3716210004
173.70528183,92.4020364188
172.71919379,91.933999015
172.371591963,91.6738468232
172.053378531,91.6636033406
171.717936214,91.6109340704
171.608816363,91.4010650407
171.548035355,91.0209214603
172.362418655,91.0364632252
173.400985346,91.1756840899
175.833935736,91.7481838021
177.827545667,92.3498768729
179.924415812,92.8995502506
182.593268891,93.3404588324
184.027016872,93.5472575963
186.12405318,93.6951165005
187.323506111,93.5905606858
188.599245836,93.5109588089
189.953965451,93.7255294721
190.83028251,93.9292833196
191.812126329,94.0367711664
192.504599306,94.2667320978
193.349436486,94.7713902051
194.622523399,95.5764154874
195.225755255,96.0338593606
196.362906803,95.1814124267
197.143350109,94.3527883842
197.728005434,93.4839993766
198.774325991,92.7724420866
199.471564036,92.1126648886
200.31275867,92.0199854872
201.040279316,92.5028071379
201.973569621,92.8262420104
203.228087723,93.5398118836
203.898860111,93.7404706044
204.466847209,93.0209648678
204.300350858,93.0348928608
203.64195543,93.2240158747
200.470451311,93.5278995485
196.987265336,93.7656457341
189.728445551,93.8107392168
184.142614408,93.7909443426
178.429347576,93.7561756086
170.431279086,93.753585455
165.604230737,94.0806345162
159.377652966,95.3257269794
155.857925524,96.0285391983
151.470777778,97.1737023489
149.473418051,97.7624023366
148.030223136,98.3780288008
146.870741022,99.5663616145
146.619649824,99.9499826706
146.870188286,100.244317758
147.874217031,100.371793492
148.651885742,100.03606123
149.665026337,99.1475619282
150.15622087,98.5410095539
150.581512626,98.0734760369
151.341336581,97.4984933591
151.860795228,97.2838033514
152.665678167,97.1011138975
153.244515785,97.1821750364
153.997131183,97.3990598828
154.95035769,97.7798354674
155.31105944,97.9276586567
155.433507536,98.0559596106
155.478076613,98.0271812427
155.595137039,97.9879441314
155.840507388,97.8533941189
156.058337615,97.7093641266
156.530421644,97.3804706248
156.757072171,97.1712468998
156.952892969,96.9240857481
157.062238479,96.670550577
157.045255724,96.4938854436
156.91133105,96.2898566293
156.851133392,96.2420763658
156.805608382,96.1982922135
156.777466884,96.1787934758
156.76016791,96.1914538419
156.704998417,96.2231438559
156.664831217,96.2367735471
156.61592835,96.253452748
156.485292069,96.3017281173
156.379358216,96.3870389485
156.05015135,96.8336456971
155.697235883,97.2927578971
155.338921574,97.6034014972
154.719851022,97.7014877854
154.333301204,97.7938322917
153.696217223,97.7760263719
153.224806432,97.7836932983
152.709081387,97.7773105908
151.760694039,97.8505644859
151.063453465,97.9051521121
150.267236382,97.9511515362
149.016817899,97.9651776305
148.077561229,98.0152925195
146.600031939,98.0255149022
145.555804603,98.0179544975
144.522224172,97.9852245998
142.849598015,97.9275304607
141.728101055,97.8593440517
140.043127879,97.8103889526
138.906413523,97.7837750749
137.756883904,97.7195735915
135.957966374,97.6075780446
134.679341575,97.485185428
132.615816182,97.3383692418
131.198409565,97.1781126772
129.751328905,97.0321435848
127.850114887,96.9474427526
126.814444696,96.8730475366
125.636091199,96.9183562986
125.131723723,96.9844135351
124.715020583,96.9215072785
124.384759592,96.7865443227
124.277042803,96.6627967507
124.096929766,96.3949677669
124.102357618,96.2951212207
124.148019468,96.1596848769
124.354885983,96.0090844592
124.631057549,95.9398649437
125.118442966,95.8850174195
125.503514213,95.9143638446
125.951366676,95.9739590282
126.77506329,95.9587155204
127.471468737,95.9586498625
128.828267678,95.9011390482
129.838441119,95.9056305702
130.922727019,95.9594610228
132.79956438,95.9917296157
134.185262359,95.9983550773
136.515451212,95.9961719603
138.24771521,96.0735833689
140.032378048,96.1407296375
142.975535725,96.1522937616
145.090597623,96.1507085048
148.283959719,96.1195090562
150.453247419,96.0645933221
152.528961271,96.0378968909
155.622733806,95.9016470687
157.5422771,95.8558724111
160.279977794,95.8226826593
162.081662109,95.8007173293
164.025384844,95.7329914704
167.447968588,95.7201593017
170.093524449,95.7250763599
174.458903878,95.8155452413
177.56703507,95.9111376074
180.709807774,95.9937570574
185.583515147,96.1550609074
188.821607352,96.206698983
193.748853396,96.3502266926
196.994172708,96.3372305434
200.184561785,96.4392276273
204.783183289,96.4911383042
207.751630982,96.5252902312
211.909298676,96.5253606697
214.479768661,96.4598294611
216.87696807,96.4138372936
220.414731303,96.3564956648
222.658207667,96.3505034645
225.842799477,96.2178165686
227.876892147,96.0361956273
229.822682521,95.8162893007
232.681792041,95.5153966265
234.520866407,95.3633199908
236.362348552,95.1744223709
239.058821153,95.0003385412
240.770994902,94.8604342717
243.216191364,94.6931415464
244.722593048,94.6105519847
246.860136334,94.3921560316
248.383339901,94.2401002032
249.950920998,94.1061272046
252.523640413,93.9465082852
254.391600302,93.8861177581
257.459896537,93.8428053902
259.620532685,93.7781122127
261.93115071,93.7562791589
265.548240795,93.7270833384
268.106003752,93.7079649688
270.820967652,93.7880914791
275.064632545,94.0549504657
278.241108299,94.1760092329
283.608327034,94.2693243393
287.803036582,94.3390168078
292.448163362,94.385794309
300.67513027,94.3867194923
306.896624723,94.1515327976
317.321118492,93.8032507128
324.476180775,93.5297296285
331.491592187,93.6048034055
340.919590352,94.5669966905
345.749893158,95.6558003981
349.897926462,97.1075494149
350.869508325,97.5434891762
350.992556376,97.8319468133
351.116434736,98.0051929079
351.411554537,98.1743865182
351.821881773,98.0030763555
351.913678993,97.594288194
351.974992659,96.7130581594
351.656200801,95.5180148452
351.38565906,94.9108035894
351.053069576,94.5151979442
350.96423522,94.5262592991
350.711476049,94.5491516001
350.050451029,94.7387589034
349.58114315,94.9610559288
348.903805065,95.2765895625
348.452981342,95.482356224
347.872262641,95.7612155487
347.269900034,95.888522513
347.057490153,95.8690422081
346.898863617,95.9448193714
346.364607656,95.9170140283
345.508078862,95.6732760358
342.899458624,95.0591539606
339.653435724,94.8558324153
332.622608673,94.5191994091
327.042818447,94.4473746547
321.472836568,94.2359392589
315.706583348,93.8869567284
313.900736802,94.2331082445
314.294898594,94.2148820014
315.467338599,94.6190199081
316.489511084,95.1455107787
317.281087477,95.3407683463
317.307900247,95.2888222033
316.709899106,95.0019766059
316.160230824,94.8483815722
315.735942898,94.7685487124
315.684890499,94.6168990472
315.775921303,94.5348628241
316.260065893,94.526155836
316.588663387,94.6748759414
316.750999946,94.8416783831
316.665635467,95.1012985229
316.465824525,95.2425753003
315.667924559,95.2925867963
315.065491631,95.2551161841
314.252916867,95.1886197862
312.590351726,95.2307478282
311.159039108,95.3575121192
309.432958912,95.5606830952
306.622658385,95.8079784205
304.627037707,95.942090581
301.470154708,96.094072251
299.27308063,96.1875287326
296.942458112,96.1506565812
293.21971716,96.0229684017
290.470405571,95.8833096438
286.231822223,95.5265562227
283.332873131,95.2979193715
279.036143811,94.9249680531
276.051391058,94.7164609782
272.992150336,94.5945493472
268.315652666,94.4184279824
265.097910349,94.3769453162
260.370671876,94.3673042144
257.297435676,94.4727232937
254.17420053,94.4567972164
249.549067429,94.4920739976
246.39180283,94.5150524909
241.670874591,94.5053320697
238.313545,94.5509728024
234.891123484,94.5475447388
229.629939137,94.6965250362
226.152613541,94.816736365
222.846081866,94.9851728574
218.239794206,95.3598102182
215.438862794,95.5056964836
211.33860339,95.644452246
208.597532411,95.7374660499
205.831340165,95.8858506382
201.683235979,96.2150136935
199.077744599,96.4552126656
195.357932505,96.5833694522
193.00835794,96.5735719406
190.721338744,96.5952992518
187.393006649,96.4891873808
185.26606565,96.3170179711
182.20117741,96.0982206556
180.175152284,96.0398575535
178.205206311,95.9179286756
175.269499705,95.7828326485
173.345699571,95.6649650964
170.443730975,95.5778051971
168.496889432,95.6370799639
166.524572451,95.6220397203
163.715403507,95.5541147741
161.983272033,95.4429739501
159.82773602,95.3274225362
158.625047418,95.3357756671
157.544352043,95.3197254861
155.986552386,95.1551847129
155.012092609,95.0206508973
153.692933858,94.7935154531
153.004036793,94.5942866051
152.674175192,94.4373756329
152.560558019,94.3513476333
152.712761128,94.2567848546
152.97549542,94.1227850157
153.150406142,94.0196278932
153.399211497,93.8089719301
154.19281156,93.4862773852
155.374499584,93.0720772292
157.958870791,92.4230043496
160.113778717,91.9189769375
162.366645936,91.4605932197
165.296814108,90.795512384
166.83351935,90.3011796607
167.723204561,89.6746565382
167.520712305,89.1422631652
166.84145488,88.7513077453
164.955318392,88.2585898034
163.623560065,88.1116322628
161.591830146,88.3725771731
160.200091008,88.6605462638
158.774921976,88.9598712008
156.325884826,89.0402379776
154.541739911,89.0062457566
151.710232576,88.9391599467
149.63729778,88.915591535
147.560497526,88.8298985925
144.282125689,88.8518785141
142.053420588,88.8677317857
138.585031912,88.7324441268
135.945696167,88.6425422773
132.974545299,88.498175314
127.781517032,88.2711290253
123.589527411,88.2576324619
115.683982779,88.1421091816
109.343489383,88.2718673181
101.765187726,88.5034965816
89.262783394,88.6005346869
81.7180161606,88.3550648225
74.008995276,88.070292329
62.9710131274,86.914207613
55.3821021045,85.6662759199
43.1334977976,83.953798454
35.3428647789,84.0074215614
25.7248149211,85.9044746204
21.3893986681,88.2093601504
18.845624669,91.1327408753
17.1520096576,95.9567530756
16.6741253862,98.5670186216
15.9346002144,100.998789442
15.5132235411,102.231298304
15.1368973595,103.596137432
14.2054145472,105.63226809
13.9024472616,106.385624916
13.5095430017,107.422885761
13.2958150902,107.733679174
12.5780299109,107.822990595
11.728192819,108.06430951
11.4244043456,108.145069468
11.5445265992,108.10928134
11.9054144651,107.799923729
12.1153308431,107.357700527
12.4317694213,107.049476034
12.6015695616,106.813808411
12.8002846239,106.6788285
13.2488040859,106.525299591
13.6864357271,106.498647612
14.1507704651,106.450108382
14.3780137629,106.238729514
14.7839312402,106.04557376
15.8689493964,105.681326569
17.0423977676,105.445511568
18.8894117275,105.042702842
20.0067898473,104.907237521
20.7611303939,104.783603461
21.5639618118,104.708119234
22.144702351,104.643849423
23.4986231401,104.556118412
24.78878928,104.460893397
26.3315372641,104.308688394
28.9628946975,103.908471164
30.9419337705,103.621212071
34.2731434935,102.983524903
36.7715301887,102.43418481
39.4311848148,101.875268436
43.8476352525,101.220125037
46.9447211868,100.87361197
51.6300495525,100.611205326
54.6302083461,100.572089004
57.5661271936,100.569167227
61.6750062133,100.71905875
64.2548480058,100.805320387
67.5640053172,100.749261784
69.5089488894,100.76999591
71.328732484,100.7701211
73.9739441097,100.799202149
75.757480614,100.716139381
78.4489073391,100.883426131
80.2535205578,101.103047144
82.0660062703,101.331253694
84.8448558246,101.766942087
86.7347919328,101.934617411
89.7445227105,101.885515475
91.8422510514,101.633970194
93.9709964647,101.422310041
97.253672061,100.997030445
99.5291641331,100.664651688
103.07720242,100.202301901
105.378977612,99.80607889
107.63089811,99.3873749561
110.773759128,98.756060118
112.756990285,98.4419650708
115.913764955,98.0268187082
118.233797342,97.7481158331
120.80712152,97.4933087617
125.112659345,97.2073888486
128.327031296,97.1212296805
133.631357882,97.032429759
137.613053555,97.090213271
141.986173851,97.1681360668
149.42416762,97.502597755
155.024216866,97.7721684607
165.87023957,97.9752806361
175.285130559,98.7538828201
185.632122666,99.0597644234
201.826337158,99.8201281019
211.062865905,100.705566937
217.224435389,100.47682082
221.297888842,99.809729208
220.630387857,99.3379954533
217.441651687,98.6229215882
215.121549483,98.7274093679
212.697481279,98.7303554341
212.049497918,98.6516045109
211.95132853,98.6471837695
212.72538695,98.9191575139
213.378663693,99.2242063755
214.055171713,99.2711205842
214.084734183,99.299509429
214.008514391,99.3070017774
213.555832144,99.1337665271
212.947162385,99.0116576911
212.026774278,98.8311498682
211.381447969,98.6536170257
210.718005408,98.5409730763
209.668428862,98.4992329222
208.928049794,98.5028196828
208.180364348,98.4405477959
207.001522937,98.2459614065
206.276008866,98.1400962064
204.206032766,97.9254190585
199.560930441,96.989973378
190.356085582,95.1653945198
173.71935682,93.1414683799
163.552806047,92.3085049634
152.389740447,91.5403487628
148.414572307,90.6627184444
147.634077502,90.242747426
148.932305608,90.813423221
150.944775205,91.4144199916
154.563931001,92.1478298561
156.360568678,92.302430816
157.595992788,92.3697367871
158.447726552,91.8151392399
158.348196333,91.546558593
157.71976347,91.2402978994
157.095377859,91.24951337
156.414807904,91.4523987111
155.441472447,91.8148808931
154.944311482,92.1461186312
154.455963052,92.2899918391
154.471309665,92.1851680862
154.490342857,92.091544338
154.90211895,91.6455137929
155.301170879,91.3740751582
155.874536933,91.0011136575
156.082676451,90.8234012229
156.273416949,90.7623989344
156.392141609,90.7654565312
156.402601668,90.8239068953
156.405005952,90.9544863353
156.396990685,91.0316493803
156.397210765,91.1154220098
156.445686852,91.2020162418
156.529158243,91.2401941861
156.708176484,91.2439455885
156.867142817,91.218008676
157.104861736,91.1642635371
157.625696051,91.1561518304
158.066615087,91.2068520022
158.5837694,91.2357596558
158.851857113,91.2900593275
159.030842182,91.2955852274
159.096125664,91.320779524
159.127562667,91.3122163559
159.031015816,91.243362233
158.95517212,91.1950233614
158.889529009,91.1259835565
158.883230135,91.0242955531
158.934313523,90.9642317249
159.012982003,90.9135735362
159.14416062,90.8502621071
159.224235911,90.7913408293
159.347258059,90.7050665966
159.41574935,90.6501228075
159.532010469,90.5582723203
159.598423973,90.5384606724
159.782412425,90.5361041105
163.451554423,90.4849802862
171.428914194,90.9573027488
191.410904592,91.3917109297
206.358784746,91.4282960747
220.77990192,91.410204125
238.755703998,91.0657970572
248.007969016,91.0089940993
254.652019611,89.9606865253
254.463699975,89.4411817124
251.655306782,89.62346331
246.011062029,89.7033072988
243.005370578,89.3691513708
240.808560665,89.1532702695
240.754842978,89.247485428
241.504582616,89.6073511292
243.00508428,90.2802781518
244.012683172,90.6981649045
244.737800249,91.3199945804
244.625251871,91.5452911545
244.139094222,91.7015515456
243.285648962,91.6089338048
242.765373384,91.5978134119
242.415753128,91.5945223457
242.209795081,91.6235685759
242.173875464,91.590144536
242.175421932,91.5615187048
242.176232839,91.501765902
242.252895986,91.459462804
242.201654836,91.4334441937
241.311763654,91.3825494289
236.459022881,90.9540120566
230.193846598,90.038211868
222.084161169,88.5859813902
206.95688124,84.9257308187
194.987619993,82.0534397186
175.440265144,78.2475219404
162.310674472,76.67677872
144.357187174,74.8143312488
135.581798497,74.4644051354
129.728907337,75.2689733711
127.682201966,79.3092268117
129.351533501,82.6467703534
130.33977544,85.2074045269
127.17999801,87.2752945359
123.854649349,88.6177159658
120.07236479,90.4251159838
119.783413001,91.2381916129
120.999583303,91.5892561303
122.817333636,91.3776522417
123.057330321,91.187051547
122.256897453,91.0359801299
121.750144364,90.8524748163
121.553870657,90.7270237046
121.81878898,90.2416191681
122.056791265,89.937446713
122.286639983,89.4524189808
122.339610844,89.4575958634
122.380858293,89.2002802964
122.662948711,88.871037855
122.861053014,88.5735919395
122.970634117,88.4511980135
122.907907948,88.2431920235
122.838416303,88.1981999844
122.79582224,88.192275224
122.823130648,88.233207989
122.922350544,88.2884646275
123.018284608,88.1818998292
123.069457207,88.097842257
123.113173721,87.997616346
123.107887895,87.978361135
123.04994909,88.0790746542
123.017282297,88.1786435358
122.944424393,88.3173860813
122.813721159,88.4411212506
122.735028778,88.5142997213
122.645781423,88.5722872767
122.618013253,88.5542030355
122.611011843,88.5332393807
122.633599539,88.5052824365
122.696496383,88.5113393593
122.849229572,88.5887285837
122.95487045,88.6661979367
122.979504242,88.7501038512
122.975403974,88.8768796186
122.973890565,88.9157333239
123.002751871,88.8925399418
123.046080371,88.8217898935
123.05448201,88.7907895279
123.094203933,88.7250040003
123.153059516,88.6882317303
123.355438014,88.7062387028
123.438278311,88.7472785047
123.455873964,88.7888642066
123.421841289,88.8458170188
123.394816761,88.9006369587
123.413861624,88.9593833041
123.441534999,88.9731717275
123.47649366,88.9698281382
123.51278549,88.965523259
123.540741621,88.9592998287
123.593173461,88.9396212934
123.614599398,88.9437438344
123.645731392,88.9665991189
123.67888977,89.0127315904
123.676480927,89.0350116257
123.668335985,89.0580567488
123.670751372,89.0845845595
123.734363322,89.1175620785
123.821633027,89.1216196132
123.865076709,89.1300344308
123.931088154,89.1467169189
123.977468282,89.1633452862
123.991011768,89.1900175319
123.998189332,89.2277012474
123.998274342,89.2850256226
123.948534579,89.3731650226
123.658970708,89.5677743176
123.26823444,89.7681545039
122.344030235,89.9810120844
121.467481573,90.0946097768
120.46778721,90.2744623546
118.774122341,90.6349126719
117.587855668,90.9635907242
115.700322205,91.5037648384
114.367443749,91.8831454354
112.988902415,92.1814131366
110.763255691,92.4168201804
109.185894057,92.3802763144
106.678291522,92.1182356646
105.122102261,92.1006138814
103.635620412,92.0991514249
101.426610679,92.1034242879
99.8419814169,92.1453098648
97.3985307756,92.2789162641
95.6467897855,92.4736027724
93.9294735859,92.5791688158
91.5368303519,92.6226482909
90.1490115141,92.6550513963
88.1870682492,92.7672959439
86.8776263474,92.8648789559
85.5511413777,92.9635893716
83.6538734569,93.0160297977
82.325672623,92.9860464982
80.4298258472,92.9690072293
79.1867728654,93.0682356024
78.121526767,93.1690064035
76.8352037489,93.2848105293
76.0716715985,93.3027187804
75.0588921576,93.1893062998
74.540212579,93.1664243545
74.0240853835,93.0529687071
73.4043968275,92.9307780289
73.2343762307,92.8586678223
73.1975428057,92.7886645046
73.2259847831,92.6627109162
73.4659232872,92.4229597358
74.2055088196,91.9431266592
74.8153650097,91.6173836804
75.8608997641,91.0879523083
76.685527725,90.6858935613
77.6261205106,90.3343988481
79.3074916104,89.8638554156
80.72305818,89.6110676204
83.3605194124,89.3098862889
85.4871450378,89.0334373128
87.9725630196,88.8311574677
92.1519551335,88.5710259376
95.238408286,88.5490492939
100.16416578,88.3418641139
103.392213564,88.1375180942
106.525769296,87.9423372653
110.984855059,87.6740847747
113.867540786,87.3752117649
118.144757543,87.0964767388
120.944842284,86.8984721166
123.855209429,86.5904053397
128.217729353,85.6555908678
131.221811028,84.5686462156
136.179545707,81.3271183316
139.601860088,78.2835933471
143.100327854,74.4846351338
148.112817718,69.2276717684
151.218377964,65.41162157
155.960425976,60.3886142132
158.948084809,57.0958902888
161.463452522,53.6997326731
164.098980271,49.0228657512
165.051272026,46.4178894521
165.921874235,43.737624104
166.320006412,42.5759526341
166.84017841,41.8136083263
167.95831976,40.9426490608
169.055635613,40.6401829818
170.315692546,40.0027287017
170.852763621,39.8291003544
171.353123014,39.7460178741
172.545254119,39.7954576529
173.551387507,40.0278756444
175.849520526,41.1071030643
177.867412282,42.1792994853
180.631182895,44.0471061761
184.831733883,47.6289470308
187.373859232,50.6648190058
189.502050022,54.1484822638
191.930010293,59.7667134043
193.025618809,63.6914523433
193.930742352,69.425017524
194.199197148,73.5358119615
194.230634786,77.8568248519
193.713616477,84.8353589697
192.768641277,90.103093433
190.429152713,97.3094833118
188.410002021,100.41086428
186.151194054,101.565720405
182.894869532,102.345509435
181.421228226,102.477045846
180.411784559,102.640107676
180.279503732,102.701094633
180.408836814,102.605257073
180.549613599,102.223561973
180.521729271,101.827805582
180.087764688,101.072847414
179.496552402,100.462907585
178.708116686,99.733858167
177.095914962,98.4625242371
175.93150935,97.6285101598
174.383125305,96.636391697
173.68931988,96.2753193789
173.342915612,96.0878512355
173.437239093,96.0932137299
173.483477368,96.0064752663
173.428704229,95.7153569145
172.95219928,95.402967273
171.93688322,94.7865346805
169.3807873,93.3682312636
167.581107072,92.2922170344
165.913731196,90.804421613
165.49252154,89.8682373196
165.418743659,88.9665195056
164.976334157,88.5536210337
164.227800592,88.7457956921
163.517782715,89.0741133689
163.76103056,89.1068524122
164.490514296,89.1713673757
166.44091208,89.892561779
168.211232516,91.0442550152
171.851818797,92.9135862627
174.886788932,93.9130994507
178.024217565,94.8057660551
182.653216706,96.0775174484
185.514650879,96.5942300228
188.734366947,96.0811117958
190.084374481,95.4403369499
190.904900593,94.9878718115
191.076438454,94.711643079
190.807127598,94.6742151147
190.259837371,94.505586818
189.755264017,94.4213791499
189.585892301,94.1434719695
189.792678438,94.322432472
190.172860096,94.5544102417
190.686493287,94.6329019643
190.8469496,94.5287001548
190.929410613,94.3865286939
190.987337298,93.8948356451
190.914491628,93.2946810788
190.80556947,92.820241453
190.771697847,92.7859409961
190.744299944,92.8492576327
190.764369364,93.1137578809
190.97004052,93.5864501761
191.399572496,93.9695813721
191.737822132,93.8205055666
192.112315127,93.6329294518
192.692909138,93.3248261248
193.077120279,93.017658781
193.719783746,92.7151396697
194.201451892,92.6210227503
194.713288166,92.6528162509
195.618598103,92.7949178538
196.312686307,92.9838442636
197.440368723,93.1757038448
198.220818742,93.2732373469
199.0686737,93.3571749676
200.319946491,93.2771920079
201.198892703,93.1770959949
202.566277491,93.0018944241
203.473894792,92.9998296529
204.390578026,93.0261092087
205.797815276,93.1315139672
206.762777318,93.2539218915
207.779380156,93.4417121098
209.397313232,93.5345789093
210.516337492,93.4969256569
212.225135592,93.3302151171
213.401964907,93.1448697486
214.531635243,92.9888273523
216.303987592,92.8992643109
217.564163443,92.8745683147
219.463746345,92.8724177926
220.734355853,92.899701749
222.009590813,92.9079263826
223.891846783,92.9059112467
225.039427133,92.8466688637
226.45481467,92.7876741871
227.231113586,92.8596757845
227.899790845,92.9077205759
228.823342853,92.9973498481
229.422189786,93.0351172226
230.501483078,92.9942797173
231.249871866,93.0361820566
232.074334215,92.9828449563
233.294171949,92.9179012777
234.085935264,92.8800637132
235.126836022,92.6857664898
235.861471704,92.5760842097
236.603020932,92.5853773562
237.638735144,92.7344417558
238.256564692,92.8554434799
239.194319749,93.0207789275
239.820249078,93.0675498365
240.391377764,93.0034469496
241.197310577,92.8211633074
241.662084458,92.6851737532
242.346227966,92.5182716645
242.930682076,92.4225804838
243.532164583,92.4338350666
244.607681639,92.474120878
245.370581206,92.5191340734
246.68984545,92.508062107
247.595813407,92.4631136707
248.562026312,92.4432908992
249.971128486,92.479456266
250.956738326,92.5273377241
252.453659734,92.668813233
253.488670818,92.7501767129
254.76163426,92.7624798828
257.146288814,92.9785578654
258.810278258,93.1207463926
261.567885095,93.3276038263
263.476941639,93.5219730816
265.448400923,93.7433556673
269.013704336,93.9090362925
271.766401282,94.1055277213
276.350325732,94.5502349706
279.471250735,94.8638760122
282.592923187,95.1416564149
287.232422228,95.5729112926
290.32817139,95.9085765834
294.9170118,96.5443531192
297.938530202,96.8949731763
300.746497288,97.3677587282
304.52226998,97.96814267
306.722443847,98.3437725683
309.427116633,98.8233194789
311.050081161,99.0357542565
312.560568105,99.3789285669
314.823325306,99.7176423906
316.419621444,99.8794946915
318.896854143,99.9708908269
320.493623399,100.013353512
321.999537224,99.9714565961
324.154412947,99.8372007429
325.419862539,99.7629632462
327.351046862,99.5801946696
328.569286487,99.5686250526
329.858776168,99.5249503126
331.541743091,99.6505639668
332.523625221,99.7394165419
333.776265859,99.6818580284
334.402733903,99.6309404581
334.993196237,99.5545599774
335.789883266,99.3935897165
336.358137197,99.3328826892
336.968220641,99.2558681659
337.859595376,99.1255022018
338.686775575,98.7481720896
340.11127855,98.5802551302
341.134723212,98.2374075981
342.166910011,98.0468994758
343.846042237,97.8400382472
344.953468617,97.7859709329
346.545865814,97.9696745715
347.412501598,98.1658385219
348.072733899,98.4728393115
348.658756122,99.0044249113
348.67782643,99.197118081
348.500415433,99.1095333531
348.512701776,99.1367853586
348.584071939,99.1465134448
348.726256597,99.0118569736
348.753670965,98.8914153208
348.638393119,98.47442607
348.435752683,98.2706838503
348.100449803,98.1521936461
347.481924486,97.9705748416
347.156352286,97.8725535184
346.733454547,97.7473857137
346.425738085,97.6406370666
346.081275037,97.5235875711
345.676165795,97.3934996785
345.441537378,97.3315946759
345.089566744,97.3362616748
344.799134918,97.3957679919
344.499970835,97.4487349144
343.846418792,97.6148996413
343.551099734,97.6252996305
342.969805142,97.6899482791
342.55492733,97.6946399733
342.15008712,97.7007022091
341.577945444,97.6906527205
341.186632033,97.6886041302
340.518117465,97.7387471013
340.07840632,97.7583061538
339.648445132,97.8327135943
338.916222238,97.8800460733
338.491562951,97.8422658807
337.937827084,97.8774089462
337.545453379,97.8613462492
337.053006789,97.8786015977
336.097354179,97.8853742966
335.386809391,97.9045273398
334.380267735,98.0008876415
333.790284441,98.1394513706
333.154959943,98.2618325337
