176.030375291,85.8615897639
175.743859569,86.1705514067
175.897403373,86.3344823588
176.130715197,86.33697341
176.537381979,85.9470601046
176.620149462,85.6197597935
176.337778379,85.0763851392
175.614824142,84.8873574128
174.458266618,84.6354227441
172.527709912,84.2423237808
171.089541452,84.2415680238
168.909647068,84.1772908336
167.235977543,84.2636784274
165.441440055,84.3095925389
163.091856146,84.1729909658
161.64997468,84.1984080463
159.602485343,84.0419094489
158.428626507,84.0616132859
157.465154155,84.0966484717
156.23538104,83.7862863029
155.684169743,83.6228224329
155.296024055,83.0181814772
155.41167659,82.7411133325
155.688584002,82.714978809
156.27095961,82.3941162492
156.770481756,82.1813043723
157.351902312,81.8371153691
158.652240447,80.936917577
159.835626056,80.4547696466
161.987021541,79.6395111926
163.790182481,78.8458793882
167.086749061,77.2468018193
169.745156215,76.031444934
172.615254285,74.7147775749
176.942225699,73.4797186858
179.662519171,73.0660388856
182.632689501,72.3010259091
184.412644187,71.8372322168
186.015179593,71.3311809548
188.188836836,70.2728374013
189.439708097,69.3031626194
190.371062004,68.2071721354
191.440018689,66.2635697693
192.034961473,64.9399936912
192.872246249,63.6314134518
193.197761482,63.0646747724
193.174903528,62.4440016869
193.05412267,61.1188691706
192.925328352,60.2023329314
192.819724923,58.8346525971
192.897603063,57.9564587146
193.04533855,57.0930114293
193.342738876,56.0016946664
193.553578694,55.1493284291
193.848788945,54.287264677
194.036662271,53.6295643378
194.121959973,53.1153641456
194.167797248,53.1258953
194.165203882,53.0114130725
194.129146633,52.7566957126
194.096416646,52.3953945921
194.038142332,51.8462572594
193.974932251,51.121400689
193.976753237,51.1182305523
193.938386916,51.0042616537
193.789666146,50.8753205861
193.628952244,50.7186770345
193.330714047,50.3679538147
193.240432665,50.3030036349
193.100663106,50.1345369137
193.063323006,50.042786732
193.013009878,49.9331703128
192.931823965,49.7661677338
192.868901169,49.6485441641
192.824418702,49.4254313778
192.887340088,49.374499843
193.173963169,49.2214580402
195.304689886,48.5452809114
197.359892905,47.6783309106
199.712560472,46.5261342833
203.221021638,45.1893695534
205.365432038,44.3412608338
208.025861259,43.4122780866
209.276646643,42.9771616299
210.199322396,42.5776854589
210.933414434,42.1497252157
211.127696845,42.0074394258
211.051285911,41.6863918867
211.073534245,41.5216448356
211.15399927,41.3706156151
211.345335006,41.201511665
211.495029213,41.1792362447
211.745809751,41.1429333849
211.872492646,41.1148626116
212.015376622,41.0813851281
212.270560238,41.0021853992
212.482952647,40.9514694026
213.018172226,40.7993564384
213.517929219,40.7249691766
213.909523748,40.6745275596
214.307902402,40.6083642267
214.467599324,40.5965395315
214.661184764,40.597906081
214.742477648,40.553218554
214.851940768,40.5098578456
215.060913919,40.4802427632
215.233739041,40.4457615496
215.435599468,40.3926618826
215.51307683,40.3525325924
215.582640869,40.3124037955
215.626179103,40.2468686542
215.629576983,40.2211209323
215.613934046,40.2063965345
215.572074148,40.2180264814
215.536026195,40.234974674
215.484902861,40.2416093927
215.495657277,40.2329659567
215.507642734,40.2122736857
215.502481206,40.1645536857
215.482601006,40.1215357773
215.442175869,40.050292552
215.422419757,40.0126590479
215.388582041,39.9812321702
215.346206443,39.9614013548
215.324952838,39.9769052984
215.290879416,40.0064659232
215.275598058,40.0081338578
215.272569942,39.9789963816
215.297476727,39.9402445899
215.334598075,39.9140110015
215.370896218,39.9269910218
215.362674433,39.9817072187
215.346413602,40.0734177781
215.354774154,40.221854183
215.329238586,40.3103638098
215.344850835,40.4183876167
215.362931575,40.479791516
215.350737772,40.5276381435
215.339054826,40.6030664888
215.345912564,40.6520328378
215.361703706,40.6738565831
215.328892616,40.7071818069
215.176496292,40.7801431038
214.460909199,41.061421427
213.783643254,41.2713044596
213.04210514,41.3871576051
212.754659613,41.3926327275
212.588340562,41.3848203393
212.506176722,41.3334544924
212.501224741,41.3167756848
212.577449286,41.2925249085
212.669441245,41.2057931379
212.682449918,41.147486389
212.643678328,41.0650103062
212.608073764,41.0435566636
212.581777113,40.9943628969
212.543594961,40.8791934621
212.472100293,40.7520987169
212.183494021,40.5288810599
211.782556808,40.4944833977
210.843497995,40.7234944609
209.634134188,40.9747173625
208.829561207,41.0523307338
207.836047685,41.0750176166
207.308359845,41.0108582912
206.999081174,40.9455191439
206.658469478,40.852569518
206.319254388,40.8041127937
205.684384101,40.7653622858
205.197860564,40.7711794717
204.623976585,40.8162316506
204.063558952,40.9077554453
203.744288276,40.9817079558
203.286142836,41.035054421
202.939099459,41.039963501
202.564479989,41.0926535143
201.691077251,41.1305470712
200.888012674,41.1937819702
199.543483175,41.235337302
198.51393411,41.2734170856
197.229420362,41.3674601194
194.686789111,41.5021614586
192.409173,41.6832282178
190.015922624,41.960154902
186.146082768,42.5612547816
183.63100206,43.0245100232
179.921687225,43.7750179313
177.458211188,44.397055166
174.822639488,45.1129411919
170.467249592,46.5699410795
167.427743461,47.6929801381
163.262414211,49.3868968261
161.104741345,50.5391716466
159.399438613,51.556685521
157.501699301,52.8211071194
156.384358992,53.4903122561
154.806847746,54.4670722969
153.732143137,54.9962585686
152.555546895,55.5855866944
150.106365422,56.9538982428
147.874593248,58.1165792522
144.840905207,59.3839699219
143.628256959,59.9629094276
142.994254362,60.2773968151
142.400848444,60.6957714354
142.106270832,60.7693503959
141.757062957,60.3163353337
141.873769463,59.6861872099
142.357190991,58.764616935
143.289851282,57.4022548261
143.867248843,56.5751526754
144.731156149,55.399294732
145.44189831,54.4604021139
146.227689822,53.5247436891
147.29222457,52.1987038391
147.846113601,51.6618423086
148.112262134,51.0924707439
148.250900133,50.5697554269
148.213797695,50.0295083861
148.220893806,49.3037209248
148.320108958,48.9360612659
148.341703828,48.8924276522
148.234856549,48.8784461809
148.028205092,48.8601983119
147.697470733,48.8460463645
147.40418658,48.7722384287
147.023610193,48.7335881163
146.444486983,48.7346988669
146.098921022,48.7329692679
145.58996381,48.7004898354
145.228796655,48.6938071162
144.974641496,48.7289685169
144.498369482,48.7497336773
144.290785712,48.7408361561
143.834668857,48.793572864
143.513764187,48.7367661279
143.1179391,48.6875040354
142.684856851,48.6033262844
142.380621914,48.5508089848
141.970467903,48.513652481
141.720919938,48.4852807473
141.481208116,48.4703736912
141.203766066,48.446474839
141.049282004,48.3889154654
140.884188312,48.318804059
140.80042269,48.274486508
140.746762759,48.2466684894
140.689751679,48.2264615521
140.677181968,48.2168047255
140.708919401,48.171835409
140.794269505,48.138419628
140.961649969,48.0957079296
141.258750695,48.0218130151
141.427022704,48.0035184855
141.572257048,47.98222877
141.736278278,47.9779462228
141.77287919,47.9911689492
141.727530929,48.002580742
141.629214246,47.9987789131
141.519191493,48.0124418776
141.367442511,48.0153599553
141.320644512,48.0096323209
141.3272519,48.028524525
141.376007844,48.0392025651
141.426814341,48.0330860707
141.497314323,47.9900212061
141.541420801,47.9390240773
141.585037097,47.8821201162
141.61361671,47.8733936132
141.621618191,47.8873275586
141.539272546,47.9463746893
141.43324188,48.0077581135
141.257617817,48.1861313865
141.206719194,48.2157998786
141.211776053,48.2155771526
141.280663142,48.1379676543
141.310759353,48.0973286667
141.182882419,48.103220847
140.812003869,48.136571105
140.281084462,48.1877434639
138.747835483,48.3614034442
136.938750994,48.5183557013
133.003561979,48.9020766105
129.861991167,49.3311010843
126.646224531,49.8559888079
122.158023296,50.7599783833
119.492256732,51.4717626061
117.015889476,52.0884178902
113.817695361,52.7644852264
112.005129791,53.0877950198
109.455738109,53.5519329552
107.943692649,53.9863230414
106.801404942,54.4314422628
105.785587134,55.0839766094
105.297432048,55.3964466326
104.769154346,55.8164098553
104.316075995,56.0320602873
103.861987444,56.2944396363
103.076099277,56.7803886226
102.57053147,56.8855874394
102.347552189,56.8468168453
102.609657592,56.9010067397
103.220569406,57.1478044919
103.987583607,57.6933285699
104.096167196,58.1965648184
103.913675679,58.9322806989
103.704348376,59.3336883321
103.493421879,59.669693098
103.262143042,60.2552463838
103.084937325,60.5149846614
102.923249328,60.6515825081
102.838684448,60.6208358799
102.718052349,60.548368588
102.64086524,60.562913977
102.529742828,60.60873435
102.002112091,60.6275321885
101.411090559,60.6514509832
100.758460316,60.6278764742
99.9412684865,60.4887526672
99.6242962045,60.4417886779
99.5228290854,60.6545551904
99.4036988486,60.8377668051
99.2668262639,60.9402641944
98.9745123303,60.895796399
98.7410859395,60.8152360237
98.4488710274,60.6947804825
98.0556465896,60.6918495407
98.0324957497,60.8817018044
98.2990102434,61.5556462201
98.6580269231,61.9099613108
99.1249379246,62.4261042674
100.032184337,63.763675566
100.589502419,65.2980360026
100.962946363,67.5226537351
101.031012976,68.5415743295
101.241591431,69.2384704341
102.238456534,70.2414608296
103.208614009,71.1090369039
104.720426092,72.7843585386
105.493845091,73.4682066211
106.311636982,74.1130073774
107.722695491,74.8688530058
108.839617111,75.210515083
110.118620031,75.809544049
111.455902417,76.7653081319
112.063532745,77.2133105551
112.622864084,78.1473289181
113.071026912,78.370153286
113.672388126,78.1284538118
114.194528397,78.2577764965
114.909966195,78.4252092719
115.915873337,78.5856279173
116.471370731,78.5135591044
117.107463268,78.4791796623
117.566765868,78.6772886547
118.015460512,78.8641139541
118.037407217,78.9406302723
118.045190843,78.9634810186
118.055420227,78.9581840911
117.963864873,78.708176638
117.91784304,78.5612615608
117.863335241,78.5148410717
117.831355962,78.5861072374
117.877150947,78.8902794916
118.049735899,79.3016027188
118.131855068,79.3922698315
118.326236418,79.4918034006
118.430047984,79.5470253629
118.552286502,79.7487643414
118.612427977,80.0456193718
118.689557806,80.2888251104
118.852463504,80.7170525622
119.015288276,80.9422943122
119.201180443,81.2075503184
119.53074887,81.6714769352
119.725572911,82.1790547188
119.929749386,82.9951100324
120.099736354,83.4571741738
120.275722428,83.932086898
120.65298368,84.5754494231
121.132675929,85.1957293001
122.217389077,86.7781289371
123.249559372,88.108884362
124.504366643,89.9121986281
126.432123817,92.7175318764
127.501813053,94.5413435038
128.576840715,97.7504116518
129.129043688,99.5538371004
129.501446627,101.392936003
129.947280387,104.17368973
130.235790896,105.885517126
130.313885599,107.380345425
130.377445957,109.170307414
130.173064087,109.889377766
129.415674865,110.623455562
128.772383948,110.966978293
127.990610937,111.246104151
127.101183314,111.6766895
126.611795162,111.970059044
125.959883474,112.359806555
125.551073239,112.536244106
124.905341626,112.608223286
124.5156297,112.648714647
124.147918448,112.57473483
123.702722653,112.328849045
123.496478863,112.061889858
123.266671398,111.751019196
122.894622095,111.295331196
122.601541456,110.981423399
122.192567153,110.549973406
121.924972944,110.212358849
121.788022949,109.873716012
121.750989014,109.589716269
121.828173427,109.369004787
122.226235676,108.709274552
122.619733642,108.094822565
122.964013022,107.327054309
123.234545206,106.274805241
123.283005917,105.721959821
123.364440786,105.258630898
123.456344002,104.734387135
123.59837454,104.470612266
123.877376629,103.928233628
124.03533701,103.521645298
124.0929937,103.123646986
123.79210511,102.375580061
123.433205898,101.774312718
122.525325229,100.676962412
121.452140342,99.4921985751
119.874314305,98.1083704857
117.157903531,96.0883538425
115.315167096,95.2052636715
112.720771402,93.9222569796
111.236154123,92.9291408972
110.009413149,92.0435600965
108.85549435,90.6453175863
108.460156124,89.6747220547
108.07836102,88.187188244
107.725332091,87.2579205056
107.280541039,86.2260689944
106.677488719,84.6823361805
106.253549945,83.8451177083
105.498312426,81.9906494801
104.792525497,80.6590982721
103.847887248,79.3239982406
102.247976735,77.2950024166
101.171096916,76.022958932
99.561776013,74.3438758847
98.5540247093,73.6947481742
97.6348569677,73.2203620313
96.1020599095,72.4706346733
94.8798362084,71.7691533079
93.654872618,70.7885314537
93.6549259649,70.3310360271
94.3504132065,70.2290714766
96.0163093138,70.5079306145
96.9438517166,70.3903533887
97.9064117356,69.7303152616
98.662241046,68.8027796781
99.6877113113,67.7302756572
101.450140733,65.9255353198
102.694565365,64.8526493566
103.968343244,63.8437587458
105.433841355,62.7772707229
106.258660095,62.2585390521
107.206859073,61.8139512279
108.358234605,61.2326922601
109.915345342,60.5936509628
112.514629727,59.2427353685
114.477388733,58.4467318552
118.513654055,57.1524466235
121.654312792,56.4070093674
124.595928541,55.5940641122
128.21237746,54.1207285735
129.853937787,53.5784719759
131.570286517,53.0179902965
132.459587363,52.5564488835
133.313554941,51.929076398
134.582369398,50.9699120105
135.596171747,50.3031867558
137.013127178,49.283874867
137.940886397,48.7859156313
138.770921255,48.3973783135
139.950988669,47.9754947949
140.919519677,47.7224751713
142.24031789,47.5553436703
142.853918111,47.6096622739
143.210699671,47.6426170681
143.237116713,47.6630757333
143.244330042,47.6727180992
143.232512612,47.6191144278
143.261426377,47.6461329038
143.281278954,47.7400762107
143.300687842,48.0938157837
143.298503448,48.2992577252
143.269912976,48.4085189736
143.191012334,48.4524964511
143.109654775,48.4642271612
143.080985678,48.5440478403
143.219561234,48.664901376
143.545225599,48.7656005192
144.328978149,48.8850829329
144.869283441,48.9149974332
145.573333068,48.9750207717
145.822420287,48.9679095224
146.012065099,49.1320183967
146.244046133,49.3778958543
146.31832023,49.463312299
146.482321872,49.5508595177
146.665170709,49.6309766829
146.781485239,49.6375993795
146.939755338,49.6532749606
147.00359149,49.6094533237
147.016391376,49.7065828381
146.950027844,49.732954874
146.820849497,49.7474474886
146.513932693,49.8120453384
146.338916373,49.7623031408
146.134080284,49.7913665505
145.72521325,50.1224495642
145.392837598,50.3901964417
144.749810433,50.85927211
144.297716741,51.1472144137
143.357112513,51.8179585121
142.665542971,52.5055353381
141.996509116,53.3234191688
140.986165704,54.4186845659
140.310596996,55.2577314359
139.378407321,56.5741187312
138.868943607,57.5060653488
138.38563933,58.1851533233
137.759296169,58.906085606
137.327538677,59.0994818635
136.85180854,59.0051992375
136.110820966,58.679921254
135.606306006,58.5992878992
134.899625527,59.22872825
134.512830951,60.0005316243
134.163877932,60.6704823441
133.831039751,61.5555821044
133.576953025,61.942146382
133.244133543,62.4156346409
132.947330284,62.6835337083
132.758076913,62.6857486853
132.650467133,62.2650390774
132.898491208,61.4695753773
133.934490757,60.1615256674
135.097436335,59.8279345309
136.423742918,59.9318673558
138.256852933,60.0386401988
139.256546379,60.0858238047
140.219082483,60.0983418296
140.566099055,60.1097491344
140.624371934,60.1972443193
140.746893311,60.2612047724
140.905819197,60.3295858047
141.23173846,60.3712913735
141.509941007,60.358357168
141.738811244,60.3170226201
142.138845031,60.2567755226
142.3892836,60.2174913477
142.782676443,60.0882679616
143.17291664,59.9705715642
143.752493304,59.7528820283
145.063087762,59.3988661069
146.63152775,59.140488199
148.632373891,58.8896575242
151.690373088,58.6159508706
153.709682008,58.4456658884
156.432657254,58.1136796827
157.846001759,57.9556729113
158.972395218,57.9109899392
160.39156037,57.8488205553
161.179939003,57.8859900334
162.202091277,57.9049113262
162.7212014,57.9264510679
163.039179224,57.9559267748
163.34254736,58.0025015221
163.545177604,58.0340716654
163.782434483,58.0191647293
163.924744676,58.0030279706
164.074217343,57.9900201773
164.257146989,57.9936740712
164.334087268,58.0060412938
164.415949724,58.022925094
164.422414402,58.0457373418
164.397834061,58.0854629113
164.370012601,58.1165750876
164.353536139,58.135031901
164.343084664,58.1094368443
164.336020877,58.092148945
164.279407187,58.1291003687
164.100422533,58.2317096769
163.926935547,58.289498741
163.552742812,58.2862199249
163.355350302,58.2754624057
163.128199138,58.231128935
162.936187672,58.1675579688
162.86193707,58.1240513793
162.877571859,57.9850580035
162.965328632,57.9307935731
163.138327808,57.9055743031
163.399589947,57.8470456908
163.642537543,57.8089352407
163.93668888,57.749767328
164.461138875,57.6621206003
165.07856744,57.5790479016
166.080513628,57.3616346064
166.725151317,57.1483314649
167.359147381,56.9449267391
168.358036069,56.702615019
169.23316983,56.3198510186
170.961879714,55.248750696
172.110746322,54.5898242557
173.183710095,54.3475030096
174.875536456,54.1927281648
176.101887273,54.1652085879
177.67583315,54.296260184
178.543538405,54.4513017005
179.240536545,54.6956747722
179.958130174,55.0209975278
180.294332287,55.1975081377
180.709443453,55.2288193667
181.106857627,55.1355798702
181.476728001,55.0397697168
181.922538705,54.9843040494
182.105187299,54.9793421908
182.581632761,55.0717267207
182.962441767,55.1241786671
183.314223645,55.2117654862
183.946252512,55.3537666718
184.416516113,55.4449498618
185.059751348,55.7247843012
185.461317188,55.8777971686
185.895573522,55.9905383845
186.397480899,56.162309587
186.641671978,56.2555117145
186.933852321,56.4064591733
187.259844249,56.6262935418
187.499000075,56.8160454539
187.844697766,57.1680223144
188.095967309,57.413374518
188.318615026,57.6651575279
188.653111968,58.2047332352
188.826976029,58.6133571526
189.031723137,58.8275438771
189.086712696,58.8372382278
189.183911408,58.8814162699
189.303599197,58.844524416
189.382120703,58.8253220254
189.485071299,58.818265202
189.552527147,58.8177137803
189.584413019,58.808648854
189.604955679,58.7930199438
189.581508096,58.7822314793
189.427274679,58.7122660409
189.171759331,58.6658415612
188.739122866,58.6983575666
187.551071051,58.8702681555
186.584862059,58.9627480409
184.10930249,59.333277079
181.58460272,59.8418871078
178.322434335,60.5807195863
172.020862818,61.8444095463
167.366397878,62.7738191404
160.600493695,64.1988611829
156.356148927,65.3161033369
152.442155405,66.3411555763
147.523619869,67.7764425925
144.942664924,68.6601801058
141.740495315,69.7557144097
139.903349003,70.4033342603
138.167606365,71.0713852174
136.098820901,71.8830502755
135.043830924,72.2788003325
134.245652001,72.5478253676
133.53301996,72.7764690047
133.177528984,72.866539182
132.636939245,72.8618098963
132.17943225,72.6541478511
131.593685093,72.4346936256
130.624240168,71.951889739
129.919728496,71.7897286337
128.793622605,71.7601689212
128.077689622,71.7080618062
127.433519333,71.7607736116
126.523896001,71.8361286168
125.927420661,71.8489925546
125.001733685,71.9741317571
124.344030107,72.068569518
123.682831563,72.1864066663
122.732031095,72.3732999833
122.073565185,72.5022295959
121.073844832,72.7789205721
120.45673738,72.944959886
119.877919688,73.1297711682
119.148959208,73.2822922275
118.738850679,73.3811514362
118.09977088,73.3485454697
117.67856778,73.2099266331
117.287690736,73.0851673758
116.617733445,72.8766955119
116.241007184,72.7481686241
115.803029091,72.5724508611
115.594566137,72.4245359766
115.321887537,72.2042335423
115.177020302,71.9015553175
115.228916259,71.6320886282
115.520582766,71.2561281161
116.140178182,70.6538851151
116.565547894,70.3417673969
117.151800947,69.9781653674
117.50861618,69.8636732719
117.758888042,69.7661056874
118.095294957,69.5357119734
118.300877072,69.4109128336
118.670533131,69.1099691149
118.991170069,68.8878673336
119.284023307,68.742267716
119.821503927,68.4851516292
120.118642605,68.3352737836
120.790794605,68.1147552178
121.387627149,68.0308402482
122.078618193,67.9668113003
123.392727396,67.7103769238
124.353345233,67.4529773162
125.965116375,66.912602863
127.049691706,66.4046904877
127.899188424,65.7890903006
128.919231753,65.2928619245
129.374447478,65.2601505546
129.70193246,65.3713002834
129.723655373,65.3491217003
129.839582697,65.255973399
129.983269293,65.0116053733
130.112261076,64.7607243856
130.329679355,64.1823365883
130.417915136,63.7162697797
130.501175945,63.2372220009
130.717628734,62.2122023647
130.974655385,61.3287973973
131.309235049,60.2516005357
132.141508261,58.6598967197
132.823570289,57.5040907385
134.045538841,55.9259628073
135.186323638,55.2252714732
136.700948179,54.6952969287
139.117824193,54.1248766885
140.765872474,53.5393144671
143.291723699,52.6284479181
144.938639365,52.0471263821
146.472045279,51.4448655022
148.488987582,50.6573613081
149.710782148,50.1591654484
151.518061006,49.4687604142
152.731064643,49.0279688769
153.903294646,48.6976768498
155.707045456,48.5587865657
156.758708981,48.5017405536
157.811074664,48.4436420958
158.066980262,48.4263156354
158.048875169,48.4175385289
158.236831275,48.2591790745
158.473856891,48.1342069232
159.015901075,47.9471057181
159.295213454,47.873728354
159.563735611,47.8761650229
159.75084436,47.9039139168
159.83672243,47.9214570841
159.994139373,47.9701915763
160.125525237,47.9843566002
160.313761663,47.9784369431
160.629277882,47.9400900723
160.824007619,47.9065763753
161.099760693,47.898401116
161.234833275,47.8947155993
161.392820554,47.9271157085
161.733371073,48.1180504535
162.099632818,48.4206714068
162.672000991,48.8838617803
164.06211992,49.7772576527
165.356090542,50.447022023
167.924672222,51.7606458228
170.204906685,52.6993957846
172.5320651,53.5229631473
175.88673452,54.3089024819
177.979207646,54.6975131915
180.67337607,55.3594865683
182.212992713,55.9186813019
183.667343834,56.6056723926
185.711323272,57.3541209799
187.211642287,57.9741737753
189.72816452,58.933119962
191.293588776,59.5090999845
192.730579247,60.1052643704
194.418452232,60.8156334811
195.317119201,61.168942654
196.54665884,61.784192252
197.459733174,62.1044604783
198.394156348,62.4487409176
199.927853589,62.8949495832
200.786067118,63.2621345432
201.35796812,64.8071878683
200.913120766,66.4700505057
199.737053095,68.4984850871
197.693084278,71.2038138893
196.52808646,72.5408204948
194.871097237,74.6898487856
193.749146075,76.0159442259
192.617241252,76.9547872256
190.66160465,77.999306994
189.321185194,78.7564922049
188.109362778,79.3767620985
186.566139295,80.4408857269
185.744556065,80.9927426326
185.023990953,81.4912802734
184.837532255,81.7562891669
184.884519199,81.946878722
185.154400606,82.0517518868
185.346948713,82.1232682145
185.523227511,82.1425945632
185.655082233,82.0418978751
185.796489308,81.9132824021
186.079107687,81.693763482
186.323667334,81.6641066708
186.709074758,81.6571764261
186.95671885,81.6724759047
187.205624756,81.6753746487
187.502894844,81.6153267056
187.70785142,81.6537088408
188.012862175,81.8344425029
188.239034155,81.9292589784
188.521693609,82.0526211932
188.993895637,82.1661953458
189.423528422,81.9969205004
190.198738807,81.3366854187
190.954831149,80.6900795442
191.933978165,79.8506059622
194.218527117,78.4336018992
196.069657151,77.2745676783
198.780654874,75.7562831077
200.622082897,74.8237822918
202.537464459,73.713143227
205.574144426,72.0226141507
207.740560676,70.9739180089
210.063996748,70.0980058847
213.906782998,69.2376558666
216.924759288,68.9015624217
222.663849152,69.1431345667
227.226141944,69.4772641442
231.972478534,69.8189895925
238.079475272,69.6913340345
240.873240334,69.1119472036
244.021834699,68.2976883294
245.975857421,68.1708533728
247.85584438,68.1172799812
250.525987336,68.1621251336
252.309877074,68.3520713919
254.637358237,68.7871275184
255.67958948,69.0343884935
256.705945314,69.4697965324
258.69741753,70.4800067905
260.44146848,71.223106702
264.104902622,72.8095332759
266.807439318,73.8839218066
268.969139405,74.3424190819
270.642595433,74.5952006385
271.271005547,74.9024518235
272.432815852,75.5951281217
273.469755539,75.9301923931
274.305449257,75.9054245843
274.775957418,75.4327000038
274.698605503,75.0343267394
274.766920726,74.9852806386
275.06355084,74.9294949615
275.237812113,75.0219731227
275.345497519,75.0884915926
275.357505933,75.0541217685
275.482758801,75.0405738301
275.899354121,75.0937214538
276.319638886,75.0744992295
276.581397504,75.0068054697
276.848870402,74.9745080739
277.499811595,74.9056659179
277.997087403,74.8582801409
278.574438872,74.8271899685
279.27295298,74.5465918745
279.565789087,74.1720749596
279.512308123,73.7734059828
279.404778699,73.3585580615
279.363126309,73.1684871157
279.326444554,72.8136844261
279.303098725,72.5394482021
279.308217163,72.2156914691
279.197400563,71.7016645525
278.838079781,71.2611439659
278.302441492,70.6009736499
278.09596049,70.2242741803
278.008337934,70.0090723106
277.876482677,69.5647944629
277.659858761,69.2874914166
277.289545835,69.0031188076
277.092687999,68.8965887404
276.870646264,68.7840237794
276.519475294,68.5888959857
276.268136005,68.4636477286
275.861195731,68.352365222
275.485471217,68.3351968594
274.952503348,68.2181499338
274.362068863,68.0177245217
274.095441744,67.8747730402
273.88220141,67.7272478474
273.773101573,67.6376977116
273.583353318,67.5088435912
273.215285946,67.3825589686
272.92559003,67.4099955212
272.543547513,67.4778699195
272.101145738,67.5908198734
272.044201696,67.6387745846
272.167487838,67.7098208069
272.647904184,67.7443208341
273.023659215,67.7772079513
273.221366155,67.8485087145
273.2362761,67.898731273
273.362457077,68.1444264862
273.713602,68.3639902351
274.085758621,68.5165443519
274.715196274,68.5949732111
275.194170825,68.5155112276
276.059605581,68.3295552549
276.779508029,68.2413260376
277.687023015,68.2091490888
279.201470241,68.5795137964
280.229419117,69.2506150396
281.808715308,70.2882913755
282.837761247,70.9521599322
283.846458424,71.4061471572
285.180138798,72.0595419766
286.009014601,72.3640897605
287.233512285,72.6762382903
287.848000496,72.9012874415
288.446464191,73.3131575031
289.197845497,74.1703576508
289.645217984,74.8632940632
290.161898243,75.7025507122
291.302929242,76.8887455337
292.194243007,77.6519214776
293.519526644,78.5826623206
294.25899047,79.1480943192
295.145477303,79.6086985631
295.701637274,79.8204692587
296.279626032,79.9094485427
297.092404802,79.6875846489
297.598931091,79.6252245526
298.098473475,79.6005105032
298.781127507,79.6367394539
299.142409918,79.7312359218
299.746945816,79.7834875762
300.384017425,79.710162813
301.165493713,79.5159712073
302.443304998,79.0277638643
303.2034989,78.6177644632
304.328710405,78.2170477857
304.964501391,78.0568973915
305.559138267,77.8890213952
306.393307159,77.5338484241
306.953728283,77.2852368689
307.76061626,76.9808730347
308.300168062,76.8102002217
308.731365548,76.6273088439
309.362349916,76.3546059748
309.746470514,76.0842562751
310.335113997,75.6617320442
310.643237733,75.4026139796
310.837643048,75.1456212967
311.188236002,74.8401828666
311.491305033,74.6785324595
311.788550047,74.1813878581
311.817354943,73.7283071519
311.805821645,73.2538721806
311.907589948,72.7948639228
311.919309131,72.6845741221
311.900078033,72.4863587752
311.899868714,72.3055268101
311.874420576,72.0797528676
311.828424132,71.7315982418
311.794151332,71.5300448843
311.742044828,71.2076191421
311.684407567,70.9878803399
311.633190104,70.8407387593
311.4524043,70.5454312055
311.311504067,70.3489874286
311.20672836,70.1228021721
311.133994853,69.8334702706
311.13473787,69.6929426541
311.10539254,69.4916777636
311.019950653,69.3580536154
310.911201028,69.1619777662
310.763489919,68.8766061965
310.717277018,68.7031996588
310.641933334,68.5472109782
310.56223853,68.457076949
310.472334435,68.3772720118
310.313939405,68.330173167
310.223194804,68.2899956502
310.151975286,68.2251611579
310.111961071,68.1864700165
310.025454102,68.1543096543
309.739087616,68.0163028769
309.482502349,67.9386957853
309.156756961,67.8150948889
308.57874945,67.6340798886
308.052003835,67.4328996976
307.318318211,67.1619441205
306.834758521,66.9048718827
306.202119266,66.6568697001
305.962573868,66.4956732455
305.640533631,66.3444312957
305.227053404,66.1620003123
304.795083901,65.941493569
304.474417695,65.7924648193
304.180752107,65.6266713261
303.970414018,65.519476225
303.490495305,65.1363392706
303.270547236,65.0079192862
303.071130167,64.9594523129
302.714249164,64.8330187511
302.400625817,64.6958720815
301.829603717,64.375212836
301.409363672,64.2122259927
301.033827646,64.1963039658
300.119156774,63.9522797999
299.357570917,63.776657278
297.644345626,63.314056495
296.357421231,63.0940142669
295.131115968,62.8385885727
293.315492241,62.461030069
292.344369573,62.3049813498
291.007077393,62.07270536
290.323032036,62.1104306302
289.657323304,61.994620828
288.552606978,61.8444049212
287.853943425,61.682626604
286.694042149,61.5611999743
285.98146826,61.5240358472
285.28655842,61.496963656
284.387314803,61.5356032335
283.909181548,61.5798848826
283.271307409,61.5444163877
282.990467543,61.5934276811
282.757329464,61.6163010795
282.379633339,61.5475632377
282.201491962,61.5360423132
281.809766971,61.5208859889
281.515371277,61.5664925288
281.143379977,61.6025278841
280.642540297,61.6083361692
280.396580099,61.6433904118
280.025735667,61.7577825267
279.785765687,61.8493848176
279.546586882,61.9551988933
279.141663093,62.041777257
278.852353434,61.9367805624
278.471506767,61.5280408308
278.230660031,60.9881563453
278.179243409,60.681012601
278.219097155,60.3530309284
278.207293533,60.1635330218
278.215608756,60.0425155032
278.200186988,59.8945355141
278.161490259,59.7355913679
278.158443235,59.172795837
278.195031257,58.4566029831
278.126320511,57.7412412817
277.842754849,56.695679097
277.470905817,56.3971270671
277.021521285,56.1311834634
276.795549978,56.0264987315
276.612491042,55.8906699328
276.271479576,55.3030117417
276.111131007,54.6261780201
275.853833945,53.3743701675
275.760462048,52.8336644644
275.721212541,52.4848387558
275.734722545,52.5390614366
275.797653487,52.4560280286
275.923904177,52.255670164
276.058199565,52.1098922599
276.256365259,51.9413711969
276.570964652,51.6991069474
276.812477479,51.5590885626
277.016247957,51.4222117079
277.252749452,51.2734316741
277.311805892,51.2232474696
277.38885283,51.1577629779
277.375458543,51.110363466
277.33911807,51.0890588797
277.247502899,51.0433847012
277.161498503,50.9695734934
277.034515715,50.8446908382
276.931015729,50.7981205139
276.861479847,50.7772466982
276.73860913,50.7658191458
276.678300202,50.7685689024
276.61208204,50.7886015195
276.566328362,50.7940983124
276.525899689,50.7758256447
276.470961007,50.69774095
276.429242598,50.6465619595
276.381124911,50.5747404219
276.341805859,50.5243567628
276.302088541,50.4980048169
276.280199751,50.5123681177
276.278595474,50.5312041887
276.287296682,50.5412157789
276.282700508,50.5214355253
276.268794645,50.5029224261
276.239040001,50.4901749872
276.220918443,50.4769605569
276.159893288,50.5130819487
276.132667584,50.5304189205
276.103322582,50.5447878929
276.084569853,50.521078802
276.097229776,50.5171908631
276.103714982,50.528834359
276.105331619,50.5316269899
276.117571739,50.5247944064
276.145329962,50.5246386335
276.155757184,50.5338875955
276.130513915,50.5212368098
276.063087549,50.4784490734
276.014423042,50.4527145029
275.987559779,50.4369241876
275.974189532,50.4551632971
275.969415027,50.4788456343
275.95130358,50.4936264814
275.941342328,50.4986002995
275.918745363,50.4975950586
275.888899556,50.5040295192
275.806308779,50.4749220397
275.626042301,50.4642129585
275.547456273,50.4908375372
275.480480713,50.5574418331
275.477494873,50.6065104148
275.477437562,50.6493540729
275.49660266,50.7478175386
275.508707737,50.8039663608
275.483282525,50.850252638
275.449169239,50.8634296805
275.421907925,50.8740818322
275.379375957,50.8789689619
275.342699562,50.8724878952
275.302827079,50.8828851713
275.221141726,50.9292417005
275.176868376,50.9638816688
275.098740498,51.0416862662
275.017536636,51.1089185369
274.858789144,51.1682822349
274.767440679,51.18895335
274.671195348,51.1758903694
274.558130997,51.1224381379
274.524830323,51.1062449467
274.470987384,51.1063619215
274.415460573,51.1158067622
274.35179226,51.1200320379
274.265789404,51.1156857104
274.233102956,51.1114936099
274.223401441,51.0935931029
274.256230946,51.0478166356
274.295926626,51.0021462351
274.33388074,50.9319512064
274.323678309,50.9035528656
274.303985659,50.8856195577
274.278297408,50.8424842018
274.279825945,50.8263638443
274.28879892,50.7979513599
274.298458486,50.7587638635
274.317781294,50.7093891281
274.324696756,50.6439849216
274.320757236,50.6231722553
274.30377503,50.5913934045
274.283891194,50.5635022679
274.277550506,50.543487412
274.296118358,50.5194096698
274.301387441,50.5123735818
274.309618067,50.520429694
274.328685314,50.5113984444
274.352359179,50.4841413149
274.381164613,50.4388362456
274.398565048,50.4109552628
274.401288251,50.382427948
274.397826259,50.3677758542
274.396701924,50.3535227423
274.42809877,50.324268956
274.454568436,50.3092916112
274.491497185,50.2755136859
274.480916458,50.2468976741
274.456445984,50.2064098579
274.386086797,50.1408002108
274.359887303,50.1134987407
274.342093126,50.0893995894
274.341341329,50.0622269928
274.352426327,50.0411320562
274.366431396,49.981228223
274.36463957,49.9673315412
274.351154614,49.9638755732
274.310940788,49.967071027
274.301748179,49.96655254
274.335378239,49.949798381
274.354802891,49.9229235293
274.353023105,49.9006474804
274.32277072,49.8766627705
274.295286704,49.8670198592
274.278593591,49.8658437782
274.310337559,49.8747386947
274.34022906,49.8496806324
274.321032409,49.6346182713
274.268819858,49.3677860725
274.215303856,49.0064025375
274.238027271,48.6977127143
274.263108467,48.1262286593
274.325826341,47.3688174148
274.276909094,47.1143985104
273.970645761,46.4412036794
273.823718499,45.6552180741
273.839885723,44.5432978987
273.850773325,42.2966781611
273.902324854,40.8731770894
274.115392243,39.1862946267
274.208879179,38.3243893441
274.273197072,37.6952863343
274.335953117,36.7419177987
274.495870567,36.156676484
274.709888369,35.4229434061
274.779965685,35.3105649114
274.831426919,35.1842613127
274.812295644,34.8227268332
274.76639226,34.5902079907
274.780335036,34.4469029009
274.732265944,34.395278215
274.715215678,34.495602698
274.644465684,34.6627395714
274.594559159,34.6999976077
274.540312955,34.721394963
274.428162627,34.7884035692
274.386638701,34.8186686584
274.359717321,34.8970834482
274.320297038,34.9527891905
274.270540265,34.9821379542
274.189289106,35.0555720643
274.131074341,35.0967676829
274.061352732,35.1409943121
274.015489872,35.1687789107
273.977187598,35.16699546
273.922287655,35.1530934943
273.854846823,35.1432169178
273.79785662,35.1283192715
273.749389012,35.1427784943
273.705147891,35.159581324
273.619457308,35.2009759434
273.547028189,35.2683252516
273.485492424,35.3198937017
273.474569463,35.3359631235
273.460180496,35.3634009414
273.421575961,35.414464579
273.403800714,35.4581579775
273.398292503,35.52310051
273.384209033,35.5501794613
273.372025652,35.5637350582
273.36638654,35.5657730968
273.366902864,35.5710091792
273.359703906,35.5785824636
273.34470567,35.5844930397
273.344849424,35.5901634345
273.333664023,35.5858847876
273.320004628,35.5831665473
273.281471973,35.5693527917
273.211120018,35.5248031034
273.146437133,35.5267727979
273.081781735,35.5499420256
273.04708417,35.5797727574
273.018546187,35.5961499869
273.044774415,35.6087062979
273.083251334,35.6268635919
273.0888905,35.6630689111
273.058974688,35.6814641255
273.023280324,35.6836533714
272.990062676,35.685504799
272.980218691,35.6795908847
272.982086346,35.6773408083
272.961808495,35.6730744967
272.942193337,35.6615415394
272.941609574,35.645676283
272.958335703,35.6362696377
273.005709955,35.6167127446
273.006358713,35.5949073075
272.986820475,35.5738461363
272.940728883,35.548794916
272.932456884,35.534464582
272.910677411,35.5279214517
272.895733187,35.5421779256
272.871865656,35.5603041318
272.83002911,35.590163277
272.813899611,35.5850446049
272.832806949,35.5839054096
272.84592073,35.5962712584
272.818193936,35.6123194601
272.782267534,35.6211773332
272.776939121,35.6206427219
272.784863003,35.6099898684
272.797798684,35.5788473265
272.808201125,35.5688050735
272.780064798,35.568919393
272.750533959,35.5810824817
272.741093055,35.5891742644
272.76139564,35.5896586825
272.781002741,35.5745836303
272.764389124,35.5460465591
272.714663833,35.521815161
272.704472364,35.4878178913
272.676729538,35.4565797823
272.665033,35.4566696442
272.655407262,35.4441476303
272.636992083,35.4310190707
272.639473348,35.4284133704
272.663624054,35.4238219205
272.680516652,35.4170791992
272.689034458,35.3986940843
272.699356378,35.3892302715
272.694528785,35.4024919536
272.670445026,35.4425803939
272.67139925,35.4427736958
272.697654387,35.4024184493
272.736576945,35.3869918152
272.748276731,35.3803465598
272.714650902,35.3889376418
272.682278847,35.4231541003
272.657794523,35.4985725662
272.685615275,35.5455382277
272.711591007,35.576676417
272.746547133,35.6033985575
272.748253911,35.5861213455
272.709585752,35.5468380682
272.65252315,35.4938600274
272.619834933,35.4632124214
272.634611036,35.4441360705
272.651746087,35.4313349204
272.660085837,35.418277271
272.679208617,35.4184057545
272.705486068,35.4240714384
272.725143494,35.4314499611
272.709107415,35.4223291702
272.691157796,35.4001276637
272.67027736,35.4047803316
272.674501587,35.417349105
272.700295088,35.4329369418
272.718998779,35.437282258
272.746702581,35.438337956
272.7717165,35.4241938343
272.764763509,35.4118452227
272.736554741,35.3931256144
272.713563189,35.3952559505
272.712874635,35.4054548814
272.734017521,35.4125939918
272.764635518,35.4080307024
272.767844298,35.3968443165
272.748069187,35.386738706
272.721010223,35.3710982715
272.698353558,35.3469573139
272.693797755,35.3379745737
272.689899862,35.3375739756
272.680972751,35.3171655688
272.672115489,35.2972536208
272.675361821,35.2870483628
272.680809051,35.2783661782
272.675481244,35.2822347498
272.633639817,35.2784682402
272.612032923,35.2579039739
272.622083971,35.2590939058
272.636528657,35.2724677352
272.637979047,35.28875032
272.622172721,35.2979189509
272.611923587,35.298515238
272.609992037,35.3095396951
272.616757822,35.3034367507
272.614981109,35.2907231521
272.593152553,35.2936370198
272.556058786,35.2978185641
272.525782434,35.2897566628
272.524129993,35.2775136413
272.537745179,35.2622110585
272.560593705,35.222249786
272.583774457,35.200452487
272.57549246,35.1524767095
272.567105378,35.1250933859
272.553887137,35.0926381347
272.559893172,35.0623631829
272.566271501,35.0456675452
272.557098705,35.0144234201
272.525292372,34.9760629251
272.512191274,34.9461125953
272.480144555,34.9011255065
272.42680663,34.8785519671
272.329732761,34.8079839486
272.285646419,34.7484670023
272.266390627,34.7060142806
272.193766079,34.6287581931
272.138031399,34.5779093806
272.041332038,34.4977225554
271.983804121,34.423074933
271.935408494,34.3670158175
271.808670979,34.274120832
271.725566219,34.2551663244
271.63518259,34.2428621071
271.542409701,34.2448282928
271.528271811,34.2525844452
271.566619287,34.2569209089
271.601458782,34.2478914531
271.609574472,34.2370594567
271.563561422,34.2325818821
271.540085335,34.2291070313
271.520332207,34.2455657294
271.530046263,34.2607319948
271.549988878,34.2726756953
271.547140709,34.2893749447
271.536645501,34.290545408
271.543526294,34.2939360451
271.548303555,34.3059583869
271.509651545,34.3328797186
271.463807316,34.3690159405
271.424600834,34.3956299203
271.383928151,34.4349193509
271.398682476,34.4698751027
271.408628021,34.5197761868
271.377710563,34.5843701229
271.352596962,34.6332428162
271.340236748,34.7107741977
271.326030824,34.753453392
271.30114042,34.7862460743
271.264996579,34.8343642881
271.24266541,34.8702024295
271.194340022,34.9139447792
271.174067342,34.9596337808
271.19131051,34.9961968348
271.223547082,35.0212122519
271.236065041,35.0306375589
271.232471149,35.0313154032
271.225935384,35.0431627848
271.230494608,35.0587159485
271.247981379,35.0897172501
271.268336872,35.102586596
271.292178965,35.1229203312
271.327504685,35.1439644347
271.346550594,35.1612106103
271.381254306,35.2110868312
271.418298851,35.2652634673
271.445602068,35.3132183553
271.469280366,35.3548720929
271.457440668,35.4063385
271.46268902,35.5231030147
271.450412745,35.6112043623
271.444234256,35.7354272711
271.5197074,36.0678336812
271.676658468,36.3004053227
271.870504596,36.629708946
271.992624405,36.9019342716
272.064460044,37.1842684472
272.074839859,37.5110466774
272.10579767,37.6555023366
272.084545685,37.7972826546
272.156389115,37.97561832
272.224496694,38.0783377079
272.341573806,38.2351211651
272.437016344,38.3633343733
272.594889057,38.6465556043
272.80115923,38.9720124993
273.106242763,39.2589012946
273.757101823,39.6328977383
274.322613942,39.9947616776
275.091234584,40.5542027757
277.337195369,42.1516901513
279.246010328,43.7836747758
282.501656007,46.2634413178
284.579248584,47.8969138026
286.379524085,49.4812284005
288.624411394,51.5955970304
289.922113454,52.8560857585
291.57937308,54.4742134274
292.440758747,55.5212763302
293.009898481,56.588778586
293.386897467,58.1325165842
293.518213633,59.1872676048
293.861039679,60.6412293139
294.186701926,61.6442181943
294.504422684,62.6237964973
294.772218465,64.0644441489
294.865946572,64.8998198021
294.940574748,66.1627275917
294.911741939,66.7742588594
294.914283982,67.3271157477
