182.330838469,73.797412526
183.275239641,74.4642278887
183.755275548,74.7979910455
184.210034631,75.0569181848
184.574354949,75.1838162965
184.671300874,74.8261840973
184.577252209,74.5913157001
184.103269198,74.7276174335
182.779671078,74.6634978274
181.264491473,74.514497888
178.895877894,74.4751688591
177.404989464,74.3633011967
175.528267197,74.1681279108
174.442256747,73.8805396218
173.709785087,73.5017670505
173.194540463,73.2370186754
173.278365203,73.2515005129
173.152645441,73.4088909823
172.996155585,73.7451148239
172.728361947,74.0359043653
172.090631173,74.2671599937
171.786297825,74.4166180006
171.75419625,74.4109538456
171.782571114,74.4113837512
172.091907868,74.2248860708
172.904165417,73.9682063419
173.139841447,74.1740204188
173.248295708,74.980547266
172.944126932,75.7233233128
172.340125261,76.7862196109
171.119586309,78.084654669
170.287453293,78.9833515694
168.820489798,80.494983798
167.905811421,81.5688046645
166.723255326,82.6603742773
165.009960884,83.8505501249
163.747468719,84.9901602266
162.297849634,86.200167761
160.072269216,87.6368002165
158.475776676,88.3489040952
155.652179438,89.0118965019
153.660544643,89.3286761727
151.379839928,89.6577614739
148.691069793,89.6676131478
147.618257826,89.5588162604
146.896770388,89.408903828
146.587675556,89.2920302093
146.184347806,88.9327660193
144.934922862,88.4705648907
143.613502108,88.4178954969
141.504092566,88.6424298945
140.263709819,88.8637849031
139.276944468,89.0760062567
139.036223335,88.8996633413
139.715621864,88.4314379419
141.786337855,87.4425307653
143.994424171,86.4929744744
146.726641786,85.2540664246
152.002429954,82.3980857488
155.833681271,79.9183785211
161.804018789,74.4961070509
165.727020424,69.4573361727
169.01813273,63.8431203585
173.508590137,59.2702198681
175.676729569,56.6019638155
178.064765811,52.7437216874
179.327541649,50.1472890242
180.936364832,48.8623021372
183.568269509,48.5729685627
184.915040755,48.20879796
185.9010833,48.0679236147
186.754517396,47.7338466169
187.255201057,47.5643808028
188.060567329,47.4728044173
188.8488646,47.2663044021
189.854663397,46.9040813893
192.147159792,46.4345154604
194.920387231,46.167094653
201.881858273,45.6418830781
207.267330602,45.2529612666
212.648207736,45.0814606788
219.184912174,44.6447097602
222.707756628,44.5801050776
225.887981321,44.3087947485
226.803398854,44.1707785936
227.246203493,43.9590754784
227.301739493,43.5362484872
227.242122248,43.2634960396
227.463316859,43.0723023342
227.763486529,42.8407028961
227.939666662,42.5649359432
228.034677325,42.0675546465
227.927810046,41.7447661199
228.026294303,41.5751419238
228.107535024,41.5168185025
228.199620624,41.3899890899
228.268841128,41.294098612
228.22488955,41.2394897687
227.886709909,41.2895392045
227.181598954,41.6741374942
226.434786198,41.9840182626
225.201649123,42.1676184412
224.499043657,42.1878068996
223.748196943,42.1690541833
223.381886722,42.197548342
223.06298424,42.164737005
222.70735536,41.9951763839
222.383949637,41.8641158039
221.921726072,41.6412754529
220.815842303,41.3383534219
219.696958528,41.0864739305
217.338754521,40.5477910381
215.399877317,40.0502679761
213.288007399,39.5350202856
209.672425655,38.4943088075
206.906111565,37.5773657694
201.963884682,35.5686177055
199.093444428,34.9395940751
196.48241183,34.630641299
192.528128706,33.805439293
190.390069448,33.6484182161
187.010504809,33.2466636401
184.499437968,33.1535448574
182.081881481,33.4936233212
178.710098359,34.0495023982
176.716912624,34.2532996661
174.767083986,34.196234408
171.917461848,33.5858853093
170.444653092,32.9352348269
168.95474327,31.7605480228
168.550792982,31.178672324
167.563626433,30.1942734692
166.767016549,29.7419344133
165.913394598,29.4971196682
164.029904024,29.2088797253
163.026655543,29.2436451289
161.959649515,29.7078578287
161.451401248,30.1301681671
160.826277802,30.4587984048
159.769140693,30.7996874137
159.115595055,31.0322649796
158.512548019,31.4680661685
159.090681178,33.4217488361
159.989356556,35.4069620157
160.577512348,38.2610903067
160.401208936,39.8531090643
159.733172639,40.9806015171
158.889121732,42.7926763907
158.51577003,44.4039828121
157.905021214,46.8075882939
157.681431331,48.9416406534
157.642666744,52.5816813153
157.647356443,60.347430751
157.933471113,66.3181572028
157.737023055,73.6422067031
157.308856731,76.8577951805
156.819890063,79.2581888326
156.326084524,82.2916772882
156.153495112,84.055786761
155.77125235,86.3881261776
155.357140615,87.6750552339
154.943840989,88.4655828829
154.58691756,89.1911879722
154.506445925,89.3424503587
154.454269603,89.8331676684
154.611230781,90.9091031461
154.88281904,93.3176832148
155.373426924,99.2698695998
155.658362744,102.711700353
155.78245013,107.282188448
155.617659584,110.024276896
155.315644465,112.426720657
154.610104484,114.985690928
153.995579167,115.99618808
153.073393649,116.131218171
151.064443165,114.714160261
149.390913092,113.272207515
146.802523592,111.23794048
144.993811475,109.810352123
143.174704155,108.481573326
140.829291758,106.74062093
139.448109644,106.013791868
137.618365744,105.360985266
136.47736414,105.223620437
135.613898896,105.117291421
134.861994944,105.084681393
134.613883834,105.000073898
134.419993896,104.819851509
134.216647824,104.679106542
133.53549947,104.681986616
130.671344962,105.673939911
127.596071283,106.639627787
122.065518839,108.27521357
118.17868402,108.998483016
114.502092563,109.490773852
110.013537288,109.624773704
107.875519555,109.154602783
106.083520495,108.458612432
105.743400692,108.176773966
105.625867712,107.945098583
105.414162474,107.848163414
105.219894164,107.916948545
104.789765227,108.068970541
104.648969127,108.263509736
104.523089525,108.617410955
104.610405835,109.381945582
104.620854227,109.896712436
104.845157803,110.996253162
105.000180901,111.605467862
105.224516253,112.117205482
105.558672799,112.78692127
105.806843375,113.193571999
106.157611225,113.578847081
106.689145116,114.064329698
107.036977472,114.401476302
107.960399064,115.118382013
108.860811195,115.677817355
109.867093145,116.238680594
111.387469328,117.144155694
112.217328435,117.558228219
113.208663415,118.046597088
113.733234384,118.248922715
114.160774567,118.321123349
114.644216991,118.39453533
114.893631367,118.455526329
115.521590289,118.688672841
115.917510248,118.817137653
116.292710363,118.987207507
116.711581757,119.546924833
116.859651787,119.733275487
116.797370078,119.793529483
116.348833939,119.169282021
115.498503566,117.41035893
113.460106065,113.402883082
111.920265629,110.545567998
109.271429591,106.31020662
107.032956632,103.820525143
104.463043181,101.502045101
100.382484853,97.9141098179
97.6368557745,95.8101108948
93.4588965684,93.1326515523
90.7719256323,91.2374882506
88.7619281972,89.5400057753
87.0173550042,86.7454144121
86.4831357823,84.9737104858
86.0116332144,83.3593829335
85.6357131643,81.7026828921
85.7616765977,80.8979823253
85.9484842436,80.1536164197
86.4836976608,79.6452211346
87.0457865989,79.0580211714
87.4602348586,78.2243423828
87.7266830892,77.268620757
88.0650933475,75.3983322033
88.1899607774,73.654666372
88.2943835261,71.8132317618
88.0961890682,69.0647133009
87.726299506,67.1489041961
87.1025111957,65.4324806401
86.6699928292,64.3477930079
86.1576419476,63.2463784067
85.4240870556,62.3238320142
84.8672986588,61.680437176
84.4663525049,61.676126332
84.2486239516,61.6623263709
84.0186419316,61.4972417396
83.8285651494,61.4246544888
83.7729453058,61.428642725
83.6424210814,61.3355249607
83.5480097531,61.2459748268
83.4660707867,61.1991611492
83.4076510341,61.1611906299
83.4490694937,61.1921579452
83.8803890714,61.3401450297
84.4977833709,61.6860066056
85.0186247417,61.9212193257
85.6520733364,62.3341888073
86.1774706658,62.6124486717
86.7482321258,63.0341184081
87.991094303,63.5402819056
89.1089470152,63.9693373237
90.9648874472,64.4712826786
92.4506959902,65.0829519738
94.0301743293,65.7196772829
96.3308365283,66.5985092585
97.675580599,67.1702750219
99.4632050478,67.646152807
100.537189366,67.7743833651
101.660440127,67.8333578675
103.331720171,68.0566622464
104.437070701,68.1337153302
106.065467605,68.2440613893
107.14407087,68.2345969417
108.220241974,68.1888199781
109.645565064,68.1666701645
110.508476715,68.0069936962
111.687674029,67.8323925011
112.575294054,67.7672166909
113.357487286,67.7131432455
114.242142808,67.5419180477
114.676417817,67.3129870855
115.128956464,66.9965399991
115.191003997,66.8760811275
115.298978422,66.7302421177
115.122922678,66.5791027212
114.549313201,66.3506228519
113.106636138,66.2861352168
111.711393544,66.2712407039
110.337367833,66.4955455943
108.416136116,66.7877290047
107.270797983,66.9461888543
105.820082328,67.2218939491
104.92893456,67.1838730551
104.101628171,67.1163911156
102.893347947,66.9929716512
102.090176444,66.8491742408
101.29661055,66.7290482985
100.028927222,66.6648070245
99.1583075458,66.7198638876
97.7537697818,66.6611917467
96.8998703962,66.7452612354
96.0148815815,66.7485552881
94.7692174866,66.9402747107
94.0398694209,66.971598908
92.9914870341,67.0331499632
92.3813195744,67.185170717
91.8439934619,67.2779238713
91.2691343361,67.5113856381
91.5981694871,68.1221468929
94.0330734825,69.5615352688
96.2593601448,70.9739654591
98.3464317365,72.194542636
100.401896936,73.4679581875
100.813926272,73.8283551938
101.170307576,74.3152059702
101.411248662,74.534223721
101.604557045,74.7049941246
101.979071197,74.8331734724
102.366094068,74.8938276715
103.070442005,74.9179900463
103.649792754,74.9616087952
104.210186401,74.920288318
105.340439114,75.1118182387
106.205055336,75.2289359622
107.95111927,75.7513044107
109.645578067,76.4727485462
112.200478597,77.7723416042
118.168105193,80.8653405303
123.833362666,83.5619007777
133.933855056,87.2005418602
141.113988872,89.1617113844
148.689476211,90.8015770703
159.89934442,92.8667986776
166.832446907,94.3056975771
173.575547662,95.7406626172
184.047689578,98.3930946506
190.84479958,100.048256215
200.769811116,102.317139726
206.828777857,103.739035608
212.123604735,104.810321065
218.542153784,105.133628691
222.141472869,104.990518341
228.034407268,104.625767656
232.619367533,104.489470052
237.893569502,104.550199199
246.936992794,104.429259779
253.552286767,104.29745306
264.520883682,104.825624892
271.337063457,104.516894999
277.133374902,103.350325417
284.050293237,101.179092299
287.911861283,99.7899498236
292.950284011,97.1968031329
296.454261068,95.5501518901
299.481925036,94.186007321
303.385973023,91.6387698493
305.691290934,90.5344941882
308.696352021,88.2728654816
310.679371332,86.4009872751
310.886842711,85.6245794557
312.000708057,83.7616639479
312.272874109,82.6280396282
312.491701425,81.0645757498
312.141300406,80.6468373192
312.230103319,81.0008652654
310.554018746,81.4172718674
309.611885626,80.7852510835
309.087489359,80.5584247294
307.900590606,79.7122686355
306.97938137,79.2931581906
306.032109047,79.0795044919
305.21081057,79.0534535891
304.821895382,79.3416519947
303.583946127,80.0145653242
302.797354,81.0840988043
301.267740994,81.4843096851
300.532838675,81.6870928414
300.090101273,81.9671811215
299.364933695,81.8710992972
299.222834002,82.0476081609
298.687248709,82.0443310368
298.533127455,82.3092296867
298.217621927,82.2444147716
297.897888043,82.3052784698
297.610122424,82.4359289527
297.533248702,82.4113887857
297.493361586,82.3848723088
297.522991105,82.2901278212
297.540162237,82.0891218444
297.600358399,81.8698700312
297.522321685,81.704219813
297.480016278,81.6435551719
297.398917445,81.5711874031
297.349047559,81.4488215174
297.405605749,81.4132108091
297.650575221,81.3443888381
297.836551537,81.4126145272
298.021729766,81.3823843443
298.280096116,81.3316912699
298.421812199,81.244793619
298.556616893,81.156771653
298.715975884,81.1083872251
298.808174913,81.0121829347
298.853439761,80.9017378089
298.82206496,80.861483684
298.786112895,80.7951957655
298.568794771,80.6921286104
298.496440604,80.6853509337
298.220386413,80.5292064663
298.049892857,80.3937346394
297.864616646,80.3231637754
297.704086862,80.316618395
297.589911155,80.2695309729
297.663864791,80.2047345881
298.166851962,80.1207069395
299.008181072,80.0964856212
301.717374525,80.6596275698
304.591529704,81.7012613258
309.995616929,82.4284956971
314.725312944,82.4137424718
320.127794011,82.6467879631
329.219509814,82.6993138234
335.644176619,83.0139548107
343.827970601,83.4370984958
347.705746823,83.3232151495
350.269440546,82.9274568469
352.206872912,82.3043227414
353.050431985,82.1487484427
354.323871956,81.8861166368
355.442304668,81.8665169971
356.708642784,81.5178441879
358.766044852,80.8995613313
0.224716876504,80.3223763629
2.37533884065,79.833454625
3.69147330661,79.4493366838
5.10094271371,79.2453651591
7.51158037946,78.9347871354
9.51633996737,78.8117332769
11.8192682604,78.5792216993
15.4198533716,78.8612680768
17.8560814433,79.1042165817
21.3182009048,79.8415724295
23.4862160507,80.3121236556
25.4748820655,80.6632537987
28.1811736088,80.968736063
29.8156503488,81.2205659779
32.4043693895,81.2442908802
34.1432601579,81.330347117
35.9092197901,81.4124339183
38.5968662371,81.9112967447
40.6819731084,82.3409377363
44.5678420986,83.5746114983
46.9068031183,84.3571906963
48.5649730892,84.7425954633
50.1038172162,85.1707994238
50.8505516501,85.2722658203
51.9524878142,85.2731060519
52.6335409603,85.1597710707
53.2008008362,84.8635895832
54.1384073366,84.4267871069
54.8788299443,84.1259585125
56.1987175239,84.1154811565
56.945453695,84.279117269
57.6263092892,84.3973269994
58.4131458884,83.9964893246
58.990844424,83.7006270621
59.7902189806,83.1256759784
60.2236583183,82.4698325152
60.4189399734,81.3030124399
60.2602632694,77.0264207143
59.0909877767,71.4238295651
58.4465062168,65.3524642946
57.6322872759,59.8094015323
57.4831610891,57.6266399852
58.0194254455,55.4358380511
58.2220463244,54.6069119738
58.5772685286,53.6867061154
59.1865156491,52.1803410026
59.3256715297,51.3536497497
58.8813101159,50.1117382598
58.313424024,49.3836120365
57.9617682717,48.8988923245
57.8814492375,48.4196405078
57.8445493265,47.941207803
57.8689099221,47.491315786
57.890838836,47.1099186959
57.7253953939,46.8263613339
57.219935368,46.9401674379
56.3365437448,46.8332910822
55.0702864323,47.1960314259
53.9054475025,47.5807399651
52.6818649759,47.9497482189
50.2708168397,47.915296021
48.0402561678,47.9632168816
43.543745282,47.980151537
39.5547130435,48.2754662334
34.144770772,48.2606342106
25.3142646945,48.0937907479
18.8930133889,47.8724119119
9.65880635514,47.1937659731
3.25023047972,46.5214251302
357.33399173,45.7814136364
349.523121924,44.2066906673
345.601247926,43.3051329291
341.564943452,41.8803915379
336.01551787,39.9730284769
332.819306832,39.5704342901
328.04105624,39.2510500146
325.109967057,39.1998902676
321.964968398,38.9659056786
318.174582104,39.3141176719
316.397695485,39.2344241395
314.642351977,39.397642084
314.045315205,39.3756273373
313.409165185,39.2720057238
312.480192633,39.199521352
311.737059195,38.9978849381
310.631469842,38.635246145
310.367122763,38.5524749357
310.092990205,38.3847199506
310.122716337,38.4121384635
310.299708339,38.2484655427
310.82241484,38.0590872678
311.377923901,37.872242512
311.7811542,37.7615568427
312.070941323,37.8505334661
311.962705727,37.916172294
311.362099031,38.3243388775
310.876891095,38.7374627385
310.458503,39.2513156346
309.868839984,40.2657089512
309.313370395,41.096028548
308.271241943,43.7403150617
307.63944757,47.2716314207
306.721734135,51.4521107726
304.842221135,56.1576863451
303.508169292,58.0490164352
302.231111571,59.5665147296
300.762193329,60.8133846821
299.963624299,61.8027996628
298.930904672,63.1860604859
298.459218359,63.8352211989
298.073623622,64.0900588897
297.66025691,64.3357029814
297.581910541,64.5196064941
297.440876885,64.8346295944
297.398118547,64.968598257
297.332561075,64.9293804908
297.026911455,64.4611899001
296.853129725,64.424329077
296.671105928,64.3519029846
296.513016587,64.3370364879
296.422651737,64.3793844327
296.339480461,64.3418759342
296.333478136,64.3664078326
296.390585631,64.3606680022
296.472849132,64.3548335118
296.605356058,64.3955537957
296.792572223,64.4211034486
296.92261534,64.4253392316
297.188287407,64.5154943473
297.449132752,64.5988344361
297.771812151,64.7274519646
298.275812567,64.9505269803
298.720696794,65.1606633673
299.267116708,65.4434265627
299.824485358,65.7422774091
300.691213933,66.244403073
302.566732425,66.9438655586
304.589652702,67.5756717852
308.53835319,68.3498828606
311.587824152,68.9007622578
315.088282767,69.4808350774
318.353465975,69.8226694559
322.735908658,70.4825433301
326.539339942,70.9591423456
328.525901109,71.1308164491
329.997651131,71.289789446
331.605517619,71.6266050692
332.397025604,71.7452531739
333.316274293,72.0435927994
334.513267719,72.1295152021
335.300251853,72.2418904273
336.322999699,72.2606257817
336.938391467,72.1576057163
337.546023301,72.1328324851
338.456778926,71.9643927724
339.084398516,71.9117742278
339.68498317,71.7357646949
339.955421937,71.73584427
340.045286277,71.5659150644
340.0067754,71.5238521305
339.847926492,71.4619854819
338.659093814,71.2485197112
336.876606813,70.8141160179
333.80898523,70.1107391692
328.416718277,69.5172324265
324.954097131,69.4251146635
320.549072584,69.49052898
318.000641009,69.6582022275
315.83032515,69.8116905122
312.994992938,69.8686775709
311.328496167,69.7948343863
308.999498794,69.6369131056
306.729037453,69.4953020092
303.780185932,69.2258164317
298.678155624,69.0317076996
295.356034387,69.5028940918
291.000146549,70.0524454615
288.726774074,70.4758856276
287.040972203,70.6528064043
285.384635934,70.8001961705
284.729348523,70.6366504235
284.192868683,70.5588855185
283.229070934,70.2151056463
282.499976948,70.1044800511
281.293248073,69.5971972041
280.531650634,68.8472144801
279.865975298,67.5581972678
279.496628928,63.9403000933
279.566852143,60.0114318431
280.409647614,51.8720421903
281.481871083,46.5740855162
282.765896204,41.939382077
286.161964117,39.5096723734
287.525271067,38.3198486438
287.096945566,35.5268644777
286.223149443,34.8133123002
285.326796872,33.7399202326
283.990918245,32.3484168795
283.114657155,31.616489324
281.146180953,30.2935888796
279.55814382,29.8720258461
277.915766342,29.8009086252
275.918721959,29.772859262
274.839594874,29.7879255786
273.69330441,29.8282794367
273.043365979,29.7724897982
272.505408788,29.6905914596
271.939199658,29.6214805587
271.495230878,29.6271591027
270.912590149,29.6598860842
270.567856096,29.7389595758
270.109686261,29.7938576146
269.557362375,29.9528318538
269.361617879,30.0479305332
269.198760593,30.1221077882
268.928122254,30.241297329
268.63037445,30.2526066616
268.278608394,30.2491748793
268.067884325,30.3230144215
267.967725942,30.3780266978
267.787847236,30.4990938504
267.784704024,30.7595036616
267.888073438,31.5402773119
268.011142822,32.1057017096
268.171909493,32.7871656444
268.397296902,33.5818835589
268.457391497,34.0562553375
268.553328065,34.7550688283
268.53522121,35.0457957804
268.550755987,35.2587517027
268.753030507,36.078352391
268.882153545,36.8513971721
269.026543401,40.0883933223
268.826599296,46.9607769986
267.363535678,53.5742803537
264.422571775,60.3442128475
262.24276488,64.0418410976
258.361382956,68.3324568489
255.180879874,70.5386003403
251.769071068,72.386357437
246.438062136,74.3684107368
242.792907584,75.0027738435
238.255706205,75.9570280641
235.632364199,76.437002278
232.807036072,76.3162925469
228.874378016,75.8549003924
226.121272309,75.3531577068
222.036198869,74.4546890298
219.251702811,73.4150827846
216.362956502,72.2974987812
212.348635052,71.411846541
210.477604147,71.5688698183
209.07452079,71.8669175251
206.851377884,72.0224089424
205.813712045,72.0356424129
204.431390488,72.1143136375
203.763584516,71.9592071423
202.997955124,71.9567440066
201.821923581,71.9546216908
200.887349051,71.9821299324
198.92180001,71.9690078822
197.412165574,71.9856674181
195.836983377,71.9768597437
193.592080466,72.0413640839
192.052426307,72.028105876
189.774243823,72.0390535274
188.213708311,72.0381161607
186.643944978,71.9581671411
184.39271163,71.8276798526
183.003227418,71.6848383029
181.135267413,71.5671226186
180.006042407,71.592701818
178.898298565,71.7005026645
177.263614654,71.6289948822
176.18682247,71.6261244595
174.548709843,71.4388579262
173.383464886,71.407900019
172.292577443,71.418849008
170.586083736,71.3743076172
169.512148887,71.2751811854
168.052683956,71.1908120624
167.030074378,71.0726768986
166.046357606,71.104927288
164.82754972,71.2426357999
163.982832887,71.300457998
163.156424633,71.3416325252
162.027425931,71.4821854907
161.401313431,71.5186151757
160.617972696,71.40805758
160.072948354,71.3376300625
159.60487059,71.3796287062
158.768365877,71.5284655337
158.158999378,71.5637939924
157.293517482,71.8154492664
156.739338773,71.961592451
156.203716022,72.2458586803
155.376433748,72.4896796621
154.697308152,72.6803389011
153.727801822,72.8778302553
153.027691968,73.0640093231
152.575882894,73.2098329387
152.379145962,73.502477101
152.764625089,73.7848138191
154.142897718,74.2438006069
155.819304319,74.7111836272
158.032485786,75.2641310669
162.315629334,76.1181149272
165.597955576,76.6188687804
170.718527859,77.4031539928
173.554166052,77.6651225394
175.793388241,77.8580369498
178.696379445,78.2354506097
180.271742897,78.2939573619
182.385608561,78.3818717503
183.442185362,78.4265574656
184.506750779,78.489054791
186.386729006,78.7682537394
188.036439397,79.051279333
191.659072835,78.5415942094
195.281051241,77.8094093186
199.485417578,77.0328232874
206.496922932,76.0925330469
211.246431142,75.5884161466
215.821199153,75.4618677076
222.18962923,75.2662743886
226.068494272,75.3790282554
231.090365912,75.3357328233
234.280925494,75.299792314
237.429998581,75.4074526005
241.68851252,75.4604391914
244.149619075,75.4208016344
247.22506636,75.608091778
248.853857468,75.6038900696
250.434993016,75.6966511274
253.01507445,75.5503675107
255.014184228,75.4877450308
258.493993209,75.3711043068
261.118637622,75.4138101795
264.131513467,75.3656994608
269.218566212,75.111816836
272.772068017,75.026970853
277.973761893,75.0179166374
281.182873124,74.9902917591
284.040149151,74.988488204
287.783863768,74.9588799968
289.85363289,74.8538320872
292.309325308,74.8142752224
293.678392787,74.7538874089
295.040955051,74.6788300869
297.096903322,74.5172285367
298.673405471,74.3882191759
301.052709452,74.1761320764
302.579987327,74.0211410516
304.147024487,73.7285470358
306.461374413,73.6347433768
307.956566509,73.5277372041
309.440706147,73.4602033798
311.555039806,73.4182468788
312.980948114,73.4299839997
315.018511838,73.3152390912
316.377854478,73.2526393495
317.515390633,73.1742210486
319.268357706,73.1818004371
320.701799676,73.3339559894
324.477387267,74.0946210722
328.016375326,75.5386821071
334.442685674,77.1866284191
338.527825599,77.5994198616
341.656078045,78.0644100071
344.966179562,78.1982306319
346.577519907,78.1250597977
348.227949476,77.9743048493
350.822817553,77.7833891253
352.906400617,77.6490664793
353.535463942,77.7218268084
354.910416786,77.9103152793
355.674312056,77.980588888
356.790650217,78.1740019036
357.562814191,78.0903528355
358.505247228,77.7617215787
359.223337257,77.593828468
359.875019339,77.458341633
0.730921488608,77.124371855
0.883316001962,76.8245506749
0.00391398584051,76.1839598397
358.086812344,75.496468051
354.910464412,74.6946767719
348.142834806,73.4942771805
343.160011678,73.0897354698
338.981153256,73.2673839071
332.648474381,73.3547885656
328.644699082,73.7321855927
324.049303276,74.4139883661
321.730094017,74.5798617359
320.090937442,74.9611814579
317.48476095,75.1394236143
316.300427585,75.3405270014
315.039463406,75.2616736935
314.322883148,75.3900333174
313.833829631,75.4276784039
312.954271319,75.4340065422
312.447032863,75.5806266731
311.414832803,75.7915569366
310.489016406,75.8870321173
309.570390455,76.1765536657
308.121567948,76.3945834954
307.188529662,76.7615702452
305.7100233,77.5311893604
304.830917693,78.5661668827
303.932577811,79.4508257199
303.137962616,79.9379911768
302.43363864,80.7210855512
301.982481136,81.0906511647
301.805234303,81.2231495539
301.716456966,81.20448084
301.587912036,81.1080369186
301.609987422,80.9383627337
302.490580015,79.9967041094
304.299610697,78.2019732974
307.851446299,75.3848613183
316.027214419,70.9384857524
322.355294382,68.3296965821
328.605913482,66.5454186756
336.808444414,64.2587251234
341.226592873,63.4096388239
346.350282933,62.0338057
348.946774078,61.637331207
350.980696469,61.3300083355
353.507575482,61.6606704879
354.753687978,61.7477381978
356.107237956,61.793174193
356.766226814,61.826229185
357.303584968,61.8055236015
358.050217988,61.7076477428
358.501999179,61.4937291722
359.290623588,61.044200069
359.707158324,60.789416074
0.191231894267,60.5476959638
0.957963113876,60.1572708642
1.34002760242,59.918392313
1.77694967035,59.6795638569
2.06099926983,59.5168937231
2.28037905194,59.4085063151
2.54467196198,59.1904462481
2.67454312855,59.0721792229
2.72614474177,59.021494702
2.72736900705,59.03585941
2.6633072182,59.1060234163
2.50089566653,59.1826751143
2.40826031259,59.2063259173
2.35847147023,59.1901197726
2.67800069279,58.9297729814
4.00480996694,58.57838192
7.62736834025,57.4556650426
11.1914078462,56.3220424664
17.0530313739,54.4686496618
20.3817259267,53.431513499
22.9209296311,52.5639747322
25.2580059222,51.6033080874
26.1960104495,51.0083030736
26.7527365726,50.4426213159
27.2723733757,49.8378273826
27.5755934727,49.5677070971
28.0331448539,49.6044289378
28.4834816303,49.6436990386
29.0452193917,49.6972345549
30.0188532669,49.8540598262
30.6087184719,50.1302262535
31.2539713843,50.305225801
31.4365528976,50.3971434575
31.568559954,50.5008027803
32.1139818043,51.1341240797
32.432088301,51.4851054197
32.7851288235,51.953865307
32.6993283507,52.2400835302
32.5741546594,52.6417155502
32.3436966988,53.0412938524
32.175960373,53.3765898087
32.1987828668,53.7446281829
32.5034025495,54.1729790744
32.7047950802,54.3702438255
33.1600821357,54.9407471844
33.4552046018,55.5204697948
33.918898035,56.1401905107
35.1000958999,57.8744992096
35.9512947859,59.1188535357
36.7143640862,61.0465882479
36.9241008843,61.9431504112
36.6588224353,62.4098341452
36.3788401119,62.4573422692
36.1289813569,62.8143826289
36.0934873658,63.3243752137
36.0492530805,63.2807350669
35.8558272598,63.3938490067
35.3900452069,63.0847782879
34.6369232286,62.4550193441
31.9216338575,60.9215439726
28.2003573233,59.3118949772
23.1853630183,56.888672067
15.1840709807,52.9192156508
9.87159155918,50.2728115424
3.89138374104,46.3262038908
0.728757398941,44.5217575738
357.928684752,42.6849346471
355.228313402,41.7318143563
354.134908798,41.127571503
352.678726495,40.5572701655
351.763013659,40.3080637103
350.720346949,40.072606458
349.255345751,40.0095687166
348.544892312,40.009328354
346.905531493,39.8696252621
345.581580621,39.8678264916
344.331160092,39.7318905151
342.930744152,39.6901995198
342.0187287,39.6666208019
340.895496968,39.8021206678
340.283399387,39.7915555794
339.940703413,39.8208325921
339.628743824,39.8599040186
339.487112785,39.8584226129
339.326464336,39.7221994642
339.306475098,39.6265439953
339.372182387,39.5800935407
339.245183777,39.3298083262
339.086002147,39.0880522036
338.834085293,38.833992841
338.575002208,38.7313367975
338.221971089,38.5628281404
337.573895961,38.4098148494
337.016603734,38.3843736789
336.313515385,38.3787511666
335.142277304,38.3768349616
334.141956533,38.3678477751
332.34077625,38.3338742297
331.024979778,38.2475130872
330.360232101,38.3451761943
330.127512247,38.4199117032
329.642023263,38.4460106899
328.232787417,38.7926526998
327.154860051,38.9658477758
326.19690447,39.238166485
325.400900141,39.5363495331
325.023761678,39.8126656594
324.645808512,40.2164519127
324.241010466,40.4957158803
323.822669445,40.828374462
322.992221429,41.3167853697
322.448086436,41.7059437325
322.319051285,42.2136752643
322.656874043,42.455900809
323.258408471,42.8070167632
324.128815154,43.318668954
324.622278672,43.4778734564
325.024707205,43.8825328975
325.080133632,44.1261430441
325.112927766,44.4018524007
325.1580519,44.7528113709
325.294447762,44.9865725916
326.107251232,45.570112842
327.044900166,45.9784763174
328.177349824,46.4523922705
329.763363906,47.4006447447
330.974813981,48.3607739295
333.429593911,50.8688901964
335.230271807,52.6290269758
336.831073681,54.1941176561
338.637741609,56.0173392164
339.605890005,57.2848832774
340.396868624,58.2167156177
341.473458747,59.1567228671
341.989875568,59.7588252747
342.915383354,60.6561027062
343.635297119,61.266359267
344.175798342,61.969901669
344.663135623,63.2404335969
344.880498235,64.185509595
344.718047266,66.0802956023
344.602448043,67.2083142087
344.44465559,68.5325458222
343.821891866,70.7394722922
343.382426444,71.9943960212
342.776324137,73.4871496959
342.635771664,73.660009192
342.701519064,73.4571606702
342.441693065,73.678908477
342.378196606,73.7003470569
342.183677379,73.9725038894
341.997026747,74.3696222529
341.918625661,74.5629463992
341.728555851,75.0085712791
341.602113234,75.3141227449
341.586554709,75.6104393245
341.562465201,75.8616565583
341.582343487,76.1300297496
341.633475105,76.3242513149
341.677600589,76.4741999903
341.68498036,76.5760695209
341.584221458,76.6637306578
341.394837882,76.7009282305
341.225795943,76.7052127031
341.138519188,76.7976726276
341.106407621,76.8357739248
341.12889847,76.8008131003
341.147842735,76.7937072001
341.162672705,76.8120832752
341.181605867,76.8111538247
341.209367299,76.8950079424
341.339633994,76.9359755605
341.437336724,76.9640218042
341.620083756,76.9794723695
341.847357352,76.9729655298
342.092352971,76.898740669
342.980192663,76.8149757837
344.492467618,76.6948447195
348.729708525,76.4908454065
351.634304703,76.3849178576
354.303854613,76.4314078185
357.250388058,76.4940222777
358.686767246,76.5203624004
359.963707223,76.0356518904
0.374825273358,75.5934054828
0.578662131415,75.3209868311
0.549995496771,74.686468642
0.364127653423,74.641531596
359.615893292,73.9747883858
359.15697387,73.5622869992
358.823209375,73.2220983242
358.742197284,72.6931222455
358.731073208,72.1882972943
358.602278551,70.8167637132
358.237110089,69.1725114333
357.360464934,66.5374967673
356.072559956,63.959713393
355.467751091,62.3847536504
355.343674996,61.5197517357
355.471550975,60.3201386609
355.796315672,59.8716286242
356.277632902,59.4264451998
356.397297327,59.4202523281
356.521022877,59.3913425909
356.73739197,59.3795447378
356.904226759,59.3742794365
357.157605293,59.3464492454
357.300649792,59.3548672967
357.394916291,59.3028126389
357.444451651,59.2473196996
357.471011934,59.2128613261
357.524198647,59.2247976687
357.568492195,59.3518163175
357.60485813,59.5177408142
357.58920506,59.8749500951
357.515311174,60.1836711072
357.446392783,60.4073629904
357.391361435,60.5024897012
357.356651504,60.6230245764
357.252086169,60.8022730655
356.975080836,61.0011069325
356.648428912,61.2081129868
356.316133288,61.429249946
355.822468654,61.6008922948
355.074655953,61.7124645108
354.513877732,61.7827490352
353.681786641,62.0141609345
353.002137118,62.1526061967
352.287100156,62.1142026924
351.121199285,62.1190000822
350.196660845,61.9954439366
348.651943673,62.0051516796
347.581970106,61.9137136256
346.483977751,61.8940449262
344.848913168,61.9601270056
343.316533699,62.0558476955
340.92514126,62.1080790339
335.863687497,62.5733988315
331.666902696,63.8334830278
325.300774094,65.8063085701
320.699315007,66.6713061544
315.729439981,67.1196573866
308.646952038,68.4041473888
304.254821516,68.9423744463
298.364825845,70.1548171181
294.535829111,70.493383338
291.023041451,71.0929352524
286.872773268,71.9620531188
284.672611108,72.3323945068
282.84010262,72.6858061935
281.955089901,72.7084157328
281.440433943,72.8915549863
280.768292318,72.9506609832
280.400099386,73.0425199193
279.844847731,73.299836907
279.530536213,73.4484582085
279.44863992,73.6133331423
279.218481444,73.737136272
279.083414377,73.7946597016
278.833038163,74.0777420129
278.734785796,74.1316518625
278.647960287,74.2765657486
278.491942598,74.3523809313
278.399130503,74.4423038033
278.397883154,74.5756369665
278.392006415,74.6654883614
278.394070066,74.697991897
278.465125997,74.7801946987
278.444258989,74.8883724783
278.197841454,75.129081637
277.282162854,75.5986861789
276.299563521,76.1318583189
273.962182648,77.0381353846
272.280285515,77.6798051354
270.414708778,78.343831512
267.298877178,79.4915233978
265.280121881,80.2055560567
263.124150483,80.9350281266
262.462657863,81.4624198032
261.951959372,81.7730134672
261.518922798,82.0952694086
261.104233047,82.4089220831
260.704570007,82.5626741395
260.568554673,82.7969899993
260.535679056,82.8830217877
260.618726884,83.2246662942
260.760208801,83.4037758296
261.097046687,83.645991429
261.257513449,83.7034468626
261.39572789,83.7897652245
261.54093411,83.8939439757
261.681460137,83.9811110916
261.914577758,84.0376517632
262.282102412,83.9978553639
263.144045546,83.730611261
265.573516658,82.7136560692
268.507750296,81.5162675284
274.805562074,79.4132460753
279.683248429,78.2410373005
284.947747756,76.6810211841
293.180094386,74.9474098998
298.683508493,74.0666447699
308.191077762,73.4553625416
314.562859147,73.5913637946
320.531575324,73.3536491971
327.877566704,73.564382645
331.89407197,73.6194984116
334.985124667,73.5895359669
338.391500584,73.1436621182
340.04187118,72.9406734442
342.065404941,72.3931785934
343.104757818,72.2693739389
343.738495788,72.2544449082
344.933333233,72.0653147548
346.081596387,72.040462211
348.237362352,72.0379846396
349.683955004,71.8659291887
350.981196234,71.8174760644
352.670793106,71.745981709
353.751510819,71.7923021363
355.398262783,71.7184027913
356.45944387,71.6691513172
357.45714339,71.533455435
358.733361522,71.4753766735
359.416462543,71.4553834256
0.384086043486,71.6452940604
1.03917957366,71.9595885896
1.5701468023,72.1385828436
2.15706356132,72.2555838954
2.55401023611,72.4648399604
2.88134830906,72.5476415287
3.08398746588,72.6610689735
3.1228841634,72.6866172885
3.17086152178,72.7009101123
3.17608247879,72.7699641361
3.03487991445,72.6926889653
2.67285091546,72.6661020353
2.61217248824,72.7076792583
2.81325768554,72.871483861
2.98822678587,72.9588748356
3.11782603412,73.119337509
3.10163848041,73.2572892791
3.01797448817,73.3724992397
2.7385491686,73.7366830162
2.51436440887,74.0764872857
2.20391034562,74.4671705759
1.72872957497,75.0204721314
1.35487722404,75.2889747943
0.753716518804,75.5540776002
0.361718060508,75.5871034766
359.918106269,75.4931827512
359.24120407,75.4681134908
358.653934677,75.2483780834
357.738846214,75.0262658288
357.096479968,74.8816751298
356.456389757,74.7138311336
355.531563212,74.5377434732
354.948070674,74.4153398365
353.903275591,74.2411085729
353.240895172,74.1777606611
352.53457389,74.1361353471
351.540038579,74.0782180657
350.839655502,74.0156870078
349.898120244,73.8151925298
349.29104351,73.6702612812
348.784186536,73.4705177139
348.226236695,73.2648073819
347.855531107,73.0856743114
347.350619772,72.9213355592
346.968830173,72.6872154185
346.569007696,72.5929604312
346.167634408,72.5296365002
345.879556531,72.4268249774
345.416817488,72.276333286
345.265708307,72.2257530746
345.101458254,72.1256060162
344.86732112,71.9894567854
344.754417825,71.8618301773
344.67824372,71.7334355221
344.64034751,71.5757227623
344.663236334,71.4916799784
344.697541648,71.3799523668
344.723026073,71.3106683408
344.769985087,71.2591697288
344.88104178,71.1956119187
345.030250608,71.1746232907
345.400860808,71.1114153033
345.720611326,71.1095558276
346.096831076,71.1359311338
346.767025377,71.106883678
347.303545056,71.0086515537
348.07408302,70.9073312819
348.643487206,70.7493671275
349.215414041,70.6834281464
350.113692563,70.6595534245
350.762370551,70.5714021771
351.798374351,70.6154409202
352.539773633,70.5953797431
353.331548218,70.5721058439
354.498665913,70.5637041236
355.342224971,70.5551776918
356.528186997,70.5732938519
357.330420854,70.5485532752
358.117327321,70.4643330786
359.289593551,70.5017762828
0.0714134962425,70.5704723385
1.20860608941,70.6257864647
1.93970223619,70.6675259948
2.69345724115,70.7877592048
3.79513454978,70.8371914935
4.51093855958,70.9567326883
5.21886458075,70.9758933357
6.24038940534,71.0628010819
6.87981500926,71.0466033323
7.72215968797,70.9719747428
8.20620543007,71.0132593879
8.71269855049,70.9957435546
9.48647850373,71.056389049
9.96952958652,71.0705861357
10.7258572407,70.9621958887
11.1755825055,70.8213565197
11.4593921079,70.7104998571
11.797405287,70.3356924191
11.9037379247,69.8891419601
11.9323832281,68.9145584601
11.8369352243,68.3962937379
11.7333378648,67.7985829196
11.6393858922,67.4559391413
11.593199416,67.3786332569
11.4962109356,67.1626584153
11.3549029281,67.0754565266
11.1340891518,66.9827733472
10.824978454,67.0220280641
10.5651150383,67.0213423236
10.330381485,67.0555673937
10.1665498969,67.0315672083
10.0055321614,67.0037923048
9.67443381109,66.889464353
9.46062031282,66.867083836
9.07329657077,66.8165762748
8.89509237884,66.8139809128
8.82619224389,66.7869940657
8.76276146034,66.7405383674
8.75545281815,66.6993557633
8.71216263098,66.6323939825
8.65964756318,66.6115152609
8.61241507572,66.5952343123
8.58556542432,66.5768635846
8.58568666792,66.5906372826
8.60999619001,66.5991859139
8.58485097804,66.6131943904
8.57092544624,66.6466494797
8.51251887287,66.673434921
8.47725193632,66.7112718309
8.43396280453,66.7062726907
8.2882576462,66.7516349113
8.17339487245,66.8339582895
7.85859077209,67.0236461052
7.55608083169,67.1434003254
7.19986852316,67.3562164578
6.86160826348,67.5545505305
6.80505427008,67.6835802168
6.66280137555,67.8337827208
6.50478420848,67.9559267237
6.16629645248,68.0662609632
5.49472536315,68.3002193201
4.94917848429,68.3945014349
3.96382142228,68.5284477135
3.26881537994,68.5121756473
2.506806247,68.4402028539
1.30664049455,68.4308657278
0.467338112306,68.4527449317
359.143457471,68.4407779286
358.203990614,68.5285297942
357.226196131,68.5320368092
355.717881879,68.4978932102
354.752440962,68.4167339963
353.425832365,68.38227097
352.538948498,68.3095509347
351.706411006,68.2510536538
350.500413103,68.0995773984
349.676627279,67.912419799
348.896235034,67.7992277506
347.813067459,67.5880500946
347.188722171,67.5298570418
346.180895798,67.43094873
345.563626708,67.3978989819
344.837631399,67.3576522404
343.83214971,67.3026906272
343.130095648,67.2510959742
342.176342121,67.2240129125
341.569765606,67.2539641835
341.040880515,67.3361704084
340.3828428,67.3656203573
340.222558312,67.3898028429
339.895524034,67.4626236489
339.685029173,67.5001803789
339.453486348,67.565330727
339.254929512,67.6065263639
339.138046332,67.6679586334
339.025325217,67.7153656738
339.009796236,67.7698422797
339.029682433,67.8120660222
339.177361965,67.9258738993
339.3341354,68.0224782288
339.634453003,68.1202157131
339.881279065,68.1976212497
340.118383908,68.2614525219
340.556714613,68.2392312128
340.75892851,68.2409766356
341.489821447,68.3154324972
341.968731585,68.3471889269
342.45312652,68.3543235977
343.213010264,68.3442503685
343.740388648,68.311357053
344.253067405,68.3514499256
345.20695746,68.3425504117
345.859033847,68.3734306484
346.931447757,68.4018052079
347.649282184,68.4421857226
348.339345931,68.5174087524
349.425667018,68.567614887
350.121620216,68.6321756018
351.289770915,68.738812667
352.040350737,68.8695723471
352.782200438,68.981920274
353.833932589,68.8546776768
354.609028888,68.8968334042
355.912443621,68.8521902492
356.754439995,68.8666825119
357.550048562,68.8935352493
358.848799357,68.8912299452
359.662078084,68.8985557512
0.68724583491,69.0093576593
1.33249113502,69.045124996
1.9770438873,69.0782124527
3.01811869134,69.1768278216
3.73980476035,69.20714246
4.93808004658,69.2059612828
5.72507868734,69.1715700301
6.481285648,69.1372187995
7.70944274704,69.0744502957
8.4697980373,69.0718713606
9.60167200706,68.9803000522
10.3951128311,68.7620009678
11.0680040049,68.7261242066
11.9536555828,68.630177454
12.4905612142,68.699827958
12.9780049369,68.724406192
13.5883966678,68.8692043968
13.956321776,68.9441479031
14.2058082116,69.1673142315
14.2811527942,69.2818339528
14.3070475599,69.3625990942
14.2669520674,69.5416407768
14.1460680624,69.6130621193
13.6999806699,69.7349272514
13.2772734872,69.744564333
12.9271773147,69.7279581563
12.3324470173,69.7318242073
11.8462629217,69.7563102997
10.9872183882,69.6895043399
10.2336197102,69.6543145283
9.4480300076,69.6856262663
8.22549159969,69.6418491958
7.61303423397,69.6593565004
6.74446083713,69.5044529904
6.0738404773,69.4219113292
5.28371562468,69.2634460035
3.9141224048,69.1865620143
2.88291917312,69.1034201733
1.24544998859,69.06985299
359.853412885,68.9506800362
358.495713735,68.9211606036
356.278324909,68.8018081037
354.871620422,68.9264168219
352.436698579,68.9434971666
350.475423657,68.967204575
348.082993108,68.8059332677
344.297565631,68.9189057303
341.577977494,68.9406057215
337.64561466,69.2487391845
335.343410724,69.3972366274
333.221882601,69.4793819574
330.811372943,69.7315526609
329.417492271,69.769522364
328.226242256,69.7930501234
326.666016679,69.8204379867
325.817926474,69.6747066819
324.613296317,69.5797306917
323.815758784,69.4123370589
323.103934018,69.3553919478
322.130230243,69.252722869
321.383198895,69.2233321995
320.129785723,69.1156514315
319.309608238,69.1200957982
318.54477286,69.0764016712
317.236747409,69.0596145184
316.438052004,69.1836851726
315.122025848,69.3257737232
314.098279409,69.3795582668
313.130894656,69.5283569108
311.727390766,69.705344801
310.953746517,69.8279523567
309.882262976,69.7522739443
309.357131648,69.7912352836
308.951890351,69.7602244907
308.278703008,69.6439891533
307.739795923,69.5575632791
306.990650694,69.4529771517
305.900509605,69.317141728
305.023424715,69.1535152186
