174.790962223,99.3867456238
173.688603889,99.1132641274
173.970413174,98.8658747593
174.400914345,98.5055719015
174.990982525,98.1884776739
175.365494332,98.1885956952
175.640661324,98.194007181
175.988500405,98.182914813
176.177443946,98.323821962
176.433548835,98.6146992834
176.985297833,98.7539087431
177.933829748,98.9746335941
180.575334308,99.1742146694
183.449129534,99.2975602073
188.034843963,99.9570636631
191.22591691,100.014258335
194.545520591,99.8386877415
199.383231461,99.5116033406
202.298293886,99.2992702092
206.406459216,99.0126984506
208.877517603,98.8607610969
211.283953352,98.7287470923
214.688956685,98.4696860096
216.872715684,98.1181683904
219.986262634,97.3512388408
222.217463045,96.8854988915
224.308791165,96.5346043404
227.211237312,95.9570906955
229.130465245,95.5233741096
231.980122266,94.8272591673
233.703316402,94.7666863966
235.181964562,94.5754032725
237.301099545,94.1171582641
238.770516973,93.9177981517
241.066400345,93.6385507781
242.745022993,93.4928818194
244.338666681,93.3277271893
247.134389083,92.935433505
248.91006158,93.038933102
250.56783877,92.8897434059
252.895296388,92.8384808867
254.297193481,92.8911858059
256.391780437,92.9090017795
257.862305922,93.1443076603
259.567146943,93.2948468185
262.513434098,93.2680341434
264.64543901,93.306682181
267.690319815,93.5321845496
269.6096366,93.6373176142
271.520617694,93.7209812269
274.599411477,94.044024203
276.702363199,94.1449754298
279.65917349,94.2860335672
281.415972163,94.2772957336
283.065748792,94.3041185266
285.109938241,94.4332509931
286.292940413,94.5249594308
287.718935913,94.6714696921
288.578527129,94.7262744806
289.275336012,94.7003234849
290.029058785,94.7357694595
290.393482495,94.6682503653
290.791147371,94.5778864412
291.02218423,94.5547955478
291.24858317,94.4974669055
291.558537826,94.5556199981
291.697446917,94.7415401003
291.657629837,95.0746506552
291.627317947,95.2584433084
291.535644098,95.5089781446
291.191531349,95.984912336
290.791331766,96.3617270053
290.149113883,96.8343814989
288.546562428,97.6356003613
287.105659117,98.1238911779
284.588785863,98.1402130463
282.743928126,98.3973654992
280.818316597,98.5415553465
277.519523008,98.6984490201
274.769811313,98.4813463883
270.108251333,97.5384908942
266.339921284,96.7126326366
262.192915803,95.7017275977
255.087354124,94.3792222102
250.255787244,93.7310598032
243.394922998,93.1189164896
239.104067122,92.9843139516
235.062874482,92.8347873535
229.452059994,92.6459326614
225.735089317,92.5755043842
220.126177576,92.4745159918
216.73301791,92.3022302587
213.550338391,92.2238492647
208.742588746,92.2203477518
205.482811895,92.0787714258
200.820621683,91.86090707
197.450865461,91.7843545147
194.207536327,91.7131660648
189.878313821,91.5774307199
187.086425218,91.5935907219
183.047492583,91.547899718
180.418537297,91.4684269106
177.771214609,91.4574561351
173.851698734,91.377631058
171.494687233,91.2499236518
168.273964391,91.3734287741
166.379872305,91.4419522959
164.442022861,91.6287424815
161.424830944,91.9633086173
159.347486155,92.064144692
157.127155575,92.2573288188
152.921334503,92.6069580866
150.009364336,92.7731307574
146.146805234,92.9995707556
143.515115848,93.3437169394
140.934503844,93.4034230865
137.023504145,93.343853715
134.400904521,93.4036026416
130.318836936,93.7078509637
127.778532572,93.8409568333
125.337561389,94.0205602789
121.619900606,94.2776864781
119.117667904,94.4790330368
115.013319312,94.7377642366
112.203432906,94.9424901571
109.581541445,95.2280561494
105.697548663,95.8252279981
103.010458255,96.1767717895
98.9249373977,96.7579017515
96.1228192069,97.1849136851
93.1645488169,97.6066009703
88.9083607495,97.9203057288
86.4477623787,98.0628797344
83.045724916,98.3045105969
81.0269171833,98.423190638
79.0673965616,98.4881234453
76.1037981167,98.7659577554
74.0038006774,98.9133872263
70.6960698716,99.1524804662
68.727005685,99.336915253
66.7638971758,99.5184454681
63.9519730472,99.7355530199
62.128141347,99.8205532078
60.3835296862,99.8858247873
57.7433244804,99.9786901019
55.8463411896,100.005303726
52.9995088521,99.9990445351
51.2839772001,100.029682792
49.5906688472,100.063774674
47.1721310314,100.093980767
45.574262666,100.151288323
43.1055296569,100.306924267
41.4001842623,100.481683347
39.5579473667,100.530053487
36.8026646334,100.529637339
34.8198724181,100.493883965
32.0885347083,100.506620167
30.4418399223,100.638915883
28.8415929708,100.715144659
26.3665426924,100.795139137
24.6428609203,100.78724702
22.0566776005,100.805224815
20.3919779064,100.786290145
18.740670691,100.71269871
16.3360403365,100.572834669
14.7287924657,100.44625527
12.4311628171,100.278271819
10.8992466151,100.208643251
9.30686367023,100.084905479
7.03091594263,99.9484810001
5.47263986956,99.864268115
3.1992139372,99.7381420782
1.61220673736,99.6087883215
359.997266164,99.5750574259
357.638598448,99.5767100782
356.062966743,99.6296772377
354.448928623,99.6681398054
352.154926479,99.713847057
350.540861115,99.7728596046
348.166412144,99.8734180025
346.587578433,99.913408653
345.014981087,100.001032151
342.630495754,100.040182052
341.103690316,100.087343184
338.777537719,100.076318662
337.365665855,100.060161687
335.944566679,100.091000602
333.926409295,100.04312309
332.558364004,99.9844742004
330.446304164,99.8140654289
329.017033986,99.7638596601
327.665072078,99.7008304088
325.728176358,99.6806291168
324.517547907,99.6864572716
322.750266485,99.6139393627
321.621940025,99.5465490638
320.478765511,99.4930139087
318.717136586,99.390953742
317.631208122,99.2694954576
315.82630323,99.043715587
314.578735896,98.8130915804
313.446408827,98.6053634757
311.977909448,98.3099833659
311.140049043,98.0808844953
309.946838446,97.7509538572
309.262469242,97.4945945144
308.631139365,97.2190765466
307.761398628,96.9073640163
307.191150613,96.766555588
306.447742238,96.4145226115
305.983195343,96.2229320221
305.575199813,96.0075483088
304.979501215,95.7034667503
304.632854335,95.4940595087
304.321486316,95.3466669679
303.957014985,95.1662173224
303.793697891,95.0730657248
303.63492218,94.9803438458
303.559103455,94.9172842515
303.458820691,94.9405412832
303.235849544,94.9885399592
303.021774957,95.044128058
302.684177607,95.220785839
302.555403037,95.2796330911
302.461516592,95.4816023478
302.515757167,95.5421889422
302.534183277,95.5618517007
302.602895067,95.5742909612
302.693712996,95.5374385925
302.830088566,95.4134081764
302.909217355,95.3203004495
302.91629444,95.302107239
302.876729012,95.3043553373
302.849502623,95.2675019001
302.823059708,95.2389020786
302.754044562,95.26763178
302.668111046,95.2823671096
302.592197073,95.275630111
302.532501842,95.2858720145
302.466800208,95.3250416953
302.293754699,95.3090702768
302.168225887,95.2630932347
302.074975696,95.1906703374
302.034652509,95.1620659995
302.009035644,95.1430970606
301.941530976,95.0945931968
301.849289263,95.0209817831
301.738280771,94.9470188531
301.320086898,94.823201619
300.66698372,94.8086802169
299.206086469,94.5290716658
298.073530353,94.1563430392
296.924378227,93.9124012759
295.250094529,93.643568151
294.210713642,93.4688991089
292.537779159,93.2011464058
291.449520066,92.9635693738
290.431897328,92.8093835655
289.014090794,92.6835215266
288.109574739,92.5965830309
286.701057847,92.4396773117
285.845231554,92.1673979329
285.002535293,91.9928329035
283.7603848,91.7006072907
282.888374962,91.462622429
281.081010876,91.14437955
279.203368306,90.5639975351
276.62729756,89.9675795506
273.907183414,89.6553536833
272.458070657,89.6379913729
271.058199617,89.5473176655
269.199188606,89.5764672471
268.307525351,89.6824524973
266.922518523,89.76939274
265.868317491,89.9434624293
264.079872657,90.1902054924
262.616250827,90.0332865625
260.839592494,90.0668802281
259.283881493,90.2698239052
258.704135539,90.2979091894
257.857627289,90.728838335
257.149441375,91.0312603083
256.406682508,91.1817912414
255.656266608,91.3753441868
255.441595198,91.5968911288
255.348193705,91.8220580711
255.174507608,91.9264879613
254.836157028,91.973503834
254.496770783,92.065573004
254.151334125,91.9411842329
254.009072516,92.029897636
253.858108322,92.1781351649
253.695074209,92.203012955
253.631638789,92.5296136271
253.624690936,92.5898507043
253.517713736,92.5449027253
253.668469284,92.8576754545
253.716281729,92.8695972405
253.716507578,92.971312585
253.858496404,93.0679507286
253.955967253,93.1581447944
254.018204812,93.1615708478
254.076629482,93.2267426175
254.318381625,93.1624268671
254.51145474,93.2355490673
254.825407703,93.2898673297
255.328443427,93.4340890358
255.554979483,93.4302293344
256.102945764,93.3624839593
256.545853052,93.1386136896
257.516602173,93.243287407
259.572035255,93.3517056165
260.921366966,93.2149861557
263.229110793,93.7577500276
265.794527394,94.147396325
269.059193442,94.6579645981
274.142427956,96.2214625765
277.818765338,97.0366751736
282.792624357,97.674788597
285.930155629,98.2850564832
288.874334687,98.561201488
293.409712759,99.1180639689
297.137007181,99.1534127847
300.638577921,99.1080297502
305.979283562,99.4557229752
308.584293206,99.5829182285
312.299251526,99.9085719238
313.982180563,99.7211625914
315.915772215,99.6873404445
318.981937471,99.6193812499
320.891930254,99.3851284264
323.143392541,98.9093635399
324.563943845,98.7366488886
325.845139371,98.4988495111
327.84608721,98.2642410137
328.799248018,98.1715684785
329.818966073,98.0447271118
330.515545343,97.9385703467
331.290661561,97.7877209829
332.112847345,97.6276786568
332.913121033,97.3663845099
334.038292997,97.1514413398
334.920997504,97.0488291047
335.691121804,97.0343881923
336.61344386,96.9172471505
337.046027554,96.7463130944
337.744450382,96.463983302
338.184800538,96.3188392883
338.583684878,96.3244250357
339.379992607,96.1827329052
339.834873172,96.2101856669
340.532303633,96.3177611301
340.982366395,96.3464051272
341.257727923,96.4790147906
341.889766402,96.5591130819
342.379155975,96.6585770392
342.927902631,96.7297824956
343.621876824,96.8137756624
343.94745042,97.0240567977
344.365020578,97.0711169593
344.692638998,97.020920128
344.909598036,96.9880201878
345.162402812,96.9515007986
345.271224788,96.9084937571
345.402107005,96.8662073086
345.469790467,96.8240551675
345.5202407,96.7669435668
345.628032622,96.6966219588
345.715875113,96.6620181715
345.835051689,96.608063484
345.899057821,96.5845419135
345.945745595,96.591692283
346.033577372,96.6436193993
346.085554149,96.6700333407
346.151574046,96.7491015197
346.179637244,96.8260614883
346.177849753,96.9051763557
346.217488376,96.9890838625
346.223162456,97.0255936231
346.125035416,97.0618544924
346.050475446,97.0907325281
346.000074837,97.1069881152
345.910346972,97.1351319607
345.848529456,97.1120973461
345.753098108,97.0960692764
345.631842848,97.0793256701
345.517206431,97.0408865564
345.203916678,96.9506418333
345.051176621,96.8986623249
344.923064558,96.9142343719
344.734936452,96.9814830264
344.628238657,96.9853959249
344.377311267,96.9709766833
344.251860824,96.9580646406
344.08122862,96.9834060078
343.777059356,96.9617551002
343.676270803,96.9627584921
343.395948821,96.9586464075
343.253498245,96.898710974
343.06651038,96.8357271094
342.863529303,96.7827705862
342.684754647,96.7079110834
342.394688758,96.6226837202
342.276709492,96.575061089
342.063371715,96.5144970201
341.895490524,96.4498931684
341.840588668,96.4290739371
341.733792301,96.3897622889
341.638131477,96.3566098999
341.536111549,96.3324838002
341.452042073,96.3026266814
341.448142398,96.3066032047
341.454991539,96.3179208168
341.454464329,96.323611288
341.460960034,96.2907910517
341.436684075,96.144066503
341.471673583,96.0081348057
341.599706383,95.7697836763
341.67819907,95.5898029852
341.78830104,95.1625678719
341.811150356,94.7527984804
341.786488309,94.502533115
341.718522071,94.0875384877
341.729765987,93.8043948478
341.774671294,93.4234672733
341.658595689,92.8363835172
341.596501914,92.4127071015
341.497918565,91.7863822748
341.411621655,90.9354229748
341.502625266,90.4604908653
341.608933478,89.5281259106
341.67520819,88.9307306147
341.712528805,88.0390362558
341.694165966,86.3424203006
341.748516806,85.368758382
341.756686908,84.2159879421
341.728298318,83.5243706509
341.715017744,83.066247957
341.704337708,82.621344246
341.652753093,82.2900595156
341.644946564,81.7972557755
341.612818481,81.4536573801
341.587925991,81.2723097647
341.447680533,80.866566595
341.387432567,80.6796258154
341.51273507,80.5602513446
341.46010476,80.1715975918
341.033668269,79.2375892821
340.309407646,79.0197462294
339.73218029,79.0266022498
338.7004305,79.0103461467
337.556166212,78.6816417121
336.268454813,78.2803183744
334.403366199,78.0599723099
333.069175026,77.7129574389
331.335526078,76.7963202248
330.422436186,76.36145894
329.567440213,75.7188485948
328.222241806,73.9541300776
327.507995264,73.0079870436
326.882716857,71.563915943
326.63982696,69.2458545586
326.651097677,67.4034852856
326.258570107,65.1520817957
325.544545279,63.6077314831
325.31882966,62.8994482675
324.189512636,62.6764666686
323.112571781,62.3751231315
321.862829043,62.0292994538
320.804694447,61.8328451987
319.807700904,61.8615813451
317.95045454,62.073110619
316.694394635,62.1847464687
314.080909991,62.568335039
312.619219707,63.0441725032
311.123886642,63.5642992961
309.107696664,64.2235569646
307.891653591,64.6981752308
305.866576115,65.246170949
304.568883666,65.4907431419
302.964810183,65.8288177289
300.77872379,66.186007076
299.425091055,66.5504668246
297.735491408,67.0054631324
296.781720763,67.205382041
295.959680065,67.2881946049
294.753170378,67.5022113808
294.16691344,67.6231591799
293.185464353,67.9062890006
292.656437827,68.0559611148
292.240685804,68.2134245128
291.563485226,68.3576155391
291.116229475,68.5454272899
290.237743293,69.082878125
289.573530441,69.5939950869
288.900930271,70.3672373203
288.070769957,72.0333507743
287.57831199,73.0560425698
287.145081653,73.9205568037
286.648328622,75.2922290999
286.315142114,75.8870194661
285.703208056,77.0248986104
285.120144205,77.5697186884
284.650643708,77.9640358884
284.006369914,78.3967973442
283.709058,78.5709250951
283.311722663,78.7026646154
283.029031201,78.7709931877
282.57200929,78.753226605
281.773097031,78.733559171
281.235910911,78.7941707211
280.525512764,79.0062706249
280.1613804,79.2456545709
279.886379861,79.434331988
279.457439113,79.5720088303
279.144573254,79.6651822739
278.818235492,79.7340336985
278.65795534,79.7823771774
278.509426768,79.8322341885
278.082672192,79.8437385005
277.903360712,79.8504309546
277.666622543,79.8541389389
277.595541382,79.8215597431
277.537418737,79.826876615
277.504169349,79.8201097102
277.514541867,79.8102928085
277.569055708,79.8225039272
277.61325837,79.8453076493
277.648221616,79.852662208
277.686559651,79.8578391808
277.713934002,79.8573591601
277.761493973,79.8671900197
277.926392224,79.89035003
278.093942226,79.8948374475
278.401930386,79.9086065324
278.764081765,79.887219165
279.088784931,79.8682124132
279.7603634,79.9461231943
280.201406209,80.0173758839
280.880542356,80.2064945422
281.424150223,80.3578450252
281.860141786,80.358166619
282.802825098,80.4156980189
283.395030649,80.4685791316
284.179542284,80.5088728206
284.490985241,80.5048274723
284.764378842,80.5574157913
285.108297905,80.5595153598
285.40523019,80.5333121187
285.77744092,80.5818473903
286.073406718,80.601066327
286.34494829,80.6636407764
286.833333529,80.7445791029
287.32582851,80.826897285
288.214126343,80.7510007328
288.833802478,80.7847787467
289.538828676,80.9845961453
290.366551299,81.1942564292
290.839739195,81.4292311443
291.419195624,81.9073380795
291.610197076,82.2060855027
291.945975557,82.6566975782
292.530159342,83.125379409
292.933321003,83.5478929356
293.370052506,83.9789442652
294.200909786,84.6263540602
294.803861449,84.8948686744
295.821448561,85.3477000809
296.546229583,85.5108694702
297.350068258,85.6570147149
298.633498395,85.8677098699
299.59282518,85.9531616408
301.089372163,86.0286257893
302.090482526,86.1020562096
303.107246671,86.1077782775
304.60581342,86.099023311
305.610884957,86.1829291452
306.892151326,86.0767283379
307.892604581,86.1131928367
308.873502325,86.2550113437
310.279927452,86.2643087738
311.353762485,86.4817491109
313.564259393,86.8317991898
315.468316117,87.2223498683
316.993217397,87.5620937202
318.903635021,87.9700625265
319.780969073,88.081760635
321.19666306,88.3379616315
321.972232578,88.3978987475
322.706963607,88.3593795208
323.910996261,88.6567927467
324.683133375,88.6653383827
325.950291082,88.4724849021
326.90836805,88.439994616
328.066265686,88.35830505
329.880301899,88.2923602721
331.223621311,88.3220571274
332.892145235,88.3450249408
333.951058672,88.2957104019
335.052661698,88.3805426159
336.595015905,88.4325396389
337.574193122,88.4193641253
338.58047255,88.4789119264
339.838209829,88.510236663
340.743804827,88.5565454699
341.998445519,88.6547952661
342.786523242,88.6759200072
343.521340279,88.7141979664
344.811826429,88.6475177111
345.688241398,88.6647438051
347.024998825,88.6180447534
347.929345472,88.5838968416
348.757158108,88.5553728901
350.021757615,88.503191132
350.835767756,88.4015097802
352.189738535,88.3767413502
353.082442432,88.5302883231
353.947989494,88.6664025623
355.143411062,88.9186257161
355.962640422,89.0357298745
357.252045655,89.2324893559
358.136083923,89.377248949
359.040938379,89.4842699949
0.282974180038,89.5878842404
1.18587046462,89.602138427
2.49685683031,89.703863767
3.31320819746,89.8020834766
4.17697059202,89.6976708856
5.53383325464,89.7959203401
6.30436049726,89.9295383778
6.90245982597,89.9921665648
7.64876347814,90.0763540397
8.13846066795,90.0656883557
8.75053623981,90.2441555284
9.2398380452,90.2887892176
9.70294224578,90.3676236158
10.2717517365,90.5767733036
10.7154407443,90.6527555985
11.3203665127,90.8325864514
11.7503825067,90.8984439809
12.2186209906,91.0236231538
12.8622689131,91.1765051593
13.3242426026,91.2802653094
13.9850272475,91.5386722331
14.3317731393,91.6572820737
14.6544784526,91.7758142813
15.0561111463,91.9027770702
15.2632916474,91.980964813
15.6219951965,92.1732232126
15.8027208943,92.322154012
15.9376850707,92.5328136338
16.1512347294,92.9057080346
16.2836256572,93.2999837894
16.4082688445,93.9310573605
16.4199688175,94.3562383984
16.439276406,94.6958834122
16.5825499612,94.9336705563
16.7563259199,95.3030737499
17.0093372016,95.6420632917
17.162883736,95.9304404699
17.3817107038,96.0726748185
17.7690226303,96.3506512306
18.2651290297,96.3817330877
19.3684845019,96.5097887448
20.2309563474,96.6626892606
21.2563736038,96.7265395521
23.2491249199,96.8601419257
24.9845782033,96.774608762
27.7987750177,96.735131863
29.7680451093,96.6505333286
31.9407935003,96.4673958606
35.4441554064,96.2381417138
37.3632712128,95.9349279826
38.2149857844,96.2676616061
40.5336068109,95.5113901736
42.1783341085,95.1528505407
44.5203987363,94.4504816256
46.072764112,94.516099436
47.3703262158,94.5761825392
49.2174122137,94.8821831135
50.3649717087,94.9063649566
52.4628237918,95.2076532062
53.9637115188,95.3881153599
55.3849464481,95.5496412265
57.2885313947,95.3890269444
58.3355310401,95.1772777015
59.6070250946,95.0020349017
60.2130202137,94.915596116
60.8239508206,94.9975614673
62.0340461442,95.0881961754
62.8249638501,95.1867853617
64.0418569867,95.2783441989
64.9068434145,95.3426269477
65.620331121,95.3697543574
66.6177386995,95.3863181235
67.184428989,95.5025550248
67.5813103792,95.4347594441
67.9951600802,95.4207936542
68.1326281761,95.4665772511
68.4086165499,95.5589473794
68.5508893874,95.6254232602
68.684549007,95.7626215252
68.6894212705,95.7649975004
68.7228784786,95.6670466608
68.8112939869,95.6527616841
68.8129332564,95.5563487948
68.7505137193,95.4718498571
68.6118773189,95.3615107023
68.5516263217,95.3056078049
68.4532369703,95.2477320033
68.3393979621,95.2057525461
68.2323856492,95.1566450179
68.0443509603,95.1079324304
67.9182791078,95.0653749907
67.7342585795,94.994515928
67.6391941722,94.9497619893
67.5613612774,94.9141886736
67.3775373498,94.9192988758
67.2480300074,94.8985943688
67.0995773165,94.8461521335
67.0212025154,94.8230668171
66.9564599874,94.7846597155
66.8264769296,94.7409132215
66.676666771,94.7204619033
66.4460969565,94.7281707602
66.1581130139,94.7987260483
65.5525397189,94.9959810418
64.2436988464,95.2388742285
63.2784606863,95.3422330896
61.9481034495,95.6581565894
60.9764335648,95.8868549981
60.1360270081,95.63904516
58.9183096694,95.7070353345
58.3295709676,95.7158418472
57.2386065642,95.7793822505
56.1819642866,95.8963952109
54.8419136903,95.8194203776
51.5216733767,95.7616663015
48.585366666,95.8680080954
45.2352088202,95.8052731917
40.6384829469,95.5752388437
37.9272195893,95.3561521107
33.89151401,95.0433962536
31.7948848199,94.676080913
29.7871660287,94.5262274327
26.2424177018,94.4678750889
23.8687615047,94.3144580231
20.7105905282,94.1948893793
18.5527325672,94.2299047589
16.64171487,94.1699646194
13.7067072959,93.9291248061
11.6349679929,93.8632491799
8.19189749249,93.9198619371
5.79709631946,93.8354140077
3.65173867836,93.6525155554
0.990531780181,93.5691035939
359.483792679,93.664809211
357.531654337,93.6464831459
356.332423188,93.7118527564
355.182007236,93.9559668316
353.503623581,94.4994289226
352.249140849,94.7664550496
349.933263228,95.0825645395
348.607548212,95.3248180134
347.326309393,95.4213247643
345.730055297,95.6888424042
344.787504439,95.7832903672
343.488739438,95.8183753472
342.77516834,95.9679086127
341.975168606,96.1361497839
340.856935638,96.2008445583
340.197482319,96.2360540357
339.266557325,96.2360484092
338.610400246,96.2481648213
337.995898727,96.1503038434
337.173870858,96.1805492219
336.552617012,96.2126704528
336.000616086,96.2698031336
335.094609551,96.5516561976
334.506521036,96.5282173088
333.579938562,96.3951854325
332.993322868,96.3576604227
332.300411243,96.3954344448
331.25931824,96.4442721384
330.678788484,96.5574216512
329.90466598,96.7348195601
329.405872236,96.7968440835
328.973393279,96.8668451833
328.288666777,97.0971768166
328.036354668,97.0913299751
327.856422817,97.1228040683
327.727961335,97.0826644044
327.637422829,97.0265819578
327.552088936,97.0096810839
327.473671015,96.9109868521
327.40758051,96.6870650385
327.39633955,96.543594215
327.382142328,96.4106664931
327.391428042,96.234892965
327.388334588,96.1151223053
327.346071853,95.9512794381
327.293849624,95.8354153365
327.253401708,95.6761826181
327.213432482,95.4474112509
327.204237916,95.3357148171
327.115314025,95.1104627983
327.049461431,95.0003601839
326.886376352,94.8479858514
326.699398502,94.7304595677
326.583001379,94.6671792067
326.476283565,94.6438913547
326.356550013,94.5781337935
326.303817299,94.512372879
326.262366685,94.4397063679
326.244146905,94.3917791677
326.257127356,94.347216244
326.337343069,94.3107615154
326.378499375,94.2981896396
326.482951001,94.168708099
326.589042134,94.091105342
326.707998578,94.0542382079
326.828585185,93.9695248916
326.934570344,93.9007370305
327.122652691,93.8107069851
327.272461569,93.7069840439
327.376963661,93.6822465958
327.529643764,93.6711835888
327.617916794,93.6633873509
327.703192471,93.6828243651
327.754097623,93.6692710992
327.782969148,93.6852699555
327.788550026,93.7563664686
327.781414286,93.7936055393
327.769047424,93.8804977546
327.785120672,93.9304932748
327.785215117,93.9606151908
327.74972891,94.0197629439
327.706637045,94.1008287774
327.663868618,94.2814925235
327.690274102,94.422298068
327.72588165,94.5489350131
327.775111814,94.7393055859
327.792333513,94.8413355682
327.818394707,94.9775171474
327.849259684,95.0760815346
327.870911259,95.1631473449
327.884571213,95.3149024991
327.922538617,95.358548562
327.960717098,95.4019344162
328.006572516,95.5237733831
328.055213053,95.6071284809
328.095359785,95.6969851386
328.122354076,95.7616172538
328.112997463,95.7890326407
328.073247729,95.7894576259
328.034717849,95.7889386801
328.012951204,95.813300946
328.023175103,95.8572773453
328.051185927,95.8944538288
328.063478367,95.9313131574
328.046718559,95.955802255
328.014652181,95.9670285879
327.988497547,95.9803108669
327.979486767,95.9967065362
327.972887052,96.0168784657
327.963593418,96.0172486742
327.954294105,95.9895172798
327.949388992,96.0008216882
327.934874408,96.006728578
327.886618033,96.0277345679
327.868235919,96.0319271689
327.855257996,96.0403806123
327.857105075,96.031443341
327.828579192,96.0318857991
327.786535478,96.0091651313
327.759665535,96.0050183357
327.730653326,96.009257273
327.700375774,96.0116162335
327.668909661,96.0275471439
327.602136888,96.067692901
327.553427771,96.088322884
327.485860788,96.1013862085
327.402601299,96.1358668222
327.361244525,96.1529780724
327.278081457,96.1704677164
327.210192103,96.1491017819
327.104015419,96.1161816644
326.784585149,96.0352576835
326.602110085,95.9551727901
326.342717539,95.8924797206
326.196606882,95.8749402547
325.946015489,95.8129515391
325.437634889,95.7535537303
325.095891279,95.7356742104
324.438180173,95.7005417875
324.180158279,95.7122336645
323.91885861,95.7296074912
323.461997217,95.8811675659
323.241138927,95.9236860616
322.807701467,95.93363158
322.477128518,95.9560482841
322.112157078,95.9390175504
321.575942729,95.8600058387
321.224690922,95.8448189516
320.789698631,95.8236330585
320.572986749,95.8279280336
320.489528718,95.842435341
320.370652476,95.8514062652
320.363171756,95.8670312562
320.397201363,95.8812644592
320.399863963,95.845797063
320.385349249,95.8231258308
320.394730944,95.7816851633
320.401055461,95.7558317291
320.428311221,95.7446093574
320.525626231,95.7560286328
320.627125572,95.786684378
320.741526467,95.8360876994
320.796173179,95.8780004944
320.838900612,95.9030271315
320.879292015,95.9494197329
320.920750166,95.9900105887
320.975775117,96.0098865052
321.005029849,96.0291111001
321.022410319,96.0345766743
321.027264372,96.0337234942
321.028875429,96.0234827262
321.019475823,95.9895255042
321.01678671,95.9444811622
321.024062238,95.9178487596
321.061615516,95.8498452717
321.066716942,95.8122792333
321.06831981,95.7678405705
321.063944745,95.7492780697
321.070066912,95.7436547426
321.058340464,95.7526746328
321.024635529,95.7406353234
320.749766604,95.6585546793
320.465776731,95.6021173134
320.371187181,95.5829749613
320.244608098,95.6115413575
320.235929131,95.656922411
320.292792647,95.6964374101
320.324086573,95.6847328481
320.343879515,95.6773674839
320.342687193,95.6629116665
320.332114985,95.6610633022
320.343629013,95.6499668727
320.383828268,95.6169579214
320.409019941,95.5917420903
320.450072472,95.5730841984
320.448974229,95.5835598721
320.447616762,95.6079064804
320.444887026,95.656569981
320.452215108,95.686792316
320.468541442,95.7161893772
320.478722133,95.7197208744
320.496595795,95.7425442026
320.563536444,95.8068812587
320.618703992,95.8545855174
320.659227087,95.9294180413
320.659079747,95.9755822362
320.630364209,96.0574557039
320.54464369,96.1514926443
320.509093563,96.2145817871
320.488218213,96.296366827
320.503861867,96.4032922744
320.514890796,96.5043814834
320.512015582,96.6669210563
320.512204979,96.7781417064
320.504609409,96.8950338686
320.507618568,97.0151343825
320.507944161,97.1395571552
320.497303846,97.340790839
320.473803153,97.4775344089
320.402234839,97.6644967885
320.318851686,97.7288572777
320.271927551,97.7329680459
320.193670373,97.7688963582
320.189684478,97.7798607329
320.221934459,97.7710799973
320.240610406,97.6916197989
320.262408198,97.523856435
320.339168302,97.0040681161
320.418644557,96.6806385203
320.641230176,96.1231915056
320.786056889,95.0885976508
320.926123444,93.9939910956
321.091695392,92.6560332547
321.165777009,92.293991536
321.322117248,92.3000589793
321.457628315,92.5527269943
321.529138863,92.9791871631
321.444086459,93.3330230846
321.319398082,93.609681356
321.313526465,93.6736044503
321.305177466,93.8563275142
321.291726245,93.9964182224
321.273084938,94.0864209817
321.215085703,94.1968147671
321.14671446,94.304127784
321.011285613,94.5280043316
320.971166818,94.7181900207
320.974793491,94.8853203652
320.977585285,94.9407173668
320.970313468,95.0721676461
320.951145452,95.2165103898
320.94565719,95.2315981706
320.932035031,95.2589382648
320.950656824,95.2900337698
320.99635239,95.3444580397
321.038864719,95.4177876756
321.053537937,95.4677939269
321.046588972,95.5217983302
321.018862626,95.5508839679
321.010105026,95.5583327594
321.030496871,95.5873672151
321.037079974,95.6178002306
321.039263715,95.6024653428
321.013282644,95.5814593144
320.989596972,95.5752761432
320.982719372,95.559150968
320.983617266,95.5681065198
321.000854279,95.5749501385
321.01221106,95.5857209486
321.032108585,95.5858679053
321.063781167,95.5814494102
321.100697339,95.5551538
321.127313864,95.5505932887
321.187662745,95.5365468173
321.226316049,95.535705787
321.264811285,95.541928207
321.281916278,95.5406680804
321.303101839,95.5535911254
321.34947216,95.5959061018
321.371640121,95.6324801609
321.407505334,95.6947014475
321.437957153,95.7188675375
321.451608954,95.7444803904
321.464814941,95.7740238559
321.467417109,95.795905537
321.49018782,95.8075726793
321.513451146,95.8253818106
321.540329387,95.8460984151
321.573796155,95.8719868051
321.58839785,95.891948525
321.604075055,95.9160652923
321.613998375,95.9273392683
321.628214268,95.9291890592
321.663636945,95.9251580554
321.707603168,95.9166851782
321.7653704,95.9125943893
321.787977238,95.9067107946
321.792890064,95.9092817231
321.776043187,95.9427658229
321.75223049,95.9767207717
321.729725326,96.0034819764
321.699397667,96.0547289272
321.700545099,96.1014543111
321.719150933,96.1329847957
321.723422785,96.1918815397
321.741311402,96.2306196643
321.771541062,96.2668927435
321.787192567,96.32365875
321.79354892,96.3809869791
321.79155692,96.4038934286
321.804378061,96.4284473407
321.841531175,96.4787401076
321.864456467,96.4896372412
321.892209637,96.496638675
321.923816593,96.4884540601
321.947804501,96.4754616417
321.980381293,96.4641988854
321.997504817,96.462873005
322.024426523,96.4886442413
322.022213982,96.4981283956
322.005216046,96.5033157783
321.973134278,96.4986391677
321.95384178,96.4943986464
321.930530304,96.4940102017
321.920491072,96.4806546322
321.918552166,96.4758701471
321.909782408,96.5069346778
321.904372405,96.5311120273
321.887549448,96.5672320435
321.872702501,96.5639870918
321.85803735,96.5585328882
321.859148282,96.5521130683
321.87538053,96.5135145786
321.885586015,96.4663196891
321.879359695,96.3957446729
321.877424102,96.3574003565
321.878520979,96.3343249499
321.880037752,96.3282858252
321.871070878,96.3335190653
321.855829512,96.3391045179
321.863535969,96.3452534476
321.873553306,96.3428415715
321.874375469,96.3318942311
321.876257224,96.307419632
321.883350448,96.243845576
321.891533391,96.200696927
321.921756412,96.1596159608
321.932243559,96.1342021065
321.94415412,96.1138892127
321.978717633,96.0974449022
321.977247526,96.0986816838
321.968969373,96.0641915617
321.968073976,96.0419687519
321.973735848,96.0146585675
322.022859489,95.9875285938
322.059548042,95.9766970061
322.070068071,95.965978964
322.068514152,95.9855024525
322.066396919,96.0018210836
322.058162664,96.0239054106
322.043892466,96.0611897217
322.030251471,96.1053878384
322.02675671,96.1330415606
322.024758751,96.1385431406
322.03255057,96.180801809
322.052944153,96.2237089917
322.076724012,96.2744961375
322.060912892,96.3250152292
322.041535098,96.3376436363
322.037392014,96.3713404599
322.049584566,96.3804676034
322.060846951,96.3983839134
322.108447384,96.4334144893
322.154784051,96.4704846252
322.217734645,96.5389054074
322.236565502,96.5526771808
322.245004904,96.5756907373
322.28959555,96.6225409131
322.332119586,96.6621826985
322.362685128,96.7241114419
322.365362564,96.7509601392
322.361167958,96.7800979993
322.369007628,96.7917231651
322.376831249,96.8187570593
322.388999158,96.8510598939
322.384844548,96.8481784148
322.364619265,96.8311978027
322.35543055,96.805142675
322.352479682,96.783009014
322.347037306,96.7439661921
322.348106328,96.698357227
322.341821852,96.6419851428
322.33752883,96.5883856268
322.320415129,96.5468377114
322.253694427,96.5058347105
322.212204134,96.5083748941
322.176293889,96.5298273481
322.115687594,96.5417116186
322.042909518,96.5364150031
321.935361699,96.5413552961
321.866742613,96.5574776673
321.779348013,96.610942435
321.638191873,96.6176978392
321.544907462,96.6071319874
321.455050725,96.6119380493
321.345961519,96.6210017492
321.245697018,96.6488489726
321.095317157,96.6902287275
320.997895834,96.7079016688
320.882987806,96.677287299
320.705515421,96.6382420891
320.611448847,96.5978753602
320.42766696,96.5537111593
320.265596365,96.5301185236
320.126563002,96.5263593583
319.862216569,96.5527033112
319.663816372,96.5770047344
319.340173609,96.5947749688
319.204658119,96.6011723374
319.073248136,96.5979109771
318.885497049,96.5805193166
318.840214893,96.576609849
318.794080528,96.5301492648
318.783059917,96.5005718414
318.795812439,96.4514365149
318.838231518,96.4207796606
318.854680185,96.3851998253
318.888021359,96.3383256722
318.913007213,96.3297996978
318.9329258,96.3450507565
318.937108892,96.3536556436
318.946199365,96.3539922612
318.958596452,96.3411371669
318.979095886,96.3427419489
318.996985701,96.3611525028
319.014108469,96.3814164198
319.024126596,96.3914383828
319.013064799,96.4051072981
318.986765982,96.4000384395
318.981165342,96.3901912869
319.012427144,96.3765484263
319.073216683,96.3358927901
319.164349912,96.2559252939
319.228007849,96.1574278103
319.267743997,96.0827336947
319.358145708,95.8842449139
319.38830819,95.755717809
319.443647566,95.6584802866
319.60569529,95.351318529
319.645747759,95.2404898439
319.713513253,95.0830031229
319.787243518,95.000323609
319.832393124,94.9234660755
319.882195761,94.8366927042
319.931084986,94.7871034607
319.992268783,94.7214625484
320.043664016,94.7014707525
320.099185862,94.6932286881
320.151254556,94.6829891439
320.155020311,94.6803765462
320.157011621,94.6584652649
320.157654942,94.6395756995
320.167713523,94.6011573811
320.166853118,94.5618095767
320.172893027,94.5381888931
320.221729405,94.5165409214
320.258410124,94.5053829621
320.273219468,94.4972986688
320.290365164,94.4856701352
320.302936779,94.4834496073
320.317555843,94.489354564
320.324001255,94.4971885645
320.324825518,94.5023282168
320.324866088,94.4730760541
320.309985057,94.4538671906
320.317783896,94.4313377435
320.359844914,94.4353251267
320.378256656,94.4488594502
320.377341436,94.4603857574
320.383154447,94.4769393356
320.397160051,94.4924443709
320.418049319,94.484873899
320.433608506,94.4921767811
320.478000728,94.4922353236
320.502076458,94.4985719246
320.521714401,94.4999821889
320.550198178,94.4913757812
320.571962619,94.4892318211
320.61917201,94.4988143924
320.646580501,94.4866403356
320.657197003,94.4701759234
320.657693771,94.4374001272
320.656689709,94.4233760176
320.671201175,94.4305416568
320.688669748,94.425480697
320.687060555,94.4373357731
320.667780532,94.4688922546
320.651100606,94.5008965245
320.645272741,94.5473588065
320.645594695,94.5858469499
320.628459927,94.6177036364
320.620556153,94.6218142051
320.626598777,94.6302761927
320.647136516,94.6687569277
320.656281291,94.6809541883
320.66412631,94.6936775749
320.699360458,94.7358709207
320.707872279,94.7608985843
320.730774287,94.781079643
320.761873291,94.7825443658
320.832414938,94.7785158561
320.954754939,94.8022408441
321.031690901,94.8000023882
321.265586803,94.662742339
321.689928458,94.5513158349
322.060157289,94.567226483
322.78446436,94.6187502753
323.295960506,94.6453810688
323.824856215,94.6460419789
324.932259772,94.3103859336
326.030943159,94.195284161
328.098622815,94.0702391162
329.563102329,94.0535506617
331.103890387,94.0798321902
333.218700153,94.1313053623
334.559191602,94.1408909399
336.551113583,94.2630867994
337.906752432,94.3779957709
339.344908873,94.5796616366
341.324656056,94.7052487455
342.716092722,94.7544735852
344.727166571,94.8550105772
345.982824956,94.836842198
347.253043437,95.0023353094
348.75891211,95.1405043641
349.699876959,95.2325849355
350.929807064,95.5391656803
351.539564423,95.436987873
352.110900775,95.2686610958
353.047480679,95.3545298411
353.556065327,95.5009108865
354.083496095,95.6787345236
354.445498887,95.7967998168
354.585881208,95.8406892774
354.612918637,95.9181899828
354.586892228,95.9520346433
354.524704308,95.9762107371
354.529304981,96.0036379805
354.527591667,96.0097142476
354.536274505,96.0028841374
354.530655542,96.0208031671
354.45780699,96.0429435095
354.300167124,96.1063654623
354.215482579,96.1797697501
354.100631067,96.2752770131
354.063959191,96.3230175329
354.038822475,96.3555710417
354.04454418,96.3859586978
354.015144962,96.4035745308
353.963375728,96.3577156301
353.922527123,96.3650115473
353.872893322,96.3871111327
353.819369253,96.3857339414
353.800641983,96.3818205914
353.788436636,96.3747035015
353.774644749,96.3491681884
353.772054016,96.3247988964
353.757233028,96.2503088624
353.77786705,96.1942718641
353.803808357,96.1420232582
353.823037397,96.1079585431
353.837973318,96.0852224145
353.809362909,96.0862968151
353.771170326,96.1117006632
353.71585666,96.1407856478
353.700999684,96.1545639647
353.708152003,96.1675537629
353.706453137,96.1762096764
353.69953465,96.1721556507
353.700805828,96.169858131
353.692641814,96.1359153056
353.68149328,96.0270405255
353.681364635,95.9311918628
353.682444431,95.8721199684
353.661422468,95.8057341161
353.609993702,95.6864342176
353.592087527,95.6336361355
353.561524211,95.5797830752
353.535514106,95.5312567089
353.490227636,95.4881317312
353.464773405,95.4645826867
353.465057479,95.4679547143
353.457289859,95.4806166497
353.425162452,95.5052194655
353.389682209,95.5464490209
353.343105527,95.6245582381
353.264122595,95.6460811676
353.031093692,95.5692683033
352.919607513,95.5674571448
352.816139929,95.6008378178
352.692973913,95.5903677231
352.602423021,95.5781652527
352.517364895,95.5610782302
352.446072601,95.566279108
352.370767798,95.5630970028
352.263476506,95.5390285021
352.200336946,95.5386250704
352.141047367,95.529003034
352.117005111,95.523148536
352.093237258,95.5154975729
351.997754759,95.5091211214
351.915041324,95.5275550373
351.778422886,95.575091132
351.680428969,95.6116341921
351.614957046,95.6425114089
351.487460261,95.7024666701
351.42555484,95.7311228444
351.371764838,95.7435608805
351.35095185,95.7493766594
351.354252434,95.7463400537
351.335266107,95.7360368278
351.267505664,95.7327586066
351.122587819,95.7041670879
350.898344173,95.6536199196
350.726033735,95.5984913579
350.504402614,95.5386141064
350.311457331,95.512325123
350.109206718,95.5030749312
349.63947772,95.4936377353
349.184840947,95.5200057527
348.439002427,95.5813121849
347.858478522,95.6654707063
347.217425064,95.8245917401
345.962382631,96.0741058486
345.007894285,96.3519444763
343.298455779,96.8926025584
341.922141384,97.1238097466
340.61477958,97.4023108156
338.644013934,97.8083278311
337.364567974,98.061750871
335.66386211,98.4182265023
334.800949217,98.5670053683
334.165279911,98.6518618669
333.557529417,98.7373558548
333.273996186,98.7646177775
333.194610337,98.7801447338
333.165406526,98.8057946726
333.157256061,98.8455848166
333.22486634,98.8794523299
333.267734644,98.9140720271
333.277623379,98.9706212773
333.243397575,98.9983777557
333.203477922,99.0095261852
333.14159954,99.0156500902
333.117823243,99.0156765318
333.121463682,99.0064769312
333.157510793,98.9969574428
333.176390423,98.9713988779
333.247433677,98.9034908644
333.309214738,98.8235915187
333.363088704,98.7368000864
333.39877457,98.6090121039
333.401326832,98.5516967864
333.408554348,98.4923827622
333.397616721,98.4871115349
333.390698627,98.5051559204
333.383915348,98.5076481703
333.379750563,98.5029818975
333.366879491,98.5036576061
333.347995393,98.5144223582
333.324980377,98.5253963371
333.288995208,98.5328238762
333.266969767,98.5299122642
333.223830931,98.5059475081
333.191824655,98.4928974487
333.165248524,98.4900451094
333.132012616,98.4877673857
333.11442884,98.4809228656
333.064360547,98.4703342407
333.010801066,98.4246274866
332.976998052,98.3794490159
332.94610465,98.3082524715
332.938505639,98.2903244929
332.952783982,98.2804928999
332.967697194,98.2784810927
332.981579448,98.2848660168
332.968708021,98.2817621275
332.94094798,98.2633053187
332.92555817,98.2467867353
332.911746187,98.2141887306
332.86779931,98.1963855439
332.776086803,98.1604868279
332.704801712,98.1683440529
332.630782738,98.1955934653
332.49829959,98.2316558134
332.41430377,98.2562797123
332.216920467,98.3159858845
332.064738016,98.3177353281
331.903045993,98.3325746372
331.753156794,98.3274558393
331.700040143,98.3301980897
331.651054022,98.3482582896
331.635923004,98.354549089
331.614012853,98.3638841897
331.575341683,98.4074222787
331.555254167,98.4308947683
331.531552597,98.463739701
331.529163453,98.4741153609
331.529087761,98.4699880493
331.534041175,98.4353190571
331.556876296,98.4154886229
331.582690795,98.3904793273
331.581546256,98.3741878985
331.558261774,98.3641065976
331.546721073,98.3551093544
331.534361893,98.3279275319
331.514589024,98.2810105705
331.529481454,98.2318681399
331.567972404,98.2058185472
331.594853094,98.197824952
331.57094105,98.1969154433
331.536255241,98.1975590942
331.488944331,98.2396876861
331.467029151,98.2693132992
331.439497462,98.3199965544
331.407042118,98.343962263
331.371648018,98.3633210398
331.335678237,98.3569397822
331.346991696,98.3417607324
331.365819513,98.345837794
331.352200479,98.3491880124
331.342456715,98.35439448
331.340121824,98.3515553648
331.324066676,98.3508110753
331.308947357,98.3074003139
331.309510954,98.2866605155
331.338267207,98.2632965668
331.376370835,98.2550750462
331.377020685,98.2493493195
331.332095999,98.2552093914
331.292136619,98.277609613
331.255779905,98.3078000913
331.236546345,98.3474630219
331.24738209,98.3730541023
331.240923746,98.402196073
331.218504168,98.4213540041
