180.380426354,91.9704306922
179.729243797,91.8273407765
179.532180947,91.7329080831
179.158733211,91.6390528759
178.979332458,91.5347710789
178.831815565,91.5638068477
178.560597532,91.6062865442
178.423671526,91.5330427849
178.247353555,91.573797242
178.169065921,91.5912104122
178.071727675,91.5329750742
177.91741682,91.4135916831
177.740542339,91.3020631501
177.510125824,90.9169624766
177.229668958,90.4908674939
177.058714805,90.3519124107
176.868607861,90.2885456017
176.766376066,90.2438058472
176.748750118,90.1773068752
176.888347689,89.9631058051
177.181565373,89.7595354829
177.396225228,89.6594241416
177.560764483,89.6578153344
177.654215302,89.6513023042
177.669067563,89.6852794408
177.610429554,89.679787752
177.505348091,89.5649369744
177.424066408,89.5484547649
177.313594523,89.5408499379
177.111351307,89.5628792613
176.963125051,89.573685819
176.781635988,89.5678340852
176.65961921,89.5354653224
176.55508774,89.5024703286
176.322011683,89.4350832173
176.078271827,89.3706205583
175.535943118,89.4431286094
175.124249376,89.6427752915
174.790738891,89.8338667252
174.313800574,90.1682840609
173.957655164,90.3684574523
173.34467452,90.5773033252
172.76175575,90.6593182774
172.038251359,90.7014945751
170.714084912,90.7115875729
169.726241898,90.7000434409
168.245368346,90.8011547194
167.2583073,90.8606674378
166.318769027,90.9183764067
165.027205013,90.9577957525
164.24473388,90.9169716571
163.480048065,90.8614267877
162.437732827,90.5392430555
161.89949156,90.2345082278
161.195059112,89.891208256
160.768830394,89.6746643356
160.405998897,89.3813538265
159.874991723,88.8646225093
159.673885065,88.4774323015
159.71732642,87.8129109489
160.037704115,87.408869953
160.625831812,86.9303848722
161.825162576,86.1346198377
162.877872224,85.7153860679
164.800157883,84.8970709172
166.192389549,84.3156537124
167.649025266,83.7423712957
169.908026505,82.9473242007
171.413685447,82.3120503893
173.515226453,81.3900222436
174.790834281,80.4390185718
175.780075073,79.5594788326
177.035412368,78.5178105048
177.731786685,77.6269485076
178.329809791,77.0278197797
178.537899769,76.7503304596
178.717619544,76.2649043041
179.020953656,75.6434724682
179.232409133,74.8917313344
179.580353709,73.2882554069
179.886727586,71.8530010542
180.168022476,70.0290632079
180.588006233,67.4194693368
180.759462847,65.8647796086
180.93085527,64.5542398121
181.052377642,62.6476509692
181.04209814,61.5277444825
181.197520405,60.1044338882
181.161900074,59.3072372169
181.079307332,58.6021402454
181.107164078,57.3578815567
181.145770346,56.6360340866
181.295965716,55.3995597487
181.478417261,54.638447895
181.578715154,54.1618396906
181.85728425,53.4506908376
182.017946513,52.9947682457
182.448135485,52.200106379
182.787928087,51.5503208123
183.057433136,50.9674633212
183.456506659,50.1698134502
183.698449441,49.6064586321
183.951708112,48.9335716123
184.121990476,48.5608197721
184.325244044,48.2336312821
184.62080184,47.9161125651
184.763257645,47.7640464301
184.927879087,47.6104226939
185.080996207,47.5309867216
185.222720822,47.4378378406
185.396598249,47.2486677606
185.521665899,47.0493549074
185.771949523,46.7364026465
185.929346547,46.6574901703
186.056581698,46.6075298505
186.26003128,46.6831913715
186.354508152,47.2192023121
186.421025092,48.123084526
186.536584194,50.6501586058
186.600957512,53.1035047751
186.709272671,57.7127301788
186.605403432,61.2021440079
186.525154459,64.99993497
186.479862983,71.2747747231
186.434746791,75.6658617511
186.364388439,81.6512994068
186.456844924,85.4382744035
186.719000495,89.3905222776
187.638914691,94.4553481765
187.893330002,96.9902718334
188.341506397,99.3925052062
188.481246673,100.579376832
188.606224719,101.941607188
188.621185234,102.971231156
188.664531782,104.085259539
188.535001361,105.062589158
188.395837658,105.556867137
188.348318773,106.025733763
188.247494753,106.467797954
188.096744825,106.792208618
187.882234387,107.165646672
187.719496837,107.272410649
187.445445647,107.257601014
186.573412136,106.734766335
185.668518373,106.096152184
183.585062529,104.65540133
181.543681502,103.614765105
178.95748309,102.640150552
174.444978255,101.522977495
171.476444938,100.96264939
167.727022423,100.450188087
165.800901687,100.032899263
164.315844728,99.5946028928
162.725408432,99.1032552867
162.031832618,98.9206246399
161.511136829,98.7350335901
160.969446677,98.712637032
160.627667581,98.5995236592
159.762136441,98.2003899586
158.624102649,97.7096409848
156.850611563,97.047398069
153.009131605,95.7025020921
149.824595822,94.7132754188
144.184720702,93.4148066253
139.988724562,92.6595100976
135.529188906,92.0598381797
128.564708604,91.4582130778
123.943494863,91.1262005505
117.543690531,90.4914163951
113.598823113,90.2861333019
110.074348322,90.1681466427
105.326656394,90.048600738
102.596118146,90.0239662745
99.1116785279,89.8879404278
97.1118301027,89.8366979487
95.2247443054,89.8055366158
92.4258933927,89.5039085828
90.4655707899,89.3651676658
87.5989740533,89.1875625046
85.6685035624,88.9998326502
83.8577293446,89.0152486069
81.1341503651,88.8333509843
79.3928853164,88.7193642533
76.835973897,88.3884148349
75.0652734287,88.2954621992
73.2653219889,88.0244626361
70.6551706144,87.5520616481
68.8520514967,87.3317644513
67.166562477,87.114687488
64.9951430404,86.916154406
63.7350919632,86.7189587659
61.9753283745,86.5000180664
60.8801661684,86.4989786385
59.8615421776,86.4700663381
58.3713657991,86.321756138
57.3066672226,86.1915555733
55.4546638764,86.0832712824
54.1863397018,86.0319263361
52.9742406061,85.7748960451
51.2812934767,85.3291057103
50.2575442747,85.2027234519
48.1766288469,84.6229889587
46.6447428799,84.3171445553
45.225919668,84.2820401351
43.4805507438,84.2017488548
42.505814974,84.2323152677
40.9391666256,84.391155555
39.8475570816,84.6557417333
38.7980780128,84.9841054399
37.5310535282,85.4422106832
36.8697828398,85.6219055316
35.8520586373,85.8307793863
35.2054960167,86.0025375131
34.4044083564,86.1437642959
33.0521689298,86.2140107751
32.041047619,86.2927012744
30.3988049202,86.4360671159
29.1642044255,86.5031098179
27.9922890241,86.6445064215
26.4684591284,86.8906304764
25.5279818109,87.1082203408
24.1804000911,87.3523223912
23.5077669804,87.4743848194
23.0092549593,87.5093714936
22.8989277503,87.3581773465
22.9473108041,87.2800162236
22.9944083422,87.2155371433
23.0700711943,87.1770857997
23.2938473692,87.287341711
25.212224428,87.940234465
27.3847977202,87.9637155181
30.1867193682,88.0303781034
35.1087844594,88.0439499589
39.4790868807,87.5732457342
47.09099811,86.9495787739
52.9594629199,86.611302505
59.0117838369,86.1447632985
68.9988487848,85.6067388751
75.6136506296,85.4842689323
85.8345373595,85.7411442642
92.3517049811,86.0465008501
98.9668199433,86.1246271464
108.666356068,86.1123613922
114.793903157,85.9055184506
123.83338259,85.5628614239
129.50995419,85.691365867
135.117784599,85.7880717985
142.700083617,85.7662271504
147.352470317,85.7001485912
154.087532462,85.5094262733
158.312047286,85.3704482661
162.602671946,85.2676932415
168.842930269,85.060829635
172.763698563,85.0384660405
178.605400586,85.2175816356
182.340561503,85.1501331502
186.111678579,85.1178189734
191.653567097,84.9766362747
194.954733965,84.6267051037
197.983731302,84.059160557
201.991813147,83.2512149071
204.501067205,82.9638200289
208.290588959,83.0104770565
211.089782471,83.003323989
213.979408114,83.1134567762
218.705785867,83.5008741049
222.015821971,83.7729095976
227.227792254,84.2423233628
230.961681342,84.6110840709
234.670945413,84.9295886235
240.11102259,85.1172352198
243.656160315,85.23450774
248.961240131,85.4588872514
252.789305487,85.6708996238
256.597493223,86.1000334526
262.450987962,86.7262403104
266.446690174,87.0838609372
272.509658732,87.68409393
276.583344007,88.2139928493
280.627199331,88.9435483701
286.346297348,89.7460633736
290.034481983,90.2518393185
294.893207674,91.049825489
297.772725165,91.339264902
300.329471211,91.5776825359
303.93190259,91.879612264
306.404884667,92.1040439629
309.989878249,92.4290051521
312.023121881,92.7483657529
313.712632273,92.9958281799
316.050180042,93.0227210034
317.64155361,92.8106614142
320.318766231,92.3450751733
322.194613092,92.0358033658
323.888663678,91.907825684
326.377861748,91.9757408436
328.064828887,91.9984928738
329.669865165,91.954246076
332.016787538,92.0383213579
333.39456632,91.9124903856
335.380560011,91.7180263067
336.604462356,91.5930553083
337.811403001,91.4229576447
339.590119571,91.3202562003
340.801991271,91.339121746
342.710129135,91.3254428152
343.84830984,91.2717902402
344.919555043,91.1527907703
346.369658518,90.8236615445
347.321820694,90.6676873128
348.803054469,90.5826544649
349.757571744,90.7019934284
350.606733388,90.8553400948
351.573732232,91.063553492
352.114688215,90.9351750112
352.667699807,90.7084542123
352.955583841,90.4592656025
353.013312791,89.7484829631
352.475958642,89.2055826419
352.259534443,89.3738449721
352.188351746,89.6055840073
352.249135959,89.7078156738
352.232790814,89.7050968657
352.110546475,89.6928996658
351.993419898,89.5741875338
351.964797425,89.4388231104
352.158059513,89.304225182
352.594897932,89.2527440592
353.330410924,89.4422228202
353.680150119,89.6177248611
353.870954613,89.7510738189
354.073090438,89.7447986753
354.12716927,89.7183019467
354.17515061,89.5746106232
354.1541827,89.4169031543
354.143335129,89.3574911234
354.158983476,89.343330726
354.218557305,89.3037646454
354.302038869,89.1978439574
354.363404257,89.1700458411
354.473660402,89.1031891381
354.755527103,88.9275543691
354.986251563,88.7848444102
355.483280937,88.5306000838
355.855586772,88.382959668
356.072765385,88.3133252253
356.34465343,88.1958062595
356.478207466,88.1215364259
356.619999035,88.0386388154
356.788485082,87.9165865586
356.928405744,87.7892855379
357.238294287,87.5570806011
357.41277626,87.422187653
357.651077003,87.3389009966
357.837212868,87.2800520798
357.975494669,87.23734136
358.192814438,87.2138822817
358.297616152,87.2259626311
358.462662828,87.2254080042
358.539814245,87.2337061821
358.584645306,87.2246114638
358.59424947,87.2147472704
358.625955303,87.1931770384
358.732574788,87.1866396137
358.774769053,87.2037817517
358.694612227,87.2202246796
358.243242273,87.2718606795
357.963037805,87.2740197428
357.722261551,87.2995576822
357.441231344,87.4585460186
357.306407985,87.6091522915
357.054997734,87.8791616734
356.89893238,87.9865014146
356.723535987,88.0671182857
356.429832107,88.142015981
356.274986204,88.1840997741
356.054780266,88.2498900365
355.928758004,88.2701119862
355.850367242,88.2920755889
355.766012519,88.2940155906
355.732226424,88.2918629752
355.654476349,88.2433948866
355.605753928,88.1974347433
355.528898187,88.1649984062
355.395345327,88.1559898115
355.303628961,88.1518197513
354.90098507,88.0939776026
354.187773965,87.9005780851
353.187788135,87.6025950801
351.057522819,87.2816029084
349.503978033,87.0615831628
347.274076354,86.6529239507
345.897789291,86.3822970615
344.59937146,86.1347704097
342.816995227,85.9386393363
341.864069823,85.8910226213
340.586051858,85.8624687289
339.941284132,85.8584153355
339.41211257,85.8875621616
338.720659244,85.877282902
338.129642934,85.7397016305
336.321804178,85.0411603453
334.414155136,84.1411237096
332.014176143,83.1428817313
328.051478469,81.8898775047
325.321397116,81.0901130837
322.727145308,80.4027027719
319.178329297,79.6231014842
317.193736992,79.3004846742
314.686910675,79.0479660334
313.282588914,78.9814871496
312.061783762,78.9697838808
310.501974035,78.9115863355
309.642128051,78.8936944802
308.566628691,78.834517536
307.945153696,78.7272419066
307.339747436,78.6107188015
306.407208257,78.4545542598
305.608716758,78.3661681982
304.364426028,78.1123672232
303.511917274,78.0284000283
302.683405428,78.0039062594
301.72697879,77.9380335757
301.226753053,77.9096119681
300.808473095,77.8967634543
300.416583764,77.940850503
300.276537321,77.9712353708
300.13258865,77.9938731603
300.03500287,77.9989105077
299.976806971,78.0312565799
300.150840701,78.2676894545
300.856968637,78.6730340997
302.332293455,79.4014386345
303.741216317,80.0485704248
305.317055887,80.6842326958
308.446754304,81.9297092722
311.103108901,82.8700002784
315.48879625,84.3122330426
318.673471547,85.2828396546
321.898890866,86.3101172088
326.896096355,87.6287607051
330.018548794,88.3948864515
334.309516948,89.4510323457
336.819054334,89.9691892848
338.988709544,90.368369424
341.557186693,90.5491538891
342.812354623,90.6004462408
344.15980997,90.7498084409
344.710188367,90.8064175689
345.24630492,90.9400878026
345.848455934,91.008172621
346.217871678,91.0272354187
346.633886804,91.1228700458
347.415752558,91.2820643997
347.856549663,91.2565726789
348.148502914,91.1789208838
348.182749414,91.2032254015
348.239044707,91.2240647895
348.230271776,91.2248308349
348.212229473,91.2007553216
348.185131149,91.1299711204
348.181424273,91.0832514585
348.134692385,91.009873992
348.03795033,90.9807357377
347.938435983,91.0080155306
347.729950818,91.0754288414
347.600667552,91.0735020844
347.417317927,91.0579817257
347.179823611,91.0046385924
347.040178561,90.9917609403
346.81303707,91.0138674613
346.658550314,91.0632618922
346.490892164,91.1209084685
346.181424066,91.167525456
345.925720793,91.145254413
345.619722177,91.0699902128
345.482200481,91.0470328127
345.357529628,91.0388583255
345.176978208,91.0249593341
345.050373857,91.0099772825
344.827774851,90.9956339245
344.655732085,90.9815542775
344.489929053,90.9605709404
344.25400091,90.8837384232
344.087408082,90.8349847743
343.873858828,90.7651283151
343.606870285,90.6836358537
343.338459927,90.6074688826
342.848018212,90.5146341594
342.476637174,90.4827881469
341.907282741,90.4241724232
341.50844348,90.3405571047
341.084239667,90.2219568305
340.382367416,89.8611385118
339.733124703,89.4093560482
338.254382589,88.192062737
336.838863203,87.3369429954
335.286294909,86.644377
333.269305531,86.153212614
332.380130925,86.3605881569
331.776504241,86.8814201354
331.422489494,87.0750613781
330.988775725,87.0589903391
330.290931738,87.0432505602
329.90220063,87.0748696917
329.63666351,87.1971502073
329.475746119,87.2643020735
329.281049855,87.3081496127
328.870684637,87.368406109
328.456827926,87.3982737683
327.91592854,87.419396803
327.044609841,87.3572326038
326.41654431,87.299447443
325.476416815,87.2480654533
324.960188107,87.299309786
324.479036655,87.3494836209
323.741939509,87.3410386042
322.691765667,87.4495796405
319.335807572,87.5465008298
316.29824675,87.3550164011
312.789155272,86.9676076427
306.558706305,86.1036099994
302.071074704,85.3031984691
295.240882285,84.1198264298
290.718126134,83.5166087764
286.295102428,83.0804361817
280.137858318,82.5229698559
276.41838564,82.5430885728
271.043028597,82.6175309172
267.787645104,82.8392391193
264.781399335,82.9481357097
260.80063258,83.1127459432
258.140459806,83.1068587873
254.000344584,82.9690404807
250.871760769,82.8211035987
247.538003285,82.5312466314
242.556844729,82.2541605249
239.185866751,82.186378211
234.231926403,82.1497266226
230.823882189,82.1002165033
227.367825275,81.9948173992
222.233698932,82.067107919
219.224760574,82.0420341314
216.543163617,82.1138074552
212.956282098,82.2438636702
210.835814122,82.241900242
207.634494265,82.5666541226
205.535279577,82.6393994424
203.517606453,82.6885268845
200.35453442,82.8607739056
198.354962432,82.9167588959
195.422087638,82.9818986981
193.595618951,82.9904309721
191.936361434,82.9026005852
189.931698924,82.6854766372
188.908003462,82.4811823774
187.607502019,82.140305598
186.840157265,81.9989795693
186.094366909,82.0573470259
185.15088395,82.4514827673
184.450740574,82.6707525047
183.213322961,82.9226760931
182.124805769,83.0522740372
180.896296557,83.1035749295
178.879029523,82.9806763111
177.596364849,82.8981020415
175.815281612,82.9287055805
174.581936249,83.1165114001
173.345164018,83.3636617807
171.282406053,83.6373477584
169.802569101,83.8327734112
167.325918429,84.077035318
165.537623282,84.2664363975
163.705923306,84.2815288424
161.206186556,84.2924644652
159.650273396,84.3302020817
158.136521017,84.422809562
155.901879952,84.4703094571
154.379140951,84.5316151213
152.034506747,84.5756031543
150.416516311,84.5923679845
148.724683584,84.548430721
146.000003416,84.3306206132
144.066493697,84.0918645978
141.178956738,83.7821898081
139.314726171,83.7393007794
137.532410936,83.6616319937
134.877912839,83.5474073213
133.229735565,83.4791162432
130.790019845,83.2776340342
129.244976676,82.9694164581
127.737653018,82.604218233
125.704533405,81.8812030564
124.506340625,81.5175912166
122.725647722,81.1458042637
121.623580933,80.9795503287
120.599045787,80.8911987757
119.336955024,80.8443511263
118.635161153,80.8577234672
117.682576887,80.8464386194
116.960812243,80.8325654261
116.18963444,80.7771417612
114.875455201,80.5577933768
113.973223489,80.4608939393
112.608357268,80.4132322282
111.673106759,80.4028690545
110.719087826,80.3194745175
109.255173392,80.0017535108
108.225200674,79.7316304741
106.621683982,79.2016728885
105.492064628,78.9188010506
104.383957233,78.6006574348
102.864529641,78.1403473143
102.031179199,77.8969539714
101.319986774,77.7444045654
100.380130443,77.6040239696
99.7516597181,77.6109307318
98.6373098814,77.571425504
97.8277055031,77.6271496495
96.9247255088,77.7220346669
95.5923833009,77.8003419103
94.7028055406,77.7964886511
93.6237496147,77.8240362351
92.9975514222,77.7376355407
92.3433038946,77.6184638548
91.3370179288,77.5427485344
90.6235523562,77.4604588761
89.5865886693,77.2114019337
88.9653694485,77.0509343958
88.3637787436,77.0509388393
87.4980831929,77.0281878058
87.0535205563,77.0355091472
86.8066697248,77.0352539649
86.8340794941,77.0256484769
86.9185964812,76.9636512719
87.7609359878,76.6792488334
88.563929441,76.5643399795
90.6691843875,76.241817164
92.9322042174,75.7768374829
95.9996848191,75.308563832
100.811444131,74.9521972085
104.150750076,74.4591354662
108.97088926,73.6839316419
112.082381371,72.9218072726
115.254578945,71.8934358865
119.60164074,70.7693017932
122.61079066,70.0731260179
126.680122553,69.6395484877
129.64342292,69.2549964407
132.404193706,69.3856673069
136.713909167,69.6096971856
139.829268345,69.816999995
142.982187487,70.2576691842
148.302408823,70.9875947485
152.299222198,71.4255710934
158.917024065,72.1859241352
163.872931343,72.6253185098
168.754491677,72.8918959443
175.178097263,73.2029991129
178.861668827,73.3458887145
183.495875028,73.5684434275
186.264828728,73.7221947817
188.848779911,73.9901457672
192.473398101,74.4498594244
194.42596745,74.7496788302
196.818813721,75.005217622
198.126636081,75.0552603646
199.290534821,75.1168730055
200.789390655,75.3509492532
201.559320888,75.6054589533
202.281361311,76.0987748097
202.521319426,76.4288260245
202.764772082,76.7303284816
203.074888734,77.0318414985
203.272350552,77.2588753236
203.476842338,77.4885531084
203.602017214,77.6766462464
203.687843613,78.0235405825
203.958804457,78.4648951721
204.292824738,78.7916448546
204.982224902,79.4469768248
205.668694512,79.9582072566
206.571463311,80.4466863137
208.120073475,80.8857275682
209.33518855,81.0189264128
210.668265989,81.0716109795
212.617116658,80.9251964802
213.909543777,80.853260039
215.618752042,80.5825272541
216.675310821,80.3729203513
217.477273796,80.2213868239
218.382507619,79.717447959
218.773608405,79.4328207622
219.173707395,79.388444568
219.30998426,79.4875894841
219.471292588,79.494815756
219.936893619,79.4436515715
220.415849932,79.3950731314
221.420259245,79.3660261241
222.211210754,79.3249325803
223.276264597,79.4619337208
225.359994561,79.6192317341
227.001089275,79.6238419059
229.610509188,79.6663859815
231.355925063,79.7057662001
233.15127587,79.7097303174
235.691372933,79.6756813572
236.945674441,79.6055243245
238.399435187,79.2110449443
239.187696894,78.9105036585
240.02405303,78.7274650936
241.157710955,78.5119726781
241.892853582,78.4006464627
242.69387139,78.227293679
243.664164071,77.8355102884
244.173083175,77.4629752386
244.839253353,76.898073663
245.254163309,76.494184291
245.653354361,76.0182790163
246.317562071,75.3719213645
246.85340329,75.1941105029
248.108726386,75.19800403
249.503867011,75.3761024443
251.291570094,75.5601392122
255.129786943,76.670591799
258.586186451,77.8160148469
264.322736004,79.4561599202
268.568624635,80.688549619
273.145993849,82.0259055104
280.176768802,83.7379334063
284.728907305,84.6245681281
290.842468583,85.3996157655
294.237006321,85.728167152
297.219072039,86.0689268451
300.944091526,86.2726680051
303.338380143,86.4870906336
306.645682468,86.5835000108
308.962210226,86.7373270747
311.234294838,86.7934407189
314.582387359,86.9757534862
316.68969241,87.1641504226
319.703152632,87.3613562316
321.535555065,87.5015274971
323.229428007,87.5269521311
325.309069227,87.2380881158
326.345134631,87.1759087202
327.371520027,87.0321635254
327.875864061,87.0533218752
328.330731705,87.1069530106
328.996324285,87.1805057484
329.353144397,87.3528504543
329.871459812,87.3588567149
330.174132198,87.266593865
330.62996802,87.2260097704
331.375948325,87.0942866209
331.833532005,87.1014787039
332.293013526,87.221221899
333.038537675,87.4453832549
333.545488507,87.5952293003
334.335536315,87.6832141259
334.846815174,87.7264549106
335.548063995,87.7512848986
336.655698443,87.7769150231
337.355279991,87.7943919073
338.135336526,87.8631318154
338.443983012,87.8895909276
338.558693197,87.8931572042
338.626622707,87.9725759992
338.689121224,88.0254959433
338.647769008,88.1061260911
338.474787645,88.2101240862
338.249806699,88.3002775047
337.806666599,88.4403290429
337.513083452,88.5321017668
337.095398937,88.6233857136
336.707164852,88.6745652738
336.380678558,88.6737130957
335.969504225,88.70613221
335.709692342,88.7163066055
335.322400333,88.7063736021
334.977141116,88.6273881524
334.605669974,88.5514922573
334.138960689,88.5904156103
333.749504179,88.6011573889
333.15611073,88.5795509267
332.744445167,88.4981222548
332.400886273,88.4661866264
331.887328957,88.3646499994
331.722492308,88.3389804153
331.333341686,88.2198296171
330.803364141,88.1131625084
330.47332849,88.0973505727
330.20480103,88.1005355669
330.094450982,88.0964952722
329.95238109,88.1106622269
329.808093327,88.1033352031
329.652976445,88.0549574647
329.197939052,87.8248003043
328.403752367,87.3646484979
326.762762897,86.6768527567
322.738364092,85.2576080208
319.357986474,84.4808239818
313.754104379,83.6055786707
310.149210313,83.293775229
306.572863777,83.1993109056
302.30827394,83.3634062004
299.507810165,83.2616455996
295.218954538,82.8582558483
292.245502371,82.3904193148
289.183808109,81.8657034606
285.298832436,81.3617487089
283.065906813,81.1520719369
280.846020179,81.0358888195
279.933663355,81.1070516692
279.420175089,81.0846599183
279.529512925,81.1630849689
279.604862056,81.1924745381
279.877704382,81.2303872985
280.076725424,81.3396692561
280.322912053,81.3852579227
280.656022787,81.5006487852
280.897703959,81.6119547975
281.233299886,81.7407657087
281.703522391,81.8862296453
282.073368082,81.966943911
282.158973694,82.0230799215
282.452460108,82.298387228
282.585619541,82.4444649763
282.847860325,82.6002974438
283.000032584,82.7629604179
283.346714215,83.0368053135
283.755986784,83.6996314508
284.011184655,84.4324393571
284.98119572,85.214390658
285.76062011,85.5207950469
286.841329602,85.5997478962
287.438040512,85.596557535
287.977015747,85.7161869107
288.77726644,85.7566174458
289.489048356,85.8397067144
290.651097328,85.979901405
291.713944552,86.0133082266
292.720454716,86.1254027099
294.004792792,86.240376416
294.716883686,86.4447780592
295.6828591,87.0404719477
296.545820464,87.2004346211
297.502357522,87.3603568883
299.330051839,87.6383563144
300.591567956,87.7421940633
301.811327366,87.8892722157
303.499084483,87.9854683572
304.68177126,87.8612889686
306.810642007,88.057192954
308.45060482,88.2114636535
311.117306416,88.4491055273
312.65888592,88.64909777
313.630154452,88.6411491369
314.414942844,88.5058886267
314.447424466,88.3786558286
314.357374078,88.3235714857
314.184625489,88.1737595665
314.083766088,88.1356695357
313.961304818,88.1098425403
313.899944401,88.1053822892
313.860455504,88.1175815267
313.549641403,87.9365076758
312.75059004,87.5369175672
310.377043256,86.3299987251
307.999033998,85.0942285688
305.13805841,83.7790184734
300.346573689,81.1631700548
296.786918489,79.1001630343
291.357093154,76.0932765364
287.689597095,74.3012933951
284.284401572,73.0360857291
279.873992056,72.0834809577
277.292231667,71.632993238
273.979346363,71.2998623673
272.003663341,71.0495351317
270.250848568,70.5211644812
267.73268485,70.1082560026
266.26397382,69.817389637
264.405482268,69.3792898144
263.316254653,69.3286173685
262.301292749,69.2495978717
261.021043275,69.1194025954
260.222745185,69.0687952186
259.452633792,68.9020048945
258.224764419,68.6335695996
257.458192432,68.3570428033
256.2793579,67.9677783893
255.520650059,67.7372751744
254.760922897,67.6318857272
253.710862979,67.632760127
253.160890308,67.5849839484
252.636646881,67.5067333876
252.486723681,67.4155180145
252.418363581,67.3004281059
252.3104375,67.2914118228
252.211251456,67.2565332231
252.080542744,67.1850179004
252.016299961,67.1413150124
251.924324832,67.1327964447
251.734912477,67.1282280982
251.506381843,67.1485030418
251.134525913,67.1291533151
250.760543326,67.0762060874
250.221151248,66.9894692748
249.209162561,66.8138785985
248.392713905,66.7118942615
246.906978979,66.5635280794
245.758021777,66.4729746597
244.388096602,66.4107484722
242.20277129,66.2966865871
240.728909926,66.2842572699
238.357569052,66.438878298
236.723001871,66.6191621136
235.207208023,66.7493507305
233.049742786,67.0021841313
231.617304411,67.1208677408
230.220510424,67.2834228093
228.089869876,67.5831990394
226.61902583,67.7891893775
224.43923319,68.0714815055
222.935596562,68.2367573204
220.889375786,68.295153256
219.441717168,68.4796629127
218.097296455,68.598474242
216.380617294,68.8663034397
215.326089617,69.0943569428
214.392788133,69.3246594018
213.166462468,69.7194107287
212.386161843,70.0541433081
211.271616077,70.7040035629
210.500432141,71.2000149757
209.847281104,71.6572442762
208.873951491,72.295187081
208.339137164,72.7371863274
207.60539943,73.2357428358
207.19220767,73.4278744494
206.83337326,73.5790837449
206.213575392,73.7451726299
205.795402801,73.7674113163
205.099379268,73.752303627
204.575408801,73.6874024202
204.027350886,73.6489066737
203.028155632,73.6196950163
202.308575077,73.6651695077
200.977768404,73.7702173617
199.986829711,73.9298687831
198.875295736,74.0748156739
197.163322629,74.3481375072
196.006555896,74.5387062147
194.440976578,74.8777634001
193.527740197,75.0075883015
192.702775178,75.0861964037
191.764471776,75.0788688468
191.259859557,75.0543249076
190.641151326,75.1981966388
190.282253509,75.3291335099
190.001720897,75.4803073674
189.849654114,75.6257006868
189.918508164,75.6882935068
190.245617958,75.8125536008
191.066471799,76.065896663
191.328919919,76.3223493078
191.399704497,76.6375515632
191.31588012,76.7923535881
191.176541527,76.8962732818
190.768867848,77.001094981
190.261381955,77.0877661421
189.276153533,77.1537132616
188.383650409,77.1706044673
187.412409917,77.199002498
185.772980122,77.1762534178
184.564075644,77.0487995513
182.64001804,76.7976672063
181.243276794,76.4801996608
179.789711612,76.0186867978
177.600326316,75.7591876309
176.213546843,75.7869770731
174.085165539,75.9453420961
172.532532364,76.2145899763
170.763668017,76.4543978944
167.634045582,76.6947615111
165.466969295,76.6596377141
162.711490842,76.8249495155
161.172720832,77.0476314145
159.896848673,77.6258298044
158.871493015,77.9108904326
158.039208839,76.6386349637
156.45367794,75.640347437
155.225710001,75.6831847293
154.28043365,75.5374297443
153.248962545,75.425604128
152.605190672,75.2443988973
151.835885155,74.9900863956
150.671647703,74.9566395567
149.941796428,74.8244552892
149.103968673,74.4794688355
148.637232337,74.3621667702
148.167338065,74.3280874473
147.498594906,74.5115136977
147.079451938,74.5032717391
146.421673539,74.2077952172
145.890108989,74.0671094032
145.211656484,74.0929012756
143.839498628,74.052467178
142.688719585,73.9552189404
141.022999429,74.1325341736
140.041295116,74.2461266397
139.169588554,74.4276021621
138.033601229,74.6681135134
137.336607149,74.6462610785
136.356488544,74.6596815559
135.730236101,74.8148203939
135.248415455,75.0288824412
134.613649492,75.3961081112
134.210956421,75.5737099163
133.404294131,75.5204988445
132.764656314,75.3274686404
132.116870673,75.1417016375
131.109958368,75.0721595893
130.506372707,75.088857491
130.01410799,75.0815984386
129.315808223,75.0579501357
128.895163325,75.0721303749
128.087014263,75.0416500495
127.427189508,75.027927922
126.396374519,74.9062071191
125.721831417,74.9499894595
125.211286775,75.0239920147
124.666862118,75.2406886448
124.308771361,75.359180795
123.977798556,75.3624640738
123.440641375,75.3047280884
123.001923751,75.2307589663
122.533443951,75.1337747245
122.229044012,75.1046306746
121.969465916,75.0278471998
121.42190665,74.8452871127
121.008654896,74.666462174
120.567456595,74.5080548005
120.412146658,74.5397475438
120.219429,74.5446807383
119.935286938,74.5129546783
119.755227806,74.5022143643
119.560516129,74.5055712008
119.526891882,74.5432688633
119.56323758,74.6040711324
120.142604654,74.9443831991
120.642152968,75.1529177337
121.22131837,75.286554987
121.378835393,75.2839548373
121.501467851,75.3052003497
121.814491406,75.4297937294
122.119499506,75.5684030987
122.946407853,75.7474270251
123.866575524,75.9327401881
125.345766425,76.1003823867
128.372602393,76.1982321607
130.704958924,76.3450819979
134.589720665,76.5972776734
137.553209735,76.6381203486
140.752208311,76.6692520173
146.326213708,76.3964375738
150.326282821,76.3024443868
154.478848871,76.283963795
160.70109526,76.5642120914
164.6701847,76.8460917381
170.302715,77.400738562
173.767741614,77.8000972091
176.916976459,78.1327687503
181.072449752,78.436053037
183.51542238,78.6093552542
186.838350406,78.7751108566
188.778778579,78.6989665177
190.2600394,78.8087317422
191.904807462,78.9133453478
192.530682139,78.9303806883
192.512398414,78.712032468
191.981322092,78.3132750465
191.133004875,77.9192766799
189.39991724,77.7066118454
187.889390031,77.6717944143
185.56921796,77.4497508801
184.030514967,77.3707659315
182.572529724,77.3178381444
180.566272383,77.216619454
179.282665839,77.1202467993
177.648622855,76.9970277478
176.73210022,76.9408716324
175.960530325,76.790963181
175.076287256,76.7146409207
174.547374496,76.7083569076
173.999303291,76.7565055902
173.538370722,76.6639507256
173.147956832,76.5050314225
172.555993749,76.3554712961
172.104994497,76.2632334594
171.366151863,76.2027725639
170.816912935,76.1326625842
170.277216026,76.1014293015
169.339917504,76.0363463112
168.64936577,75.9593860635
167.982780984,75.833223471
167.085103665,75.7596208487
166.598971734,75.695108659
165.926181245,75.6465838849
165.558436352,75.5811230834
165.21607537,75.4644020896
164.792459599,75.3578593908
164.57170373,75.3829098787
164.006876408,75.3783508022
163.682668983,75.3830024203
163.369198245,75.4153429887
162.949803633,75.4195535025
162.633473122,75.4406690577
162.218938387,75.411760588
161.96788856,75.3441312934
161.677086467,75.3050905951
161.269359739,75.2747384696
160.95198872,75.3127272311
160.458636976,75.3184114689
160.138109928,75.3637363056
159.791995373,75.3898622717
159.336502378,75.4557446824
158.963099004,75.4659273332
158.427293021,75.6165194798
157.980066222,75.6897080911
157.596548799,75.6973389917
156.961019344,75.7246595163
156.577494857,75.7365549981
156.160962924,75.7873527889
155.513954673,75.8717790392
155.100121809,75.9051233978
154.380025771,75.9702143237
153.878198761,75.9655846376
153.382967476,75.9501090139
152.588014716,75.9858206634
152.036086366,76.0239163389
151.130849112,76.071788207
150.580657946,76.0769608761
150.05449666,76.1031797589
149.377470238,76.1551031339
149.008679388,76.1574467428
148.414833924,76.2296931925
148.042000574,76.243735051
147.668217206,76.2729129501
147.048158603,76.2318313963
146.634590584,76.2597792909
146.005407817,76.3106010901
145.605274532,76.3162522376
145.175573888,76.3201990086
144.519163695,76.292846594
144.144174028,76.3111873682
143.600896442,76.3167549125
143.252730589,76.3236192644
142.854666001,76.3846582573
142.217208217,76.3959069001
141.775948524,76.4257408415
141.020149467,76.4469154758
140.432879814,76.346090674
139.892686861,76.2583771677
139.052530562,76.2655139041
138.45692414,76.2078169735
137.562716468,76.1697575471
137.02100307,76.162201281
136.569032946,76.135652641
135.99970658,76.1499379469
135.751989944,76.1639089459
135.620514372,76.2191211564
135.391540283,76.2650276619
135.266789534,76.3278476087
134.961815495,76.3714267924
134.617818871,76.324254952
134.215562338,76.2027102568
133.779244977,76.1116959172
133.547921536,76.0471040164
133.386611146,76.0129400205
133.379550396,76.0160205472
133.424120874,76.0433097177
133.588933093,76.1513066216
133.684969712,76.256528455
133.818809429,76.4427545861
133.879915759,76.5921609387
133.967808674,76.7343698675
134.258819561,76.9513219588
134.494122697,77.0155034296
134.8194542,77.0448433552
135.005667537,77.0607771904
135.16098404,77.0805886851
135.345246204,77.1102364542
135.599321538,77.178512716
136.200159698,77.2902230861
136.761773532,77.3719494871
137.298282761,77.5039990406
138.103173025,77.684263508
138.498525576,77.7669060125
138.999734673,77.8812051949
139.176404567,77.8994910125
139.356511513,77.8845126057
139.534149939,77.8608481295
139.659359184,77.8367499101
139.896025395,77.8097451466
140.127363189,77.8105100371
140.453067131,77.7845229489
141.008123391,77.8187120817
141.480600416,77.8900252506
141.954316886,77.9380975388
142.755484362,78.0196185879
143.286042043,78.012862877
144.154992572,78.1192355057
144.710335144,78.1464148352
145.38911841,78.1829293464
146.540099967,78.2665871016
147.3755001,78.3285318783
148.623885063,78.3899257903
149.477810869,78.4415763998
150.356060279,78.5155261111
151.613319056,78.6375155002
152.501262148,78.7353364969
153.738522237,78.8400266883
154.525608395,78.8557843222
155.294231826,78.8824543641
156.529289376,78.8325405039
157.460485148,78.7698078177
158.950863262,78.7494660902
159.882013153,78.7884706548
160.751137816,78.8306453811
161.8581554,78.870328926
162.495004056,78.8685782042
163.326320476,78.7890533818
163.805456401,78.7674438368
164.235450581,78.74166149
164.788452213,78.6710298169
165.130269963,78.6240106603
165.714992729,78.5944092496
166.092570342,78.5295918165
166.46212525,78.5276075582
166.681849495,78.4554567524
166.755769601,78.409258626
166.793515026,78.3441995521
166.678719872,78.179783909
166.538971536,78.069461219
166.32948007,78.0038712151
166.126984793,77.8632658956
165.981666654,77.7911783374
165.695566137,77.7609483498
165.556864839,77.7166451475
165.389765509,77.7451281523
165.253229466,77.7707762043
165.097608276,77.7739480374
164.946954508,77.7540196578
164.866802706,77.7399488788
164.75496267,77.6700055081
164.663173214,77.6345116841
164.532420434,77.6108378199
164.222180109,77.6306272307
163.883312602,77.6610282578
163.283433366,77.7024198443
162.871998164,77.7183222242
162.375421008,77.7614256612
161.713954258,77.9258895981
161.369303131,78.1176396865
160.917849895,78.4564920617
160.66461173,78.7001888221
160.339653597,78.8849567976
159.751010702,79.2315491002
159.291370868,79.407179995
158.494791459,79.6712461362
157.908478038,79.7805796283
157.331755867,79.8003617195
156.314740238,79.8312827489
155.586804469,79.743301406
154.448612436,79.6833046284
153.764457423,79.6263344003
153.205669889,79.6124867517
152.469702368,79.6802999568
151.929233074,79.6919440168
151.309655502,79.64263973
150.090781093,79.5087111414
149.259861478,79.5400738506
148.006773512,79.5691395561
147.23100402,79.524006483
146.575158423,79.50779732
145.737784944,79.605025018
145.379310207,79.6941219212
145.337919203,79.7616775253
145.321153956,79.801860481
145.330098781,79.8591174552
145.419072068,79.9703359191
145.513594697,80.0296723991
145.721957096,80.1058038451
145.862323456,80.1495893232
146.099428184,80.1663919612
146.478937323,80.1779873854
146.660696151,80.217210438
147.051800622,80.2316720349
147.296810441,80.2107302531
147.62692157,80.1766299817
148.113729857,80.1505088222
148.539720658,80.0419791551
148.991870603,79.9036370276
149.506420297,79.5852733834
149.712535656,79.2041337151
149.59230991,78.9471569587
149.317493798,78.8390896211
148.810093801,78.8431583681
148.641102241,78.9519528862
148.562708677,79.0385235026
148.732815438,79.2378136757
149.296194363,79.4209224582
149.889737147,79.5574731131
150.947869919,79.7332848082
151.718804319,79.7877311001
153.093801772,79.8554175028
154.240951621,79.8789382486
155.68291599,79.8556676756
158.352817755,79.7865127073
160.664070469,79.6477536896
164.972393341,79.4568122945
168.287228695,79.4124687348
171.511937557,79.5489633608
176.422736022,79.798890132
179.433508039,80.111152787
183.930611971,80.5283728999
187.170302893,80.7383214333
190.345098401,81.0258353663
195.084827358,81.357468032
198.36578653,81.4594480597
203.077603271,81.4075916439
206.16307697,81.2419209386
209.134358037,80.9216582099
213.468383109,80.341930281
216.09904663,79.8325181812
219.711047199,79.1663942653
222.026062412,78.8936800415
224.388142413,78.6523031887
228.11989733,78.2706953046
230.730000585,78.0137197038
234.72251687,77.7303027702
237.343129833,77.5505437401
240.002878045,77.4153196174
243.746095427,77.1132625491
246.049395894,76.787454226
248.211249445,76.4853558162
251.012126987,76.0384886779
252.692613237,75.6679875584
254.855492665,74.9037461372
256.240615317,74.226280326
257.604371153,73.5529873739
259.583916873,72.8804118566
261.033661591,72.4341537801
263.281764135,71.9007005466
264.694601043,71.693585157
266.016462165,71.3857749041
267.744220479,70.9035518823
268.640276936,70.6666847894
269.775804556,70.170596921
270.419843658,69.7530883416
271.050627606,69.4356831902
272.004983242,68.9138540847
272.657965013,68.743193318
273.615916021,68.7993818175
274.326955014,68.7241191822
275.004064761,68.6381723253
276.017984914,68.5431072781
276.707477652,68.5014891548
277.654885226,68.6039453116
278.291219868,68.7613410004
278.926163883,68.7803812212
279.928430581,68.6473338836
280.615970949,68.5454188228
281.568541921,68.416307968
282.247380107,68.2987825669
282.879644369,68.2614699127
283.745152915,68.51265741
284.276446268,68.5159253254
285.108491371,68.623809815
285.672385519,68.6780974027
286.285495149,68.8006631255
287.139165557,68.974727838
287.708907914,69.0761191649
288.202420794,69.2490807748
288.887004603,69.5418199083
289.412751858,69.8041583241
290.353403261,70.2275782557
291.030616913,70.5655678174
291.711083984,70.8123042645
292.858298454,70.8471857417
293.55571512,70.9269151496
294.457720966,71.0884225599
294.868851012,71.2583385669
295.194127092,71.3314043792
295.62812087,71.3879425805
295.824700962,71.4751280951
296.088324361,71.5583624285
296.424293178,71.6359613569
296.790806693,71.598960504
297.30695671,71.5341031363
297.664082251,71.6794473206
297.855698205,71.8720794677
297.98626419,71.977562503
298.155403537,72.1309245526
298.531703175,72.380941899
298.864261255,72.4493682875
299.555093242,72.6351535046
300.079087487,72.6659181033
300.471001502,72.5646765125
300.848299089,72.4066124459
301.112781948,72.2069356096
301.369280531,72.0028909083
301.500427069,71.9934622571
301.679910857,72.0285917095
301.993317565,72.04388573
302.335510635,72.0796190168
302.640152983,72.0849877941
303.045931947,72.1129357103
303.278869188,72.1589311268
303.505261571,72.2725721208
303.579170552,72.3403235148
303.630051839,72.3478885556
303.638930954,72.306164881
303.588950878,72.3010061345
303.344061315,72.3268803119
303.114043945,72.4059460475
302.760748021,72.547047909
302.123489528,72.8501425125
301.8119783,73.0587924852
301.525046237,73.286100255
301.415071389,73.4154065565
301.309125947,73.521553252
301.191048337,73.5712300317
301.09549927,73.6151325976
301.010018246,73.5627684481
300.993700387,73.5039468564
300.99779627,73.5013139472
301.047536614,73.5501017726
301.108109108,73.6085714196
301.194202226,73.638395622
301.261672602,73.5932272556
301.363439405,73.5314225804
301.44313107,73.5127806637
301.438156871,73.5205409113
301.299133391,73.5928039685
301.072772514,73.6630264266
300.749585452,73.7544349413
300.343408113,73.8188451941
300.071236225,73.898848688
299.749954403,73.9913390856
299.588691013,74.0763436984
299.445559821,74.1743717536
299.169878583,74.4002821006
299.072750434,74.5241355981
299.023147661,74.6037432478
299.030717014,74.7617006179
299.082823888,74.8450338882
299.183494396,74.8853936791
299.329927822,74.8893039487
299.897975295,74.8082531421
301.408724213,74.5792514339
302.642619531,74.5321608544
304.804934984,74.4525239048
306.402874057,74.4030586137
308.00891693,74.3019399588
310.425628997,74.0886554571
311.97372915,73.9549758127
314.0580528,73.6655300661
315.346123969,73.4238072528
316.596952024,73.1368430812
318.279988202,72.6814513878
319.487796372,72.4783916621
321.32679113,72.5405826207
322.729633373,72.9932364886
324.426428999,73.9158577671
326.96182113,75.4366619248
328.568707498,76.7213446103
330.926184324,79.029823232
332.399040355,80.4317025223
333.813911204,81.4621515129
335.622008248,82.4772612928
336.56432846,82.9322920421
337.723877319,83.4051286384
338.353855847,83.6414531693
338.925783978,83.7236911988
339.635590027,83.6277727414
339.908022137,83.5181305062
340.090656313,83.3762098837
340.253027027,83.219850886
340.343181388,83.1565041168
340.39841505,82.9682201612
340.300640834,82.8149898979
340.134515689,82.661291401
339.888148478,82.6015655791
339.814673577,82.6003668386
339.762602901,82.6375180445
339.821835841,82.6907959196
339.904139617,82.6969586129
