173.09209334,87.7847471286
173.574180343,87.6952976643
173.673903152,87.7113372444
173.772183184,87.7782554507
173.821876971,87.8134456552
173.849079702,87.8843565384
173.807444117,87.9191984284
173.731043402,87.9186729268
173.589048329,87.9828939551
173.487276235,88.0660078183
173.375587986,88.2000089574
173.314106627,88.2838640541
173.272514371,88.3627208684
173.24320568,88.4586744274
173.235271835,88.4924308385
173.228992313,88.5206513694
173.219818942,88.5460468978
173.212563626,88.5545193207
173.238894146,88.5594836906
173.288950027,88.6109945094
173.345888757,88.6916407318
173.394772114,88.8702435812
173.389847594,88.990728859
173.38825943,89.2819245025
173.383892234,89.5813698297
173.370805028,89.995457979
173.467827472,90.7547316339
173.553195573,91.255758342
173.710830808,92.2687350256
173.800964419,92.6559677078
173.927772114,93.0115184453
174.064861364,93.1444849982
174.140883269,93.1274072944
174.249503967,93.0886171987
174.295663842,92.9871923334
174.295012893,92.8670599583
174.28265064,92.7577373439
174.263633941,92.7220568499
174.173522516,92.7108553509
174.073991073,92.7174915113
173.940700034,92.7144061284
173.736796998,92.7178511864
173.550371235,92.6913414826
173.311693516,92.6014218411
173.235742405,92.5503267402
173.165534012,92.5070274156
173.107670617,92.4877216227
173.09534712,92.4860384994
173.062735347,92.5171683185
173.050925391,92.5436665684
173.010246383,92.5986938163
172.948723599,92.6181587262
172.90065742,92.6413141077
172.819330004,92.6736273046
172.712717097,92.720565171
172.570385712,92.7360294459
172.275266161,92.7383917183
172.06585785,92.753644974
171.755673103,92.8067422817
171.101947609,92.8263615909
170.637268874,92.7751544389
169.990836885,92.7291203485
169.548987204,92.712556787
169.109959914,92.735262948
168.381867208,92.7854929833
167.88976592,92.828719437
167.035318848,92.987304594
166.362436859,93.1191217349
165.717717788,93.1789059699
164.668580594,93.2763290988
163.988188759,93.3826803896
163.002975419,93.5028077135
162.384061138,93.5485446821
161.825366166,93.5742288375
160.948408588,93.6164487802
160.38606728,93.6384677665
159.559933675,93.7029647544
159.014795967,93.7404585352
158.525297276,93.7599344138
157.720518532,93.7669074519
157.207670242,93.7407290019
156.49829299,93.7123001208
156.030347379,93.6734047858
155.574034999,93.6575222511
154.761036627,93.5640574545
154.222813867,93.5056326475
153.375098791,93.4758002859
152.8486651,93.5444709449
152.326188672,93.6068990158
151.584198813,93.6846334998
151.037931407,93.7030580385
150.584020719,93.7242922973
149.869114595,93.7796280086
149.505783087,93.7656388964
149.101522355,93.7480515514
148.873556322,93.6709054326
148.754186331,93.6221373646
148.625717176,93.5435348093
148.548127773,93.4888150586
148.435100544,93.3667687518
148.367726371,93.2921689797
148.32956834,93.2424305218
148.419567486,93.146006424
148.587370824,93.0678149228
148.9764134,92.944234675
149.273975186,92.8689188564
149.569994983,92.8277712165
150.352739731,92.8725213966
150.919763908,92.8703367893
151.950648553,92.886826855
152.740984348,92.898887933
153.552796089,92.8751223553
154.68760116,92.849636334
155.33384546,92.8150963339
156.124510733,92.7843834216
156.569196489,92.7160842843
156.969779263,92.6965803503
157.702679047,92.6467556033
158.283656133,92.5962618416
159.265998298,92.4623751959
160.020559552,92.3897050871
160.932349508,92.3431348083
162.468682527,92.3099954382
163.638987673,92.3049356174
164.825201829,92.3748023373
166.688454389,92.4523156213
167.800012923,92.457747702
169.283571375,92.4799961894
170.093046679,92.4646853936
170.803031039,92.4336686046
171.766717267,92.4659282754
172.300643837,92.4817560907
173.123717671,92.5239680609
173.596718832,92.5503646935
174.036020883,92.5464436963
174.609442294,92.6084687683
174.903836679,92.6445533006
175.40770302,92.5967523066
175.857176651,92.5720605521
176.246487287,92.5819554465
176.670475075,92.563470845
176.901370138,92.5628876738
177.137404094,92.5784741921
177.271921244,92.6023264302
177.429127781,92.6457168658
177.63556135,92.7018841966
177.786245944,92.7388777456
177.980273061,92.7349774204
178.069140685,92.7201058864
178.139236976,92.6999805002
178.199884151,92.6674497688
178.212242213,92.6536846695
178.22683581,92.6571283246
178.254887705,92.6965358253
178.305603823,92.7058837838
178.447094976,92.6700247072
178.546450715,92.6399796856
178.706762942,92.5887020176
178.81083172,92.5414239339
178.882717329,92.5062967016
178.965949676,92.4307162226
179.011777274,92.4036931778
179.076125372,92.3980460212
179.139935309,92.4023218186
179.178197748,92.389130567
179.235326594,92.3754335546
179.27962522,92.3737201061
179.355035025,92.3679211609
179.488956504,92.369465841
179.60346669,92.3742307749
179.735803861,92.4004182308
179.789876307,92.4186392268
179.851936443,92.4025298207
179.958561629,92.3447407322
179.99257988,92.3191645123
180.005117019,92.2988622275
179.973915749,92.2898073206
179.906449576,92.2924226766
179.765789915,92.3045872318
179.669721011,92.3324324267
179.585145598,92.3738881359
179.568192538,92.3860116211
179.577667788,92.3809509061
179.614367934,92.3220347921
179.640627137,92.2748843867
179.672025226,92.2299089924
179.683946951,92.2043215137
179.671137207,92.1862959917
179.65863073,92.1758284751
179.643250829,92.1809249658
179.630061951,92.1466554489
179.645014519,92.1037036363
179.684850272,92.0618471722
179.739540187,92.0638867951
179.742977033,92.094280897
179.746787977,92.154270395
179.810848996,92.2806505954
179.881582653,92.3423254683
179.972070404,92.3971514155
180.049507465,92.4021622307
180.145408262,92.3946872052
180.337750331,92.3889213759
180.556410519,92.3623109165
181.148771774,92.2748509364
181.639235302,92.2566283909
182.091155268,92.3108483773
182.795752973,92.2841586706
183.342922865,92.2399382808
184.311409251,92.1157647628
185.105367608,91.9915179008
186.094139705,91.9223737003
187.59239929,91.9562317862
188.576343914,91.9806987972
189.997498294,92.0746271169
190.810560191,92.1923338116
191.603031566,92.2635674977
192.681744158,92.534275173
193.364625483,92.6682834583
194.335965967,92.7403865893
194.934184314,92.796776644
195.55455427,92.8026978773
196.48830577,92.7948207903
197.130112339,92.8260199174
198.034572944,92.8728277477
198.541597791,92.8856235405
199.055139605,92.9413838039
199.664732159,92.9920733242
200.020876402,92.9704076097
200.355576062,92.9661718554
200.908238527,92.9259364506
201.171516992,92.9094588782
201.685514023,92.8069662887
202.002126514,92.7287617898
202.317364354,92.660943478
202.756220489,92.5954248532
203.037154394,92.5979281921
203.398343224,92.6331678323
203.59726931,92.6296019295
203.851727854,92.6471177029
204.13759668,92.6219513468
204.320315473,92.5888744114
204.562401779,92.5109478866
204.690162574,92.4435621651
204.811737927,92.3799697017
204.988023789,92.3565593387
205.051371557,92.3448983952
205.110648212,92.3500259608
205.117397955,92.3795444696
205.096967562,92.4336034489
205.010761378,92.4965273927
204.927415762,92.5216174624
204.840244548,92.5242047889
204.807303422,92.5226794607
204.792326979,92.5190683136
204.81046262,92.5118538427
204.839684145,92.5015673906
204.882745294,92.4726778285
204.986957443,92.4043708807
205.082726938,92.3611724057
205.228526834,92.2997975466
205.312478321,92.2863800463
205.384479151,92.2684073979
205.453225849,92.2635351336
205.496035062,92.2362629435
205.571541679,92.1826815895
205.614775073,92.1612117928
205.641559807,92.1576979542
205.633189436,92.1823038469
205.583264112,92.2005444471
205.496793396,92.2229479179
205.442822615,92.2355862416
205.428537892,92.2598350245
205.455138065,92.2894458382
205.477257199,92.2917941122
205.516960609,92.2769723091
205.54853093,92.25912257
205.579801861,92.2410625297
205.606424275,92.2240449732
205.613420077,92.2246615643
205.619098811,92.2298323289
205.607495662,92.2485516257
205.580563649,92.2616527329
205.554943424,92.2216385848
205.555466083,92.215783876
205.573184389,92.2408788135
205.553743219,92.2427298595
205.526174274,92.2279787797
205.500684542,92.229759442
205.517344656,92.2279173005
205.549132194,92.2377651201
205.575766609,92.2396487052
205.579837673,92.2268159443
205.58109452,92.2000158588
205.568045995,92.1983346898
205.529439244,92.2096943353
205.403598055,92.2667788689
205.238218153,92.3221930078
204.962840539,92.3768942682
204.764306833,92.4444144906
204.575879125,92.455776446
204.244708534,92.4648456287
203.958723106,92.4673910513
203.561816209,92.517309101
203.242875332,92.5403485901
202.82624429,92.5434702781
202.263974192,92.5328544848
201.8070033,92.5295158803
201.138338311,92.5350720022
200.621356092,92.5261126039
200.122132103,92.5342983849
199.29697944,92.5258985767
198.736648936,92.4987886397
197.961441624,92.4872562207
197.525294472,92.470559053
197.195324733,92.4503187999
196.725334592,92.4232127666
196.282817703,92.4065138739
195.848113838,92.3207314644
195.099202642,92.2445343063
194.437353742,92.2034303309
193.310436691,92.2198283591
192.405452724,92.2332484948
191.018215359,92.2339397525
190.079737381,92.2029032695
189.211281492,92.1543071051
188.000641851,92.1543275421
187.384077839,92.1834233157
186.874119834,92.2091331649
186.340808767,92.2484430397
186.052202659,92.3004513177
185.514697931,92.3701137886
185.066849686,92.4174873859
184.544537961,92.4489924164
183.752383816,92.4924525015
183.22026059,92.5023143164
182.464564767,92.4988619314
181.90558566,92.507030794
181.283187112,92.5201634263
180.260245122,92.5513534505
179.466846102,92.5181240845
177.852206292,92.5557268478
176.502610234,92.5397401613
175.12128992,92.524309901
172.995385308,92.4822754926
171.696213279,92.430351962
169.972544716,92.4067526814
168.97890924,92.4003651465
168.088212335,92.4497453738
166.816522925,92.4157490838
165.9442238,92.406828749
164.621639559,92.3654797328
163.733753333,92.3452393177
162.853351704,92.2580781714
161.657219307,92.1188975578
160.897240338,92.0287031357
159.828261682,92.0444871548
159.135450888,92.0436397026
158.470179094,92.0767741204
157.496874565,92.0722421463
156.930390352,92.0987612018
156.369104423,92.1039484028
155.501504361,92.1779006844
154.978829703,92.2301183601
154.103571848,92.2509602066
153.5371709,92.2993486104
152.950442751,92.2940845914
152.097082945,92.2607687042
151.524384167,92.2545662845
150.69146563,92.2919511245
150.122289815,92.2802738185
149.607726494,92.2791660667
148.919417961,92.2046119027
148.552382387,92.1791488524
147.947056898,92.1332716377
147.598847567,92.0845820513
147.181912737,92.0662895805
146.449648629,92.0246067275
146.000949373,92.0698762525
145.295464073,92.1347772641
144.843585177,92.1538973977
144.448543992,92.2019374003
143.884396478,92.2169803345
143.546444073,92.2431325436
143.220664723,92.239749026
143.001487777,92.2285271469
142.780612814,92.194390858
142.397722174,92.1667360588
142.079664525,92.1556626815
141.623422057,92.1122602199
141.30769177,92.068558324
140.937769044,92.0138300529
140.397045531,91.9462050805
139.953822167,91.9374886116
139.331716456,91.8530366456
138.912519064,91.8072291553
138.552808624,91.7333957165
138.061484202,91.693405175
137.727163745,91.6945978431
137.054271757,91.6847634792
136.539168335,91.6897094586
136.050229998,91.650641957
135.246587305,91.675125859
134.663799819,91.6740374451
133.974445531,91.6734299924
132.825421136,91.6371117103
131.944782617,91.6260433313
130.365827014,91.698653753
129.072779733,91.7194914612
127.647466222,91.7235775003
125.478529635,91.6723278013
124.032852928,91.6025560293
122.092910788,91.4839659122
120.972483682,91.4145642153
120.032457049,91.3755404148
118.907382114,91.3067624087
118.225815695,91.3060555063
117.273995387,91.3186886083
116.590251165,91.3501287912
115.743309361,91.3919159713
114.278992733,91.3797776498
113.190375338,91.3146014926
111.404606487,91.2900790993
110.022661478,91.2655872009
108.642734673,91.1254601641
106.598815219,90.8870445707
105.316709087,90.7746042059
103.680464671,90.5851223749
102.757723836,90.4970370718
102.029705303,90.4342628634
101.124480456,90.4187621139
100.64732681,90.4754300825
99.998341303,90.4615652613
99.6222420757,90.3426711129
99.4014772397,90.3397275487
99.2551603653,90.2604291484
99.2321821101,90.2298812488
99.2838076873,90.1564249123
99.5442707818,89.9912726037
99.6852807092,89.9234701435
99.7953424839,89.8769487171
99.8115396473,89.8156833408
99.7570049863,89.6572350934
99.4035400517,89.4608720457
98.9699613311,89.3938953702
98.1460532591,89.3702971408
97.434831457,89.5099864969
96.5119662897,89.666755066
94.8412638738,89.8785607495
93.6282931259,89.9640487772
91.7124952842,90.1278509647
90.3710739075,90.1415213757
89.0214808836,90.1603783772
87.0847898838,90.1273112191
85.7193190185,90.0985516988
83.5616016859,90.0731964497
82.0154088367,90.1146003559
80.6443395973,90.2118453799
78.8868867004,90.3574325507
77.8626770953,90.5359211968
76.3304961128,90.7492588544
75.2481809412,90.784628286
74.1674074482,90.7592071997
72.4928400939,90.60528746
71.5200032323,90.3531502057
70.3660193603,89.8449233999
69.7229342125,89.4196682409
68.9730920303,89.028955438
67.462000012,88.7363415601
66.2495661314,88.6932028801
64.9804001952,88.6641727709
63.1011166656,88.7296159231
61.8888673834,88.7391162585
60.3123682971,88.6563408121
59.3446021355,88.6337477149
58.3312357549,88.562205177
56.718614765,88.4617160304
55.6291402542,88.3753794131
53.9596476134,88.3122245298
52.9079894882,88.2569906357
51.883614799,88.1231648337
50.4971922508,88.0013465914
49.6868185822,87.9086265879
48.3083430869,87.8669461576
47.3198930371,87.7641295674
46.4429462695,87.6713010687
45.1575474025,87.4840243303
44.2812993312,87.2490598518
42.722781718,86.8303060739
41.6578229981,86.5208616204
40.5783061156,86.2613712271
38.9325229886,86.0082171408
37.8648342853,85.9552988476
35.9790719168,86.064332745
34.6295430945,86.1470357269
33.2229706846,86.2537125503
31.0196689376,86.3967892931
29.4890282915,86.5125400547
27.0952077861,86.5886091296
25.4905735151,86.6005772864
23.8415820399,86.5003029994
21.4734646968,86.2574075246
19.9083767337,86.0189095264
18.1916945486,86.0054250141
15.7220097283,86.0242207651
14.0484062855,86.0401104018
11.5757980369,86.0753969207
10.0193069331,86.0093823643
8.69725837554,86.081340105
7.30596410242,86.2434052706
6.5155963581,86.2665293469
5.40671506949,86.1523547265
4.89727134935,86.0160696657
4.894942791,85.9416285178
5.19472028823,85.9608998224
5.56223217189,85.8774096474
6.56977997869,85.7569021106
7.38825542473,85.7216241217
8.02408841482,85.6311971599
9.23171959306,85.413209754
10.387223035,85.3862834028
12.3759883737,85.4053681499
13.7927993652,85.5401143575
15.3794612262,85.6938032063
17.7358361052,85.9066383214
19.3695892442,86.0975205796
22.0416771386,86.4621452837
24.1849949989,86.6361964464
26.4396491265,86.7784784587
30.1414447588,86.8469216936
32.7130419545,86.8118860081
36.4384455336,86.8462189498
38.8367718827,86.8416142739
41.3614510938,86.855656267
45.5018012414,86.8275431857
48.4738203725,86.8108310424
51.5611372004,86.9194309002
56.5178136075,87.0968906511
59.8816083536,87.1307153314
65.426359358,87.0248583056
69.1694800927,87.0914035856
73.0992400008,86.9852078317
78.3193511269,87.1792027218
81.6031317004,87.0151692081
86.1436057965,86.9791683914
89.2382995782,86.7800566495
92.4812838022,86.7055968088
97.5369826659,86.6891427126
100.977111212,86.831145066
105.689829511,87.0912859295
108.367142667,87.2972879645
110.671483172,87.4288547533
113.664967031,87.503884789
115.455239628,87.6769769944
117.741114033,87.973681233
118.996155766,88.1739287813
120.004173837,88.3906850694
121.087706463,88.5763223305
121.649425798,88.6398764126
122.224660002,88.6833848389
122.541788222,88.6828610328
122.772647009,88.6969227977
123.099857235,88.769911788
123.210916235,88.7844650541
123.382806678,88.8473777862
123.47547807,88.8897043526
123.613571018,88.9214141845
123.886325049,88.955781266
124.113178748,88.9062520497
124.614818317,88.8349754678
125.132855869,88.8214327211
125.607348686,88.777302348
126.495796117,88.7329850992
127.259851211,88.7067041305
128.020693855,88.6674744037
129.178920637,88.6765041453
129.922472899,88.6785801558
130.844130863,88.6847660814
131.248835534,88.7404996617
131.503176842,88.6904140789
131.786247106,88.6821532326
132.004047861,88.6594073738
132.246292412,88.689309599
132.339677232,88.7049115144
132.389469771,88.7173937415
132.386109127,88.7689804776
132.285783667,88.8423367308
132.088729322,88.8969396191
131.879765124,88.9390878912
131.625745991,88.9829996154
131.418374337,88.9569801355
131.341661722,88.9149892741
131.325538363,88.8709945679
131.456319715,88.8724719468
131.822125854,88.8984260455
132.753356639,88.9485902287
133.647991419,88.953709455
135.359498465,88.9234932919
136.811523158,88.9135057554
138.582403591,88.8226321663
141.617423989,88.720434861
143.744697734,88.700853618
147.223246684,88.6197201413
149.435723236,88.5865813668
151.627942661,88.588180215
154.739280217,88.7130204297
156.698627281,88.8535045843
159.377456556,89.0536749987
161.07328219,89.2114027864
162.656835773,89.4095679992
164.758099676,89.6875106486
165.966072859,89.8503587951
167.074976769,89.9818290149
168.438147987,90.0332500197
169.223586542,90.1208488986
170.32948712,90.1482345465
171.085985211,90.1715966174
171.875367758,90.1839277359
173.350961638,90.2922438722
174.310877886,90.3341129042
175.824106321,90.4479243645
176.916408609,90.5711409356
178.06846355,90.6242951086
180.149967346,90.7908930694
181.707961059,90.9806538492
184.515157527,91.3046086317
186.484571372,91.5559663588
188.395591007,91.7254099565
191.08085986,92.0121502977
192.724919384,92.1469668691
195.228110449,92.3472424417
196.912244738,92.4737991085
198.515649957,92.5295467387
200.832795849,92.5568644384
202.246915996,92.5277303461
204.144731574,92.511863762
205.303516065,92.4740304449
206.505074164,92.46040718
208.138894004,92.4378123707
209.151144336,92.4103763663
210.695175833,92.3546202656
211.72649412,92.3385409
212.709670912,92.3042973466
214.12390884,92.1525188762
215.006100505,92.088479868
215.822905583,92.0437402914
216.921887914,92.0869658427
217.591251604,92.1340683278
218.617018676,92.1191826511
219.274343368,92.1315886988
220.046285716,92.0598784832
221.496282981,92.0392951901
222.623866094,92.0072457018
224.468088435,91.9242615825
225.688730256,91.8386584327
226.951156095,91.761058506
228.778724053,91.5713605894
230.033283595,91.4875331436
232.164480855,91.3521768498
233.716599052,91.3998994175
235.396681693,91.3739001529
238.001803639,91.3549942221
239.765395389,91.2130645185
242.497736624,90.806281582
244.566358414,90.5214431668
246.676414915,90.3362854773
249.844965213,90.1934695041
251.952226308,90.1427300653
254.864317152,90.0068705002
256.664664598,89.7489698017
258.214960155,89.5927443541
260.459364857,89.4532547282
261.828048631,89.3809818963
263.139069164,89.2997291162
265.056698184,89.2673698301
266.272358265,89.1803859552
267.92867776,89.1136610837
268.89907781,89.0968417803
269.969657307,89.1133776233
271.57190606,89.1371816794
272.682631356,89.3291606786
274.23432162,89.3385059543
275.166238363,89.452204471
276.144101226,89.5353354701
277.598154213,89.6176207364
278.59527763,89.5307446624
280.113895116,89.4480258078
280.952864148,89.4636645105
281.709181965,89.4244763285
282.652610479,89.5237780648
283.193327788,89.5865303906
283.742016688,89.6985576524
283.889829338,89.868674613
283.83015318,89.9306797269
283.387559345,90.2475037453
282.701632023,90.4602963214
281.465952965,90.713173164
280.511887099,90.9279018968
279.407638399,91.064254575
277.794678738,91.4150288658
276.733236591,91.4952961873
275.193356923,91.5957589204
274.310118338,91.6048064651
273.350180711,91.565573244
271.727838826,91.4061696646
270.668771382,91.3451960214
269.056701809,91.3472638656
268.012455127,91.3112298129
266.978250325,91.3102078482
265.378738889,91.2773714797
264.262877594,91.3025010109
262.477201528,91.2755269287
261.363627041,91.2650748074
260.258415506,91.2409521987
258.642836559,91.2809735429
257.433666842,91.2729874935
256.190444557,91.4268642396
254.038560563,91.6094382479
252.695642297,91.7591597092
250.462664805,91.8769539394
248.983371295,92.025149756
247.432794721,92.20935843
245.115595667,92.3803577252
243.450018849,92.5592964663
240.938124191,92.829142942
239.208684026,92.9754081443
237.608421411,93.0743115045
235.397714687,93.1175045418
234.206367674,93.1769175796
232.589693957,93.2099831716
231.559537208,93.2309460208
230.666126241,93.2552615155
229.520299299,93.3132621682
228.876196199,93.3068568033
228.04608251,93.2410735199
227.533506205,93.2070113849
227.033961172,93.1291707013
226.229375189,93.0145939141
225.723065292,92.8885914975
225.014138256,92.6688517796
224.64099678,92.6178479372
224.26242392,92.597963859
223.797093391,92.5563329342
223.369226623,92.5099552028
222.485963484,92.377403281
221.846592422,92.3401755839
221.250754721,92.3282642016
220.454548093,92.2453945926
220.066880888,92.228043817
219.760494099,92.1919542256
219.461912991,92.1207315399
219.322174906,92.1156930528
218.999978142,92.0853543792
218.65345029,92.0471237399
218.215817283,91.9854509545
217.682080482,91.9044224324
217.478534545,91.8580891021
217.218741621,91.8118215518
217.148232333,91.8247744712
217.068218326,91.8068452184
216.978114171,91.7773991385
216.923401045,91.7486869383
216.834655921,91.6869755765
216.766512322,91.6125842172
216.713387271,91.5429911292
216.63034769,91.3713083011
216.466232199,91.1637794001
215.938117187,90.7987781059
215.357802687,90.5658562208
214.720363764,90.408824209
213.424382937,90.3121806681
212.479293378,90.2823967802
210.918783039,90.3864508609
209.754011394,90.4283980124
208.541948684,90.5220702736
206.578606583,90.5186795563
205.108320853,90.5084295732
203.636901024,90.4213959112
201.359440735,90.2881847222
199.942591799,90.2694255675
197.934725454,90.1138839624
196.753128445,90.1070062848
195.167266893,90.1877692712
194.411032549,90.2523322829
194.129727062,90.2856214557
194.540289231,90.3218276316
195.281571849,90.3450036795
196.011561772,90.2289696606
197.174661471,90.1737400594
197.77711081,90.1191869504
198.407873082,89.9837162413
198.734027108,89.8635125392
198.79015304,89.7964593849
198.836349686,89.566174202
198.417975764,89.2141654943
197.093765603,89.0084725749
195.680857354,88.9454177405
193.943739039,88.9797427513
190.478603817,88.9288904467
187.840047782,88.9804056507
183.370593009,88.8756188552
180.132003078,88.9105277178
176.677760768,88.7707151783
171.262764449,88.539046246
167.711052883,88.3546480102
162.385545961,88.2773806819
158.874542555,88.2973035413
155.245646509,88.3330455214
149.975131636,88.1983965314
146.487209454,88.1025109775
142.311506785,88.0683274007
140.250878175,88.1814469752
138.607261982,88.3462981132
137.109184444,88.7077938106
136.525153654,88.883349705
135.835635773,89.1352957609
135.395633293,89.2360103854
134.858054796,89.3287380839
134.070367704,89.4038726361
133.644420013,89.4036885584
133.265751919,89.4403643881
132.92488551,89.4906544056
132.732372304,89.5541158324
132.435812117,89.6655222976
132.266532545,89.7424930298
132.163995905,89.7974920706
132.04344986,89.8569865171
132.000742772,89.8508769794
132.027033741,89.7674342958
132.135848922,89.6955590875
132.287396851,89.5976558013
132.515939492,89.4511160806
132.686873653,89.3766901996
132.876740818,89.3574335401
133.037803063,89.3054102491
133.152765734,89.2821923771
133.309896638,89.2998616108
133.414684372,89.3062315246
133.588208079,89.2920073209
133.738255521,89.283828968
133.912847103,89.2548647658
134.258254633,89.190401577
134.508044338,89.134029833
134.772609486,89.0752695341
134.841758938,89.0270729704
134.900041227,88.9503422909
134.935031441,88.7708049206
134.944430005,88.6981478129
134.949148723,88.6823562777
134.968327176,88.6830506645
135.022797661,88.6914450817
135.26019323,88.6840340545
135.573026145,88.6655088388
135.97546809,88.6493212303
136.442038739,88.6445008794
136.75672507,88.6807141991
137.075882298,88.6991568471
137.317852007,88.7534666693
137.504336149,88.794670629
137.760511825,88.8547992027
137.922095416,88.880831229
138.083955858,88.8886055088
138.161378013,88.8619064518
138.193457108,88.8163197373
138.197089562,88.7075418414
138.212786786,88.6421529458
138.31327751,88.5902969607
138.598487339,88.5339951343
139.257568206,88.4695010274
140.295093539,88.4257259206
141.050697014,88.4249974642
142.203136438,88.4611521025
142.997758464,88.5077398532
143.828119228,88.6418916943
145.130300962,88.9145384196
146.163909244,89.0322271326
148.030173806,89.2139449906
149.521512608,89.2787431626
151.145377452,89.3861031802
153.673681541,89.3670953907
155.232287458,89.4142136039
157.259691063,89.4844428963
158.305769295,89.4442060485
159.158072107,89.4569219296
160.323626775,89.5958921023
161.073079584,89.6884954024
161.919611009,89.7547593987
163.210481384,89.8063440848
164.126980826,89.9064943068
165.626945171,90.0162938067
166.691329365,90.1012207969
168.533743936,90.1987692272
169.932760766,90.2537473131
171.399613048,90.383685596
173.743753808,90.5805354621
175.460328935,90.6995703577
177.33034152,90.8248880179
180.615257924,91.0506221821
183.083920591,91.2991013757
186.907719244,91.5327956748
189.338729036,91.7204075599
191.537414991,91.8649677344
194.568573269,92.1280913486
196.262351813,92.3204499231
198.64246685,92.4785433183
200.132571451,92.5990075829
201.67509732,92.7746096866
203.997238346,93.0012829142
205.514377817,93.1463442654
207.797194974,93.3831631373
209.339114481,93.4806639919
210.811273089,93.6170013556
213.075552889,93.7213936439
214.518043968,93.7807138486
216.476074027,93.8135272632
217.620755874,93.811374245
218.685844186,93.791109109
219.880461578,93.7741700663
220.53010489,93.7021139272
221.316624113,93.6644882425
221.723408915,93.653463227
222.120458113,93.6204939342
222.542315622,93.5476633387
222.774633628,93.5379252603
223.163525028,93.596285318
223.482299673,93.6140761321
223.778394051,93.6629385247
224.135529856,93.6758913794
224.345739049,93.7343292706
224.587389943,93.7826640665
224.830696117,93.8418908729
224.956770654,93.8642411216
225.075762415,93.8152618399
225.153372187,93.7132765341
225.199864386,93.5925000288
225.152355741,93.4755873018
225.024999239,93.4132685834
224.708307757,93.1664317456
224.458002405,92.8566874426
224.231723881,92.388239147
223.91566657,91.1676319803
223.645788345,90.1198963671
223.442093878,88.8208610716
223.417569399,87.8255315373
223.511481744,86.634876874
223.585635749,85.0054794028
223.678558534,83.990882685
223.828554203,82.0331044427
223.840754364,80.646134961
223.967488363,79.3354068148
224.120665624,77.2938118139
224.195424054,76.0672926363
224.506492854,74.1950971464
224.680591224,73.2534529824
224.748947638,72.2428405737
225.001999077,71.0232590361
225.048927664,70.5042649468
225.080246885,70.2339451853
225.084327381,70.2235763414
225.116649826,70.0518132975
225.288767026,69.7082823263
225.384037479,69.5328082912
225.530199306,69.2948276902
225.822718475,68.8646187084
226.017267843,68.4960506473
226.072899098,68.2592841801
226.115641849,67.9437034855
226.274560007,67.46108647
226.497648811,66.7647874014
226.706046784,66.3469507109
226.792050069,66.3487211797
226.837231464,66.3238255079
226.848796957,66.3073856318
226.840936465,66.2236560948
226.834169225,66.182628474
226.882195232,66.1446853982
226.930798296,66.1894187545
226.994234244,66.3345524372
227.088261267,66.5841643706
227.160191559,66.9639297802
227.260454182,67.4387375106
227.334064521,67.6162771824
227.443584013,67.8050356415
227.62538329,68.1672001709
227.755748967,68.3612485644
227.910995744,68.7423745097
227.99528328,69.1392965267
227.980318839,69.5747186685
227.923937318,70.0463953951
227.786139943,70.4652727419
227.619908225,71.1053062665
227.565867891,71.67721645
227.526468177,72.2777903494
227.58662081,73.3685672443
227.801779127,74.3021478409
228.040114434,75.2820595585
228.509495274,76.7669127243
228.895080552,77.7009139957
229.329401956,78.9837573402
229.479646971,79.7226667493
229.602003243,80.4902185873
229.618923259,81.6265668025
229.56920534,82.362202404
229.488379488,83.5216964896
229.367949942,84.07858292
229.22030785,84.5832322666
228.932355705,85.1983164635
228.696776177,85.4751806443
228.381988179,86.1223035386
228.111529141,86.5527112868
227.874302657,86.964445802
227.497312425,87.6672223029
227.273281676,88.0669777225
226.941711176,88.6051186143
226.738946349,88.8774874401
226.529139253,89.1335536034
226.032842497,89.3931287313
225.77857272,89.6128395543
225.564769607,89.9418100961
225.523369457,90.17025523
225.510717748,90.3571718819
225.498891356,90.8565459394
225.524812086,90.9972877308
225.586050337,91.3205211124
225.633544247,91.4352713013
225.719379877,91.52391832
225.795893171,91.5802740712
225.890124942,91.6343461984
226.099779294,91.8035122066
226.211248175,91.8493296255
226.267560061,91.8604991015
226.365440234,91.863544956
226.469031348,91.8271808909
226.530691,91.8178527416
226.694708357,91.8266898491
226.845229931,91.8555401446
227.091248396,91.9384763355
227.179898136,92.0197698684
227.286379765,92.1185512959
227.468208021,92.2492492639
227.594057162,92.3537394177
227.878660463,92.5030302496
228.10219981,92.6009737528
228.326523349,92.6941849542
228.760939451,92.8710357616
229.061815308,93.0090820256
229.550916594,93.1428255007
229.801479584,93.239411249
230.031394545,93.2800125222
230.494163221,93.4358593261
230.791464261,93.5088936218
231.212531886,93.5481935685
231.51386196,93.5828916528
231.957463787,93.6394902559
232.713011188,93.5287421801
233.230167302,93.4731424267
233.914774564,93.4572133479
234.363543966,93.4142930238
234.799345762,93.3834834237
235.521982338,93.3087998155
236.000035468,93.2751659211
236.79941621,93.2243842026
237.246501139,93.1634903644
237.686728831,93.1060242486
238.386409005,93.0418357124
238.854533885,92.9907909651
239.574408174,92.9271857494
240.100453847,92.8741966335
240.621234667,92.8680436223
241.10278546,92.8144255256
241.80264264,92.7732776937
242.20487052,92.7436566992
242.681489073,92.7328514825
242.947411797,92.7227896108
243.412429921,92.7160762464
243.707541978,92.7143530871
243.993659664,92.7338434877
244.395684023,92.7260603795
244.598663217,92.7468128451
245.037356937,92.7730676237
245.246450775,92.7804357538
245.434890105,92.7910119654
245.732576008,92.7418453507
245.848915742,92.7115568915
246.004655644,92.680113034
246.075714398,92.6779621693
246.121194873,92.675428802
246.129764586,92.6689523809
246.121087426,92.6896398831
246.040762633,92.7198618351
245.913875336,92.7448845946
245.79077254,92.7632289569
245.638738404,92.7430645941
245.49729989,92.7115346932
245.319981028,92.6826944018
245.138588077,92.6943062241
244.903278106,92.6816961324
244.560016281,92.6772177422
244.268509063,92.6937853936
244.076799193,92.6856001229
243.754277574,92.7106022184
243.461468907,92.6822115775
242.851607434,92.6618823534
242.311749191,92.6090410308
241.632672368,92.6424887949
240.38980754,92.6693547083
239.623544176,92.7858958599
238.448641011,92.9217549252
237.759952383,93.0119084447
237.003907627,93.0824581481
235.84274327,93.0419643153
234.94946077,92.854092249
233.237804665,92.6349814818
231.752527128,92.4473701664
229.890435016,92.4313533513
226.636574471,92.312338947
224.284399475,92.3090194078
220.529684671,92.2466772158
218.034518355,92.1555796263
215.716878068,92.1792511996
212.626809185,92.0002064168
210.854047398,91.8908696942
207.96249513,91.6746771809
205.685445407,91.4739570779
202.918582178,91.3025957367
198.180383641,90.8892420001
194.821203057,90.653604766
189.152304729,90.3434833677
185.181458415,90.1457869603
180.858872562,90.0199070733
174.923671386,89.9119563948
171.137463415,89.8806327395
165.784836566,89.8958103656
162.322498451,89.9825209478
158.418074796,90.1346410173
152.086287832,90.0714617759
147.910051248,90.0617405686
144.051950046,90.0664517172
139.505898707,90.1982033085
137.180124433,90.2382669855
134.568166026,90.1838382935
133.139135,90.1200880592
131.926806124,90.0054481548
130.047014694,89.8722976984
128.634286263,89.8586568707
126.271942477,89.7894547206
124.682476292,89.8820385107
122.993308125,90.0009770793
120.590699232,90.1736052574
119.056429662,90.2274124334
116.899104073,90.3688730144
115.518326653,90.4157154072
114.099497984,90.4876762425
111.920499984,90.5817408433
110.468915274,90.6581799454
108.642044574,90.6734778219
107.573445525,90.6415267064
106.654171514,90.5601663035
105.471183703,90.39108499
104.816531522,90.2585229291
103.914906557,90.0729099545
103.483334712,90.003088642
102.960071621,89.9158888432
102.534889003,89.8151825486
102.216770696,89.8039007095
101.805985947,89.8052700629
101.521606679,89.8612823441
101.260958434,89.8008753451
100.855721984,89.7125812142
100.735272204,89.626894456
100.580782125,89.5980750387
100.491452761,89.5544091289
100.445278304,89.5145408179
100.436429162,89.463179084
100.472271249,89.4204207104
100.500588269,89.3821518241
100.530583359,89.3295932155
100.494936009,89.3022770737
100.305312673,89.2281543104
100.103366718,89.1574873546
99.9057173474,89.0995601742
99.6640552201,88.9872735383
99.5256622081,88.957689631
99.3313218683,88.9208363222
99.2242664111,88.9398522738
99.1234954358,88.954653225
98.9757775735,88.9762173193
98.8989377218,88.9881654235
98.8086288595,89.0198981212
98.7472929134,89.0320012292
98.6917219568,89.0375211004
98.6015263426,89.0077061666
98.5942608521,88.9798752424
98.6504650886,88.9587364973
98.7217261878,88.9512721992
98.7702253429,88.9529643637
98.8809190683,88.9715981569
98.9714519828,88.9835016879
99.1944785038,88.9871614387
99.3989750861,88.9825064213
99.6196864095,88.9557778607
100.015370175,88.8694902841
100.318654472,88.8290519388
100.721181189,88.808919687
101.189250559,88.8127875716
101.642414004,88.8205366808
102.170795403,88.8040679048
102.64577397,88.7849449197
103.049013963,88.7830140492
103.664099421,88.7146211887
104.110988236,88.6645692358
104.688171345,88.6281063818
105.051744269,88.5813085822
105.458693945,88.5764860103
106.125972511,88.6082134081
106.651296935,88.603309494
107.519127648,88.6076123112
108.184103281,88.6272702394
108.896945075,88.6211632456
110.097012844,88.6009650267
111.038461177,88.586238587
112.601049414,88.6629173558
113.793629083,88.7997513028
115.04496094,88.9548927048
116.886611272,89.2321228602
117.999451098,89.4191560471
119.561767545,89.625846802
120.497090434,89.710324166
121.408209729,89.7041437199
122.770285648,89.7453487078
123.621692462,89.7734845264
124.53664237,89.8261782429
125.845579729,89.9253679905
126.778300545,89.9614919029
128.217621028,90.0477693081
129.283949201,90.1469356689
131.176151189,90.3021432003
132.723081963,90.3609423162
134.411004066,90.4623581535
137.106672254,90.5532909573
139.094450688,90.6762927138
142.184951964,90.8908915796
144.339265884,90.9486622379
146.580496461,90.9834437484
150.044259052,91.0330764792
152.42455943,91.1060787671
154.986781902,91.0883421343
159.092724869,91.1391517683
162.004843804,91.1382823394
166.535539907,91.1573357305
169.495293731,91.2907861729
172.467879574,91.3751041979
176.758718437,91.4763682575
179.463102675,91.50841592
183.54315996,91.5554416471
186.231691934,91.6937129516
188.941321613,91.7545967673
192.966718831,91.942699575
195.800330293,92.2534138101
200.221518428,92.7860976053
203.328035838,93.1928149519
206.228765116,93.5255568276
209.966847164,93.8926406122
212.069093712,93.9219830854
214.730118887,93.988939517
216.309050315,93.9419930869
217.87513119,93.8904437475
220.088355192,93.883988636
221.420693566,93.9314767826
223.119787993,93.811607674
223.905857082,93.4906226067
224.434074403,92.9533972176
224.933074786,91.8250629035
225.218604788,90.7022547832
225.534520873,88.0637668253
225.879349071,86.1160923097
226.410481393,84.0815082377
227.573144902,81.2094007339
228.591550384,79.5929445612
229.42178422,77.9732948656
230.732475634,76.0688945715
231.299316233,75.1968765652
231.768850571,73.6416412873
231.93790648,72.5230100943
232.112747468,71.3637690901
232.573327596,69.4984246176
232.803695276,68.2710328096
233.54623953,65.9674241645
234.170129994,64.3668814759
234.845934764,62.5165785677
236.197182566,60.2299285273
236.948730932,58.8555539351
238.34219708,57.2333687547
239.089961443,56.3490594701
240.233735137,55.8039500086
241.559089323,55.8239750107
242.136142088,56.0236433242
242.818832057,56.1433799006
243.326173348,55.9841252909
243.863243997,55.87756608
244.502301532,55.8358215636
245.085599357,55.7022235409
246.333598547,55.2299550136
247.511550646,54.6889553797
248.727588969,54.3035032494
250.453151986,53.4754856661
251.33576068,52.913152263
252.344851769,52.3493157424
253.027018669,52.0697555334
253.721346514,51.8087502621
254.535784578,51.5329084845
255.089918664,51.2999544233
255.456221933,51.2120295275
255.712371622,51.1781328287
255.802693814,51.0945794542
255.786971527,51.0122593246
255.820865206,50.8462269307
255.974627601,50.4720485439
256.026823648,50.3124997805
256.13245229,50.0639069996
256.616944678,49.5554432863
257.009363958,49.1738079605
257.447965895,48.7642995597
257.950588384,48.3956444932
258.020058472,48.4026204617
258.017965168,48.4923877535
257.874657353,48.7412641622
257.640047844,49.3124488137
257.22919791,50.0182334857
256.895280071,50.3941512869
256.409015013,50.6877351433
256.219630254,50.7832988458
255.908244247,51.0033006865
255.164479005,51.4402456718
254.626250068,51.7332931902
253.613432678,52.2976593397
252.826400706,52.8902180839
252.033032279,53.5018799235
250.661808514,54.6587801028
249.783744627,55.6220812422
248.381409094,57.9688227073
247.494022543,59.2376664766
246.445019128,60.8117776699
244.712881916,62.9188060326
243.512944466,64.4504830627
242.486746573,66.0781152019
241.103953191,68.7073949821
240.571257365,70.1811958336
240.14392746,72.5324056056
240.059099857,74.2498743997
240.047941459,76.1465013268
240.352216551,79.0461306312
240.732950825,80.8459314221
241.294155713,83.170897204
241.702946714,84.5472759526
241.889211596,85.4517336992
241.893989273,86.4262744417
241.846853905,86.8126629677
241.556217038,87.3782951552
241.240863463,87.4803729848
241.138212542,87.5061678478
241.117198479,87.6506815095
241.142242223,87.7892152857
241.206171228,87.8486275179
241.266644378,87.782477841
241.330189343,87.6584324224
241.25973204,87.5329912023
241.137094837,87.4687159426
240.939896096,87.4482987191
240.861474391,87.5196900568
240.800173737,87.5790291811
240.853876018,87.9503411067
241.019431872,88.3531545737
241.155010547,88.8406097775
241.303493985,89.2059821066
241.311572208,89.4508501292
241.30896944,89.8130413554
241.309230691,89.9264188785
241.39663588,90.0986416912
241.465741913,90.1447541941
241.567723791,90.2664613941
241.697062766,90.3739392349
241.723641333,90.4007912111
241.709363209,90.3910734854
241.613269287,90.4366232462
241.548675309,90.5307951209
241.469357356,90.6571737038
241.425494369,90.7281581218
241.400651648,90.8235204093
241.379576238,90.8733605846
241.364981901,90.8959397314
241.316347052,90.8789831382
241.257653751,90.8406569135
241.161148292,90.8048019317
240.928848782,90.7257171229
240.722130517,90.6576322045
240.359941284,90.5980561186
240.001938138,90.5552072527
239.655225331,90.5182582538
239.082948625,90.5117199362
238.793715567,90.5485291336
238.375279556,90.4819506374
238.105486305,90.5045810505
237.893894735,90.5391935655
237.469372608,90.5301953631
237.189367365,90.4938059066
236.680131886,90.3660797402
236.412589235,90.3081284953
236.213182589,90.2601787887
235.888496687,90.1746857338
235.677511141,90.1073296283
235.402695823,90.0143728814
235.225773959,89.9521275011
234.996609816,89.8820363394
234.649254776,89.8202939217
234.368131097,89.8092008149
233.922359157,89.8081441907
233.576602192,89.8055496535
233.275325018,89.8044908513
232.876098378,89.8365741453
232.546362791,89.8304502065
232.204596764,89.7944111218
231.834682398,89.7881874067
231.637777934,89.8074735389
231.320738388,89.7930695399
231.063816743,89.7677412976
230.888469328,89.7619093168
230.665941016,89.7347406008
230.591291729,89.7339914716
230.553296892,89.723086751
230.584645102,89.7115597934
230.643026035,89.7016195222
230.75860484,89.711406478
230.824186324,89.6982492828
230.893574797,89.67625256
230.938730482,89.6500763663
231.031072426,89.6278129328
231.186592313,89.5907384227
231.324131321,89.5421074507
231.547475399,89.5036643662
231.701792633,89.4460724361
231.85307396,89.4189721695
232.249014579,89.39307631
232.451122699,89.4066800564
232.839609123,89.4038157645
233.123480943,89.3873168539
233.418163437,89.3708385975
233.8330814,89.2890063783
234.046518029,89.2918166888
234.532107293,89.2336900468
234.879889259,89.20357077
235.181567153,89.1258209091
235.787991082,89.0170171793
236.315843053,88.8838685788
236.866184012,88.832006048
237.900670401,88.7635447745
238.780105889,88.7323078426
240.263657233,88.6587865052
241.326548444,88.6080328231
242.486738927,88.5822270871
244.474700315,88.5899087902
245.9796981,88.6309203783
248.471929143,88.70256986
250.136461473,88.6455516309
251.580096903,88.6177290074
253.295220144,88.4329908139
254.150678881,88.2802443178
255.256490759,88.1300270581
255.931648545,88.0963042597
256.658010218,88.0151172422
257.827206336,88.0391900372
258.616419834,88.0706733144
259.670029826,88.0042848238
260.310958997,87.8659150041
260.917620142,87.7554286152
261.934930006,87.7476174071
262.66725772,87.703007803
263.775918482,87.6489006191
264.480463594,87.6441284743
265.200189392,87.4869276923
266.263296766,87.4866950313
266.992027032,87.5318045767
268.027111234,87.5222317547
268.653948714,87.4999241125
269.250478665,87.505973774
270.15307339,87.4195753869
270.705284645,87.3899065438
271.257307156,87.3041099409
271.975861974,87.184014186
272.438337923,87.120441842
273.061918494,87.0995386649
273.472087439,87.0995195655
273.771923583,87.112698496
274.065121516,87.101974308
274.168284197,87.1089883853
274.388583324,87.1076991345
274.416771501,87.1058557649
274.205785941,87.1197412463
273.337395688,87.1245526046
272.694696794,87.1567095587
271.674147427,87.3096913846
270.930875715,87.4555395243
270.150256046,87.6286094744
268.90847122,87.9752252222
267.98957298,88.2383475901
266.444817499,88.7022090416
265.407013122,88.9042248826
264.486848206,89.0453861783
263.126528113,89.2608683845
262.328456556,89.3899226898
261.202977369,89.6466483504
