174.638609659,105.566785974
173.736708326,105.592780061
173.585229754,105.472487653
173.604458059,105.295538499
173.63938512,105.162874902
173.724758575,104.963590136
173.753577711,104.859727517
173.755388827,104.752205599
173.679170198,104.649693937
173.53282382,104.590846376
173.266670678,104.597479915
173.100869418,104.624283943
172.896857209,104.657815623
172.742729286,104.619307754
172.601103083,104.587306257
172.337076252,104.427577764
172.194138907,104.3674833
172.052208273,104.30142829
172.039982227,104.275689019
172.058040557,104.278946146
172.27128305,104.310609726
172.535464364,104.324768976
173.017771771,104.315428067
173.39717567,104.298533567
173.784050773,104.343107407
174.518806,104.35719028
175.022047068,104.363478725
175.865179611,104.323463428
176.430192043,104.284510603
176.97815695,104.283870675
177.810817257,104.322251861
178.406415377,104.398602661
179.335566625,104.538328465
180.006314626,104.606031736
180.649366876,104.744256679
181.618439745,105.002886795
182.265877164,105.184638473
183.201179745,105.308457851
183.818647523,105.371940706
184.413136761,105.455242992
185.313076292,105.650764804
185.852962682,105.884864765
186.662503666,106.2677946
187.136618513,106.565654298
187.560056258,106.923426982
188.021228593,107.577163921
188.219735923,108.17273343
188.331708016,108.832680719
188.365193619,109.936113498
188.373725918,110.631048424
188.186083373,111.751155004
188.023451869,112.559394398
187.761167175,113.352016891
187.31026479,114.599842945
187.083075611,115.268377606
186.660321477,116.226185347
186.450295953,116.823574128
186.234270851,117.390004843
185.9066687,118.15204545
185.648509271,118.543520806
185.386229136,118.930880562
185.231184716,119.069853616
185.103977647,119.200401734
184.826163356,119.531413133
184.707629271,119.740488549
184.518516138,120.010877724
184.350354059,120.252647865
184.138957187,120.414197063
183.863490474,120.607920424
183.662714207,120.666244145
183.439187637,120.787965505
183.256999928,120.88250659
183.117265746,120.907770901
182.90122784,120.927511764
182.706736386,120.925228723
182.440809539,120.949319097
182.265377078,120.970705851
182.132540618,120.997306731
181.96216403,121.109214046
181.883033567,121.209033515
181.839444996,121.321540444
181.739434931,121.447993475
181.674837633,121.549930586
181.574372404,121.742963493
181.529832677,121.887700167
181.443457953,122.043408675
181.293049258,122.333695796
181.137916629,122.534638617
181.045399144,122.668503603
181.042591178,122.733433908
181.064214326,122.799047411
181.083829383,122.853571216
181.05531372,122.896494746
181.0075284,122.939787638
180.991943467,122.947799461
180.993190866,122.963921445
180.987004789,123.015102236
180.979213709,123.03981195
180.999611259,123.063953247
181.06779223,123.051510494
181.141842431,123.037506088
181.254009423,122.932493961
181.289396041,122.855901982
181.323086723,122.74043172
181.35603189,122.59915595
181.382072005,122.397954635
181.40086377,121.93938527
181.382370659,121.536553722
181.394391271,120.703882024
181.44024071,120.112954772
181.476627637,119.594280395
181.593132174,118.888515277
181.725812303,118.533567761
181.911333125,118.311310868
182.196423822,118.066806359
182.400691883,117.968932356
182.771111077,117.829058635
183.016529772,117.752433016
183.270792689,117.699778968
183.558262609,117.567973972
183.772205228,117.414634541
184.017501796,117.153418519
184.151319263,117.018717904
184.24254638,116.95191989
184.334093471,116.850442523
184.376058895,116.810899924
184.428071666,116.750109068
184.4862923,116.695438971
184.508218131,116.682171871
184.543752419,116.614181628
184.562957732,116.563042462
184.584994299,116.479736009
184.60840233,116.385477434
184.624759142,116.287376822
184.6363995,116.16642324
184.639134831,116.110415689
184.626768836,116.028144042
184.597169162,115.988487953
184.555613174,115.971468647
184.473315356,115.923657773
184.390832978,115.856426519
184.253997553,115.748325441
184.158553086,115.704277256
184.06140391,115.675641543
183.912086701,115.64235745
183.792559778,115.625355256
183.516855862,115.582183345
183.307690182,115.518501884
183.174956795,115.459651014
182.865763477,115.427337937
182.640568022,115.400783673
182.386159237,115.374321198
181.998298402,115.330285192
181.821986802,115.254411994
181.524333814,115.235809312
181.29164993,115.248260279
181.087499072,115.268720531
180.841946937,115.350255868
180.725118287,115.406240627
180.65310518,115.496713328
180.720765964,115.554491031
181.187749769,115.675626651
182.285738067,116.012516294
183.037164166,116.243532437
184.462662515,116.564531864
185.464584619,116.749819194
186.370600124,116.881727694
187.606652123,117.031879037
188.44260471,117.129600784
189.770488644,117.317562284
190.808748966,117.493369118
192.016541462,117.740762234
193.842312755,118.185025847
195.091994197,118.525831697
196.683314877,119.038145017
197.578303253,119.355039392
198.395532354,119.720347879
199.64572765,120.249487196
200.556004521,120.56130016
201.900455009,121.004497655
202.805280398,121.214599489
203.699501253,121.506652718
204.907748477,121.951951499
205.664580947,122.338617989
206.550715707,123.021993943
207.129171683,123.367143674
207.566726256,123.840558829
208.262815444,124.526996583
208.61834805,125.183833309
208.981094479,125.931319651
209.181888104,127.296187847
209.072820254,128.524250499
208.229080675,130.914477583
207.368170613,132.257332974
206.329871024,133.141563302
204.219291674,134.218972924
202.580857023,134.903967707
200.088689543,135.819827262
198.639116698,136.399438806
197.382701291,136.878715219
195.552316453,137.678256943
194.60598885,137.969855095
193.531332331,138.331021611
193.041373157,138.607362923
192.593220851,138.887914864
192.583028361,138.979259119
192.553112689,139.053620598
192.499620514,139.164720121
192.468248397,139.175151175
192.358062751,139.231453587
192.070466443,139.368191628
191.843357777,139.409355922
191.427545568,139.409180825
191.154639395,139.422527339
190.872458175,139.372836127
190.577044442,139.357325123
190.277905425,139.408788612
189.771089386,139.531027552
189.342259421,139.608083296
188.934863658,139.609042196
188.212506406,139.573521515
187.74899343,139.544542703
187.365359173,139.51275112
186.597020699,139.500376552
186.111783357,139.531385081
185.420458861,139.559068956
184.953516652,139.626552056
184.442782888,139.674490846
183.795880225,139.680430966
183.286405689,139.723088796
182.45611598,139.745103889
181.955938421,139.706168653
181.322782378,139.698810446
180.273221157,139.652296368
179.518019386,139.626540416
178.333811336,139.612113586
177.490115709,139.579467131
176.707273421,139.574303301
175.490576523,139.52331303
174.695967953,139.432898281
173.533685358,139.361018066
172.729831188,139.249026569
171.910828684,139.180525799
170.664823728,139.115863624
169.865630704,139.029778619
168.503536161,138.991307929
167.562335338,138.956172544
166.508654105,138.892321021
165.054140694,138.653034961
164.116620246,138.423062361
162.768208601,138.109245491
161.844616951,137.997805694
161.040745594,137.952728309
159.892608637,137.943446944
159.197216851,137.886670688
158.604470627,137.872087379
157.641199632,137.821477391
156.978487021,137.760797592
155.895860269,137.61653538
155.168181114,137.516104191
154.211885374,137.432264062
152.770884644,137.200487037
151.762232288,137.017716666
150.233544644,136.800357812
149.06900669,136.629818233
147.769664627,136.389908274
144.643892871,135.81004073
141.598872026,135.156206092
136.545695875,133.861471745
133.254576668,132.915135461
130.196386033,132.05093758
126.093224903,130.962040202
123.68928976,130.36351962
120.76082326,129.694388718
119.082532455,129.487297915
117.645551136,129.363729895
115.831916159,129.350263644
114.86081921,129.428357478
113.650317777,129.689310136
112.951492178,129.89797949
112.335276562,130.052729984
111.16337461,130.130620178
110.297765305,130.092696386
108.890351393,129.792496883
107.939433736,129.552065936
107.099314518,129.28524842
105.917147728,129.137936194
105.229777858,129.093216162
104.079315712,128.978612006
103.238237421,128.734461851
102.392137453,128.253425817
101.070954005,127.404620719
100.032976242,126.674187154
98.9391810523,125.986462584
97.3139258331,125.070693731
96.3519953561,124.57493074
95.2829978189,124.07329452
94.8064664939,123.896238273
94.4265361156,123.804766885
94.0072224507,123.702298515
93.6945451479,123.597322203
92.9062886116,123.4375516
92.2665438192,123.43128562
91.4860109206,123.488125517
90.1995609631,123.605157586
89.2949659801,123.6979831
87.9180001342,123.818317502
86.9629309705,123.960557872
86.077832353,124.104059847
84.8329365458,124.370111836
83.9527227367,124.646677233
82.5744119445,125.268782734
81.5976016424,125.57975806
80.6611936224,125.932484268
79.562070657,126.459056891
79.1248564557,126.750957882
78.7550229998,127.036075321
78.6207749387,127.167193649
78.4590293244,127.338746155
78.205182425,127.567186303
77.9999700586,127.715703196
77.7871153124,127.81302398
77.7158620249,127.85209363
77.6046841753,127.885887203
77.1116432817,128.043047295
76.4684409549,128.083390889
75.8125433936,128.070366416
74.6018538028,127.925164686
73.6817154677,127.741368659
72.0421039155,127.391234454
70.8541332002,127.090558437
69.4613093062,126.789595385
67.1653599411,126.331350721
65.4608205102,125.848110872
62.9669585085,125.000888299
61.561457469,124.611307534
60.3537690024,124.320932796
59.2077551361,124.177147421
58.7774687577,124.2557616
58.6891272921,124.284883501
58.6657610253,124.310850416
58.5237648812,124.260479041
58.4063082553,124.113896904
58.5514769126,123.769499246
58.9069353456,123.228249947
59.1775563017,122.960747342
59.4269608955,122.79618311
59.6777559947,122.567516331
59.7088013662,122.3619075
59.7776157449,121.831735283
59.764824363,121.676257071
59.7371768203,121.512153595
59.7711406617,121.363108582
59.8902363233,121.313259924
60.1783113341,121.26272906
60.3776212119,121.22872767
60.5557821839,121.179294182
60.8140113464,121.143148309
61.1418757985,121.166397487
61.580809857,121.243947007
61.8739485582,121.341243735
62.0741021914,121.43038456
62.2759971374,121.581287789
62.4024394478,121.705139572
62.5242902256,121.798524095
62.8277362736,122.070991174
63.06229466,122.248074119
63.5504525592,122.556998171
63.7332812172,122.761243598
63.9386798912,122.947886445
64.331472728,123.14946706
64.7751095902,123.410930083
65.4945722547,123.807031785
65.9899350529,124.003520579
66.5789360089,124.115816967
67.4976400019,124.276810927
68.114267794,124.354411287
69.1828839441,124.436694953
69.9329859793,124.561034453
70.8971538978,124.555703972
72.5584354604,124.600780221
73.9606644296,124.681394356
77.1170174694,125.106595636
79.9619811783,125.707522026
83.3282592409,126.364578988
89.2309801638,127.307425494
93.5226103278,127.89358348
100.23047351,128.942940634
104.77815353,129.651323158
109.475390802,130.294468628
116.446696409,131.174550658
121.12044365,131.617708737
128.269694021,132.069517389
133.09648418,131.885208028
137.605770935,131.671555392
143.361779585,131.199702198
146.423250435,130.576723897
148.839529874,129.583212041
150.838837856,127.575389036
151.37962699,126.025315807
151.18912455,123.306190309
150.672598088,121.064801503
149.961553903,118.401408403
148.710499938,114.692586348
147.882290664,112.455537855
146.672609627,109.356229288
145.917338991,107.344805582
145.239934183,105.249457516
144.474003092,102.941950097
144.17435969,101.399685397
143.891874673,99.0699767568
143.873304319,97.7388083699
143.874984772,96.7702064567
143.871812443,95.109075669
143.755590883,93.8611405737
143.484436895,91.6214484516
143.258323885,90.2875588732
142.739601346,88.865561476
142.020765409,87.4927487332
141.523982848,87.285027335
140.531148887,86.7049576194
139.766322039,86.138100403
138.917235599,85.515724862
137.379611586,84.4994553182
136.235840012,83.5335792004
135.059892882,82.9853341268
133.484065625,83.0035143612
132.438321128,82.9377558127
131.030444068,82.4840580525
130.162704414,82.2102394399
129.356193433,81.9713114278
128.269217159,81.5873190743
127.547890667,81.3864310312
126.315190081,81.1719091324
125.418544956,81.0892951342
124.489004686,81.0349500166
123.035308519,80.9620591756
122.029432432,80.9108823505
120.487471319,80.824972283
119.45878641,80.8925250144
118.421577808,80.9228454571
116.940642774,80.9399982419
115.961648831,81.0012611315
114.582882966,81.0672112389
113.652195539,81.1740858122
112.8211623,81.2877283397
111.466930629,81.3564863133
110.634137586,81.3758295559
109.495681461,81.355732879
108.756196057,81.4557469469
107.964795724,81.5190241292
106.633796877,81.7456358505
105.638339369,82.0055327042
103.909377526,82.4112480361
102.650942987,82.7636412906
101.330919429,83.1962018832
98.9890401685,84.1587686577
97.1073935089,85.1694081491
95.1291311563,86.3724624396
92.03343405,88.2024537961
89.9594546877,89.1345359373
87.0684693586,90.3606361226
85.4703576202,91.1344982104
83.2868298259,92.1968812112
82.0025226183,93.1049127672
80.6523346487,94.1505774442
78.3770456845,96.0235993194
76.6491194049,97.1828978447
74.8801932355,98.2509309622
72.2811089689,99.7986516052
70.5419539919,100.754399448
68.1387923305,102.222608327
66.6071798299,103.134319193
65.0101871422,104.176768272
62.4897063963,105.97945294
60.988232381,107.047433717
59.0089441452,108.440492501
57.9880380136,109.224287455
57.2645740658,109.997434725
56.6103540676,111.250455665
56.3245832565,112.051336544
55.9044324929,113.344273901
55.5632684728,114.223154575
55.1913239401,114.935482054
54.5191976971,115.953397271
53.9529633566,116.61150739
52.9374732283,117.612407166
52.1679361719,118.44568234
51.4266729847,119.257226787
50.4250661022,120.369826616
49.8131510898,121.192935081
48.8708023638,122.561783344
48.2054282084,123.431310371
47.546515828,124.240349575
46.3521039744,125.436059713
45.4545339238,126.192684722
44.2817280468,127.07171745
43.5692669822,127.56556435
42.8252774676,128.077199123
41.5928361036,128.904626492
40.7046604753,129.444557645
39.7073679295,130.000770619
38.3335211122,130.732791698
37.578542412,131.198677994
36.8421088316,131.805417668
36.3735145237,132.111084514
36.0787128417,132.344913768
35.8979983447,132.807486641
35.7637832642,133.117496705
35.4963143591,133.515342414
35.3414047238,133.620044386
35.0526753242,133.761622299
34.4396730069,134.004199271
34.0975291281,134.085320327
33.6762889276,134.253699892
33.3153521025,134.385494985
32.9095591547,134.53094315
32.2872467694,134.624636117
31.846881813,134.733320145
31.3624401817,134.83401097
31.0668554274,134.865396026
30.6587934929,134.746009386
29.8312035477,134.128605876
29.4957250302,133.883536289
29.3891283632,133.808198687
29.3708357064,133.820740682
29.2800127773,133.8194948
28.6679968154,133.534985835
27.956398455,133.299131946
27.3568954003,133.019343337
27.4165856473,132.73037424
27.665336169,132.523981517
28.0355075021,132.436576691
28.3679747775,132.375402318
28.8677668964,132.254838655
29.1669364584,132.102323936
29.6577256457,131.691029326
30.5354154954,130.262095408
31.691199736,128.265481514
33.0012480821,126.022479286
34.3303116381,123.085241663
34.6942685249,121.662402339
35.0486606834,119.998063068
35.4163078728,118.993196798
35.8418199022,117.976456671
36.4915893,116.473609229
36.8840717804,115.720481136
37.6682405322,114.536768517
38.0497102819,114.154581327
38.2997978769,113.873675363
38.4659957101,113.680280595
38.41591342,113.719123927
38.3913190714,113.600348756
38.5631366145,113.392021547
39.0861719696,113.026811813
39.8838125113,112.922991272
40.3288485542,113.034766054
40.5213839258,113.034618735
40.5693927395,113.15138274
40.6034320264,113.290405562
40.6774042421,113.292483468
40.8250796574,113.185529365
41.0093809476,113.199662648
41.1624574285,113.315511858
41.2924530891,113.643665923
41.1688596131,114.460572484
40.8725148114,115.181890421
40.2912355555,116.281661767
39.964161568,116.98484475
39.6649869742,117.670300117
39.1421307297,118.992912795
38.7513805763,119.854648455
38.2384479471,120.811778718
37.2351777435,122.260200667
36.6597035751,122.921410043
36.0134133718,123.544730931
35.7077499691,123.823532184
35.4886827538,124.114991541
35.4364980953,124.369625439
35.4662472197,124.511971555
35.5427877818,124.722339435
35.5733206145,124.788289519
35.5885977405,124.894937471
35.5164013553,125.100017869
35.3517453234,125.290060571
35.0966586081,125.646830131
34.9502734251,125.822537219
34.8676811808,125.950879485
34.8467958779,126.109998921
34.9380416087,126.193868962
35.1341922877,126.315228463
35.2731969888,126.382014541
35.387166907,126.452709135
35.572138237,126.565645247
35.7734676805,126.614012258
36.3003261256,126.691824385
36.6611037882,126.745007043
37.1251332349,126.877232087
37.7394428562,127.029771468
38.190253334,127.098684111
38.5990581806,127.151082752
39.2505817012,127.164533866
39.7548163424,127.192895834
40.537824233,127.132662291
41.0644500561,127.096775985
41.8912485019,127.019983849
42.4451017373,126.963462815
42.9651496492,126.876012224
43.8402034811,126.729280496
44.4194940344,126.630024199
45.1267584835,126.53542041
46.2453139686,126.447150982
46.9394169521,126.427238339
48.0049453731,126.350217827
48.716955038,126.343110155
49.4437841848,126.294475438
50.5488084917,126.183176424
51.2566123078,126.188831218
52.3156663636,126.298665228
53.0241300742,126.311607406
53.750141786,126.364075832
54.7463201736,126.374955101
55.3827417535,126.429111777
56.347790166,126.532109132
56.9905469202,126.605905648
57.6018050801,126.750989117
58.5232318385,126.9786149
59.1529914817,127.197175836
60.2017343541,127.485967172
60.941376171,127.714772004
61.8289242352,128.032396098
63.1709262055,128.587051553
64.0270880244,129.012733058
65.2166491285,129.718146414
65.9533609251,130.258615881
66.5184453537,130.771058672
67.3645385858,131.642146327
67.7803478523,132.131070724
68.2891209683,132.848201605
68.5631392537,133.175687913
68.7924486098,133.548485937
69.1720964729,134.086511171
69.5003274439,134.379991801
69.9595563252,134.543850216
70.6994574204,134.597056113
71.2386263531,134.503178243
72.0871669315,134.129671117
72.6924006253,133.898636697
73.3746539764,133.595121328
74.8428072742,132.596571154
75.9978089111,131.533184904
77.7535563819,129.546046132
78.9948582936,127.959002712
80.2347956307,126.46350945
81.9464337417,124.466909462
82.971419087,123.386102171
84.4402621566,122.129074344
85.5415157641,121.316400258
86.5461765368,120.449463253
87.9201215728,119.081370783
88.7556338381,118.331680393
89.8276510927,117.381544424
90.4078306174,116.862509394
90.9660253219,116.403168779
91.6210256261,115.744741833
92.1156409149,115.151899667
92.7766744406,114.291579967
93.1099454491,114.023462131
93.3498580476,113.994315659
93.4624634788,114.268871109
93.4908241563,114.502207231
93.2528808487,114.82479602
92.8578834015,115.318374637
92.4593078845,115.805099145
91.7998576961,116.503644816
91.4411002821,116.954018948
91.0859096192,117.466259192
90.4602698228,118.312759484
90.0601289375,118.789497684
89.4050869208,119.49977459
88.9153491123,119.806088198
88.4231707895,120.159469123
87.9380727628,120.43663041
87.6310624487,120.668745848
87.3576497637,120.900355137
87.1114649212,121.129409409
86.8927389475,121.274688637
86.5918120775,121.422721418
86.4081508842,121.56579747
86.1972096114,121.836938767
86.1251930255,121.992895243
86.060902796,122.189991606
86.0928177834,122.427383466
86.1460706461,122.564198183
86.3314013335,122.873496194
86.7018927885,123.20011685
87.251940437,123.58256724
88.5822341414,124.109549377
89.8061420605,124.618312968
92.2956129057,125.480586948
94.2304441486,126.156894277
96.1439143303,126.760287339
99.0693816988,127.75098869
100.780255956,128.399206288
102.891573629,129.490670319
104.099308575,130.004518244
105.247739821,130.457580916
107.0039747,131.015302358
108.043737382,131.489187332
109.71215821,132.144602281
110.743667568,132.717763407
111.825828916,133.299869428
113.501708142,134.217121426
114.611383579,134.654832521
115.625219967,135.155722138
117.015971435,136.219970176
117.848323715,137.134313317
118.824067575,138.172298571
119.381606944,138.806544823
119.864198719,139.387468158
120.311486625,140.35308866
120.600445584,141.138964556
120.764617547,142.253285164
120.771969736,142.913084984
120.757075455,143.560955274
120.704916538,144.135035699
120.453543572,145.090442434
120.014974216,146.196888687
119.715672319,146.939752552
119.414029479,147.685701912
119.030262696,148.783433804
118.76934138,149.376160899
118.385232118,150.170255676
117.921597916,150.740203607
117.500596196,151.205982441
117.090693993,151.75118468
116.80724431,152.052374039
116.427095565,152.350114182
116.05931685,152.463672127
115.711571798,152.5885708
115.174398286,152.791460251
114.688707276,152.933619817
114.084326131,153.039958386
113.890546998,153.081064439
113.804501377,153.086077803
113.716361282,153.118349039
113.701586277,153.118044835
113.648752913,153.085964203
113.509087435,153.046707542
113.443000596,153.020935798
113.40903954,152.999203994
113.443713277,153.005132491
113.444463732,153.01869441
113.343426819,152.973892972
113.22684691,152.953958424
113.022923482,152.946348251
112.920846352,152.94999344
112.847064865,152.966573772
112.628033538,153.023842579
112.362603567,153.094107901
111.986884313,153.165331249
111.707034449,153.216976861
111.583435082,153.247154124
111.326835616,153.315636275
111.172978185,153.390880538
110.981080541,153.466797082
110.751666187,153.481735351
110.458376149,153.483204047
110.06203321,153.500337054
109.851062174,153.535861627
109.412730349,153.63799304
109.100981608,153.7185383
108.737121759,153.84016264
108.232050105,154.008545985
107.930134834,154.074822497
107.093931372,154.112612893
106.645445204,154.069176493
106.551839301,153.964571347
106.593190372,153.920372545
107.005118717,153.802399374
107.950254954,153.443548939
108.409003,153.025979891
108.94504799,152.568806824
110.36501263,151.737240207
111.610499468,151.075044472
113.476213032,150.111424415
117.654746189,147.83453153
120.316192345,146.240759246
124.282364271,143.233519475
126.992983998,140.860607329
129.478085267,138.231498936
132.563950536,133.962496037
134.193044094,131.149703173
136.162668391,127.096277779
137.290797965,124.428612732
138.22969274,121.675365661
139.397243778,117.26967043
140.195362898,114.269009274
141.370389363,109.161190252
142.112227991,105.564301354
142.715804878,101.691655189
143.680590286,96.052045014
144.283920192,92.4724716697
144.994235229,87.4407947605
145.507554753,84.1510495185
145.967589769,81.1392180089
146.080585955,76.9201676474
146.225020569,74.9617396114
146.085275314,71.9159038556
145.936016706,69.4836259713
145.568665705,67.1347393603
145.164569335,63.9782475902
144.661759857,61.9378813215
143.839176807,59.9923651022
143.135655408,59.175356308
142.421622715,58.6869174481
141.155494836,58.142903136
140.418892474,57.7712959221
139.431071649,57.3510808772
138.857886046,57.2098983584
138.544694355,57.2893522961
138.270706887,57.5381306943
138.022490547,57.8407710098
137.770407522,58.32493699
137.385754665,59.1389686347
137.103990182,59.6909129958
136.708066156,60.6097575492
136.522955693,61.3187754655
136.388362658,61.9875078849
136.27895064,62.8928104966
136.255852002,63.6189045053
136.159642438,64.6225598257
135.913930339,65.3442714436
135.476709535,66.1961879444
134.302069595,67.5844537004
133.385537673,68.5602900453
131.756398538,70.167073471
130.610758677,71.2601231679
129.544042516,72.2840670255
128.1624423,73.8111026146
127.298457803,74.7031935792
126.106966661,76.002368582
125.322691744,76.6994675226
124.56507502,77.4204032862
123.463064101,78.4286925255
122.811365363,79.1143972973
121.822766422,80.1181512693
121.189308651,80.7103114323
120.643486114,81.3889797923
119.90761811,82.5242728891
119.414694986,83.3801737674
118.696849204,84.9774759788
118.155169983,85.9985042092
117.604806419,87.1082515288
116.799517452,88.552597661
116.275446691,89.541060748
115.796730364,90.4523030541
115.06639248,92.2449854732
114.447571692,93.9387407888
113.432602096,96.7592079527
112.544162656,98.9053712661
111.575042898,101.173812847
109.857554621,104.287715525
108.622174794,106.135386967
106.778013999,108.692171162
105.676263979,110.352958037
104.613796179,111.952304716
103.080152704,113.837555805
101.952839182,114.762317833
100.064061882,115.904173144
98.8687508977,116.303586651
97.977718554,116.565034131
97.1376554322,116.912973186
96.915566995,117.267903602
96.7784360194,117.842925308
96.6401404751,118.310419913
96.4268314048,118.783460559
95.8120004761,119.349946341
95.315691512,119.576055492
94.4888771666,119.847291126
94.0071531635,120.096961189
93.4734832798,120.421963836
92.6641997538,120.93318384
91.9616832438,121.293338955
90.8579959339,121.628473625
90.2050649361,121.71646369
89.5133937728,121.794481999
88.5003018402,121.945832174
87.6831179178,122.088616999
86.9244648192,122.146258063
85.7443933063,122.169440147
84.8656211444,122.18733425
83.4360376127,122.327808027
82.4933562023,122.336699917
81.5791761172,122.356159532
80.1685471862,122.400743285
79.2192625472,122.454241725
77.7837264063,122.609687764
76.716501703,122.736300887
75.5792417822,122.836979834
73.6448296137,123.031640667
72.3418391267,122.972636803
70.4850188034,123.148358061
69.3600096667,123.269557445
68.3891147253,123.371532263
66.9227626773,123.555175512
65.9036722054,123.60855763
64.2974986901,123.641291567
63.2158775417,123.598905242
62.1815412645,123.595564462
60.7478088984,123.72793375
59.666115206,123.918396697
57.9731192131,124.234020323
56.9044195664,124.269770368
55.9433583666,124.284787694
54.6579811838,124.368174587
53.8205509795,124.523269523
52.5169116591,124.796767586
51.5525860351,124.838990201
50.8417792068,124.718360958
50.2253632069,124.634385501
50.09631234,124.690972745
49.9405349468,124.822287504
49.5900714774,125.011722559
49.229262706,125.105498576
48.7909457529,125.140461681
47.9612501821,125.730590008
47.7119765516,125.962839694
46.8930273039,126.818260796
46.2947107605,127.311936393
45.2015891826,127.967535628
44.2574311974,128.406133798
43.1621510772,128.817663415
41.1911802589,129.401779607
39.820977896,129.766162766
37.5896665629,130.288214547
36.0486340598,130.579189976
34.5587009494,130.883341263
32.2839732827,131.169170731
30.6723832416,131.394830193
28.0987467121,131.757800195
26.5106286181,132.151138161
25.1119243432,132.612340227
23.2929524773,133.529060291
22.2105625381,134.124745375
20.5423665598,135.10549074
19.4806995517,135.673555108
18.3882678769,136.066787718
16.7507084795,136.686860159
15.6954204622,137.022949204
14.1149320134,137.6372075
13.1186809084,138.092071819
12.1543945148,138.54273321
10.69121379,139.207150106
9.75404809638,139.643855234
8.25347590635,140.266321646
7.17818919477,140.638611527
6.01822488334,141.078638435
4.51659876724,141.802135515
3.62044191419,142.31137041
2.57664334385,142.939437852
1.29989836553,143.707236062
0.58358465935,144.152945426
359.365535075,144.896220342
358.31718782,145.40632131
357.160437728,145.95169368
355.978456886,146.592961213
355.996885379,146.661428498
356.45700991,146.765479171
356.802542687,146.71217278
356.937078718,146.746666455
357.592818496,146.72005217
358.149535272,146.785407438
358.820657906,146.98854314
358.89590859,147.046974961
358.961204374,147.131259888
358.882726577,147.298593135
358.797630693,147.448643677
358.853731363,147.666928462
358.876816861,147.847747105
358.846803059,148.041695695
358.272072387,148.591233481
357.573384327,149.205076881
355.942435688,150.343563722
354.725691721,151.157675329
353.427016647,151.854286409
351.516844725,152.785625563
350.541227749,153.26321129
349.847079997,153.619861814
349.451349098,153.868525984
349.477723256,153.9848782
349.505711074,154.003876523
349.671170502,153.871773942
349.784229551,153.707226015
350.159621177,153.540009756
350.444109373,153.481240095
350.869212725,153.434146231
351.044420317,153.406046183
351.135132688,153.365545713
351.809290052,153.125767469
352.723823017,152.715113766
353.155852701,152.406627656
353.304466835,152.293363583
353.273426041,152.2847195
353.177832951,152.309806826
352.984167278,152.359545524
352.372770862,152.468878856
352.078825487,152.518050383
351.711723909,152.57761425
351.105405809,152.716489351
350.817582811,152.839200255
350.551240555,152.997053546
350.630173418,153.08143549
350.75667357,153.134415468
351.083737428,153.174553964
351.250593491,153.202228639
351.544641949,153.210093632
351.706574288,153.167145997
352.043395924,153.058145087
352.458080601,152.962142458
352.86383703,152.852230689
353.427252345,152.728492067
353.862303323,152.650648522
354.19143699,152.636434504
354.771533744,152.543822712
355.09868503,152.417620053
355.337204965,152.24743024
355.412386677,152.129408254
355.552181807,152.046987105
355.782661403,151.935299857
355.899435941,151.90567113
355.927082926,151.912791181
356.010518718,151.945462301
356.047599922,151.944928371
355.99789514,151.928386929
355.966120521,151.894847104
355.949899708,151.890404227
355.884452804,151.905464394
355.808214105,151.903628952
355.669577178,151.915008178
355.608894278,151.900807311
355.500818985,151.906509862
355.383819114,151.926695795
355.326032554,151.922814813
355.21006538,151.905099156
355.170486931,151.882762617
355.17712706,151.83077488
355.144444984,151.78327355
355.113545227,151.751811217
355.135267732,151.704855633
355.129452624,151.670625616
355.124871292,151.622339832
355.077810895,151.556519582
355.096451393,151.524546182
355.126439132,151.475445848
355.130014218,151.451916588
355.146153308,151.427533413
355.204726511,151.398766447
355.212481519,151.381732783
355.185689579,151.359674719
355.206051255,151.323331177
355.192483424,151.313303871
355.213449193,151.315584446
355.229737552,151.310408443
355.234719559,151.309715217
355.223056021,151.297067206
355.239469588,151.291339683
355.290571571,151.279245248
355.309270489,151.285582747
355.353668927,151.290136384
355.502224757,151.27466527
355.558316765,151.250040536
355.585611597,151.203440995
355.543690375,151.189438467
355.506936917,151.19310157
355.508398744,151.192238945
355.472940656,151.205242226
355.439041298,151.210709569
355.422879323,151.211507311
355.399410725,151.235920581
355.412879899,151.202968099
355.416417674,151.196080535
355.401629743,151.219547941
355.444633172,151.233152193
355.457043267,151.242559247
355.429976837,151.238699834
355.399661385,151.239366583
355.389683411,151.235756792
355.408334619,151.235550521
355.437676205,151.238275038
355.516474261,151.226098617
355.560867512,151.219959394
355.596838512,151.218019756
355.610927747,151.199330083
355.622794312,151.183706523
355.62914739,151.1753362
355.64487337,151.164627376
355.610618929,151.156942324
355.593482484,151.158185982
355.605895254,151.159188665
355.640638028,151.172869563
355.658997242,151.174237271
355.738569396,151.155430093
355.918998258,151.130787676
356.06257172,151.110147583
356.463621252,150.977239498
356.796697545,150.869160399
357.064765868,150.753433176
357.360089089,150.668263315
357.555566132,150.605882789
357.747537998,150.532270074
357.896904031,150.47319334
358.159203398,150.389509934
358.687838438,150.239323685
359.353052836,150.078229464
0.820530041734,149.893609242
1.92760985478,149.798838664
2.94524077684,149.680402929
4.51499862675,149.431798819
5.55375872713,149.25381082
7.16631491891,149.006787537
8.176130295,148.880544869
9.06330752716,148.616047471
9.97377750134,148.284721845
10.4391099709,147.990542398
11.1458718667,147.712153063
11.7665710659,147.568349771
12.4797707791,147.369752141
13.5233858368,146.876284305
14.1897652318,146.420634116
15.0806698254,145.705333852
15.7190583437,145.281388814
16.3875309397,144.960116158
17.2814486273,144.523515088
17.7372191291,144.23744679
17.9729868792,144.030378984
18.2021713334,143.661782515
18.2581498657,143.384709468
18.2378188755,143.073117516
18.230520248,142.93772962
18.2761137891,142.795370272
18.3672871232,142.63898141
18.4521466252,142.513048763
18.5738541905,142.204282339
18.515638635,141.796495563
18.3968807727,141.200180342
18.1390083188,140.463636336
18.0259176709,139.876380423
17.8319847641,138.925089677
17.7223377581,138.314783426
17.6321848401,137.831732338
17.5670375271,137.161804868
17.5643894531,136.86243157
17.4389656411,136.612569853
17.3669858254,136.463036698
17.2586402248,136.353284327
17.0579436103,136.22261501
16.9926436568,135.973464451
16.7355241726,135.159806012
16.6226378139,134.527790581
16.5241694649,133.869190921
16.3808289727,132.760735898
16.2564754865,132.042112767
16.145151362,131.439749887
15.9591310437,130.64733561
15.8119810308,129.981959935
15.6349012181,129.080226543
15.5203740738,128.50170631
15.6505565032,128.150964257
16.1083543548,127.74816898
16.5994187658,127.359124223
17.0691765241,126.658743763
17.1533115667,126.121813014
17.0760640372,125.585130666
16.9650422917,124.854752924
16.940443772,124.37411165
16.7863043185,123.787804272
16.7372914953,123.515456339
16.8171600014,123.13769331
17.1089506057,122.446053873
17.3105865804,121.873491067
17.4660424038,121.011241912
17.5271370138,120.574997954
17.5933866541,120.259861143
17.7798175682,120.143215083
18.0276737613,120.018352481
18.2508376586,119.912287483
18.2877579491,119.844763658
18.2705763245,119.701485582
18.15544541,119.531211028
18.0288169055,119.494360587
17.8832103337,119.609184311
17.8520145505,119.689637404
17.8102457273,119.745333613
17.6903569242,119.800804195
17.6152494516,119.839821535
17.5741626607,119.864806806
17.585470495,119.894273093
17.623161769,119.928693692
17.6437738592,119.965328649
17.6309271135,120.000126523
17.5719323732,120.033293339
17.5272768282,120.065506566
17.4973609776,120.098174571
17.4724646643,120.138436801
17.4623645316,120.168747584
17.4591747369,120.176645336
17.4706742783,120.191077579
17.4903706106,120.20833592
17.5495497861,120.225700083
17.5769824387,120.241670013
17.6125524057,120.248294037
17.6492750693,120.287960639
17.6952194823,120.283907175
17.7138216693,120.298430189
17.7158440183,120.304206566
17.7294423551,120.305956185
17.7631330848,120.314604392
17.7904817624,120.3366437
17.8258725386,120.386003336
17.8256094599,120.414981442
17.8245707264,120.450772839
17.8275837109,120.498465543
17.8493277761,120.535827236
17.8676669948,120.593752707
17.8787208645,120.626372597
17.8775506297,120.651321369
17.8790785528,120.665893553
17.8894661711,120.688460409
17.9289447445,120.734435957
17.9569558346,120.771846363
17.9759893408,120.815346147
17.9830969968,120.853946449
17.9927470912,120.860415061
17.9987364923,120.833537037
17.9959718392,120.836919887
18.0070460219,120.845825702
18.0120717968,120.895391351
18.0108313036,120.938530093
17.9834104276,120.988989874
17.9291728126,121.091364204
17.9139660756,121.140953057
17.8967173897,121.212617668
17.883286945,121.255249345
17.8427647817,121.309341427
17.7674638127,121.409810078
17.7221436985,121.49287677
17.6198141891,121.687512795
17.5204630387,121.846664052
17.4109849321,122.045211766
17.1257499207,122.540462717
16.9174164486,122.880154499
16.5808297918,123.323414248
16.3741549495,123.685298636
16.1967981048,124.023086148
15.966315676,124.497406488
15.9007701729,124.780978143
15.6835042951,125.210903835
15.5581926831,125.500746171
15.4633538865,125.689681944
15.3188973544,125.890259252
15.1919493452,126.031349447
15.1097975966,126.160879216
15.0705727988,126.226734793
15.0315627421,126.295683799
14.990680641,126.404363106
14.9823613843,126.481901012
14.9616960016,126.646085856
14.9586817474,126.773456926
14.9496770957,126.937915472
15.0045717116,127.213484862
15.0950240941,127.418964926
15.3036512798,127.547818768
15.5205454232,127.487027816
15.6312401358,127.428435457
15.7058813646,127.370017046
15.7785012476,127.346994308
15.8798340876,127.348906728
16.0177071415,127.326182215
16.1019543057,127.33883318
16.1729460569,127.382372166
16.2017176098,127.419568277
16.2187016814,127.464644739
16.194242787,127.512708594
16.1684634328,127.526298427
16.1374750299,127.537733652
16.1024939901,127.542341404
16.0722221546,127.550426071
16.0477872086,127.593976182
16.026421538,127.646835991
15.9460195182,127.698257389
15.8324621503,127.727680308
15.7066015886,127.754925243
15.5635418606,127.81321855
15.5328483694,127.835718032
15.5160893075,127.853375312
15.5376801678,127.824343905
15.5647132591,127.796952507
15.5991727675,127.746668105
15.6168309898,127.697355136
15.6683837555,127.627836156
15.7025570394,127.603369276
15.7422166732,127.588374486
15.785529738,127.572879169
15.7942908528,127.575788146
15.7794401065,127.602278973
15.7473673042,127.628567179
15.7383253369,127.668093935
15.7260038652,127.727821511
15.7328987792,127.775788875
15.7226317691,127.821535568
15.682504046,127.89340608
15.6172045503,127.950335626
15.5411183391,128.004691365
15.5150828768,128.024860768
15.4826593745,128.052093487
15.445291255,128.136847847
15.4238001685,128.179619604
15.3638943433,128.237620478
15.3238652366,128.255269063
15.268655613,128.256292581
15.2029744455,128.258537271
15.1730131749,128.262665007
15.1469472535,128.300791583
15.1468708083,128.32091773
15.1504113008,128.330598635
15.1455208602,128.316017575
15.1575479754,128.298850643
15.1871217701,128.266050672
15.2195634913,128.238909335
15.2714318313,128.213808654
15.3492662982,128.170798514
15.3894354044,128.135352037
15.4462726636,128.118553411
15.4765796936,128.117528258
15.5035515116,128.11621763
15.5532312536,128.093351962
15.5763729187,128.105889773
15.6217773929,128.122418064
15.6525163603,128.118063941
15.6679533473,128.122537303
15.689361575,128.129084893
15.6881527842,128.141086778
15.7025413501,128.145325373
15.6998467749,128.156606841
15.7094650678,128.167407425
15.728095022,128.177368922
15.7504037462,128.182706239
15.7670182623,128.179206197
15.7827237047,128.165743421
15.7910153752,128.134737717
15.8023604735,128.105545098
15.8421151587,128.075791395
15.9255685386,128.018062093
16.1771879367,127.813158397
16.574150145,127.361062788
17.2697587756,126.459150612
17.8688470845,125.658523074
18.4698106613,124.8172335
19.3756593201,123.490226895
20.0818422506,122.304543896
21.4953535524,120.828277108
22.5937254377,119.861775339
23.6735465304,118.950590934
24.8304625454,117.516280562
25.2990637569,116.650155636
25.4918923001,115.794399851
25.7740168765,115.379361134
26.1733582737,115.044096603
27.0506648319,114.294558608
27.709609342,113.812863114
28.4264134033,113.099921838
28.8136292035,112.498159402
29.0984703665,111.877281409
29.333565655,110.95280518
29.4475974669,110.314814198
29.58209476,109.690408546
29.8545480622,109.047356376
30.0856394947,108.610818686
30.4686808843,108.00987484
30.6187437997,107.639019759
30.7077295792,107.279069176
30.7525607547,106.699244419
30.8222962347,106.308734243
30.8830773216,105.99259037
30.8919552006,105.78846708
30.8584630845,105.705624797
30.7268329152,105.579229242
30.6334733855,105.542194841
30.4751765899,105.595354832
30.3855340002,105.642541047
30.275118,105.71183838
30.0826392544,105.925769956
29.8634557963,106.20900836
29.4913553498,106.589603715
29.2233334202,106.770255356
28.8710924821,106.98632539
28.4507239641,107.276478217
28.2140408973,107.526595303
27.9477701885,107.815034596
27.7070949534,108.130069522
27.4164162574,108.494409907
26.9800160698,108.889192821
26.7033235349,109.152558819
26.4703620576,109.470848724
26.3758865059,109.701745518
26.3250672218,109.908278324
26.2188984346,110.223198328
26.1636060662,110.421253429
26.0544406696,110.633577498
25.9438377499,110.783010571
25.8370864583,110.91263841
25.7464701303,111.071704503
25.7367731382,111.155456986
25.7647184081,111.293474842
25.7703895821,111.385363558
25.7530490534,111.49441165
25.6300597843,111.692982836
25.5668932048,111.826961515
25.5278820091,111.90835589
25.5333959034,112.031408057
25.5545340548,112.119199571
25.5238108128,112.231854347
25.5216873052,112.264179738
25.4703183953,112.318514621
25.4095266147,112.419057191
25.3866276666,112.515061394
25.3347689156,112.689140014
25.2873498336,112.797236355
25.2724557224,112.87478097
25.2365827638,112.9515205
25.2069953023,113.006633337
25.1646691877,113.102107764
25.1308494411,113.180747802
25.0419975544,113.27147855
24.9074530317,113.402884438
24.8386639767,113.485006204
24.7191868828,113.624868378
24.6431244167,113.737800983
24.5630988256,113.824876338
24.4309079884,113.954592728
24.3645071395,114.010718791
24.3282400971,114.097326686
24.4624705586,114.158304646
24.6936426882,114.101732392
25.0751546305,114.019821802
25.3085215128,113.955607278
25.7279186558,113.805551156
26.1659640792,113.640242534
26.7077917314,113.515977877
27.8158822013,113.284950179
29.0045944111,112.930820715
30.5387000316,112.560053187
33.4194207943,111.841732008
35.6477928642,111.325668677
39.5721954216,110.262660394
42.3943839109,109.519954313
45.6279486693,108.709419536
51.5035439733,107.460175136
56.0056679456,106.691181275
63.2685471007,105.523761266
68.4684944835,104.645278474
73.7470462939,103.922521446
80.9708036868,103.066464668
85.3168539603,102.479270546
90.7141984087,101.450696844
93.6137512342,100.788100877
96.0429374821,100.086616289
98.9598431726,99.0359901473
100.466887183,98.5596743447
102.097674583,97.8378978181
102.746519919,97.3605628076
103.248248809,96.847535648
103.516024281,95.9470316715
103.710992858,95.2302383937
103.839513697,94.3248185193
103.931399383,93.5330323803
103.949748817,92.3385543252
103.929697494,90.1163206021
103.700649926,88.2999036219
103.246019822,85.4874973379
102.944549209,84.0205442193
102.804542731,82.6798801072
102.8646639,81.0585083686
102.984440631,80.2702538411
103.116567103,79.2872943872
103.47306058,78.6385868703
103.75290301,78.3342254107
104.368959623,78.2265681902
105.166605956,78.228318783
106.431995566,78.267726547
109.023644915,78.2427864
111.026259681,78.0438015782
114.151888651,77.6249868267
116.209926629,77.3080892223
118.174410992,76.8627053097
121.092051715,76.1533855862
123.036173878,75.7172025789
126.072754213,75.281958664
128.14755944,75.0762945529
