180.423190375,89.6076652904
181.019257085,89.1334567524
181.297969695,88.9819788512
181.427988079,88.9093687252
181.487443383,88.8695111066
181.52210865,88.8569664658
181.522551787,88.8468511956
181.464803532,88.8735755707
181.420516528,88.8955847913
181.30676053,89.0302464704
181.151327066,89.1666160299
181.016391439,89.2233311876
180.801909319,89.245247809
180.639648432,89.2552703487
180.19226717,89.2829211529
179.521603734,89.386363714
178.573717156,89.5121527312
176.423132809,89.864884695
174.584855725,90.2952077998
171.377216991,90.7980067248
169.094343027,91.0303923104
166.451753639,91.0997425536
162.843602939,90.9862561662
161.053481654,90.9727391411
159.847030687,91.1228238738
159.600012035,91.1081908271
159.389176642,91.056808647
158.795247287,90.8267561768
157.64364299,90.8252295978
155.839977239,90.763815945
151.948154697,90.98750567
148.45832244,91.4076941433
143.178847654,91.7009831057
140.081136867,91.8487542688
137.141521555,92.0491385348
132.797197579,92.2027850726
129.832065683,92.1735701589
125.078064334,91.81176698
121.975606908,91.7587477131
119.204427654,91.7226643673
115.166860303,91.7678260442
112.019507602,91.8647714105
107.136853996,91.6271026836
103.706846945,91.5831554508
100.395810096,91.6757418902
95.5169929333,91.9873667371
92.4289227266,92.0590866537
88.2550055297,91.9096608697
85.5973007519,92.0220668319
83.3975855677,92.0368605355
80.5117570644,92.4766328722
78.7337422953,92.6644801171
76.0148103382,92.8148711551
74.2395026227,92.7371673216
72.4058304658,92.5881774731
70.2967914093,92.2867643206
69.7572783667,92.2561276483
70.0060081502,92.3464901806
70.2009372587,92.4063172929
70.324784677,92.3552255406
70.2390374079,92.1575009996
69.9794590547,92.0736270427
69.7528139799,92.062384864
69.6323425847,92.1734737158
69.9571568737,92.3128964811
71.1388469746,92.6430742883
71.9831098948,93.1639778729
72.5697906737,93.6145603381
73.0684823601,94.0044024538
73.4151223149,94.2446331454
73.600273564,94.4952318409
73.4083217614,94.4437717156
72.9397872639,94.3154002989
71.4174804224,93.9236739102
69.9375840676,93.172884866
66.7558739555,91.0000008551
64.0037484436,89.7780845832
61.6152736574,88.9193443152
59.3666562241,88.8009787487
58.2873356914,89.0183829378
56.7159564798,89.0973139745
55.6931469772,89.0974583205
54.8176735127,89.0940074621
53.8049104658,89.2407657488
53.0665680685,89.4148323946
51.864140689,89.5157328096
51.0357115267,89.6259782986
50.0494111436,89.5954933855
47.9904228175,89.690737387
45.6807474406,89.566037006
41.4618714373,89.9037348495
38.4924249331,90.6701615688
34.7505363276,91.0240406153
28.6923955871,90.5620879047
26.0156505078,90.1305734554
24.825062884,90.7032989225
24.420231757,90.9229840689
24.2462780869,91.0875091923
24.1830006022,91.3115575943
24.2379669484,91.3550043429
24.6928440916,91.2646200106
26.2004520108,90.6472846283
28.5517048786,90.3958309223
35.7422456466,89.5056472926
41.8758130378,89.4703886743
48.1117497527,89.892133529
55.7734912371,90.5361588056
60.5589847584,90.989483229
67.023993626,91.6126884761
71.5131722902,91.916847921
76.4294953623,91.7460129728
83.5197300174,91.1650216652
88.2630015815,90.6971778347
94.9809156957,90.1453447043
98.9219817399,89.7728870403
101.737771976,89.2986620066
104.067754939,89.3449883131
105.805596188,89.7263573993
108.146159138,90.1685277605
112.141806915,90.3303359796
114.423680033,90.2232526955
116.941271124,90.1218683536
118.310821209,90.1100469656
120.475660952,90.6175062963
122.026876505,90.7785376254
123.801288747,90.635808629
126.854335108,90.5069790044
129.066777852,90.4909445185
133.310036512,90.7477727565
136.471631331,91.0695522007
138.645828413,92.149874248
141.577053772,92.866825038
144.076949452,92.4840529995
147.25855832,91.7457129166
154.015105371,90.7514596487
159.471954855,90.179791104
167.377004601,90.1392768629
171.214322271,90.3773200249
174.298093809,90.3522156197
177.909859399,90.1569523225
179.900080979,89.9662477484
182.450324027,89.7108702804
184.02208363,89.2999902353
186.181679822,88.9045945552
190.801202476,87.9807039912
195.049093346,87.1862523427
202.897000149,86.0005918936
208.773004623,85.7445108404
214.990546846,85.3863003586
223.731713658,86.2336367117
228.229149466,87.4840621487
232.924810075,89.8498692212
235.766316849,90.5861737283
239.338574687,90.7526188903
247.191217764,91.1402898372
253.130543027,91.8940519289
260.958167105,92.9244350053
264.563851858,93.4533815784
267.008183963,93.4991000148
269.077022068,93.7907100968
269.711547561,93.9399172655
269.83771983,94.1699061363
269.676486197,94.1589715658
269.635845716,94.1151130515
269.745638496,94.0793573999
270.300189254,93.8929536238
271.769680431,93.7777693127
272.95494114,93.7142752387
274.050894757,93.5302986617
275.251088889,93.4840541644
275.861975221,93.546085736
276.524015598,93.5818502278
277.678245567,93.6700500063
278.573189813,93.6515753339
280.263329662,93.5855263388
281.623551442,93.5861998699
283.223456138,93.7216283213
285.682772896,94.0065383302
287.169861325,94.0887678141
288.869246301,94.1393821764
289.645682193,93.9769524641
290.139838248,93.6995287666
290.835517023,93.4037049782
291.653377222,93.2986457503
293.538148475,93.4677722926
295.375161997,93.4649527517
297.728174072,93.4931956097
301.503035138,93.615575121
303.959966311,93.7237708191
307.210149458,93.6028819482
309.026017059,93.5266755727
310.639200628,93.6027985406
312.510127417,93.5544812794
313.477959952,93.6528350637
314.428670571,93.8507859895
314.9027018,93.7957075686
315.349391894,93.6302987167
315.760508155,93.1732842776
315.716262498,92.9144665591
315.357504604,92.5121392149
314.875806616,92.421953557
314.369638945,92.3999027864
313.584624996,92.5151049019
313.141169282,92.729024708
312.800999372,92.9082680683
312.834650427,93.5071091093
312.439035353,93.862415862
310.352305526,93.6844080048
308.381004907,93.6900080186
306.498072013,93.7668594679
302.871227245,94.055946662
300.094758832,93.8888094319
296.053802936,93.4741356931
294.040511658,92.8473395709
292.146418874,92.4941613235
289.380192012,91.9874539398
287.221461829,91.9436752323
283.84150366,92.0236038689
281.531959642,92.2292455859
279.131646357,92.5032265489
275.223681166,92.8941796249
271.940348817,93.00775229
266.706849509,93.3734133161
263.127514699,93.4841199756
259.594703809,93.5644037761
254.299976894,93.9051846011
250.886609561,94.0449564176
245.85720905,93.9760533341
242.422872679,93.8433856414
238.959348552,93.4345915034
234.084276,92.8695440349
231.193197793,92.7735659782
227.746793773,92.9307503727
225.928779356,93.2500114166
224.386822766,93.4587269694
222.464113197,93.2712157741
221.114465608,93.0746992377
219.577706721,93.0091739712
216.481806886,92.8576352814
213.261085559,92.4710633791
206.201534146,91.6978343995
201.158502181,91.3085767881
196.555883095,90.9625724126
190.912921375,90.7353539673
187.391213751,90.7755731662
181.543266528,90.3999309129
177.019494937,89.9862441903
172.131016261,89.9111059442
166.293483488,89.8349803817
163.476297629,90.1518683458
160.476439851,90.9346951138
158.73092026,91.4232382823
156.598943592,91.9150697218
153.358610961,92.3295635697
150.660701865,92.8369961527
146.121495373,93.6721541604
143.211308457,94.0223858606
140.352395774,94.4158406133
135.788779271,95.0978775604
132.754386934,95.2428652347
128.250303499,95.6162623752
125.082589593,96.0399768961
121.959359472,96.4044532868
117.348649068,96.7486404455
114.531918762,96.7883245119
111.295002726,96.5272201082
109.459110451,96.5399100946
107.929137737,96.5335961224
105.957555606,96.4665267789
104.813313217,96.1556106647
103.9028677,95.6811410119
101.961802121,95.4119134146
100.295752326,95.2367370297
97.2883297807,95.1958335059
95.0252858545,95.2253067932
92.9492433388,95.2339182128
90.2037785587,95.4065059604
88.673762978,95.6139746814
86.3403728459,95.7565446543
84.8063389792,95.786037908
83.2694145571,95.7737408515
80.9637428694,95.5812377071
79.2295154407,95.343208951
76.5140566878,94.6547360693
75.0580673442,94.2171357769
73.9260361359,93.9290088832
72.5078246511,93.6604016528
71.6099894534,93.5408784483
69.9734497978,93.4961341791
68.7129441914,93.4745711094
67.2081604557,93.3834891942
65.030999845,93.2304249436
63.6950228554,93.157185916
61.6941380945,93.25165295
60.0894169098,93.3571436693
58.1960578813,93.3507327351
54.9176295707,93.2454258302
52.6109057973,93.1751029969
50.3291227146,93.1575189158
46.9418166964,93.2467415123
44.6971744299,93.3538156497
41.0825697461,93.7388976831
38.2475640208,93.9981788596
35.3507666003,93.7959993836
31.7870405218,93.4052621436
29.7594888573,93.2112349716
27.5882855037,92.9215894608
26.4763300318,92.9680232431
25.7935623158,92.7651939705
25.342405575,92.3810503655
25.3077979261,92.3559504725
25.7748080888,92.357318271
26.0133632609,93.0401491978
25.5887616356,93.9961677766
23.8280370334,94.9853884538
22.0821348482,95.4295290008
19.4323617147,95.8869922509
17.5182366617,96.2814073519
15.8895315977,96.6314235062
13.8730113893,97.4588498419
12.0427362035,98.4229265482
9.8037350743,98.5677785782
8.18399616099,98.4728961438
6.64155558886,98.2317520635
4.38882984814,97.8903039652
2.95025504677,97.6692121477
0.457581392775,97.4632480646
358.577259783,96.9657696031
356.754894779,96.3485236636
353.316642037,95.7419060032
351.349156093,94.9212450914
348.814978906,94.5036509272
347.255367278,93.8520218878
345.798124042,93.3127069185
343.848686004,92.7668407127
343.044827966,92.5686106768
342.704754818,92.4945653321
342.640733998,92.5229868838
342.950584701,92.5902065455
343.590431496,92.7949888225
343.861498135,92.8452830764
343.951792817,93.0011746244
344.067463968,93.2472206416
344.145482304,93.2586316365
344.110787588,93.3684574639
344.137669946,93.4324068484
344.272869955,93.4061501062
344.604327362,93.4905870804
344.640387112,93.4650213455
344.601695718,93.5044035472
344.458184432,93.6672469597
344.23017286,93.8309332364
343.747021846,94.0309705516
343.427946841,94.3264292644
343.034708819,94.623614751
343.028377292,94.7396699971
343.06588652,94.8432505394
343.31939574,94.9926996702
343.839665441,95.3094125637
344.216751734,95.6500476403
344.694493517,95.7099634133
345.379631582,95.9452129501
346.480673581,95.9478971273
347.347941443,95.8590849135
348.633729121,95.6169329541
349.021595546,95.3133916047
349.189514283,95.0834508181
349.286015385,94.9670674287
349.314543749,94.9773222425
349.537169902,95.1703837111
349.502952968,95.3840130991
349.352541468,95.5447500392
348.879407248,95.9523393607
348.440420822,96.2103638989
348.173346334,96.5032991159
347.977378604,96.8725257309
347.801939606,97.0379314326
347.607573072,97.1497946372
347.539089016,97.1487484263
347.496566304,97.1926674629
347.527136176,97.2143799353
347.619938259,97.2068406237
347.724690748,97.2106748207
347.743020943,97.289902964
347.726432438,97.363490082
347.666499568,97.4967874626
347.568843464,97.6147973717
347.409063754,97.6585537075
347.315368475,97.7129231065
347.31092615,97.7271839919
347.315840988,97.7276573862
347.350081144,97.7607949219
347.346359111,97.8034946689
347.275765293,97.8176943194
347.174340081,97.8061849468
347.035394229,97.8249557106
346.931890294,97.8465088732
346.705706717,97.8170135654
346.5920899,97.7518868301
346.427176235,97.6226691489
345.914854483,97.1480403294
345.480934355,96.8919088213
344.432759331,96.7560308942
343.729602489,96.821419134
342.868923622,97.1972344943
341.352580307,97.5188598525
340.018239836,97.7726808718
338.955936651,98.3566064775
338.838438599,98.8787110143
338.753538807,99.494379804
338.592007949,99.7968761367
338.153844707,99.8581845066
337.53046456,100.01674963
336.423146193,100.384332313
335.885972386,100.589316624
335.172508572,100.998819297
334.815108456,101.139953641
334.510240363,101.24614186
334.30910247,101.201134988
334.235674776,101.153765176
334.372256552,100.914041504
334.510089253,100.673439522
334.571616822,100.324493991
334.348877365,99.9725044856
334.137502053,99.6592600697
333.766873296,99.5344286478
333.420313252,99.3843348977
333.254779335,99.3573808002
333.172747588,99.408216191
333.197496241,99.4886379459
333.496394136,99.6053697412
333.505565658,99.6847756971
333.296538659,99.7650690904
332.277029814,99.5463436859
331.39726003,99.2980138968
330.008789768,99.1027187392
328.895804264,99.0613916914
327.714073938,99.0080453403
325.983132232,98.7788625183
324.893689595,98.5072082635
323.366524849,98.1701480796
322.394061738,97.8185763243
321.511428442,97.573474996
320.20785182,97.4350331926
319.410761738,97.3099983766
318.547986766,97.1934510673
317.380655234,97.063455116
316.674029204,97.051218637
316.100527014,96.8486617379
315.909782333,96.8356300859
315.731899715,96.7304066678
315.645165472,96.6076934032
315.417634035,96.567963747
315.340733541,96.4805304142
316.131812176,96.5472065519
318.178966123,96.6528494594
324.845976906,97.2702307927
330.03799996,97.9444247363
335.829472722,99.1904127353
338.461754955,99.6039290347
340.852919028,99.5053700729
344.287949711,99.2393747551
346.072627377,98.7449682803
349.140365644,97.7464580035
350.952605869,97.5393436341
352.474366259,97.2696123274
354.508883604,96.8035425474
355.565859148,96.6056754284
357.434665354,96.1368024626
359.357587364,95.7803599234
2.30549633508,95.1533955361
8.39763821653,94.1820020535
13.2969632099,93.6995748012
20.7340474267,93.6079659892
24.6499079505,93.7276908663
27.8854126546,93.8842831969
31.8706710745,94.1264608216
34.2199190988,94.1971258812
36.6076513718,94.0401060697
39.9992652643,93.8035463249
42.3272612635,93.5966719539
46.2556283542,93.4037548551
49.2046075689,93.233866563
52.4136049708,93.2063285533
57.4420950296,93.3967691588
60.2830983946,94.0303566387
63.7667597096,94.9900540212
65.5793255984,95.5019183898
67.0787933034,96.0869075258
68.9951111989,96.418368631
70.0505692203,96.3839074648
71.1674560855,96.4594154524
71.5518038973,96.5469751123
71.5475746839,96.6668631593
70.9715577095,96.9863762708
70.2760784567,97.1396298173
69.4799609927,97.2032065833
68.2974095173,97.1810407287
67.735499138,97.2177230156
67.2874347908,97.3603391174
67.4488511251,97.3796290863
68.3663466521,97.8215858563
69.6502511323,98.1191962675
71.6666301651,98.4072023262
76.0531825719,98.8711190546
79.4892726776,99.1264104878
84.1933064263,99.4828523751
86.9806549254,99.4878938218
89.7686498625,99.4334412722
93.9994475905,99.3245402195
96.9301978814,99.1956950516
101.521389151,98.7618687041
104.736478193,98.4153855805
107.773406782,98.0528051341
111.950172024,97.1182719206
114.416132154,96.3474734742
116.727593441,95.5134184333
119.757596887,94.5781413003
121.755851647,94.3213790542
124.365630521,94.2118617216
125.908825755,94.4557853334
127.791999291,95.1272803842
130.739368098,96.2372044519
132.038891972,96.561602785
132.762163729,96.4686306024
132.564347371,96.3835877591
131.771123485,96.5169630642
129.214542327,96.8481888882
126.200156983,96.9746275969
118.530767726,96.7626275658
111.450427632,95.8642893818
104.1535977,94.804472071
94.7014308012,93.5377023916
91.0634790779,93.0934266803
88.4612377593,93.1740602131
87.4635711976,93.4999129305
86.5229518347,93.9414732842
84.0776167885,94.1683225844
81.6483475884,94.2175687291
77.5233692613,94.2545534017
74.9116807047,94.1369703781
72.44051288,94.1706100774
68.7573631834,94.2562457774
66.5574063056,94.1913251537
64.5826475607,93.9967898139
61.5088333295,93.6473373374
59.1163072126,93.5110848118
54.8088698128,93.3640639555
51.954128103,93.258914763
49.5781496128,93.1527156482
46.4516640114,93.0347507731
44.535814356,92.9248807833
41.3821069042,92.8381203875
38.9128097838,92.7722036796
36.0815391497,92.8106507923
30.8775232458,92.8327066655
27.2969563746,92.9520417904
21.746330387,93.4226993084
17.7553057691,93.5033445453
13.6997455578,93.3759440427
7.9748175412,93.0360709067
4.78473694716,93.0306798984
0.213199586012,93.0627682581
357.504398005,92.9700641084
354.90078048,92.8185786595
351.905722873,92.6149915169
350.097866092,92.6505319243
347.289649047,93.04192242
344.832727808,93.2503643246
342.490939991,93.1378537383
338.994434308,93.0704490873
336.835323771,92.8241157959
334.3112938,92.4623649221
332.776189087,92.2879284304
331.845784516,92.0655981869
331.320036477,91.9159382141
330.381386435,91.7567219087
328.76546968,91.3454580419
325.069643438,90.7502830395
322.205555555,90.3372553358
318.62220055,89.8894532482
316.602091575,89.6285511307
314.457453452,89.349425231
313.30884323,89.3827893762
312.314418685,89.4663688082
311.147734403,89.3970737144
310.356080401,89.5621595016
309.77172591,89.3416571783
308.786296194,88.8489294867
307.968859357,88.148074905
307.094782001,86.8165736117
306.549520202,85.8877920926
305.95859012,84.9534251117
305.396055952,83.8190406453
305.202582981,83.1834744621
305.177480812,82.6516698281
305.043317762,82.6679862672
304.949203595,82.7473943318
304.290616894,82.9780615917
303.865544498,83.1695346018
303.532908511,83.3908177008
303.221655802,83.738529571
302.842174911,84.4052399895
301.812231937,85.6687162933
300.60257185,86.2870657245
297.637937416,86.3207809608
295.031129461,86.037601573
292.697485803,85.2971117081
289.603189374,84.4229175935
287.94584596,83.3012313795
286.338935619,82.2285229588
285.848541685,81.6062230703
285.439948571,81.1989473382
284.564278753,80.1697452458
283.928804439,79.305028171
282.417099629,78.8833554544
281.100948449,79.2552285334
279.712341611,79.8871330721
277.230344626,80.7217741885
275.637259406,80.9628805962
274.308769201,81.0743834443
272.636891874,81.021000711
271.836814427,80.7443893022
271.210280604,80.0531199121
271.05491699,79.2231154431
270.977888437,78.2347623091
270.896257397,76.4948355783
270.950553193,75.1731110436
271.296080493,73.6422867637
271.697324402,73.0238355629
272.079162981,72.5301827627
272.152617024,72.0899988964
272.030147056,72.0042384025
272.071360643,71.9416022317
272.136541617,71.9341291625
272.21234896,71.9801556103
272.297374617,72.2125361081
272.306712749,72.2689492465
272.429143895,72.3218798717
272.591775157,72.2456276666
272.925189676,72.1784905378
273.741534476,72.2709947346
274.221488891,72.4331547305
275.177674552,72.9184672016
275.901258163,73.1394780906
276.698671407,73.2863861136
277.69332231,73.640221083
278.035286212,73.9809457965
278.063384834,74.3348737402
277.972015597,74.4419337324
277.934077537,74.3999195267
278.256070829,74.3125802098
278.666157572,74.3743456412
279.467954893,74.6668211126
279.921128158,75.0799824114
280.06156434,75.5896054487
279.547654053,76.6448562012
278.680446366,77.7120644244
277.390630717,79.0911975954
275.340593277,81.2134843889
274.471562243,82.4094946613
273.957576769,84.3125725759
273.448741128,85.5408927832
273.263642843,86.559494582
272.652526913,87.6259717607
272.218186222,88.5662244212
272.112123377,89.6286888726
271.699973163,90.4484928519
271.187185129,90.9506156243
270.218781743,91.1874071714
269.863586107,91.3210632814
269.624169148,91.5320786614
269.612710833,91.7059721209
269.6175108,91.8409570237
269.391880947,91.7549307832
269.050840351,91.5788782499
267.962987928,91.258772089
267.238427729,90.9957212244
266.348525457,90.78543333
264.350856885,90.6841174428
262.796307519,90.6615391979
260.143427602,90.8842370498
258.775217703,90.9047200667
257.76647538,90.9001482372
257.154699428,90.8955294962
256.94657888,91.2471451722
256.564880279,91.6321080998
256.298910907,91.7707414814
255.91394966,91.9252975936
255.265234957,92.1182298921
254.774832149,92.3075317144
254.173101095,92.4798534412
253.193979977,92.6210325901
252.48677474,92.5270044787
251.069815471,92.3614818528
250.27137629,92.2357050921
249.471997626,92.0793325994
248.18044041,91.9208739226
247.249969377,91.8123987344
245.700763184,91.5519110047
244.663845633,91.483058514
243.717772584,91.5587580284
242.560280142,91.8061293242
241.686590426,92.1934066748
239.607686712,92.5028986704
237.861237711,92.6192995439
236.284757771,92.6343467494
234.412376409,92.9078763941
233.312073804,93.1547668978
231.844116527,93.59507443
231.015985591,93.7930446189
230.345611585,93.8252155261
229.409595938,93.6292082072
228.639213135,93.5249304113
227.272161463,93.5657982534
226.534309408,93.7175199087
226.103528384,93.9455685063
225.4798042,94.2321450239
224.943500773,93.8484213171
223.609120855,93.0354544666
222.921359991,92.5256531725
222.69534019,92.2434737815
222.848494345,92.3679608926
222.781849837,92.531088395
222.251235891,92.6149227114
220.352734061,92.1808022751
218.933581662,91.866347684
217.205956896,91.5819022533
216.368116218,91.6793235187
215.530901287,91.833218939
214.067723983,92.0576487386
212.880118215,92.1993472887
210.905500072,92.5410736517
209.413451051,92.7862424018
207.788539264,92.8925606109
205.113836457,92.9006782457
203.468124088,92.7990305155
201.436225211,92.6273808347
200.314959225,92.7013285934
199.24931771,92.7507173805
198.284679209,92.7677595467
197.825634819,92.924008023
197.634832856,93.1356735428
197.605732303,93.2245537342
197.514911512,93.3579923164
197.331461722,93.436648321
197.195816034,93.4679208676
196.936207346,93.5531285569
196.75993359,93.5726074141
196.628883578,93.6051956571
196.620446116,93.6374720551
196.640779258,93.731159287
196.63453808,93.8520001155
196.63688316,93.9028000117
196.686825099,93.9360139995
196.875206126,93.9470249289
197.219081268,93.9008982171
198.105815286,93.9400183479
198.768811032,93.9439577332
199.648415681,93.891104953
201.601014047,93.7588848641
203.270561793,93.5759845163
205.143551977,93.2473678044
207.762518235,92.8642202605
209.15381916,92.7448242276
210.909868182,92.0258342053
211.897049875,91.4117029237
212.973802101,90.9425355955
215.146248816,90.4555196336
217.18486663,90.1578276202
220.872133032,89.8206498717
223.863283988,89.7369482873
227.17571424,89.8865438557
232.933065314,90.1418665371
236.646908745,90.5821169212
241.503331837,91.1016345263
244.088258805,91.5313241054
245.757384632,91.7693204742
247.55912802,91.8451743448
248.247745822,91.9262733751
249.270985201,91.9924779616
249.927994228,92.163594
250.581007528,92.2320081647
251.483620045,92.2522184216
252.008585477,92.4047281875
252.63995239,92.559385976
252.983387644,92.6532123133
253.266352714,92.8085819873
253.411506024,92.9770202844
253.522741048,93.0806281723
253.527342777,93.1502508296
253.512454826,93.2704839898
253.368922158,93.4440296429
253.006860014,93.6603665276
252.689070427,93.8567334309
252.354902332,94.0976533109
251.836315878,94.3675373874
251.459385971,94.5133686868
250.923793329,94.635603602
250.563064894,94.7217391278
250.162842622,94.8068034961
249.556576419,94.949824932
249.106401023,95.0258098886
248.257369305,95.0234750616
247.488575348,95.1638868556
246.628365552,95.3241375385
245.26111788,95.3945028961
244.274439578,95.2848330024
243.153685058,95.0031266559
242.742881135,94.8775510165
242.338349893,94.8933044909
241.9704758,94.9900966435
242.016792758,95.0332563617
242.151239203,95.2026125637
242.539091977,95.1850839571
243.157402925,95.0292212348
244.021454744,95.0372081391
244.460160382,95.0475518888
244.955607894,94.7827076749
245.247164934,94.6275222052
245.525876788,94.5680722214
246.130847674,94.6735830295
246.520895973,94.8200326391
246.890438503,94.8932405174
247.344097988,95.0271326512
247.589237276,95.0333694045
247.757567679,95.0783342573
247.765960637,95.1674212454
247.699041396,95.3229639484
247.696356524,95.4564237067
247.619997864,95.6248530732
247.634378107,95.7395404481
247.779880455,95.673876712
248.065552865,95.5814040461
248.367907269,95.4179619872
248.435914838,95.3299141646
248.484408103,95.0779777732
248.437046585,94.9296542311
248.346156014,94.8129787949
248.073220502,94.6734359205
247.96651308,94.6119439029
247.829585371,94.4916829365
247.745981027,94.241681613
247.723602638,93.9338854488
247.641637387,93.5407525733
247.584056287,93.3614179174
247.723561669,93.1897695134
247.884073574,93.0788574603
248.10081487,92.950780443
248.466866682,92.5967368125
248.706875841,92.3326885191
248.955503827,91.7107723349
249.138572912,91.3775254259
249.409516362,91.1806422764
249.9817989,91.1143939756
250.339054547,91.2115312891
250.728161753,91.5189609527
250.847532341,91.812305855
250.726483233,92.0456234041
250.3125992,92.2721759859
250.030743164,92.2925991926
249.804254138,92.3864658772
249.446367609,92.5142073873
249.185660441,92.5884673933
248.707240211,92.7832839202
248.319293405,92.8753612608
247.920782733,92.9224826317
247.286892518,93.1402675528
246.949174003,93.3284667902
246.369358899,93.6941270182
245.971162188,93.8460444633
245.723482057,93.8761399467
245.317673382,93.6884610354
244.826869419,93.5035462149
243.647511923,93.2071468081
242.326462772,93.0819142225
240.305714045,92.8031113618
236.929513887,92.4471622234
234.54267288,92.2800282776
230.877084196,92.1877829617
228.278788543,92.0607364311
226.106216556,91.8600561458
223.427973134,91.5892265564
222.116504791,91.5669168838
220.706756385,91.5305352643
220.023137094,91.5018999183
219.494230612,91.3882510505
218.784431024,91.1859927004
218.44931859,91.0850103848
218.760189464,90.9679878145
219.333062738,91.0520020969
220.140290241,91.2506124042
221.675438173,91.7296084505
222.698352333,92.0944650102
224.271137226,92.6008256247
225.161719729,93.0137374545
225.85421403,93.365603988
226.742954897,93.7786279593
227.268831027,93.9546380178
228.247925618,94.2964347474
229.026585899,94.5674228541
230.136722401,94.872315994
231.828588328,95.3052593679
233.087620417,95.5052854153
234.451242986,95.7029566949
236.577222457,96.0276479989
238.25048928,96.2866518639
241.014376632,96.740021552
242.966454775,97.0407829532
244.97460913,97.3500514445
247.598472299,97.952120021
249.241238958,98.3522882617
251.24414413,98.8537767309
252.297490615,99.118882134
253.254863865,99.4695742239
254.440512102,99.9920214077
255.058480677,100.342163317
255.831661401,100.851555717
256.359570595,101.160576981
256.848066857,101.402389131
257.595579591,101.774594628
258.049988926,101.872768747
258.543813008,101.98979017
259.26950765,102.248093711
259.781066809,102.442659328
260.409989202,102.487099029
260.719285767,102.567656917
260.867561366,102.570523566
260.904284879,102.534178003
260.799846398,102.517020937
259.828350984,102.354108775
259.077938234,102.24457994
257.830381074,102.125453005
257.020698967,101.954236965
256.243073826,101.866846881
255.00299475,102.003690937
254.245308281,102.038163111
253.446205581,102.041439166
252.523490188,101.909877267
252.173874374,101.847862145
252.116714535,101.869748741
252.092742476,101.909778284
252.073064189,101.952195469
252.109798784,101.942470219
252.100859828,101.898902709
252.068298496,101.748351851
252.041305184,101.643698111
252.024787187,101.579897486
252.006264845,101.510251375
252.026439658,101.469766577
252.050974776,101.438471131
252.087728071,101.433677654
252.157170606,101.402645666
252.413470035,101.292271887
252.701973557,101.236583134
253.324753464,101.164339668
253.819169622,101.174146935
254.249235909,101.246259829
254.929040586,101.37449645
255.271293772,101.492384697
255.817026097,101.709954073
256.251358903,101.849688156
256.627966837,101.895604363
256.912455275,101.801335577
256.980457023,101.747491922
257.012007493,101.622435086
256.94253936,101.534450884
256.806952834,101.497565851
256.516087324,101.542591678
256.288667849,101.532548946
256.09784637,101.474947953
255.842209586,101.324762033
255.789522804,101.235605185
255.851081517,101.186533751
255.991171107,101.172715097
256.11090832,101.186932976
256.198327427,101.190106329
255.999932779,101.150554239
254.994933809,100.886221972
254.116950195,100.695022359
253.187898528,100.429958945
252.09469757,100.151385783
251.557122667,100.02372151
251.029812858,99.8405745638
250.648480904,99.718387057
250.182903297,99.5275258487
248.842415698,99.2169087462
247.296955247,98.9761792852
244.202791829,99.0308359839
243.004208579,99.1648045401
243.414268129,99.4376250165
248.753195423,100.567582026
255.207103102,102.326846549
267.208297633,105.805081629
275.480462035,108.002408503
283.804880142,109.713603793
294.53223806,112.29661636
299.947431315,113.400238545
306.024610819,114.256197338
309.221599931,114.060168059
312.511335596,113.839461375
317.069380612,114.129983034
319.66381885,114.332927251
322.350147149,114.56380632
322.863561966,114.419530855
322.388045792,113.92385251
319.884503901,113.209711736
316.894640955,112.370432956
312.570009982,111.215781695
303.337521395,107.409529628
296.46084761,104.963043264
286.364169344,101.604154492
280.913877119,99.6476962995
276.45557245,98.4020344729
271.399086686,97.3602424467
268.295275162,97.2271949409
263.342553966,97.1601400832
260.792609135,97.1723394226
258.553554858,96.9430910947
255.703672262,96.8928179534
253.824676152,96.8867599722
249.995612025,96.7536236117
246.680561864,96.6344381061
243.31097553,96.47041252
237.94337748,95.8523459461
234.62930248,95.1422217026
229.762112805,94.2086433934
226.488905027,93.6305288199
223.283479522,93.2108824778
218.485890225,92.5912182175
215.175432043,92.4178094151
210.259870788,91.9567159254
207.53687163,91.4345207089
205.281966929,91.0123585061
202.708018665,90.6854668192
201.092396919,90.8783799834
198.142679756,91.3316579588
195.819707844,91.5788480344
193.200273892,91.8218335626
189.487658493,91.4273823037
187.57488703,91.1867889415
186.136926269,91.0337868931
184.352273169,90.9004112225
183.180004378,91.0591807449
180.459329422,91.2808538755
178.189812109,91.1222059852
175.628755199,91.1604864408
171.924370379,91.4691046313
169.921365684,91.8649388418
167.797977222,92.2994101558
166.875369599,92.515490232
166.489717206,92.5541687032
166.995307495,92.4434342421
167.884970152,92.6538884628
168.468417302,92.8235924832
168.519121419,92.9152450264
168.471372414,92.8992135759
168.408259967,92.4943592089
168.282069278,92.3220321699
167.696498861,92.038625071
166.922848026,91.9716493059
165.679775223,91.949620536
163.86489892,91.5511325555
163.002854991,91.2891255076
162.196909167,91.1748191431
161.302193813,91.1739754883
159.698907355,91.04695427
156.628328335,90.5794932883
154.63627229,90.2939306378
152.168854261,90.0675033591
150.696804006,90.2455592385
149.51411104,90.4850640439
148.004849127,90.9175475803
147.008259606,91.1544642414
145.731917271,91.1806902822
145.308702789,91.053655428
145.157709486,90.9890121703
146.023168117,91.0222988705
147.927360815,91.2715184927
151.08404482,91.3978563699
155.849385462,92.1648613298
158.151814558,92.4043250937
160.076997338,92.9285687451
160.848841785,92.9487198604
161.888457169,92.9400408407
163.742361858,92.6991158152
165.630304448,92.3335545752
169.079655493,91.9618236813
171.258555978,91.8556335548
173.695410588,91.8630935406
178.476493475,91.7581743925
182.308201655,91.4040859349
188.750448459,90.8851087068
192.74536757,90.7765330637
196.178436691,90.7326935911
199.510190272,90.9067206338
199.534387612,91.2233898907
196.468194979,91.0162710114
193.20840384,90.8546890523
189.448270591,90.6530850354
183.17748784,90.405047336
178.467668369,90.375092374
172.266809773,90.2067629903
169.602862913,90.2100634347
167.859880661,90.2548642799
166.408323327,90.6388659835
165.549995248,90.8569385808
164.146609498,91.0557015239
163.202996569,91.2969433142
162.010582709,91.5840338223
159.791937706,91.9080470292
158.211878512,91.9259447482
156.699730535,91.8894475668
154.728273492,91.7434895097
153.63354701,91.6332172142
152.431102484,91.3994073646
151.978786411,91.2718493725
151.612347661,91.1260991073
151.514550697,90.9009038613
151.542105722,90.8785255054
151.586633458,90.7969623309
151.714401227,90.7451021466
151.792488618,90.7354779052
151.696767135,90.9589857472
151.225112549,91.3702512387
150.500697552,91.5242315018
150.166249424,91.3628741698
150.013672373,91.2059014411
149.593952026,91.0768151522
149.223443158,91.0587543754
148.936709469,91.2611187249
148.669868044,91.4736346091
148.555614781,91.5599260687
148.204991972,91.6917426234
148.011907727,91.6728834587
147.788366108,91.6774831152
147.557003822,91.7233429702
147.447933867,91.7652734626
147.478599272,91.9588445396
147.440805388,92.2670694803
147.224658914,92.7416857539
147.06174112,92.8707552985
146.888715931,92.8769222097
146.832743411,92.7679743323
146.903446498,92.6753863431
147.070708302,92.5832327254
147.211029749,92.5739738646
147.25986176,92.615391158
147.237367522,92.656798538
147.150863328,92.6881262405
147.097755836,92.662360869
147.016176613,92.5329011388
147.015801251,92.4801719052
147.089848825,92.5059328108
147.162422997,92.6595726402
147.15178012,92.7752952128
147.112170099,92.8697794387
147.000924257,92.8882748144
146.800070068,92.8610212978
146.727520682,92.8301592045
146.70496903,92.7813044423
146.672440953,92.7805186954
146.676630718,92.7895123738
146.66947602,92.7866679647
146.529598488,92.7875860983
146.433280999,92.742709749
146.312781406,92.6923830811
146.205870519,92.6694463951
145.998320979,92.6241808598
145.780722521,92.6243436451
145.587969836,92.6439810055
145.423824817,92.6662616857
145.338344123,92.7352479845
145.354797112,92.8924455199
145.418840062,93.0899945435
145.4125419,93.2008135515
145.352298733,93.2279155374
145.303053421,93.1588556833
145.219092885,93.0416627346
145.181865136,93.0231250878
145.146185373,93.0481740345
145.041079978,93.1065528799
144.969306793,93.1288071034
144.895303128,93.1460889098
144.866102034,93.1756173653
144.903956341,93.1834638603
145.066410237,93.2062346968
145.220130837,93.1950073827
145.335718387,93.192369626
145.497913808,93.156939817
145.588232987,93.151151835
145.793183028,93.1158128156
145.93808225,93.092044639
146.107002367,93.0474401135
146.345935543,93.1735476955
146.636561197,93.3120804633
147.716565183,93.504790279
148.831219795,93.6868665752
150.438228396,93.9158899151
154.075529858,94.5295633127
157.396087406,95.0858336232
163.016226176,95.860314553
166.786339797,96.4334332003
170.18031302,96.5613838908
174.642058541,96.4599121724
176.544499982,96.5206447724
178.511497189,96.58786828
179.489587357,96.7520479536
180.395440581,96.8591053001
181.671476338,96.8431992316
182.37049143,96.6951889087
183.164850814,96.3103913964
184.55961979,95.772671394
185.651832341,95.553670943
187.190728774,95.3689920508
187.596808607,95.2239176519
187.418474493,95.0446976447
185.57085142,94.7981628369
183.302447567,94.5891623119
177.867074525,94.4086674706
172.762305204,94.4291398638
167.977104363,94.4080690253
162.981826919,94.246403589
160.865595743,93.8706552978
158.695358081,93.4801002204
157.419494167,93.2691779468
156.441441093,93.0684356383
155.757799902,92.9172693617
155.824651477,93.0397519632
155.979630977,93.1727585024
156.0890743,93.2447330298
156.261029503,93.3288573561
156.359757886,93.4045225269
156.345525679,93.4616263175
156.431620094,93.5543145006
156.627734329,93.6782050454
156.934639337,93.7079694932
157.276580479,93.666390895
157.402800792,93.6377983076
157.574117726,93.5772668838
157.652760082,93.5039319234
157.760311206,93.4335102469
157.878739766,93.3553832118
157.947008189,93.3049975139
158.101713429,93.2450247847
158.215608645,93.2330280049
158.338274055,93.1987872119
158.533785505,93.1119088393
158.680575542,93.079258725
158.947752877,93.0510133737
159.29736831,93.0304448702
159.684954081,93.0577430596
160.269281696,93.0745579434
160.684163501,93.0901565353
161.041929662,93.0765066306
161.309774568,93.0918487575
161.417636265,93.1541243249
161.434475898,93.1210262535
161.475680231,93.0327800283
161.529726224,92.9203305005
161.743409065,92.7628761399
161.999629333,92.7396987462
162.603168218,92.7193020998
163.00147879,92.7558702207
163.463154116,92.7338574368
164.104216702,92.6919473493
164.482941135,92.6623584428
165.144802979,92.5891108411
165.724160793,92.6250141591
166.481797618,92.6418805735
168.08952179,92.6181259332
169.316655804,92.5859620889
171.614359062,92.4524626313
173.624661225,92.3876041346
176.042448352,92.3573383166
180.294190643,92.4451965148
183.659985055,92.4746697482
189.445520165,92.4399185072
193.839242105,92.4360473513
198.263114983,92.4912365462
204.627931152,92.3013914076
208.84070504,92.2263002991
214.894903188,92.3517032864
218.817362842,92.517664842
222.499343895,92.7384078665
227.682401733,93.084034494
230.789455657,93.4629489559
233.296955469,93.7504424647
236.511097515,93.9225457105
238.625769613,94.1238670995
242.375521544,94.5119549035
245.302625824,94.9547770724
248.534530181,95.4990829009
253.177984812,96.0148450749
255.591580415,96.0056795043
258.263711386,95.8114248702
259.804152075,95.7831511149
261.428592753,95.7975130795
264.26235278,95.9203157035
266.285136805,95.9401117786
269.030992797,95.873468408
270.140423341,95.6611284104
271.437369206,95.4648304152
274.512597019,95.4389050287
277.252086129,95.5709856756
281.913191342,95.5886751738
285.089590757,95.4633118046
288.007470566,95.2260909227
292.110524715,94.8968417408
294.566869903,94.5816168559
298.241676598,94.2694309623
300.88429693,94.1204801371
303.689799753,93.9887187624
308.206992669,93.7482895813
311.118709305,93.9536945466
314.890049396,94.2715704747
317.008260057,94.4433666751
318.93046285,94.7336201408
321.330858801,95.0714419854
322.898080945,95.2859104377
324.299792012,95.4294848961
326.114924909,95.4149820319
327.51428786,95.4112045592
329.98929623,95.4408150361
332.278581293,95.5323493544
335.214087695,95.9108555155
339.670202674,96.5416230964
342.255210222,96.7507712768
345.010963861,96.8619767791
346.019009535,96.8620648641
346.527679641,96.7621452624
346.330006632,96.5131354958
346.165385502,96.3436802663
345.851352345,96.2114221365
345.536985847,96.1774384589
345.269288444,96.1317192288
344.595724619,96.4001402226
344.13448689,96.3683920649
343.192899232,96.3448996358
341.780905151,96.2135818415
339.695887705,95.917849255
335.840717835,95.543226617
332.573408809,95.2902645628
327.707083818,95.5721497437
324.057028836,95.8461790931
320.114837507,96.0039731265
312.908612041,96.7308924785
306.916242727,97.3013962617
300.049037562,97.7768662147
290.896042069,97.5456717045
286.550705585,96.802088243
282.017454094,96.648337718
279.617548583,97.1104920464
277.573998164,97.2113675396
276.015775558,97.1176422147
275.479701861,97.1875143581
274.708373406,97.3973524432
273.833835974,97.6813372563
272.367403913,97.9105579349
268.560629837,97.9123308484
265.711119413,97.8219761295
261.220839192,97.6409556962
258.708547003,97.4298132321
256.872880346,97.2418388752
255.202546197,96.8794352431
254.712168856,96.5219608924
254.668098203,96.1151715182
254.889956663,96.10195033
255.009181001,96.0980791949
254.963852708,96.0826879258
254.467585776,95.950740821
253.638237965,95.713010926
253.368826851,95.6689297119
253.279447093,95.6552638999
252.279339719,95.4552770219
250.841482377,94.9807743991
247.076415802,93.9426153552
243.943510893,93.3399537671
240.282063527,92.8500187665
234.786028815,92.0747563101
231.925629135,91.5090957361
229.359655569,90.7227802802
228.323099168,90.3094095249
227.630414287,89.983255519
226.801707973,89.6391844338
226.438210648,89.456502871
225.730791117,89.3907880055
225.162565694,89.2907550895
224.362184437,89.1781274749
223.069580247,89.1047011864
222.254220941,89.0448312423
221.899281979,88.9133955586
222.170203242,88.9125657893
222.895464098,88.8602233447
224.727742187,88.8052362945
226.858213068,88.7744151293
230.012369578,89.0279145581
235.752747161,89.8139307168
240.139303098,90.6777470005
245.721150436,91.921379129
248.648105098,92.4717164927
251.10343076,93.043336461
253.814651034,93.8727243835
255.211803898,94.3114638358
256.947787855,94.8424452945
257.75016482,95.0680746724
258.419227772,95.2302307372
259.451947514,95.394093635
260.113436488,95.4756898556
261.243219871,95.5124805555
261.972130735,95.4420525787
262.883091589,95.3930703971
264.420754366,95.446362711
265.456905073,95.6096385648
267.068188172,95.9125061387
268.130602545,96.2576774025
269.121439919,96.6377382524
270.561185223,97.1925771901
271.466096327,97.6057436157
272.644982616,98.1167257471
273.392869791,98.3056667961
274.070930868,98.5270192785
274.922743964,99.0069671676
275.456051652,99.2580710134
275.916034921,99.4561081486
276.17541871,99.7349053902
276.068118757,99.7547851284
275.851936436,99.850530806
275.602210832,100.035818441
275.483358572,100.401580213
275.528359479,100.606241808
275.467942317,100.6710099
275.287314373,100.600586437
275.132756402,100.516577143
275.045945611,100.499797175
275.761740713,100.624482855
277.128199238,100.858826862
279.763715529,102.104420753
281.958087781,102.951272494
284.401516186,103.8247979
288.571694393,105.231557914
291.44076746,106.040966875
295.962184514,106.996721063
298.879653884,107.689395821
301.620587278,108.19807429
305.355063384,108.826121477
307.353458254,109.092986816
309.93258813,109.423943662
311.390735079,109.445098962
312.759956758,109.464603029
314.549408717,109.560270065
315.830651339,109.75065842
317.55427147,110.370161555
318.330552426,110.605757956
318.867262963,110.479055873
319.51490894,110.089848281
319.919164817,109.900973647
320.663545039,109.830432589
321.296863763,109.73916705
321.943155244,109.634306451
322.743485544,109.54595509
323.18679995,109.53461165
323.548806736,109.443698694
323.476945843,109.322504251
323.173506177,108.98737311
322.385131805,108.566393529
321.903239376,108.253008387
321.493247803,107.979885789
321.197224151,107.452877051
321.391733239,107.124494781
322.228525657,106.847658544
323.391272616,106.516470515
325.217220735,106.1154623
328.218129087,105.751358328
330.58580941,105.169758134
334.67345872,104.107844301
336.97422519,103.651446401
339.059321818,103.219597915
342.290957707,102.403846213
344.289190699,101.659749554
346.947322976,100.816531726
348.411032905,100.230402431
349.529461824,99.6015644917
350.888988477,98.6210316565
351.670973318,97.9463786167
352.349793578,97.2742789589
352.515939886,96.8461739801
352.663693586,96.6620195894
352.769330879,96.1948915633
353.117695372,95.8403105778
353.919334692,95.4504978234
354.576787833,95.2708761452
355.292455458,95.1385084751
356.100733036,94.9217833003
356.402241396,94.5705097416
356.565304783,94.226187944
356.682613115,94.0320051873
356.830987525,93.9312651581
357.116462401,93.9659732668
357.184715041,94.0587760011
357.061627018,94.2546322945
