185.685139593,93.5502832225
186.642409039,92.802778713
186.892550049,92.5043668892
187.093969195,92.137291464
187.299842971,92.0143115404
187.501082843,91.6411570462
187.427653143,91.6414910689
187.093195236,91.4264175596
186.326707123,90.8668834626
185.727446798,90.7591730032
184.676280446,90.5306037664
184.098185892,90.4403544873
183.624620153,90.4209944557
183.191082024,90.3807160406
183.134609029,90.2929050641
183.078037029,90.1988605001
182.980598296,90.0426000828
182.899607919,89.9657815634
182.670804475,89.9473283846
182.552861351,90.0004312337
182.470229762,90.0740679311
182.362523039,90.2383153235
182.2783767,90.3781092476
182.128073878,90.6804178958
181.920976513,90.9948570301
181.59026237,91.5072152014
181.123934459,92.4257821539
180.773133433,92.9014840386
180.342593865,93.4487709667
180.144390269,93.7085334166
180.079071693,93.661928379
179.957510784,93.584468844
179.915307016,93.543756261
179.846626496,93.478428565
179.785864938,93.4525782853
179.663474677,93.4243487878
179.236411826,93.4842920313
178.967569169,93.4176883826
178.69264114,93.2998425472
178.510806992,93.366581862
178.317219843,93.4867612526
177.971298588,93.6097561878
177.686311959,93.7313008891
177.142794061,93.8658977536
176.834529778,94.0095022488
176.446269005,94.308910018
175.930703656,94.6798122435
175.617423856,94.9312636295
175.101173038,95.3594805628
174.770537923,95.6465700223
174.488265633,95.8059637393
174.26513851,95.8743717459
174.141303736,95.8503984165
174.05902393,95.7581622216
174.067182905,95.6553440963
174.120129139,95.5455599972
174.141644153,95.4616136573
173.40679634,95.5862149493
171.591022593,95.5017328858
167.311793513,94.9215961489
163.673783449,94.5331627934
157.142945726,93.9283109689
152.121561371,93.6312576631
146.744569777,93.7504855552
138.446772248,93.9788161837
132.983876168,93.8860069454
125.416807637,94.087691382
121.221913974,94.0158576202
118.050088909,94.1523373341
114.83127966,94.5587436297
113.44732999,94.6378515562
111.6590719,94.5060949015
110.300548088,94.3236847398
108.862702664,94.0837177527
106.817033895,93.8393974618
105.670096257,93.888808922
104.173055944,93.7937114098
103.309648137,93.6687582179
102.356633974,93.6474825819
100.675212531,93.4999728166
99.5433203743,93.4306966922
98.4424223794,93.3404606301
97.0393905634,93.243121091
96.3880670078,93.1761416993
95.798573523,93.148098395
95.6434483564,93.1246385795
95.5669237506,93.1259914933
95.4171256877,93.1497652304
95.310503472,93.1698583886
95.1576085064,93.244584951
95.1238760316,93.2488054906
95.1146383396,93.2448147041
95.1953365848,93.2599552703
95.3082759771,93.270357
95.5360030833,93.2619177687
95.7147816769,93.2538309322
95.9517182277,93.2060522772
96.1927358796,93.1981015624
96.4368015552,93.142074622
96.8004607417,93.176732638
97.0416491389,93.173676125
97.3435052818,93.1893040503
97.6689654495,93.2380191135
97.8448808584,93.1992474745
98.079967337,93.1203561747
98.2689102752,93.0799940346
98.4537419479,93.0687066004
99.0219163802,93.0708258725
99.6780834397,93.1916048908
100.90353081,93.324472828
101.70538349,93.3869587725
102.537366921,93.4119036368
104.850429358,93.1167800935
107.853489193,92.6501172761
114.263432393,92.0100066404
119.168068601,91.789905878
125.023923362,91.6590613187
134.890097104,91.417565593
141.806756119,91.1345648837
152.489106598,91.0382669531
159.667497031,90.7505413015
166.622044471,90.4679175667
176.258837355,90.3257772484
182.620320255,90.0651375639
189.053675887,89.9676956924
195.400921855,90.0814215355
204.722229476,90.00432158
212.895347099,90.1353172844
217.668665811,90.1740061666
222.08774482,90.1918288123
228.161024253,90.4146527542
231.76046392,90.3449036329
236.187578353,89.9397586425
238.475367072,89.6902001579
240.391637326,89.3738990665
242.776250202,89.255825343
244.329502771,89.3340354118
246.596572351,89.4751192662
248.175769937,89.5945757741
249.806274552,89.6362964497
252.427334175,89.6599098257
254.141813382,89.6503493977
256.285463869,89.6104622949
257.340517014,89.6578075343
258.320902424,89.6234265485
259.513029292,89.4376340487
260.138996529,89.386422093
261.041842038,89.2212594277
261.543398172,89.1683593297
262.078715081,89.1414892581
262.833166912,89.0437011628
263.29261091,88.9405711496
263.857874931,88.9725630902
264.042759968,88.9305851417
264.181709297,88.8902917795
264.309755523,88.8395762603
264.342159325,88.8038351894
264.338821617,88.768925429
264.22125975,88.7660723716
263.940544323,88.7489951662
263.098776591,88.7348135525
262.429499563,88.8026203984
261.533523624,88.8606274893
259.577415739,88.8619919115
257.444346386,88.6395285951
252.716286783,88.1719863291
248.929493827,88.0061148753
244.534359216,87.8124076031
236.669206387,87.4226834241
230.74974026,87.5824414557
221.287584149,88.1012192508
214.964003949,88.583010086
208.743460168,88.9995003834
199.683696933,89.484291718
194.595445336,89.4912476069
189.940246774,89.7000665268
187.513159862,89.8386100575
185.981569367,89.9360417347
184.446359196,89.971663873
183.759421888,89.8482835623
182.841336299,89.7867457414
182.2229783,89.8498656923
181.694656036,89.91188233
181.019063093,89.958123862
180.601231512,90.015116547
180.025316836,90.1151208615
179.642618793,90.1718687586
179.304635832,90.226396443
178.863211664,90.338610148
178.648291289,90.5291646358
178.354530379,90.8453615563
178.095019021,91.2555912859
177.816823486,91.7496143516
177.382309086,92.4376322843
177.02671094,93.0303161988
176.608565096,93.425299478
175.918315306,93.9589588468
175.186249218,94.3233759931
173.698820353,94.4959256048
172.572316869,94.4968494043
171.52841329,94.496720968
170.113581777,94.4201702953
169.330035751,94.3145090827
168.168962479,94.1398959048
167.461190791,94.0065253738
166.648864429,93.8790684041
165.434449753,93.6506325033
164.530395309,93.4153196159
162.778737807,93.0487465947
161.10800941,92.7004118048
158.971483105,92.3395811843
154.768690742,91.9291552688
151.564816616,91.6532409206
146.852131005,91.1272934929
144.005944498,90.6905597852
141.565420893,90.1349393194
138.703624549,89.3631971946
137.164666436,89.0643029274
135.318221413,88.9042295459
134.285317695,88.8969145899
133.335800299,88.9004482602
131.916797089,88.8589662945
130.946221317,88.8527949203
129.897637868,88.8779131949
128.225288335,88.8067526777
127.293004185,88.7160953831
126.244847293,88.6165712408
125.431173761,88.6803281471
123.656112739,88.9848673506
121.781235362,89.236802967
119.27628806,89.3961551808
114.531979872,89.7668944748
111.007660166,90.0661198989
107.386233899,90.3173243004
102.16214981,90.6014905759
99.0020566272,90.7770835271
94.9906325729,90.9580678845
92.5102934587,91.1810449384
89.8369196705,91.389499146
85.1391331213,91.4890736313
81.6064559642,91.5315623785
75.6410063901,91.4665671557
71.3787966383,91.3383404898
67.263247951,91.0941516865
61.5801734384,91.0503314336
58.0853993406,90.8448709487
54.1458585874,90.9677935575
51.9872165354,91.148805933
49.8169365726,90.9104574153
47.8199620316,90.6487461277
47.3532180605,90.7427486787
48.1009802059,90.8792187944
49.7928785257,90.8595470019
52.6034193646,90.7195576965
59.2998579882,90.3817788306
65.4025754702,90.0644293257
76.4514373414,89.2298215944
84.622959236,88.9399942704
92.9578341018,88.9936021507
105.742304531,89.0427287403
114.449153445,88.9580735876
126.896663057,89.0360960069
134.746644749,89.224578828
142.128603323,89.3684342529
151.636629984,89.3179209102
156.66586397,89.2910485288
160.146002499,89.2217100947
164.581010809,88.7774724697
166.971161867,88.6840206438
169.944952552,88.5556407078
171.415545533,88.3972249072
172.624186997,88.2128033966
173.916301315,88.1804791842
174.528183415,88.3289162028
175.095704517,88.5905162903
175.317221857,88.7871954351
175.401912246,88.8986401472
175.432066115,89.0245024458
175.459938793,89.084020743
175.590785971,89.1684620406
175.681462845,89.2268033634
175.780980736,89.2662925747
175.985146611,89.3001752117
176.092404827,89.317367769
176.268294083,89.2522083948
176.474188793,89.2319686056
176.698988281,89.2691969814
177.138546974,89.5330430938
177.458047618,89.6676723663
177.649013899,89.7728322443
177.926712551,89.878551914
178.11081359,89.9420177192
178.423601592,89.9943499576
178.580090925,90.0443766217
178.755975389,90.08828469
178.96985108,90.0789467812
179.064166445,90.0789073669
179.131002652,90.0972956998
179.130467763,90.1087830692
179.04895424,90.1358558685
178.974303714,90.1916931689
178.844396097,90.2980627142
178.650693581,90.4372422161
178.530037259,90.4837172778
178.403121632,90.4970126471
178.16285717,90.4984968413
178.010318578,90.5158589046
177.860452298,90.5529880011
177.786393197,90.622928438
177.73510497,90.6945273748
177.716709197,90.7659744939
177.72429666,90.8227627474
177.767489956,90.874071244
177.820593043,90.8977149726
177.90606929,90.9291902252
178.085300811,91.0535311945
178.192591486,91.1212401332
178.34958832,91.204704821
178.477140244,91.2369615136
178.614816561,91.2387636149
178.792285587,91.1421372764
178.875143439,90.9812460945
178.954931218,90.6869403504
179.003853073,90.4148311702
179.033186832,90.2183845223
179.045336556,89.9738140118
179.046698804,89.8318778473
179.11113678,89.7413069582
179.167958434,89.7687097244
179.178399118,89.7948246019
179.255131865,89.823853267
179.367984717,89.8003245026
179.622335881,89.6780254664
179.789937737,89.6082018417
179.970789815,89.5496382532
180.214372666,89.4488843239
180.41203854,89.3569273644
180.593908129,89.2443487248
180.815254237,89.0035548306
180.916684111,88.8303891043
180.971028992,88.5687399905
180.948655896,88.4743987059
180.913675496,88.3777609758
180.842858218,88.2469183387
180.783186472,88.2036089649
180.687913587,88.2778968905
180.646390334,88.4102156235
180.6010901,88.5309263752
180.542689769,88.7146948616
180.534286696,88.8528749562
180.504713223,89.1432796539
180.539730593,89.5447782855
180.583328892,90.3023553065
180.568278627,91.9817899423
180.544053148,92.8610336745
180.630176662,94.0679663282
180.677835947,94.7549553779
180.748924077,95.4107621875
180.872565095,96.2545286292
180.910016128,96.8547576028
180.923416723,97.3872589357
180.957026133,98.1757252568
180.960389781,98.7725310807
180.950193278,99.5158658143
180.942108655,99.9972649808
180.942003914,100.617124116
180.988790718,101.00740302
181.04279603,101.301903369
181.098995441,101.53472603
181.106461861,101.564272288
181.115680025,101.591302497
181.04785153,101.296149933
180.892503633,100.703987546
180.563993382,99.7114194869
180.140559792,98.6350695918
179.775725072,97.2832169904
179.290673536,95.3082206563
179.007058365,94.1421770988
178.7948291,92.7710580763
178.759846931,91.7961163653
178.752099447,90.8508010234
178.860094425,89.477700953
178.992599527,88.6272313795
179.267323618,87.0232558833
179.451199695,85.8975765013
179.616174978,84.9833282208
179.894881232,83.498881235
179.953998273,82.8191251407
180.05111998,82.0207886601
180.006279875,81.5791740625
180.024723899,81.2602020652
180.039606721,80.7947788684
180.117007378,80.5194335415
180.231306453,80.0646237189
180.38084265,79.7534591821
180.451324982,79.578938699
180.546143226,79.3703779109
180.604189259,79.2518433304
180.649562176,79.1410826134
180.694479127,79.023472012
180.722435739,78.9283238013
180.73725123,78.853642903
180.748055105,78.8089652788
180.742853402,78.8044060211
180.745719184,78.8094973563
180.745337288,78.8131882524
180.755044867,78.8171549019
180.783867457,78.8139327867
180.807389317,78.8159781234
180.845160859,78.8248498485
180.868397797,78.8455061711
180.904854929,78.8774825884
180.912689122,78.9134964131
180.921560031,78.955124992
180.958689617,79.0675219069
180.963155295,79.2182696983
180.998955703,79.5395085188
181.019958807,79.78718401
181.01943875,80.0425433547
180.954345332,80.4597374332
180.926761854,80.6675319137
180.880900926,80.9395648385
180.889625619,81.0969867341
180.880834934,81.2161657482
180.910138635,81.397323502
180.958046196,81.5601252758
181.043267151,81.7224228871
181.083491212,81.8421393641
181.101025162,81.9786590554
181.151313468,82.1383946992
181.178670888,82.2488767454
181.183544988,82.3541868789
181.187286514,82.4110443334
181.178200058,82.4671215646
181.157221434,82.5239039587
181.140521002,82.5553513349
181.131443164,82.5942388239
181.133666057,82.6297099429
181.147876626,82.6704071258
181.174296085,82.7512767416
181.199881071,82.8077435385
181.252778158,82.8965454277
181.26260136,82.9273755112
181.265843439,82.9350881296
181.25229584,82.9234376964
181.250045867,82.9132706961
181.250733538,82.9063188034
181.240087304,82.8976597266
181.232821729,82.8930516418
181.232511251,82.8985302511
181.242522685,82.8975205597
181.260815849,82.897427703
181.263465117,82.921176132
181.261295982,82.9299029293
181.278108564,82.9002916726
181.298354801,82.8975209876
181.31580651,82.8933909306
181.33095381,82.8864455782
181.340069456,82.9034042657
181.345831442,82.9239170386
181.343343285,82.9306644374
181.340467827,82.9289242708
181.344156863,82.9581817608
181.3530526,82.9635312847
181.3842227,82.9689339459
181.428564223,82.9723166659
181.468074071,82.9831266341
181.487727596,82.9846204051
181.484643497,82.970032229
181.464950918,82.9620731593
181.461319646,82.9735476275
181.470332732,82.9817202022
181.490706828,83.0090850638
181.498376907,83.0266629797
181.512188024,83.0309855814
181.526901291,83.0408944158
181.535561361,83.0646715817
181.527539649,83.0924264117
181.519208678,83.1081579201
181.522622888,83.1094449574
181.531842402,83.1298603547
181.536734025,83.112859214
181.554930901,83.1142634411
181.56231784,83.1348585975
181.505384557,83.1745414293
180.462439833,83.3973159244
179.139300985,83.3793757634
175.976417836,83.4334331901
173.377053616,83.4676135782
170.411015977,83.5134284011
165.62688466,83.4885140213
162.328498037,83.5034486164
157.916076814,83.8571732576
155.715749278,84.6434215461
154.152397267,85.8294987048
152.990510668,87.6697389039
152.84206882,88.5065703348
153.664941743,91.0052427142
154.815016438,92.8417579494
156.365902745,94.3148044412
159.17115503,96.2195736857
161.200682265,97.2248586519
163.307988182,98.0817444388
166.233544627,99.0284669495
168.013720116,99.5370373614
169.953473916,99.8933351309
170.93548086,99.9694034931
172.194434942,100.148801127
172.955702803,100.317741109
173.741642562,100.448721433
174.515255239,100.534712727
174.876156184,100.586601083
175.057966392,100.652357525
175.231142697,100.712364171
175.422762513,100.82426635
175.586724715,100.915197785
175.755653686,101.015141782
175.918991338,101.129194966
176.077270032,101.197679474
176.152268778,101.224183978
176.264087607,101.238612715
176.279511175,101.216293861
176.262579797,101.163719798
176.177197839,100.975659728
176.126980804,100.88137491
176.020063984,100.714231945
175.764489594,100.336261995
175.400575167,99.8263087557
174.748843266,98.5520991613
174.139682313,96.7875169303
173.189683376,93.7334341611
172.622589966,92.0117807707
172.168035645,90.3225521254
171.709512441,87.7566360917
171.477666934,86.5795390704
171.409563438,85.0629771857
171.405232706,84.4364315261
171.437373205,84.1664410901
171.541603682,83.6865355211
171.598179039,83.5201429388
171.693505622,83.2102702006
171.662906957,83.0045415384
171.563233064,82.8730016812
170.79779909,82.6483460606
169.656281774,82.6414656646
166.667459938,82.5121745604
163.879631821,82.3883299895
160.343041906,82.3546183922
153.868727961,82.283929736
149.152059782,82.2730491902
144.186794451,82.2675005934
136.871041734,82.2558380316
132.183370816,82.3327296356
125.525340323,82.4662603205
121.39656899,82.7098686943
117.636994993,82.8215033647
112.861428466,82.5435723719
110.630631191,82.380480769
108.87396798,82.1850537891
108.658607803,81.9840373402
108.898269069,82.0035899076
109.07153269,82.0926189891
109.060926615,82.0884534625
108.748297463,82.0642057565
108.443462422,82.0118177829
108.044790626,82.0114518731
107.578183599,82.082891069
107.216673652,82.2281685861
106.795689201,82.3460683565
106.546222909,82.4397212516
106.349659449,82.5072958882
106.170513528,82.530841959
106.118255502,82.5324810505
106.093195833,82.5408219095
106.555105221,82.561148976
107.274550639,82.6429850557
108.720677002,82.6964204588
110.472853597,82.6949028709
114.708917866,82.5580631896
118.252303185,82.3483410391
122.248912069,82.0979632115
128.542798835,81.622065871
132.657199729,81.2174859797
136.376180627,80.5311287599
141.913536002,79.429880875
145.157066505,78.9289218925
149.584004397,77.7100554466
151.600096121,76.8188348525
153.351201037,75.9796092931
155.481159466,74.9171120722
156.490250425,74.4792967236
157.637300029,74.1223428901
157.858545209,74.1069094765
157.77390091,74.1533406396
157.42937957,74.5440389385
156.681310587,74.9920322807
154.880477852,75.7998550579
152.922000531,76.5538281868
150.635120417,77.344010196
147.068312949,78.2680964761
145.143319099,79.0836999965
143.613058077,80.3485801271
143.014273408,80.9253055825
142.999630498,81.3034057692
143.66107775,81.5395003976
144.401702526,81.6936785834
145.433228749,82.175991495
146.170456233,82.612342811
147.01042055,83.1275205597
148.322516877,83.6254388255
149.222475529,83.9798876562
150.063195064,84.1451720133
151.329756141,84.2470118514
152.348936122,84.144849532
154.993808347,83.8879459099
157.638370964,83.6180338972
160.6679191,83.5028507319
165.132954646,83.8031109735
167.441277462,83.7498839204
170.075015929,83.0896119643
171.335874142,82.381926015
172.420889962,81.7858042395
173.866480806,81.2348782332
174.463856455,81.0042869205
175.389303081,80.8864644251
175.625750221,80.8767680962
175.712357913,80.8473877612
175.572890654,80.9002074734
174.927032217,80.8822275685
173.359636687,80.8052906481
171.652688118,80.7421537812
169.384970645,80.6742316618
164.68824209,80.696254721
160.39725182,80.9171991409
153.140783318,81.0054952714
148.717457261,81.108227381
144.655182463,81.3550831335
139.703150615,81.7683693712
136.995892415,82.2255787299
133.715463779,82.6768527925
131.825568435,82.9308879976
130.081244466,83.0468905527
128.088139597,83.0064896806
127.059146046,83.2195759026
125.537620091,83.3626240531
124.63320881,83.3036032154
123.920260729,83.3059644147
123.348529048,83.1155857111
123.488656849,83.0895862241
124.517301539,82.8902713291
125.984729432,82.742647425
127.875710909,82.7372590517
130.861022865,82.5310261487
133.662600814,82.3749104052
137.162085009,82.1131865893
143.890304043,81.8124748566
148.716402922,81.8504689164
155.910148229,81.9019315079
160.451920088,81.8590485579
164.176342594,81.9174976627
169.319762984,81.5941706559
171.836114414,81.1667336984
174.806700666,80.4901949857
175.913771537,80.1994169393
176.60001318,80.0339098553
177.387187016,79.9658157661
177.688452419,80.0972621668
177.890351226,80.2910527866
177.86495825,80.4545861381
177.905540462,80.8698644314
177.852091728,82.0166190682
177.708491105,83.2104825792
177.621318739,84.4480519161
177.592292251,85.0391929103
177.663581568,85.4302906393
177.707081223,85.98289643
177.66746377,86.2288951908
177.58766397,86.3375764824
177.529949899,86.3991484528
177.506584044,86.4288788906
177.504243233,86.468062651
177.507963511,86.5264831345
177.459624241,86.7899596781
177.409802877,87.0330446686
177.359533417,87.3636895674
177.351685518,87.6383403943
177.374781482,87.7800720149
177.39118913,87.8476872953
177.516075805,87.9574660356
177.632132858,87.9853598029
177.832295776,87.9612957212
177.975591258,87.8855467997
178.105386599,87.7499602729
178.22375492,87.4933748439
178.229600335,87.3864605366
178.234442193,87.310917276
178.245718072,87.3275785063
178.246676436,87.4336171376
178.282721831,87.5783174783
178.28005756,87.6589950592
178.247111342,87.7059632926
178.117436034,87.7176413298
178.028623557,87.7280552252
177.991929579,87.7512168312
177.886544116,87.7762228218
177.74889691,87.7307878266
177.714905502,87.7022895372
177.702538788,87.6794271472
177.682409868,87.6646037665
177.661646495,87.6652446366
177.603713279,87.6675607278
177.538646721,87.6769418831
177.473242082,87.695565563
177.433396163,87.6959402171
177.427286339,87.6710185228
177.48042369,87.6205144565
177.501802253,87.5851548765
177.494579051,87.5357733889
177.443809625,87.4871710771
177.368040715,87.4483294572
177.273614904,87.4285218435
177.125192301,87.4531313279
177.062829724,87.8024880455
177.105491096,88.4626016965
177.070640011,88.6531976354
176.999887625,88.824004758
176.887265273,89.0202790052
176.781668079,89.0985492679
176.567534142,89.1575759062
176.319143023,89.0951129411
175.746201221,88.8430707753
174.195408523,88.1858117845
172.539811732,87.4781268384
168.948316417,86.1755964297
165.883381885,85.5332960516
162.420442748,85.084391336
156.780687262,84.5654315736
152.937970891,84.2395661044
147.070411283,83.536026461
143.151399038,82.9446621469
139.370465777,82.4724855377
134.169183443,82.025081757
131.208052603,81.8622670504
127.824294766,81.832071343
126.37710146,81.7980440612
125.616575962,81.6190806866
125.44565316,81.2424647593
125.889660147,80.8441438397
127.143376677,80.2627233192
128.162771028,80.0228377715
129.150196255,79.7728343673
130.974453248,79.424141021
132.215142132,79.4437899561
134.575740433,79.3398559366
136.468130236,79.4194021243
138.547985988,79.6670350717
142.100880143,79.889403974
144.538313001,80.0873244434
147.082605436,80.2177030635
150.48864966,80.3238384523
152.461088061,80.3983115368
155.049137491,80.4323762191
156.452098965,80.4810432575
158.151851151,80.6667991434
160.090992819,81.214951008
161.517990447,81.5636785848
163.104012408,81.9361776429
164.018718513,82.1902558534
164.717756629,82.5120218391
165.588026687,82.6831043494
165.959909347,82.8568273747
166.317261033,83.0936771288
166.348671625,83.1616935786
166.320803486,83.1557399819
166.17097596,83.0968990546
165.961894688,83.0399257077
164.898543825,82.8387758075
163.739950658,82.546555407
161.910607476,82.134373038
158.264680832,81.5798540601
155.297394676,81.0389074332
150.186320951,80.3347580771
146.695245547,80.0589166303
143.195217176,79.8714596645
138.217197407,79.6794629751
135.37526662,79.5272520417
132.049552534,79.4295577951
130.43261427,79.450870103
129.292791158,79.4444317062
128.25082525,79.4526251004
127.962608614,79.3022123467
127.965138003,79.1873208129
128.138599035,79.0795443816
128.834536978,78.9251478571
130.22736654,78.8101028
131.597581489,78.638815648
133.272685104,78.5306458121
135.952397578,78.2781006645
137.940982848,78.0884713097
141.0864511,77.8992395367
143.393002334,77.7816942307
145.765702774,77.6773300095
150.11256902,77.5887816566
153.600332112,77.9063000911
159.425355028,78.1643865044
163.361624475,78.2615503467
167.227192781,78.3108593753
172.230570005,78.3630187199
175.288647427,78.2249379737
179.328660471,77.9418301756
181.672613875,77.8177153924
183.578450785,77.6844858646
185.497976126,77.5817116017
186.332685338,77.7180379428
186.67823816,78.0054069078
186.711576077,78.1305208287
186.563123738,78.1946663308
186.152477977,78.5971560127
185.849775444,78.9729236993
185.383830407,79.4059349976
185.084325672,79.6757144825
184.884000315,80.0636383438
184.805311932,80.3167355371
184.755047965,80.4849756923
184.7045061,80.9799202442
184.706397965,81.2345178904
184.739283195,81.4160318796
184.799695407,81.6588665504
184.814678136,81.7614958292
184.823323531,81.8288105493
184.870282775,81.8609632983
184.958550357,81.8806631913
185.274767954,81.8528346323
185.682896075,81.8700422204
186.315378423,81.9280349201
188.092354217,82.0330787241
189.698182512,82.0275021676
192.382200581,81.8609821752
194.103909762,81.6969518245
195.800772255,81.5086983346
198.429143387,81.2277900847
200.139513316,81.0898196862
202.636726239,81.0177271091
204.235308038,80.9621142233
205.513428198,80.9490269983
206.877674418,80.8737345754
207.485002795,80.7436545752
207.963661253,80.4249152199
207.930160987,80.328170969
207.759893826,80.187587148
206.934083004,79.7924428136
206.22763512,79.5918379363
204.520699947,79.1467422094
202.909073627,78.8315325957
200.904172163,78.483232865
197.65421918,78.0011073649
195.463649152,77.6903968861
193.009016984,77.1304050383
191.714150223,76.6492346777
190.561482301,75.9075599926
188.572822568,75.6612220675
186.987587877,75.5391932741
185.130320828,75.4719215766
181.288036465,75.6508041506
178.263856995,75.7037940522
172.840213153,75.8805993343
168.928710376,76.0432482324
164.869206224,76.4824528936
159.536263741,77.1427564145
156.33133975,77.6142926216
151.943008116,78.0711972271
149.190370565,78.2957921308
146.595513481,78.4131192376
143.071712359,78.6006042897
141.110751123,78.7695833164
138.85240115,79.0332100475
137.927223877,79.411865739
137.475856536,80.2249457293
137.88484428,81.1254299969
138.701478203,81.3790548162
140.33859131,81.7394643074
141.18777452,81.8562977577
141.687082074,81.9905766457
141.655880729,82.0222595192
141.531881091,82.030684535
141.246524181,82.0217895131
141.197657127,82.0384365242
141.153125525,82.0526081609
141.081010193,82.1419058276
140.701299785,82.2901929849
139.59377866,82.3481263458
138.611341874,82.4108814987
137.405501023,82.4507979245
135.37596128,82.5698517379
133.883204154,82.7394966441
131.402065486,82.990017014
129.801069482,83.1206052806
128.41055276,83.2941350261
126.638426533,83.3150298868
125.593169131,83.3594714062
124.522248157,83.4659709312
122.972882937,83.4659902404
122.004083283,83.4963594363
120.799086354,83.5113778004
120.175829114,83.4569310266
119.742055853,83.380627205
119.52399821,83.3209111544
119.553382176,83.3012839128
119.660303401,83.2507089907
119.794032568,83.2752399847
119.998693634,83.2866004464
120.494010795,83.3630383533
120.823195313,83.3619811732
121.504419448,83.3417080287
122.017945719,83.3152143279
122.528401257,83.357138411
123.229401104,83.3632158072
123.662392013,83.4009988101
124.13220743,83.4381217556
124.261439372,83.4269130967
124.343151111,83.4384199777
124.418146296,83.4837821322
124.361267735,83.518538266
123.730693841,83.4729645994
122.971462725,83.362696388
122.065146088,83.1713918032
120.672534999,83.0949913277
119.726723303,83.0586631594
118.837437933,83.0743432138
117.518067132,83.0180134523
116.738655364,83.0297751398
115.677467513,83.0197235305
115.193204702,83.0187971762
114.927778497,83.0220885411
114.833671101,83.0413385389
114.806420931,83.0602416769
115.056499581,83.1842345827
115.828416163,83.3069210483
116.855398805,83.4415610038
119.423785852,83.5948321685
122.019360688,83.6684489299
126.978417373,83.7173516688
130.813495636,83.7814398759
134.99629419,83.8100135427
141.416254423,83.9446884352
145.572477465,84.0460454443
151.222989605,84.5060084411
155.23661183,84.6550995422
158.766163437,84.9613491534
163.747027262,85.2053105141
166.714328143,85.4161944773
168.563873626,85.6134843893
171.060769387,85.2337264364
172.038320243,84.8621094978
173.193627904,84.6344187388
173.583580636,84.7098892008
173.8447959,84.7500002324
173.902519356,84.7320305256
173.9039417,84.8159500223
173.786068055,84.9743485677
173.75569963,85.0554112464
173.680284256,85.1148506701
173.530417949,85.2408555673
173.469217078,85.2939727478
173.464165227,85.364311682
173.506002967,85.4427712341
173.578440168,85.5297480398
173.681850342,85.5823979552
173.822329165,85.5974453654
174.108163526,85.6028258894
174.226806739,85.6068473105
174.357206711,85.6650166457
174.47289241,85.7395355145
174.509862288,85.7788256237
174.501237605,85.8493937659
174.472795806,85.8867409835
174.43919012,85.8924566753
174.392565703,85.8967414012
174.183464215,85.9639605533
173.690219237,85.9407394569
173.478460017,85.9144291245
173.280229381,85.906676763
173.067298137,85.9402684573
172.949950864,85.9822627433
172.882258687,86.0720448451
172.869667823,86.1166189718
172.856895374,86.1389133046
172.842501306,86.1523903894
172.828371559,86.1719248523
172.801100426,86.1818061563
172.764668378,86.1952572383
172.636565228,86.1974001104
172.057129421,86.2317768671
171.366100956,86.2353479714
170.457149379,86.2734386711
169.740610556,86.2337501036
169.062909289,86.2030928136
168.049562216,86.217631543
167.513785205,86.2969004748
167.06671625,86.3130855778
166.781226268,86.2966059141
166.68223467,86.3047830639
166.524943255,86.2811449972
166.442422578,86.2682054228
166.383406031,86.2569270878
166.30924692,86.2219191831
166.260600251,86.1903589812
166.182448602,86.1522866466
166.151012042,86.1547122396
166.137341847,86.1506484976
166.177490639,86.1110454188
166.47272304,86.0180600487
167.628903698,85.8347025871
168.693657139,85.6680519163
169.834577009,85.5937173321
171.230319914,85.4883871546
172.025067329,85.4687142057
172.814984705,85.3842822779
173.199003038,85.2265049493
173.400718538,85.0273355516
173.382116626,85.0204005309
173.418646338,84.852555461
173.367864157,84.6473648629
173.131975193,84.4836353091
172.912540252,84.3950723473
172.324176643,84.3161127399
171.983751398,84.3793119349
171.691009238,84.4312320135
171.725383338,84.4199220896
171.799137064,84.3313818039
172.008214103,84.1457216629
172.054357597,84.110519714
172.032757962,84.099719007
171.914923273,84.1058327077
171.741375388,84.1168763177
170.896049811,84.2885229012
169.69569625,84.3603359042
168.13920251,84.418325747
165.747360269,84.5582962702
164.264495149,84.6208358885
162.532923792,84.7300203168
161.792230476,84.8866716551
161.463351505,85.0457251694
162.036324911,85.1945173203
163.017374594,85.3820729823
164.984869308,85.440446132
166.355102167,85.4940708151
167.67776767,85.6190924373
169.239045965,85.9044234491
170.190250732,85.9894661782
171.522288641,85.8787763472
172.459766926,85.8761450241
173.432495476,85.837391278
174.708384652,85.7977036299
175.483334035,85.8030266323
176.665019814,85.7715219589
177.143330844,85.6869488156
177.473050936,85.5874063658
177.535190957,85.4841910541
177.527335225,85.4039207899
177.41818985,85.3220912872
177.205516453,85.2952245952
176.956276119,85.2986985132
176.487944546,85.2769182079
175.96272489,85.28520341
174.375080629,85.3304367816
172.333654874,85.2713760468
169.589259021,85.1323225694
164.697220016,84.9209415943
160.683836264,84.9955483942
154.064370525,85.0415946492
149.258837204,85.075644665
144.249966069,85.1399656979
136.216689945,84.9829881795
130.487624086,84.803451707
124.651310363,84.3287500649
116.584007968,83.9966963269
111.695611331,84.1593821387
104.919209976,84.2683927699
100.916787358,84.6514457926
97.5897114887,84.6759126135
94.3537998162,84.7988533381
93.0042378047,84.6339989918
91.4942585432,84.4997095655
90.5258033374,84.4280772921
89.8495908264,84.3336149744
90.0580372508,84.3198737742
91.2387358523,84.4428678177
94.5808725542,84.4338202018
97.7096001148,84.115647574
101.680414431,83.7849210877
109.029966395,82.982299658
114.493571316,82.427438199
123.242376217,81.7624442107
129.294370794,81.4587865885
135.369283356,81.3702533421
144.811827254,81.3161172689
151.031986816,81.4670976811
159.72759934,81.7005197165
164.909233713,81.8083828285
169.563375888,81.9230401966
175.266616199,82.2472206752
178.521914578,82.3283343013
182.77829616,82.4148484869
185.385685374,82.553430015
187.600511639,82.669980446
190.225693519,82.8119443349
191.592449663,82.8820792626
193.043417519,83.0167187869
193.720078465,83.137552934
194.130134138,83.2199105254
194.636128372,83.369433092
194.7611352,83.4344633739
194.770874361,83.5394870314
194.80613529,83.728286251
194.842786745,83.8457082978
195.011944947,83.9241586732
195.219511151,83.9060433543
195.437678101,83.8673502956
195.934890755,83.7305733973
196.426611182,83.6084674112
197.212883965,83.4378249857
197.828496491,83.4048159912
198.521165597,83.3354917635
199.660160435,83.2540268076
200.466518732,83.1830036092
201.791816849,83.0476971631
202.730086399,82.9085248413
203.737216205,82.7458871224
205.535528403,82.5656163839
207.069870317,82.4262276496
208.710959992,82.347919489
211.066961332,82.1936370773
212.684285032,82.1818311989
215.069848156,82.2490903257
216.635329287,82.2717409397
219.104667713,82.3809381331
220.82734043,82.3758323069
222.598980349,82.4378300887
224.993739756,82.5536455744
226.252646292,82.7093436832
227.335025025,82.9039323967
227.431609358,82.9211353361
227.176630862,82.8433131762
226.275046488,82.6892266327
225.473599862,82.6239252798
224.772829055,82.6486589308
223.614514201,82.681657787
222.778582685,82.581219025
221.521869624,82.6217052463
220.70651998,82.6394876393
219.855999059,82.5428112914
218.685029099,82.4769641328
218.013595103,82.5486566029
217.303343717,82.7323743794
217.002892008,82.8625153946
216.970790501,83.005531187
216.912203546,83.2761847064
216.957579882,83.4943851909
216.917172224,83.8390154711
216.819442049,84.0822682403
216.599086854,84.2609778252
216.033661786,84.4489186708
215.8240834,84.5130601002
215.612646053,84.647512045
215.459425535,84.7046497267
215.301124113,84.7566711383
214.861904357,84.9038117165
214.466662246,84.9064389505
213.170708203,84.8495336463
211.715600162,84.7530748778
209.869306881,84.520046097
206.301084675,84.1929475961
203.470238816,83.8309240054
199.150490816,83.3700800353
196.644611292,83.2055872154
194.327659886,83.2216619261
191.627454474,83.4231164978
190.263377769,83.562955576
189.335384589,83.7178802822
188.964768854,83.8668806725
189.274070695,83.8509220816
190.507608175,83.8460694806
191.891252673,83.8270285987
193.93031801,83.776762289
197.555837021,83.5986990289
200.217390246,83.4382449591
203.834927781,83.1641978509
205.822493339,82.9290447042
207.127284591,82.7813900791
207.836350342,82.3828981462
208.004893814,82.084933212
208.549492985,82.0556094826
209.178748645,81.9999790331
209.993115656,81.9185998871
211.355324493,81.7840686636
212.259974447,81.6999609021
213.24332091,81.7330335057
213.168290242,81.7521402447
212.599038473,81.6739184764
209.739539952,81.0972040319
207.211601605,80.4031317039
202.846635167,79.5431325396
199.848069737,79.3376750759
196.833506325,79.3234735393
192.50802862,79.7644698222
190.423658905,80.2927334065
188.734880122,80.8310439855
186.539714167,81.0747944686
185.431747117,80.9973421608
184.016279458,80.8562565594
183.262634913,80.7256255672
182.325716135,80.6013455444
181.812580313,80.4134464011
181.446221813,80.3549243556
181.130387521,80.4042164195
180.942518971,80.2802840573
180.772929085,80.0906970731
180.332936876,79.8074934503
180.004641649,79.581406407
179.550091955,79.2097452449
179.299323877,79.1102626676
179.148789966,79.0272820946
178.911036364,78.8647962946
178.76242054,78.8060196872
178.425961857,78.6890653978
178.146067613,78.5947351183
177.881213952,78.546675904
177.494221459,78.5513478247
177.273218927,78.462133815
177.071966138,78.2670496886
176.950113317,78.1659116499
176.816687384,78.0307618332
176.539363067,77.9565509405
176.283870924,78.0772621853
175.955761294,78.3559692519
175.789720332,78.5569762285
175.65601364,78.7930987875
175.455992691,79.4528260468
175.392345818,79.9391023116
175.228805654,80.8108299502
175.169878311,81.3628650087
175.113177882,81.6025333034
175.090050208,81.7105153695
175.458010567,81.8204944393
177.018827532,81.689072212
178.565293247,81.5123535742
180.250091323,81.3767360556
183.230972072,81.1782776162
185.596436368,81.1604525934
188.406692161,81.2826051024
192.802642672,81.6325280133
195.923539043,81.9533781502
200.203990457,82.5170622784
202.652760264,82.9306301845
204.631590062,83.4753529399
205.344886877,84.1046103001
204.776483608,84.2025493504
203.465502459,84.1750530413
202.407207497,84.1057654336
200.937549433,84.0207275294
197.761391946,83.7723850621
194.909640202,83.6681272324
190.564788131,83.8750242587
188.210062363,84.4734706043
186.324645795,85.0952350602
185.064833853,85.800415202
184.635160188,86.0747228316
184.779656406,86.3508810408
184.979751009,86.4447353434
185.338135939,86.4621331427
185.669237472,86.4113488392
185.770012715,86.2742137365
185.719199877,86.0907789714
185.530738908,85.9110267158
185.30277965,85.8095066883
184.904892145,85.7982915363
184.674791075,85.8382669714
184.310464256,85.9671681882
184.183198241,86.0105959525
184.082323751,86.0698999148
183.955493999,86.1404729967
183.86293725,86.1536577927
183.720061237,86.0774125492
183.576026704,85.9740763042
183.26956242,85.8428752115
182.223266448,85.5769795763
181.130271883,85.4332494474
179.577637141,85.2244666321
176.397139164,84.7481441918
173.770445391,84.6230473563
169.342321264,84.4541766198
166.396598335,84.303849193
163.449218357,84.0963749737
159.478000998,83.8942369651
157.203008415,83.8033426032
154.171788991,83.7196310071
152.355976397,83.6360586153
150.591381817,83.3717048818
148.49646054,82.8480978658
147.505488395,82.7166996367
146.631998634,82.604953232
146.335015104,82.5974880362
146.171092961,82.6454315653
145.974018192,82.7294900755
145.719964445,82.8935317515
145.357179381,83.0924749251
145.271711135,83.1458725529
145.272035268,83.1879396008
145.918160594,83.2031059322
146.89717832,83.1212811288
148.992278934,83.1808087899
150.68166033,83.1971282437
152.953637064,83.0034281942
156.618781468,83.1828696246
159.11354954,83.1174858711
162.632161043,83.3809284149
164.553783333,83.3717750465
166.082958653,83.255223198
167.457219903,83.2998463409
168.195389478,83.1453350167
168.548497478,83.0528032598
168.788595797,82.6262778431
168.711782475,82.5600944872
168.550958727,82.6050781871
168.444417884,82.8481028492
168.451713001,82.9872636494
168.851456744,83.2638456149
169.360044668,83.472356116
170.006200082,83.551185076
170.521378296,83.6471281989
171.03859476,83.7030820611
171.858398512,83.7753170743
172.634896452,83.8822521193
173.815597978,84.0899011422
174.559651792,84.2110644264
175.160445914,84.3405088374
175.790346701,84.4576930187
175.945351903,84.5544137978
175.832119364,84.5936166446
175.665085577,84.6468426647
175.206787771,84.7494446448
174.377661875,84.9258111486
173.854836005,85.0232434239
172.916069716,85.1229424555
171.862399789,85.1950107239
170.338533125,85.1292467615
167.090496066,84.7746063798
164.330127166,84.4335409811
159.894882215,84.0419660939
156.991810972,83.8786899951
154.317219869,83.5360056668
150.783530217,82.9715637427
149.046946487,83.0099986196
147.646749649,83.1225459198
146.314087552,83.4714215772
145.872758479,83.7770690638
145.984990454,84.1040995659
146.298089726,84.276890543
146.934949222,84.4090091318
147.68004189,84.4031396355
147.981288099,84.3767147295
148.304313896,84.3732174027
148.421279916,84.4050148918
148.538246425,84.4927550525
148.753508208,84.7476899886
149.162218522,84.9917043215
150.311042458,85.25577058
151.328940474,85.4623990186
152.512589248,85.6781623471
154.572588589,85.9886502731
156.069243231,86.2270328314
158.398473888,86.4546991568
159.970197171,86.5367215951
161.438371059,86.6216326042
163.314204938,86.6302023121
164.318817665,86.6139284952
165.373990934,86.4812472532
165.883248266,86.4118283917
166.097142281,86.3311232541
166.137636263,86.2827941524
166.128346002,86.2682513839
166.047957603,86.2282763678
166.014473078,86.276182277
166.003042043,86.3458849521
166.093292806,86.3989024759
166.30835974,86.3485896324
166.65701797,86.2907598195
167.38247004,86.2119875053
167.825574898,86.1942364509
168.526683619,86.2146530969
168.905889178,86.2312521239
169.283191617,86.1830187335
169.821139109,86.1090223838
170.210795257,86.0375763793
170.828141936,85.9211920908
171.201769203,85.8635027072
171.515949616,85.8397170597
171.659595339,85.8173607988
171.687497888,85.8285906703
171.540922768,85.7821352821
171.259644779,85.778945367
170.916462016,85.8658020129
170.720612001,86.2135283988
170.800137736,86.5944888045
171.085729545,87.0306547149
171.279380267,87.2650339932
171.454546883,87.3903937622
171.680150791,87.5916184882
171.82760533,87.6548384976
172.413163738,87.9196431325
173.078886771,88.1765227877
173.771738286,88.4426097228
174.661727227,88.8836580728
175.167399761,89.2416880854
175.904691861,89.7711165994
176.60156814,90.1802159199
177.446501506,90.6822645485
179.054981361,91.2557101913
180.271162919,91.3336934354
182.102048438,91.2646208094
183.321356389,90.9778054913
184.57562746,90.7085206053
186.700278199,90.4587721646
188.323704869,90.1253114233
190.003793689,89.7751154021
192.148639912,89.2368416248
193.172805183,88.9248197447
194.12640182,88.749233976
194.367211642,88.7332790477
194.424107692,88.7320523179
194.361257826,88.7962629205
194.043707353,88.841212943
193.476116845,88.9235618657
193.197268235,88.9442300648
192.988082275,88.9324638608
192.727546881,88.9310589021
192.376630505,88.8831356426
191.235589589,88.8600706524
189.996390191,88.7486347583
188.529594586,88.5532897381
186.237419039,88.7753142628
184.769339719,89.2296965373
183.323312282,89.847959394
182.646867874,90.2134863225
182.018280262,90.4915334234
181.137051734,90.6663582142
180.371113559,90.7456768287
179.068381506,90.7020636579
178.028470016,90.5542210799
177.002222048,90.2278555958
175.285551128,89.3375670763
173.866209133,88.3714299637
171.672010453,87.2993229131
170.515478484,87.0951020502
169.221509162,86.8022245014
168.764168622,86.6993257087
168.543498438,86.6608740724
168.523632425,86.5161993257
168.610888265,86.1390544782
168.652337209,85.7409078411
168.631785837,85.1423184685
168.645462235,84.8704912002
168.730474584,84.6461758428
168.997715492,84.3286929659
169.202586789,84.1403318844
169.512744643,83.8348502171
169.692364749,83.5848547882
169.860802632,83.2372791445
169.965035732,82.1979549799
169.874261518,81.2147892045
169.661446855,80.1969352863
169.608505149,80.0303853604
169.663363683,79.9308980674
169.904313456,79.752113907
170.134538856,79.7768119471
170.658058551,80.0770975762
171.12812606,80.3023857257
171.537297313,80.6946376738
172.1673869,81.4778927559
172.491050478,81.9996184214
172.809369652,82.7898500671
172.8884516,83.3246081732
172.917236515,83.7575053693
173.002236658,84.3468739584
173.112579756,84.6665801823
173.290639067,84.9401284252
173.452497039,85.0406417268
173.613309939,85.0771134009
173.931492561,85.0301787469
174.145687748,85.0143706936
174.366737632,85.0555297481
174.547660663,85.1133889478
174.616431238,85.1924190522
174.535257348,85.3347151793
174.346071053,85.4861919836
174.004271186,85.671459494
173.626237378,85.9715341427
173.551157797,86.0904464705
173.415167877,86.2454276767
