180.523308264,96.7745717679
180.262215822,96.5976950862
180.268928413,96.7247985867
180.567756284,96.8649044927
181.516089843,96.5826677943
181.844875123,96.4054487922
181.636601098,96.2240330076
180.658427859,94.8908746232
179.718671335,93.8774096441
177.85243474,93.6550208031
176.494198169,93.9856605469
175.26410388,94.375248578
173.83809736,94.2595318209
172.96364964,94.0372145064
171.553987011,93.6998240514
170.607958266,93.0926288579
169.623349555,92.3337641238
168.504379086,91.1883000969
167.680538165,91.0188525006
166.085545891,90.9842488109
164.185982011,90.7925234474
161.556838219,90.420428313
157.114496774,89.9409348895
154.477186773,89.9495110855
150.988280603,90.1441118909
149.228416065,90.2607490503
147.647775728,90.6768539754
145.922980648,91.1385234704
145.096886063,91.5490490262
144.130548064,92.0752566103
143.513645297,92.2115561686
143.096749846,92.2748733341
142.769208825,92.1377394812
142.697288293,91.908525493
142.917825851,91.5398402808
142.766377227,91.3969151734
142.608762387,91.1065687905
141.871648147,90.7403882991
141.565699352,90.414653932
141.19517489,89.8532479045
140.785352668,89.6487859823
140.096380449,89.557828033
138.772533027,89.1143859879
137.842710263,89.0455561724
136.520308318,88.9234440195
135.817397162,88.6838616496
135.375559181,88.1121431991
135.017591742,86.9705086361
134.914809976,86.6725829187
134.951298451,86.7034068973
134.979184844,86.9700093986
135.019595514,87.0726453503
134.988636153,87.0691630203
134.855598787,87.0513356192
134.784911833,87.0625586611
135.545776458,87.4044246787
136.457051808,87.8826128398
138.072681219,88.4646362243
139.032609456,88.7787017403
139.810228349,89.1043371155
140.136065433,89.1372101163
140.333818745,89.3299713459
140.339319089,89.3614959673
140.446086779,89.6450951827
140.694063248,89.8397021532
141.134227916,89.9709196966
141.56256138,89.9640792846
141.975667965,89.6642926766
142.194327456,89.559073914
142.264417733,89.4232567385
142.374207217,89.3264961226
142.516240166,89.3333492856
143.22615768,89.8854638842
144.473057506,90.5048894719
147.348554732,91.258801209
154.145795022,93.0061072525
159.422677553,94.1872074998
167.461606397,95.5372840371
172.10293829,96.1201829898
175.389907352,96.6773684753
178.075877208,97.4452180335
177.678861636,97.178275688
175.688467614,96.038162829
169.607084619,94.1982676149
164.335033067,93.2089722246
156.445920891,92.1533919215
152.259825019,91.7000382853
149.029890796,91.2488028624
145.462452671,90.8076056103
143.965811945,90.6372595818
142.905845923,90.425886746
142.780421809,90.4376011605
143.045049068,90.4409915991
143.71690623,90.3858416106
144.266586353,90.406661986
144.790021125,90.3998486358
144.709413946,90.2756985874
144.597155691,90.2173700895
143.91413376,90.1955966606
143.423688883,90.245939578
142.683742529,90.3115868786
142.148669801,90.3066741449
141.785444469,90.3662923886
141.777364492,90.5435602367
142.1878222,90.6724585792
142.993027152,90.7372840672
144.197560457,90.7967843818
144.716414033,90.7443042314
145.1950728,90.6604844329
145.193972634,90.6877534931
145.246067862,90.6996080982
145.307885018,90.7166528502
145.680511309,90.7023654761
147.008252066,90.8544872781
147.551121912,90.9350822817
148.003083907,90.9999631278
148.01307404,91.0035337925
147.996938084,91.0251454486
147.502367009,91.0573194534
146.917051486,91.0381653632
146.48630125,91.0220123687
146.216490439,91.1219904609
146.219960271,91.1849905901
146.263909382,91.2255945472
146.375464508,91.2167763397
146.407422343,91.179037816
145.730302243,90.9679869261
145.827224674,90.6926710086
147.639883937,90.4250575689
149.186720156,90.494931763
150.67269407,90.5429856188
152.280682136,90.4210882402
152.839498229,90.4489111691
152.827415309,90.6530320432
152.85599027,90.7617956305
153.107608731,90.9603371431
153.584941734,91.1698461444
154.169534026,91.3386066212
154.81952708,91.3892775424
155.376217798,91.4329636896
156.362306277,91.556841657
158.730380096,92.0024089289
160.673604821,92.2804224742
163.403760523,92.4539080537
165.01034394,92.4745716981
166.302013296,92.3437128435
167.613303577,92.3394894323
168.174625541,92.3281399115
168.639804542,92.361957999
169.116121131,92.1821295465
169.809000325,92.0495158302
170.949628769,92.0785889868
171.672629035,92.2034907721
172.251856672,92.2142953905
172.805028637,92.2279893581
172.995022559,92.2413096298
173.165322108,92.2186022011
173.258917319,92.2339988554
173.332126884,92.2505097331
173.441111702,92.24116562
173.543142338,92.255223581
173.856949415,92.3524687932
174.202004672,92.4619624928
174.744514387,92.41546812
175.520692154,92.2451084601
176.031005118,92.1259446274
176.662087278,91.925316433
176.986898554,91.7499505739
177.331053069,91.5362549002
177.94123801,91.2577295589
178.382562811,91.1367155778
178.989584631,91.1467200456
179.294660887,91.3056107505
179.494356792,91.4122676807
179.802630745,91.2595233896
180.109299701,91.1217332284
180.428737304,90.9524175801
180.680412137,90.8013784588
180.878922395,90.7391355811
181.109696081,90.6745174326
181.272912254,90.627316525
181.525368168,90.4883333746
181.655801706,90.3489985898
181.825826212,90.1353866789
182.025896431,89.8773606375
182.130804372,89.8088877089
182.237223021,89.7773148854
182.465321787,89.6915788342
182.580004245,89.6710736569
182.730995351,89.6818181378
182.788772165,89.6863645339
182.816538475,89.6871150139
182.83795954,89.6940949287
182.841860506,89.6923569928
182.857806636,89.6731024199
182.85870625,89.662299208
182.849980946,89.64073493
182.819361144,89.5912360082
182.806245441,89.5741209298
182.828977134,89.5693635139
182.893469631,89.565297328
182.964974447,89.5426325447
183.097624853,89.5253521899
183.206730826,89.509079383
183.367683925,89.4766939553
183.512442502,89.4382177982
183.679743895,89.4338027885
184.046144415,89.4766934347
184.327325114,89.5204251013
184.834809413,89.6510012995
185.027683676,89.7376400151
185.252084892,89.8329296951
185.58028924,89.9945482882
185.81703482,90.0847356086
186.105870609,90.215899345
186.4862978,90.3169254416
186.696279524,90.4032387856
186.948732452,90.509539134
187.119522342,90.6252100822
187.352167933,90.7896434578
187.529382576,90.9042134986
187.685013594,91.0245727918
187.873373604,91.1288403431
187.997552748,91.1908728083
188.108349064,91.2513624921
188.234986614,91.3313464745
188.315482427,91.3809279271
188.400773741,91.384724877
188.434643899,91.3751249934
188.44992098,91.3644510612
188.442242738,91.3856658467
188.426629087,91.3992964252
188.375607418,91.4316970219
188.324538435,91.4357754884
188.267196022,91.422974443
188.210423521,91.3922567593
188.186054772,91.3673510969
188.193396956,91.3204956537
188.213066343,91.2812827527
188.244958859,91.2488819701
188.299925721,91.1980091727
188.319748856,91.1760519539
188.313739328,91.1402062224
188.294587973,91.1443855528
188.288204173,91.152070184
188.275582021,91.162979483
188.260612922,91.1596479313
188.240222068,91.1759354588
188.234858254,91.1922795002
188.244163436,91.1955807916
188.271351046,91.2003070333
188.301079821,91.1910092184
188.324382634,91.1596364309
188.3375931,91.1432502874
188.355138318,91.1399531016
188.375362101,91.1459086886
188.438726687,91.1425150435
188.78507752,91.0770531532
189.894744712,90.9670789573
190.875618704,90.9185938265
192.549218665,91.0302529255
193.660930453,91.1990504671
194.571548841,91.3436070986
195.646284508,91.3016296339
196.22817818,90.9799713597
197.002093888,90.3215191623
197.523047679,89.8992650169
198.021354122,89.5048794547
198.773451149,89.1137630838
199.246474213,89.0501101752
199.566006172,89.1686631732
199.574861427,89.4003469567
199.384239611,89.8245224082
198.353242247,90.2268682805
197.489055933,90.4695699626
195.95826803,90.7084044127
195.10778444,90.7971818465
194.40330738,90.9046760466
193.655854652,90.9929667206
193.270338966,91.0859692402
192.944355411,91.3251499554
192.701071222,91.4275803519
192.416507491,91.6246103704
192.195775492,91.7917581858
192.128662434,91.8809649557
192.134599118,92.0627024196
192.274564591,92.2688517667
192.493435377,92.4914731419
192.951138756,92.7297542853
193.285536199,92.6653152582
193.782297014,92.451842398
193.914950963,92.4225144762
193.874032664,92.4198549518
193.890053734,92.2746797974
193.879485944,92.2546788656
193.853746633,92.2535754909
193.804827903,92.2247400973
193.724457779,92.2364610942
193.852564356,92.2918773526
194.421595469,92.4351045494
195.077155146,92.5235843676
196.126125679,92.7060947637
196.828435636,92.6798783771
197.705001386,92.6479783309
198.400120586,92.5431648612
199.222289191,92.4909792427
201.142010714,92.4607663854
203.135838188,92.4789789224
207.543295213,92.6357890356
211.1822869,92.8371544172
215.187867205,93.1780716265
221.094633953,93.4196033467
224.79513087,93.4193593121
229.440772247,93.0977648707
232.126067872,92.7925584873
234.441061543,92.2976357274
237.525343186,91.4927472965
239.369217102,90.91744632
241.754930584,90.1158954494
242.879818343,89.6786992079
243.558537108,89.2698343236
243.973695218,88.902184408
243.964811941,88.8836113076
244.140279789,89.0193999621
244.820706393,89.3384128332
245.419177515,89.5608789676
246.019889615,89.8228686925
246.334828683,90.0301734062
246.603369554,90.2758838563
246.930784891,90.3863235434
247.199383916,90.590606956
248.134623032,90.9744760086
249.219952497,91.2911666876
250.664807391,91.8292222843
253.729305513,92.6667009565
256.537307465,93.5149076599
262.362885247,94.7664108398
267.097374915,95.4673129234
271.950992884,96.036757944
278.823216635,96.4246391782
283.327822844,96.4932821212
290.806127984,97.2200802128
296.494928332,97.905050119
302.42369851,98.1252957998
312.082564904,98.4977756329
318.632300254,98.7334005501
328.673155566,98.7942691117
335.086864526,98.7782602168
341.253487915,98.6928382925
350.194055938,98.5446684846
355.912366819,98.4463628999
3.55389386896,98.211676881
7.99609746186,97.8684668803
11.6525946733,97.6157737397
15.8243084973,97.252186406
17.7410212816,97.0297176428
19.8056637626,96.6029835939
20.7735482016,96.3394788584
21.4674264103,95.9997685226
22.2974189795,95.322895733
23.0000761943,94.6583671908
24.2629605724,93.8984356399
26.5757459986,93.0623042711
27.9527963101,92.4710591031
29.5992945732,91.4064632605
30.51255181,90.8575449366
31.3643656459,90.4555087906
32.4359218418,89.952796998
33.0755732777,89.6284766301
34.1841755192,89.3800694197
34.9852333032,89.3874096465
35.8637791508,89.3816129384
37.43661515,89.1787014611
38.5050782007,88.900413903
40.1138527604,88.7269109551
41.1868705397,88.66473419
42.2064803113,88.8098249541
43.8312318977,89.1508416156
44.9434385004,89.4454238319
46.9463023389,89.9166766322
48.7692358159,90.2519240827
50.8612707405,90.6052202347
54.4139295835,90.9997072567
57.0205812062,91.2673493344
59.7869455094,91.533333034
63.8343845338,91.9088244251
66.3981554481,92.1196918917
69.9149365649,92.4430268664
72.0531273777,92.6132963971
75.3293156084,92.9072085529
77.9284179685,93.0822999456
80.7747600156,93.2636089239
84.4613886466,93.0009056323
86.1832635104,92.8187402928
87.2971965638,92.7274767444
88.3010605282,92.7563462931
88.6777829588,92.8255047038
88.8780197041,92.9582745522
89.3775554611,92.8153799564
90.6299534012,92.7061471304
93.5035307828,92.8117789256
96.1236221763,92.9281132666
101.066526376,93.0759925414
104.875442163,93.1821175581
108.827767951,93.2884630019
114.60725733,93.3262022141
118.081673522,93.3073587757
122.58998099,93.4486556269
125.181056822,93.5504832198
127.169841626,93.6543549336
129.203777008,93.645349139
130.032902468,93.4215478856
131.004124335,93.4781523097
131.591496179,93.6137693938
132.158003007,93.8080778865
133.303177933,93.8816279331
134.25196491,93.7701076481
136.062415556,93.3395850499
137.597501405,93.1400573238
139.152211209,93.0493797167
141.916337967,92.9448135092
144.144141456,92.8894838056
148.02165882,92.7920701219
150.927407939,92.6890203295
153.799440853,92.5662526053
158.006152892,92.1210185339
160.467373887,91.8436228892
163.948976575,91.3053996912
166.280037012,91.1127296261
168.734337299,90.9991867245
172.882574942,90.8699609924
176.513772107,90.5456017722
180.655110271,90.4492118284
186.736080394,90.7643057788
190.39367159,90.8746545531
195.215083729,90.6485904584
198.119438592,90.3361758691
200.975532296,90.0110583955
205.545581446,89.6647335088
208.790858881,89.433005683
213.697384053,89.2684205703
217.063450997,89.2082977816
220.429450316,89.1900523322
225.454804667,89.3078663855
228.607646545,89.1615394512
232.946353469,89.0159402335
235.154904245,89.1174213319
236.954761956,89.0503665616
239.303641969,89.0584976948
241.055290745,88.9818075353
244.257172099,88.791121091
246.302985134,88.7283902699
248.220085038,88.6950521967
250.328649756,88.6621556258
251.298804977,88.5882673205
252.214327904,88.5387567347
252.597282547,88.5331188413
252.636528703,88.5749129268
252.783158413,88.6288393821
252.96229796,88.6469621894
253.102896161,88.7348033754
253.060929074,88.7825014175
252.71629021,88.919093346
250.795409952,89.6344633202
247.486005669,90.4129027511
238.636621237,91.5929466174
230.416434672,92.9170090665
220.708986689,94.4063946057
203.944647791,96.7846831683
191.471892043,98.2828738058
178.384217014,99.4543255969
158.451589271,100.165340867
145.715453215,100.279088665
128.872241235,99.7519947339
120.230193586,99.1078676889
114.435802061,98.2666274276
110.746323564,97.9785956537
109.994161892,97.8745791425
108.251486371,97.7969559452
106.233577182,97.6896574823
103.508014428,97.3219481225
98.9087565998,96.9144248378
96.5733889857,96.775250332
95.0407398303,97.080119101
94.7002133203,97.4934129353
94.2580832975,97.5911031915
93.0087472954,97.7576292214
92.145316837,97.689992886
89.8468730332,97.2875728695
87.8640870436,96.8991690334
85.5754180584,96.4951360295
82.0264163535,96.0316453048
80.0919276201,95.6787969587
77.8149561676,95.1435015439
76.7095072102,94.8554870091
75.9647316811,94.5690347915
75.5702235835,94.2029743903
75.7474849917,94.2070412007
76.2376227476,93.7860804543
76.0907166159,93.1998849005
75.2193582746,92.8169627708
72.4719764935,92.1936158052
70.32766619,91.7459476345
68.5733237515,91.539724921
67.1910445562,91.4438791486
67.6489654672,91.2915100819
70.3087116037,90.7770414329
73.4310185041,90.5141394322
76.6825377447,90.4452691878
80.7705325049,90.431780359
82.9595811063,89.7081060521
85.7638755598,88.0531224292
87.4109927984,87.8417895548
88.6834651824,87.8342924123
90.4879118284,87.5039130626
91.3434952441,87.24348697
91.6256173105,86.9422971345
91.241099231,86.8231381035
90.199502365,85.8645251969
88.7593158586,84.6728818502
88.2564919582,84.3950941691
88.7496633859,84.1188594031
89.390394273,84.2303109872
89.5819859733,84.6039527227
88.5289622026,85.0069849506
87.3873706979,84.3589676377
85.7723314939,82.5344101129
85.4980232907,82.6701675085
85.766408954,82.8465940486
86.1921423497,83.052884953
86.8541116049,83.2356129956
88.5699219373,83.631424247
90.2168861813,83.8569214003
92.2808932864,83.6175794491
95.8123098887,82.987774542
98.5094462054,82.8072164406
101.362609057,82.8116752482
105.880275924,83.0044709408
109.04697671,83.2173056466
113.56453775,83.6680686298
116.345396174,83.9508762612
119.003173568,84.2226304709
123.055932797,84.4501400771
126.20527798,84.5875042154
131.300309658,85.0262070281
134.955013188,85.2988032594
138.79283521,85.6814560705
144.47013565,86.6487787153
148.069935629,87.5369644738
152.809545286,88.5484050976
155.220561651,88.7509135827
157.062464601,88.8922356959
158.757484024,88.9238515377
159.403899023,88.9782606087
159.912921197,89.0766340273
160.289097969,88.9854675204
160.845007111,88.7964637049
162.545212921,88.5260163223
164.636918862,88.5982969625
168.977516224,89.0381859667
172.499659974,89.4816171645
176.370202901,89.6523372197
182.462486669,89.8777361742
186.425225475,90.0933255187
191.920503417,90.4281675665
195.1804747,90.4294099943
198.106152749,90.3814981633
202.092042259,90.4610243561
204.33702622,90.6082567432
206.8565228,90.6141699136
207.905032132,90.3238238494
208.282710053,89.9820641656
208.057442486,89.7655790144
207.714815476,89.5754600567
207.43476061,89.4116688754
207.570329529,89.4262367683
208.080722158,89.4177563773
208.932520548,89.0643309662
209.319913734,88.9628922204
209.678755422,88.9869043676
210.211460528,89.5929967567
210.500275232,90.0632131171
210.641274984,90.9202896117
210.387312188,91.4145684788
210.073875797,91.8451345701
209.516911791,91.7907403366
209.331473253,91.4843392496
209.628508309,90.9522375155
210.173503399,90.5799219411
211.021199137,90.1113731849
212.774895883,89.5475463365
214.054828926,89.2674333179
214.947143838,89.1823752728
215.843492353,88.8864908371
216.241201193,88.8769508614
216.841755409,89.0172920153
217.431130236,89.1328537885
219.163127253,89.2755828758
220.773626537,89.3359469874
222.762840078,89.271938378
225.826796738,88.9325917891
227.782025997,88.4255547484
229.892333955,87.9961762453
235.109278208,88.217582699
239.796895008,88.7771546794
247.36294345,89.4088261549
252.151847019,89.8621357724
256.02085795,90.1973308466
261.176734745,91.2409172607
264.208782671,91.9664046177
269.036251184,92.0168246219
272.777606009,91.96669246
276.072927334,92.1356873634
280.488693326,92.1296284683
282.997157727,91.8429592581
285.459599797,91.623696546
286.318553434,91.4559853677
286.573667136,91.2058295724
286.938251694,90.4963667752
287.088775775,90.3025897173
287.102063654,90.2696982645
287.162090234,90.1245634032
287.147131803,90.0446235355
287.137703042,89.9344488194
287.177212179,89.8955853214
286.265760442,89.8525150541
284.06084515,89.6975996112
281.08786239,89.7322550446
276.428740213,89.3282077078
274.225064168,88.9840974916
271.878618211,88.5555413428
270.848771347,88.2498986383
270.430905371,87.9423714024
270.41168247,87.6887725396
270.433092142,87.6819724523
270.858119113,87.384357043
271.895969933,87.2226778482
273.529334572,87.2110174456
277.099699873,87.3892577636
279.35259723,87.5495811435
281.897223288,87.8756074324
283.073401241,88.0029217759
283.966413165,88.0974148705
284.906928804,88.135968856
285.453240659,88.1158838702
285.993716957,88.1122220291
286.878035242,88.1627974812
287.644133035,88.2239405801
289.027749238,88.3545780271
289.95994638,88.4897818901
290.866027906,88.5856513038
292.1596635,88.6637704015
292.85254407,88.785370656
293.844195497,88.83429432
294.40545806,88.8908134276
294.953461884,88.9624903452
295.713588609,89.0841171874
296.143244353,89.132816848
296.809251504,89.1170407935
297.206240827,89.1516423504
297.574212818,89.1786230289
297.977231007,89.2053827193
298.243699463,89.2346485896
298.687091514,89.2374988084
299.062423959,89.2252405636
299.514692375,89.1894920254
300.478872328,89.0154193139
301.362405299,88.9405408566
302.859595438,88.7348936681
303.79836731,88.6133655437
304.758261444,88.4309046987
306.080789212,88.1321016224
306.958334122,87.9383768311
307.860711435,87.7563593668
309.170791199,87.5782413207
310.012492271,87.4571713965
311.211962938,87.1960406002
312.116638522,86.9965476388
312.99181814,86.8533893797
314.195665976,86.6053168718
314.851015034,86.4779457539
315.592703948,86.3745097479
315.946674355,86.3699410809
316.030635928,86.345908034
316.1458494,86.3690798919
316.291587909,86.350791521
316.448784246,86.3010360574
316.569040786,86.2756433826
316.65606886,86.2683879657
316.777240362,86.2598040366
316.774016174,86.29075165
316.009322145,86.5925119246
315.180597493,86.7491747386
314.222525446,86.8850564715
312.774400324,87.1159076936
311.916233308,87.2089072342
310.729449599,87.1649291262
310.184331786,87.0306258946
309.706449187,86.9047254653
309.126238737,86.7471283942
308.730801547,86.7217620685
307.931011507,86.7012695902
307.267644528,86.6719159908
306.527079626,86.6710133292
305.554821529,86.7017417734
304.950144679,86.8634126569
304.050693372,87.2504410483
303.422376851,87.5333452872
302.78091828,87.8125380702
301.844306818,88.0605097359
301.284955837,88.1142394326
300.493241068,88.2239138411
299.742976752,88.3172317137
298.816649026,88.3713742875
297.240944769,88.5837152307
296.143903,88.8001149183
295.052229596,88.9836596819
293.472149114,89.2575399798
292.368202269,89.4937084802
290.644884646,89.866137082
289.431060298,90.1197451896
288.316653639,90.2953806424
287.048970389,90.3473988821
286.481405519,90.2721369468
286.129954417,90.1584711001
286.215566678,90.1214922071
286.212422689,90.086804198
286.313659453,90.0586709779
286.448854886,90.055984335
286.840731816,90.0368915919
287.484366331,89.9972055107
288.185836321,90.0909337883
289.4035362,90.3818140671
290.132795297,90.546086487
290.860665009,90.6846748364
291.258844337,90.6736142344
291.500123504,90.6904615699
291.570479762,90.6114055206
291.607266885,90.4964995597
291.676928902,90.2439644074
291.536833972,90.1057218794
291.068721298,89.845312246
290.032282949,89.6959608213
289.207669665,89.495278456
287.78635836,89.2421666377
286.54171101,89.2895341362
285.086453678,89.3061197918
282.766925998,89.1930217043
280.94551551,89.3024032322
278.894434929,89.4856149962
275.4774282,89.4397395369
272.715868302,89.2607897965
267.452233216,89.5015792874
263.168144507,89.5724679698
258.681663384,89.4444004236
251.853597488,89.1233281345
247.662518932,88.9951738554
242.48516909,88.9338623694
240.295699588,89.0553055709
239.533842284,89.2371971073
240.668735157,89.6537731174
242.634913156,89.9939904918
246.227965581,90.2693323125
248.396973794,90.2916179574
250.345872145,90.521219437
253.593157276,91.1149122649
256.675686633,91.5240856892
262.578488015,92.1022714676
266.461973772,92.381148472
269.908765106,92.1577080426
273.642111762,91.6839233924
275.549163519,91.3410450702
277.866639382,90.830960918
279.407673321,90.4578992865
281.410638875,90.1551974534
285.405004342,90.034965312
288.919752457,90.1090352394
294.700194341,90.1901386336
298.831531871,90.2816212222
302.600216896,90.037768151
307.815149853,89.5948158987
310.600295728,89.0567076138
314.192804544,88.2881602511
316.14437076,87.7453617244
317.695316548,87.2945399727
319.377924577,86.9031382614
320.132127448,86.9186187114
320.626207559,87.064316449
321.020900612,87.4142787103
321.18725579,87.5600862814
321.305695837,87.7067243865
321.443745544,87.7863997491
321.172214432,87.8953587773
318.278439138,87.9985534472
314.960774032,88.3628332381
308.289083543,89.3129962144
303.386898151,89.9726272955
298.510750372,90.7320347046
291.681536607,91.6726973678
287.634689877,91.637626769
282.45907911,91.805030841
280.616054865,91.9938449088
279.581473322,92.3735067788
278.885637431,92.7481475788
278.425723975,92.9779137175
277.448014419,92.9439361977
276.687411418,92.8642124573
275.855714953,92.7515827242
274.591422152,92.3973150654
274.034700971,92.0766986453
273.118438071,91.5287646725
272.628066492,91.3056821369
272.13962606,91.2559981516
271.907207558,91.2112647398
271.651039854,91.080830954
271.434937032,91.0278126634
271.390955174,90.9411271706
271.548697372,90.8431514996
272.073861937,90.6409129639
272.600947663,90.5908859783
273.013518525,90.4546392355
273.584104723,90.0026085416
273.954776755,89.5438464156
274.751255994,89.002331269
275.12180872,88.7560489238
275.373497518,88.5819382935
275.680183847,88.4295904569
275.738764747,88.4625852985
275.849326314,88.4302219777
275.946127778,88.4142929787
276.109584636,88.3991909444
276.45400332,88.4294160999
276.75792118,88.4300423052
277.479787329,88.4628274523
278.026831676,88.518878712
278.73122369,88.5814115013
279.993846898,88.5457554275
280.947289231,88.4288588861
283.03842463,88.0945337962
284.995755979,87.724359576
287.270783776,87.3627231304
289.911741865,86.7294797517
290.950058136,86.3753678293
291.866238723,85.7884120574
292.414054407,85.4314666387
292.809970877,85.0361780139
293.023820064,84.5551993141
293.020466748,84.3866115501
292.875960713,84.0950689726
292.590637067,83.8218533908
292.245670956,83.6408052669
291.518793886,83.3484220754
290.980213078,83.1347601538
290.310030756,82.9628901505
289.165367881,82.6575810616
288.308178301,82.4866181988
287.16003971,82.2798244151
286.452205247,82.1077726898
285.802608079,82.0788670079
285.149245721,82.1261192895
284.595239413,82.1287956535
283.610639998,82.0961481874
282.649057487,82.0905098868
281.675589624,82.0882264015
280.414264826,82.2183189885
279.856085687,82.3945328912
279.796426134,82.7576574231
280.664671609,82.9469504518
281.936246502,83.075437546
283.981093788,83.0935325619
285.048803652,83.0339359437
286.336233698,82.9282787222
286.982369903,82.9005434312
287.543684573,82.8709445326
288.513175769,82.9015499522
289.313520832,82.9379292484
290.774860041,83.114716866
291.627278018,83.1452562946
292.233613689,83.1451172811
292.957873372,82.9392718073
293.285945422,82.797026569
293.844928997,82.6690122166
294.462641249,82.7387663665
295.224283362,82.8647869994
296.719378931,83.2187423081
297.913016722,83.56926821
299.482043358,83.8017865923
300.239949717,83.8718340638
300.806701416,83.9701227249
301.509233005,84.0267133835
301.66826555,84.10667965
301.744431291,84.1698360877
301.688094993,84.3093076312
301.500991166,84.429769665
300.848611897,84.6300694687
300.42354128,84.7135928831
299.967272455,84.8641915144
299.187649238,85.1150814096
298.664660494,85.2959430513
297.853530775,85.5733510369
297.224157336,85.8341615691
296.612489642,86.1259970364
295.869239739,86.4205711973
295.484493484,86.5635797758
295.18506664,86.6567818374
295.104032278,86.6849545319
295.018136841,86.7501451438
294.956810643,86.8516100439
294.93763647,86.9471637207
294.932526035,87.0254946421
294.865763085,87.1557768885
294.801368807,87.2367018846
294.688724475,87.2954771658
294.658886591,87.3152591686
294.828649601,87.3155925146
295.802054895,87.2363613694
297.325049571,87.3769971271
300.557748742,87.4339545583
303.231217969,87.4844927588
307.388896676,87.5383716327
309.830189216,87.5088071217
311.947397752,87.4939385598
314.220856847,87.3417739838
315.391894623,87.2631101059
316.659290048,87.1625455013
317.262539175,87.125802358
317.745031726,87.0013604693
318.2854666,86.9203121941
318.329607854,86.881987515
318.338660251,86.8584304202
318.166607025,86.7665005357
317.608810886,86.7175224959
316.877893206,86.7147005921
316.372966548,86.776671169
315.9175314,86.7923213506
315.463262866,86.7898974062
315.365759456,86.7826748537
315.327136991,86.8009131272
315.437748989,86.798546189
315.938509565,86.8074610693
316.912485683,87.0261729179
317.405202092,87.2546781459
317.302329656,87.339235157
317.148509366,87.410570005
316.917535692,87.5074736686
316.754318515,87.5762847647
316.757947055,87.6143727812
316.854315801,87.6947305434
316.967823136,87.7609276291
317.076857892,87.8215914639
317.137274409,87.8530410568
316.994889585,87.8730091456
315.676907334,88.0097208153
314.248203007,88.1756147874
312.456325863,88.3651198914
309.664730981,88.9502211895
307.89576569,89.4965203339
305.495162565,89.8927956218
304.117415523,89.9962812277
302.894136602,90.0941077276
301.357696214,90.1724033054
300.477852684,90.1856960794
299.633789394,90.2637715214
298.464422817,90.5733341055
297.699734882,90.9183531558
296.538878359,91.3917188586
295.4106337,91.4619439262
293.634163603,91.5117349415
290.191907052,91.7370508615
287.434667354,91.9518816171
283.251228133,92.3193502777
280.47588838,92.6216299725
277.896919066,92.9178108601
274.693758754,93.29618965
272.98557009,93.5467321371
271.010417169,93.7425370852
269.988403652,93.860751996
269.095458116,93.8816408072
267.707260517,93.996562065
266.756342569,94.050613084
265.433108261,93.9796040675
264.734369203,93.8854004449
264.214839866,93.6984685076
263.650696352,93.6770975748
263.283704086,93.8336044827
262.62835237,94.1689201327
262.224121571,94.3396146759
261.761670021,94.2581504922
261.030447568,94.1153462886
260.504910225,94.0570759135
259.726428949,94.0003307501
258.804538436,93.7474078904
257.284645359,93.4331483303
253.682805179,92.5528475785
250.165332323,91.4995138536
246.471873782,90.2877208985
241.459243416,88.1491422604
238.979236323,86.748653512
236.866859404,84.6682408235
236.267331508,83.1032547027
236.085976401,81.647117159
236.069433755,79.9881178327
236.134353268,78.9513599012
236.21929908,77.893067812
236.270886938,77.3516070785
236.604086343,76.5115815999
237.335510501,75.0232328118
237.981467823,74.1625451881
239.061056644,73.1798293605
239.998318968,72.4012083507
241.392911631,71.335252572
243.360048191,69.7695591177
244.476637159,69.0496155141
245.981819263,68.0399379388
247.246592876,67.3949338926
248.806625091,66.9381261753
252.442929316,66.3670201537
255.223158087,66.1092222056
259.450540201,65.9072170096
262.386011265,65.5530344704
265.179234326,65.3681811995
269.545622019,65.3961828698
272.787034215,65.6136161601
278.675072984,66.2737282485
282.770762799,67.3040260962
287.104390521,68.6235940603
293.575336288,70.7900908814
297.306789484,72.1588689718
302.71543953,74.7396745203
305.891112685,76.9677334823
308.522480807,79.7656898274
312.160424564,84.4591585081
314.578766709,87.8118432453
316.646020206,91.5856341957
319.228607582,96.8752051037
321.022840131,99.787694107
323.621475771,103.796469051
325.662413341,105.810806091
327.804342397,107.283891326
330.989428525,108.542749344
333.114011748,108.562534614
336.19131464,108.33052407
338.027286081,108.030867752
339.47636946,107.638519554
341.061925425,107.003007386
341.346989695,106.892784684
341.886658653,106.170315373
342.538227455,105.723180906
343.673119624,104.897356148
346.088943869,103.543679148
348.035466038,102.702616922
350.691891714,101.158301275
352.069955074,99.8460992189
352.967266906,98.3446453465
353.558254432,96.380554691
353.694912516,95.425519769
353.640654544,94.549183734
353.727084226,93.9141363117
353.680609238,93.8663300377
353.819641301,93.4389407165
353.94074252,93.2813844068
354.215756058,92.8006753821
354.706398126,92.2835175125
355.631345688,91.6549086148
358.503678859,90.3986921373
1.78880642057,88.9754605926
6.22121651062,87.5190700811
12.3728683372,86.7635363684
14.9932713596,86.8127274564
16.4341705751,86.781562254
16.3941500701,86.7836166953
16.1686103706,86.7439131486
15.7673680347,86.6008054602
15.3917017057,86.597192682
14.8221418855,86.7261384407
14.7405929389,86.8894542693
14.6705855762,87.0077662608
14.4549611686,87.0112389831
14.4247802535,86.789102102
14.5038168397,86.4850252009
14.6976535153,86.5197952884
14.9052854871,86.7744645503
15.0220130494,87.283053892
15.0925499695,87.5560343617
15.2682613659,88.0025321468
15.5693926719,88.3263767945
16.0500264709,88.5882060046
16.9892301382,88.7850046777
17.5273257977,88.8684546431
18.2404142654,88.9839525192
18.8015571741,89.2177727922
19.4242797559,89.5628424416
20.6666398015,89.8292478754
21.7082941569,90.0976332347
23.2204941673,90.2530875748
23.922677688,90.3420834842
24.4973741482,90.3286478985
25.4211347775,90.2914539444
26.0859341714,90.3633062009
27.1083130332,90.4693382369
27.7334513397,90.6594485411
28.2354133386,90.7771772046
28.8006355251,90.6318608443
29.0471933522,90.1796837921
29.1715662674,89.6890837031
29.1546301025,88.7628338597
29.3181213897,88.2075480521
30.4102302774,87.9538485191
31.4357804811,87.9774431227
32.667324819,87.9491955636
34.4086270974,88.0793162825
35.2337219752,88.3375682003
35.9057888111,88.4845077767
36.0674455854,88.369496893
36.3200988991,88.2580810711
36.922251227,88.2386130757
37.3909473352,88.2803714215
38.3379547633,88.4494719063
38.793575157,88.6691007344
38.6766905029,89.0559459339
36.2841032061,89.7680491996
34.3121068993,89.4272601266
30.7624548535,88.7286833085
29.3647431506,88.0842514059
28.6011836127,87.8983133217
28.5810406008,87.6201532004
28.8097966183,87.6246592512
29.0288546136,87.5021139101
29.0678411761,87.5022214682
29.1021035767,87.5034792829
29.0840691537,87.4403303963
29.0605794506,87.3433933616
29.0623843358,87.2765112857
29.0441672499,87.2619600452
28.9814126917,87.2945340692
28.8860821025,87.3288343796
28.8098001162,87.3649030896
28.6973181128,87.4143468998
28.3921211063,87.4840688611
28.0429735822,87.4717730701
27.5616063451,87.3837894527
27.2155590807,87.3232267611
26.8820758137,87.2412122775
26.390683911,87.1650697314
25.9745576293,87.0648190114
25.2886568987,87.0269731786
24.7412092438,87.0185508829
24.1867735843,87.0795269688
23.0583814733,87.263325316
21.7001389782,87.5762377218
18.5923240981,88.0750704794
15.7709742804,88.4409555127
12.1984204337,88.9702427407
4.52134260052,89.6520478402
357.840583539,89.4081170464
346.226709251,89.0296042334
337.536301668,89.4467374387
326.934086951,89.9606176248
307.660203024,91.1664338424
294.202330669,91.9021250114
282.010837693,92.4966480713
266.318840819,93.4754942237
258.146643806,93.9104617063
249.494591377,93.8067485509
246.21063343,93.9041005926
244.394637815,94.2386305455
244.259703834,94.1360630253
244.398720441,93.6899721837
244.020561639,93.1111615506
243.767630882,92.7033914267
243.685589058,92.2246409295
243.833020232,91.6467900777
244.003813858,91.3346235757
244.800351688,90.7717781205
245.264633518,90.3766810183
245.842561437,90.0052089821
246.666186338,89.6036586174
247.109059504,89.4776944944
247.716984296,89.476680116
248.061018549,89.6364955923
248.390311063,89.7101831437
248.686544963,89.7020032522
248.894036725,89.4475671168
248.773703803,88.9570589652
248.009966992,88.4595642909
247.214217639,88.2084285487
246.467372905,88.2774264754
246.574469421,88.5462557567
247.988538351,89.1057123502
249.517400735,89.3188054082
250.827684954,89.3349120878
251.681886431,89.0901323926
251.478976395,89.0252442731
251.967677237,89.1774539581
253.251683391,89.5308647562
255.290573902,89.8424573887
258.308368484,89.954264756
259.722979012,89.9625502456
261.198663074,89.8016411061
262.057838075,89.6214089444
262.958395774,89.5879020012
264.349992489,89.5585549685
265.382116629,89.5815740131
266.421878974,89.6176514942
268.137037317,89.732863341
269.410631068,89.8168668217
271.460385493,90.0979204263
272.96934134,90.3335402748
274.769892223,90.6026857606
278.407201587,91.0475026155
282.303387314,91.2550164002
290.377417418,91.9696894126
296.137735737,92.4245584407
302.476386682,92.6882431334
312.431460985,92.7849281149
319.650806689,92.861170174
330.66606918,92.7347082582
337.652015181,92.4019430994
344.779710177,92.3212751202
354.74842729,92.7326684943
359.653009971,93.3184434655
5.00631298077,93.4711763477
7.64907278425,93.169274741
9.62100944208,93.0332546296
12.3655769983,92.5992491856
15.0246139386,92.0296670106
19.3257088761,91.9489020804
22.0970781742,92.1031869486
24.6155901638,92.0189475988
27.9538562774,91.67851158
29.6561379624,91.4668299367
31.9930357416,91.0984151672
33.2934832425,91.2005401998
34.8330158527,91.023128178
37.8555362946,90.5889409116
39.930455903,90.3213138305
41.6917139633,90.1363732765
43.6726163656,89.9607160315
44.6567896699,89.9131425203
45.963882392,89.9442154543
47.0301525092,89.8325240043
48.5726175924,89.6038048031
51.5857967361,89.3966175426
53.8828515981,89.2720975067
57.3248897534,89.1276905116
59.2814868855,89.0868815384
60.9350731774,89.0123003825
62.9264407902,88.9838293453
64.1319084735,88.9304275527
66.3570988486,88.575253624
68.4148813283,88.2669505829
70.6375773769,88.1033307873
73.7518673058,88.0120591547
75.3933014482,88.0307526777
77.2447698604,88.1177456566
78.1935930822,88.1938730591
79.0629155228,88.2611455831
80.4798820002,88.8587758599
81.0849619762,90.0336109903
81.0386076291,93.5724705091
80.031829162,97.0979255623
78.550279169,100.992861778
76.5529303685,107.028096293
75.3848442777,111.530383015
74.463789479,116.214038129
73.6396983561,118.002476043
73.4750068197,117.8863491
72.7535932346,117.419117836
71.707457044,117.553674479
70.1515971557,116.906603862
68.8251147849,116.440540355
66.9489455256,115.350231954
63.8218064246,112.912961504
61.5709623329,111.834053246
59.2609184999,111.075423834
56.2746554117,110.086421071
54.7710680657,109.347616946
52.9864482036,108.248413402
52.2815736531,107.342576039
51.9381870598,106.270339507
51.57643707,104.668698524
51.4093516048,103.509130371
51.2302776618,101.649797932
51.1927612311,100.093073973
51.1948409831,98.622642664
51.5459697499,96.4521599874
51.7264416974,95.7179430781
51.8488270403,94.9170424684
51.8199950133,94.5279401974
51.6247330067,94.3611962996
51.3406836066,94.0317578575
51.3418529774,93.7098977625
51.2780869677,93.4304747087
51.0813458447,93.2708848882
50.6978504571,93.1489006411
50.0779787929,92.8359230896
49.5006001878,92.709886067
48.3214670336,92.3967231772
47.4161259134,92.3225048415
46.2048922012,92.7201205821
42.7996262514,93.8368331112
38.762503379,95.0131644279
30.3876050661,97.004367014
24.1398071423,97.8733558827
18.2451202927,98.570366987
10.4405554403,99.2788674983
6.03942081469,99.8695561655
359.518128469,100.420816462
355.370567043,100.442368562
352.12584276,99.9881830204
349.033177803,99.1299925679
347.917909521,98.8964336209
347.130509368,98.9953771563
345.806199197,99.1795538894
344.39492128,99.3911056789
341.939919521,99.4733803754
340.40949824,99.5524972477
338.75489932,99.7412127483
336.190668141,100.112551961
334.216966311,100.100775153
330.86802825,99.971604605
328.522476368,99.7842289647
326.182256146,99.6162589923
322.905339947,98.7104872552
320.317335298,98.0119098089
314.852286423,97.2195412114
311.562232239,96.2017112551
309.425075286,94.8795791369
306.293049454,93.6075029058
304.673869375,92.7668417658
302.81412081,91.6693143641
301.879645461,90.6626664301
300.971515118,89.6354212632
300.223198265,88.2186609334
299.987937496,88.1500763707
300.524049861,88.1970935459
301.127007015,88.1084628636
301.394541822,87.8211644965
301.199012505,87.6303436401
301.022071797,87.1257541907
300.519488241,86.1159753157
299.806926099,85.6625603485
298.56329993,85.23605508
296.393450699,84.8167915308
295.050243274,84.7846798129
293.747846042,84.7244399225
292.191706127,84.1360925566
291.166086891,83.838398108
289.880715739,83.655376251
289.034026149,83.6329485493
288.212503534,83.636648631
287.20083904,83.6798761471
286.511395461,83.9136881094
285.47067477,84.2703626845
284.136512028,84.2736538953
282.446776568,84.5013635411
279.590091315,84.4382416619
277.887332877,84.4335671777
276.000062254,84.2919470622
274.724754929,84.354643699
273.677177337,84.3226735389
272.446379728,84.1799446627
271.672047193,84.2040688238
270.686171927,84.4794104892
269.796695323,84.5423652095
268.794666784,84.611255042
266.999276765,84.7098350025
265.666409859,84.6906115144
264.018198646,84.6956681646
263.330701814,84.7371271699
262.857731101,84.7232459315
262.568808904,84.5873703555
262.564986687,84.5389319681
262.443205412,84.5037716028
262.435016078,84.5091922563
262.458201315,84.5036796005
262.580306007,84.4861052933
262.70908821,84.4321806747
262.931245312,84.3670682442
263.144700958,84.387797953
263.519021659,84.4601999662
264.422330382,84.6104778501
265.127017439,84.8827690152
265.846342934,85.0590937801
266.863801208,85.1487672372
267.446107927,85.1760572011
268.218497707,85.0039378458
268.668233044,84.9316306642
269.061024593,84.9659076383
269.722117001,84.81038935
270.129548375,84.8307695925
270.733177883,84.8402329563
271.17276838,84.811192989
271.662787293,84.8354436621
272.497192886,84.7487304451
273.087725772,84.5943070758
273.970013809,84.1875120872
274.467091909,84.0666123711
274.934268854,84.0638854248
275.320114883,84.0089426456
275.397582389,83.9045574123
275.474305907,83.7233729693
275.476608727,83.6203938574
275.47792287,83.535956159
275.506203365,83.4149721813
275.506351621,83.3524566895
275.493146878,83.3020908721
275.502167073,83.2888547238
275.499811537,83.2746685059
275.518270787,83.1538384927
275.502165045,83.0939943845
275.445530214,83.0559568748
275.405630982,83.0463320128
275.37204895,83.0410786283
275.363205201,83.0400542988
275.369553669,83.0251337083
275.372958371,83.0333218576
275.365001526,83.1023121847
275.404161855,83.1878538147
275.471142427,83.2937917712
275.534336257,83.3132896713
275.578483281,83.3055967529
275.64834746,83.3010195431
275.696638455,83.3052241943
275.720926672,83.3335362747
275.729865984,83.3760094659
275.741076557,83.4791166411
275.745533856,83.5292782513
275.746678231,83.6023580374
275.744191536,83.6891662399
275.789199879,83.7465153616
275.869462768,83.7595637384
276.042507983,83.7180729146
276.125627899,83.6782759807
276.198302409,83.6445273254
276.239318974,83.6207138811
276.279164277,83.6042087424
276.348158431,83.5832150694
276.412462143,83.5521033852
276.536893422,83.5053820016
276.659894252,83.4935887862
276.784684831,83.4518258004
277.032512747,83.3313031851
277.224252682,83.2514719638
277.588325231,83.1394174987
277.758087465,83.165485563
277.982635517,83.138046697
278.636493206,83.0623802885
279.293053048,83.0821131844
280.782471307,83.171781862
281.880474004,83.2373064978
283.060953227,83.3261346164
284.612199388,83.6206814825
285.52941494,83.669996968
286.281697575,83.6908399604
287.278132294,83.7152723297
287.807817532,83.8200754629
288.649914167,84.0923820398
289.147076753,84.1370085351
289.60075923,84.1672219178
290.62769077,84.4719235582
291.610994847,84.842484592
293.291697342,85.4730116585
294.118861919,85.8429792798
294.803483484,86.1325586071
295.758241531,86.3034650764
296.392232388,86.223161289
297.193990242,85.8992687893
297.566417774,85.7938051746
297.801252011,85.7499405397
297.994110867,85.6330119622
298.000079559,85.6485866894
297.907420579,85.6377599409
297.639516321,85.6951113695
297.309245656,85.8108235495
296.750610764,86.0520511425
296.321685672,86.1477218692
295.655364435,86.1164556453
295.243022409,86.0363458417
294.908963527,85.9400978958
294.618587711,85.851323793
294.428528675,85.8262860693
294.087280096,85.8650477483
293.722844359,85.9026106322
293.49432854,85.9412957631
293.269542427,85.9382799949
293.148056424,85.9655425453
293.029742765,86.037698381
292.98194025,86.087541289
292.951125637,86.117015853
292.895695488,86.1749556678
292.89841084,86.2072309024
292.945905978,86.2591555383
293.063517792,86.3635002032
293.371344022,86.4863548909
294.125235707,86.6513647192
294.653558725,86.7556973325
295.185666629,86.8260441554
295.917542494,86.8959210109
296.520184233,86.9232031468
297.951317847,86.9429109963
299.664412296,86.9557581756
