179.002162609,75.7561109647
178.980379188,75.7400734958
178.954812338,75.7927065536
178.915309916,75.8051805241
178.782579804,75.8838996654
178.637284418,76.0248353896
178.438952055,76.2180220122
178.254264987,76.6663719825
178.076415682,76.9626375518
177.933099073,77.3430053032
177.701700256,78.1396874917
177.558113296,79.0163432861
177.010303966,80.6928016288
176.317746012,82.1970922785
175.494051659,83.6377999316
174.109332485,85.4431082062
172.898738189,86.8572494637
171.010436558,89.0444938199
170.033324358,90.4951105691
169.433916219,91.398966158
169.145379342,92.643939879
169.247138408,93.2797201789
169.670267118,94.2921894496
169.919619904,94.9964932666
170.193772108,95.7157881568
170.535146083,96.4269684695
170.73382822,96.7318908138
170.889895064,96.6294216505
171.045524315,96.6339389851
171.201217989,96.6682627669
171.369860368,96.7118211454
171.410580416,96.7192284901
171.403633645,96.7420994149
171.376853507,96.7488974651
171.357638557,96.7454531002
171.441447401,96.7716039356
171.569381423,96.7891397932
171.822017397,96.8216802765
172.04085406,96.8349214046
172.257269458,96.835806153
172.635975666,96.7607329533
172.879099584,96.6688005129
173.124880204,96.4626429198
173.333142283,96.1433561129
173.387801854,95.8946268487
173.444451335,95.5708488333
173.509142077,95.2136826732
173.621024777,95.1000369716
174.164787209,95.024742844
174.533499802,94.8141312451
174.862208123,94.6180191454
175.009407375,94.5181626243
175.096832285,94.395159901
175.172708079,94.3492335816
175.190006748,94.3265950613
175.285194051,94.1737452441
175.450674443,93.9830311466
175.609254834,93.9536514769
175.969567479,93.9128401293
176.127095269,93.8423400674
176.308725678,93.8359598012
176.439547469,93.8788947163
176.568615514,94.0329227853
176.740871109,94.3497273398
176.848228911,94.6916733606
176.819960091,95.4282350897
176.586651021,96.0119927805
176.398601234,96.6244706522
175.908578216,97.4688395149
175.339155342,97.929009332
174.115481233,98.6876236178
173.074752274,99.0757824224
171.890285704,99.4011428376
170.093698812,99.9198239692
168.938032807,100.210642721
167.368040418,100.373593454
166.427784603,100.569681182
165.677207506,100.74789229
164.781510934,100.893852191
164.174127473,100.779954088
163.478298326,100.485854166
162.444457598,99.7852396138
162.019014823,99.217776653
161.636286473,98.7978670268
161.607249601,98.7379241525
161.664025386,98.6533779243
161.753992328,98.3959022793
161.886778487,98.2177551907
162.124181672,97.8483101802
162.277795583,97.6867160531
162.422607357,97.6750181393
162.622306642,98.0825924419
162.729478501,98.9384202072
162.959204399,100.1430372
163.282013956,100.915608967
163.785812749,101.691129068
164.741867822,102.603576157
165.540699135,103.04834989
167.19845745,103.801475486
168.617377184,104.259610371
170.322294299,104.436431027
173.428792608,104.152477493
176.072690018,103.571168072
181.935212923,102.417759993
187.543452301,101.424032171
193.392800476,100.247229851
203.047194062,98.4771307984
209.683075664,97.5352055537
219.753219348,96.0867781399
226.34244163,95.0930692604
232.579222436,94.1205455294
241.423121005,92.9035684741
246.600852049,92.2728315928
253.524992524,91.1581865918
257.711561573,90.1789624482
261.759439719,89.0982059432
267.650572497,87.2143784309
271.334215831,85.7034708251
274.560457877,83.9055815641
278.992173854,80.7324538325
281.965283826,78.3326447265
286.699448424,74.6304044841
290.044945946,72.0601466622
293.573524555,69.5335241549
298.968154998,66.0545510574
302.430911695,64.2822571671
307.265709711,62.2894580944
310.169924701,61.444524296
312.725198408,60.6494555409
316.253908159,59.3370479815
318.57751399,58.4616457571
321.857637399,57.6139932785
323.887976151,57.3631914018
325.765477365,57.0873331388
328.238820753,56.1589168594
329.681832016,55.3682665803
331.184688139,54.1072185182
331.887409772,53.2054732307
332.504425288,52.4516133461
333.943217851,51.3956546755
335.641476224,50.5975401713
338.920761223,49.2067985777
341.264922714,47.75002954
343.334615639,46.0144238663
345.949043171,44.0255776588
347.486233532,43.1000235817
349.710509738,42.5719042644
350.913260472,42.3958890891
351.882816631,41.9596891203
352.933648214,40.7518282061
353.145640848,39.6625624483
352.926801614,38.1698219104
352.8911888,37.3352090592
352.795898168,36.5492524203
352.639182079,35.8938032952
352.342030113,35.5035749746
352.07676422,34.9350427119
351.506510633,33.796234963
350.881661489,32.9019124343
349.69260938,31.9895905885
348.840009879,31.4238998188
348.101123358,30.6304488413
347.105164554,29.4808608878
346.232005857,28.6816592281
344.199625042,27.2010577192
342.314344904,26.7437951006
340.57344206,27.2920208866
338.40537745,28.0207592812
337.563484311,28.3432852019
337.036198992,28.9056434256
337.229718812,29.6842584843
337.499758994,30.7618493176
337.99969029,32.9374623047
338.263911416,34.5768917811
338.501556037,36.9254005957
338.455447272,38.3690239154
338.122044678,40.0770103836
337.503127773,43.0104770535
337.386059061,44.7236426426
337.352635558,46.5367048971
337.501912781,47.6412898386
337.571056597,48.7763406893
337.07055478,50.8671537455
336.420849992,52.1216161992
334.991461533,53.8523720961
333.806550046,54.9020762534
332.529819861,55.9042202769
330.459952386,57.3574854235
329.189942404,58.2395867129
328.011844972,59.0413853209
326.648623422,60.1690756424
326.028968818,60.7492398608
325.450812134,61.2141680441
325.318462337,61.3907849652
325.423684106,61.3250407534
325.747521697,61.6410110147
326.209197461,61.7867503234
327.153452994,62.0812915645
327.905809452,62.2936900239
328.803958392,62.6011798858
330.393704296,63.0048486468
331.515624446,63.037523125
333.134633775,63.2178469625
334.268436341,63.4245976993
335.81172216,63.6883926409
339.281820556,63.9301205846
342.60739582,64.0372173785
349.38788771,64.2299522005
355.101819408,64.2355858043
0.320324910237,64.0461292628
7.22555311129,63.7326532943
11.0836099853,63.9153378577
15.4639968311,64.3300687126
17.5574461243,64.6150506325
18.8516579605,64.6779346271
19.9876484355,64.6193660456
20.3453029005,64.5000450647
20.3769737288,64.4137363403
20.4847028457,64.4145137149
20.7126792631,64.4447047093
21.0523247622,64.4764055164
21.1570321633,64.520516192
21.206977893,64.5616288778
20.9465779378,64.6419128832
20.3212183016,64.69490803
19.3029810842,64.8516228642
18.3880544856,65.0432888473
17.3622392132,65.208467147
15.733028663,65.3133632533
14.5068425674,65.2875714879
12.4624629818,65.2257842658
10.958733894,65.2550367331
9.67728369629,65.1889468221
7.82545610828,64.9672946614
6.6559603735,64.8548494077
4.9912221634,64.7563889277
3.86551173039,64.7314223512
2.59539491979,64.7641078066
0.16774653931,64.9310631439
357.843554408,65.1527848495
352.884492899,65.3391349858
348.842736474,65.4199499304
344.673226076,65.5574436039
338.655285325,65.5584590577
334.982697325,65.6171917622
331.66070076,65.6212987912
327.478227173,65.5617140953
325.273696649,65.547907155
322.400370999,65.6390816869
320.60047775,65.6067812902
318.023331583,65.3513972434
316.443189642,65.2230340277
314.893727976,65.1267031398
312.69992298,64.8131665998
311.364585745,64.5728051905
309.792303024,64.1245982227
309.093283355,63.6249837743
308.610854789,63.2787149562
308.388320322,63.0854888367
308.449225321,63.1159560753
308.44009332,63.1124085285
308.483425668,63.192704887
308.487437238,63.2095666603
308.564658563,63.067340466
308.686930843,62.8744631308
308.865682669,62.6854138465
309.028888921,62.5637995619
309.025841622,62.5150004728
307.818823154,61.973956872
305.917455651,61.0085163149
303.40886232,59.5101930324
298.968339527,56.709161169
295.512131153,55.2737541607
289.695948796,53.3458233746
285.680188655,52.1994753481
281.69825465,51.1767395702
275.81189696,50.1773959732
272.01217637,49.8897596208
266.423529329,49.8029914617
262.955960222,49.5354647354
259.656909222,49.1514790445
254.78246058,48.6024360946
251.683818539,48.5324586171
246.979205868,48.5577221468
244.081225815,48.5554836053
241.444921431,48.4577302932
238.095335139,47.9036448409
236.066657272,47.4985190447
233.098918573,46.6741077851
230.859765836,46.3756227216
228.55297675,46.2280077163
224.838934286,46.2061000226
222.151179671,46.3951526985
219.364718954,46.583396378
214.28904761,46.4803354717
210.3794729,46.2726399898
204.253083901,46.4896691762
200.189144492,46.6416364659
196.197682948,46.6460995692
190.181637626,46.2690354869
186.175808433,45.8333622656
180.315078793,44.958227562
176.59387615,44.6833689602
173.204382493,44.6558587643
168.691491094,44.5961861351
166.188372655,44.2534202015
162.915993052,43.1435121098
160.856562577,42.0754759016
158.759450288,40.7852411406
155.679013785,37.9173355407
153.844202306,35.65117041
151.660704743,33.058487926
150.764141885,31.5457272297
149.594171926,30.5046031914
147.97899676,28.9020349157
147.112291145,28.169202618
145.996808398,27.3984988339
145.248934691,27.434671458
144.192710596,27.5654706787
142.818313872,27.881264217
141.918561921,28.0474581576
141.175179343,27.9737249936
140.193059087,27.5744267877
140.454400128,27.5792674331
141.49916923,27.6691817589
142.066148829,27.7109387098
142.407253553,28.0497165286
142.230367263,28.0913588204
142.118659049,28.0489244328
141.986896721,28.1350152445
141.907458763,28.3083562486
141.780559132,28.9207935126
141.520774316,29.6312651458
141.215026013,30.0841579246
140.48503699,31.2415171923
139.540073058,32.9151328363
139.087438158,35.104028903
139.121385614,37.7706875171
139.305888301,39.4796643715
139.570975141,42.4384550216
139.7917358,45.0074271055
140.226144427,48.8907518196
142.040363598,57.9510082672
144.037543077,65.4338917457
147.672146315,75.0202814931
150.252749132,79.9271208235
152.535585758,83.3805109988
155.259126677,87.3924603645
156.773468368,89.4813304924
158.669701189,91.5825045126
159.52899455,92.6862790721
160.299899666,94.1386857047
161.84185459,96.9607636009
163.126654522,98.637769981
165.138808858,100.689718028
166.214559324,101.603963149
167.128427078,102.520713359
168.239880523,104.058068529
168.916426999,105.006329424
169.809724826,105.728422135
170.435994674,105.875753293
171.299104416,106.071256569
173.115899697,106.678885287
174.958549937,107.227960497
177.127947899,107.66830069
181.246917558,108.065257553
184.056033619,108.254575277
187.929156043,108.433762418
190.42290961,108.391755486
192.87785832,108.46322891
196.386062739,108.259842742
198.715366706,107.87676725
201.827305318,107.32949971
203.544585508,107.027703898
204.91505229,106.733276118
206.649567862,106.461288867
207.79224944,106.364576468
210.018601623,106.138418874
212.084968263,105.952827543
214.30623248,105.633137942
217.761528012,104.810584444
220.045593248,104.050384874
223.508575977,102.969780954
225.91049343,102.293899104
228.214170747,101.637178167
231.354951538,100.853402931
233.154964658,100.358179074
235.126250954,99.6033843483
235.94003849,99.2182244661
236.348417885,98.9113410939
236.087563389,98.5460021951
235.299381335,98.2994869295
233.392794524,98.4137932245
231.821428309,98.5642709296
229.765187615,98.7591884471
225.536579661,98.9632154895
222.380264934,99.5507505017
219.17502711,100.229025468
213.535692954,101.339907725
209.353147715,102.134799756
202.160561867,103.853289538
197.041564823,105.158934253
191.891744259,106.600001463
184.237852272,108.408743264
179.397440312,109.450794061
172.551518562,110.535805101
168.21777674,111.355780578
164.147342702,112.00510179
158.706770063,112.775293964
155.402555947,112.901390039
150.706059315,112.858298568
147.696780992,112.697139287
144.517017321,112.486099804
139.490869937,111.936307145
136.186056094,111.385458765
131.314252655,110.564822799
128.291050653,110.046632461
125.507593006,109.515035906
121.522071228,108.455501893
118.715566194,107.668192286
114.013206933,106.12099129
110.921226299,104.76269973
107.941016378,103.147524922
103.954973606,100.454336905
101.692311544,98.6835465434
98.4601057351,96.5541329341
96.4996443333,95.1425309338
94.6107607566,93.8087613637
92.2547978996,92.4644142668
91.2003630387,91.7325250642
90.708693169,91.04763106
90.9571355293,90.9405423523
91.5514192714,90.5782585013
92.9363301513,89.6696080874
94.0266264955,89.096837376
95.2580603127,88.7314440545
97.3367398787,88.3321839703
98.8730034421,88.084163255
101.255596331,87.8109999664
102.859951325,87.6379569637
104.675209437,87.591227483
107.915547701,87.7058867214
110.482877013,88.039423605
115.242917481,88.6741855302
118.650311779,88.8304593463
122.327928898,89.0821344962
127.706599868,89.5732433201
131.265815844,89.8087273334
136.381796009,90.3775663398
139.730180026,91.0676801905
143.169029058,91.9629159921
148.420397944,93.2345356516
151.75430271,93.9109721041
156.333659804,94.5892803702
158.925134865,94.9985216898
161.17933799,95.4837246775
163.854000429,96.3382931352
165.407133582,96.9923413706
167.379546484,97.7170788419
168.47835432,98.4766113684
169.415746813,99.4011226896
170.89189455,100.676269121
172.025843142,101.440802053
174.187668565,102.419192308
176.090363644,102.811070486
178.400394393,103.045779581
182.718687535,103.140854447
185.77781383,103.18069694
188.765050559,103.294252132
193.002644528,103.304787001
195.600596572,103.352223644
199.51245548,103.483082449
202.28536601,103.641018417
205.612012813,103.70066229
211.262304111,103.521454599
215.42289914,103.156367873
220.873206125,102.385265172
223.858106182,101.73388479
226.20059697,101.092605547
228.738573765,100.161095755
229.618194642,99.5880924483
229.983573428,98.9927914595
229.666096537,98.6673740828
229.033198524,98.3535582415
227.9292177,98.1390318326
227.269258989,98.1426093375
226.400904843,98.1955972905
225.93368175,98.1887746473
225.368213772,98.0896727792
224.251784248,98.0943961354
223.32193581,98.16539948
221.572514759,98.1978549396
220.264832635,98.1732475347
218.853478412,98.1696157853
216.585345621,98.2989121419
214.881473483,98.5155188474
211.910118709,99.0653853817
209.267822248,99.9571980577
205.72817693,101.300874857
199.341152015,103.212589502
194.455843053,104.467023045
187.487077384,105.985653466
183.287971276,106.723538542
179.58447522,107.299588694
174.97414964,107.776793205
172.501707458,108.104953635
170.431862355,108.444538937
167.960533919,108.888626929
166.68526172,109.197860294
165.163342276,109.924989838
164.27786231,110.622874131
163.623447778,111.194134638
163.107293824,111.708259859
162.917234112,111.991249099
162.941012384,112.291699961
163.041385665,112.399032699
163.145053562,112.546223366
163.373051572,112.77341535
163.480934495,112.908564878
163.679014297,113.04770273
163.791937265,113.131557762
163.862067486,113.183913267
163.998178965,113.240758476
164.082654547,113.249987716
164.241964477,113.116495282
164.412780124,112.811323377
164.618362133,112.511509739
165.102529383,112.079535009
165.481656745,111.895040534
165.983186765,111.798617702
166.175633623,111.73850763
166.333538209,111.630006094
166.731599315,111.002249434
167.048032096,110.532341699
167.758152278,109.805519416
168.507943892,109.312970886
169.345514345,109.017721804
170.523681976,108.772163077
171.089049731,108.825967499
171.432983434,108.935792372
171.429519032,109.05335942
171.382749963,109.13466011
171.220943904,108.903838847
171.244172104,108.792061203
171.342203172,108.800203401
171.587369839,109.050474278
171.829127851,109.309817779
171.999755566,109.468257673
172.085840974,109.450898203
172.109371048,109.362961001
172.154084568,109.096564531
172.236928818,108.762003269
172.358198189,108.225483014
172.483845008,108.060428307
172.579305993,107.977084465
172.788906388,107.852735381
172.893598767,107.771143934
173.09239579,107.785662595
173.333032665,107.73364069
173.589929921,107.694579445
174.184884712,107.369928584
174.580901764,107.132227597
175.132795018,106.601271586
175.506745918,106.232439978
175.941063989,105.800360901
176.423504944,104.888332902
176.66680719,104.179312382
176.884514152,102.87922205
176.873642899,101.658591488
176.788477175,100.154413562
176.509818535,97.4540952172
176.298139366,95.949711474
176.037501985,94.5983361894
175.624364492,92.9224950306
175.261360669,91.5958923834
174.731876285,89.4141185056
174.395356437,88.0349407182
174.119845503,87.1284192345
173.789758654,86.0684662838
173.613499899,85.419734965
173.37774796,84.2923843562
172.993109089,83.7752965943
172.311941327,83.2300011185
171.161099523,81.850241669
170.704665627,80.851666872
170.521718089,79.8471969502
170.778816834,79.4039603515
171.145545926,79.1289917367
171.90398664,78.8272988616
172.511745807,78.8231595658
173.516974931,79.1618095316
174.148776659,79.4474983496
174.649691125,79.6564170507
175.216582952,80.0325669658
175.495434641,80.3707586717
175.905271922,81.3366894391
176.279522303,82.7836232969
176.736645247,84.7511352921
177.534580332,87.1639056719
177.988626627,88.6125653088
178.56344224,90.8728103414
178.853554569,92.2601733794
179.050938781,93.528347663
179.232997289,95.2069264301
179.277990649,96.3751387569
179.311803868,98.2065740718
179.307404971,99.4969018922
179.375512771,100.817889281
179.344160609,102.977478478
179.072302981,104.607695243
178.62978192,106.188753621
177.831199148,107.597030829
177.471862692,108.143475627
177.158963616,108.808559746
176.970390429,109.158434605
176.899375835,109.331394117
176.903707717,109.392907402
176.927342092,109.445430912
176.981421621,109.374882339
177.018014317,109.246692307
177.060340616,109.127706356
177.164312091,108.842837166
177.188254481,108.655841642
177.228700611,108.245134268
177.175231096,107.94599533
177.084126862,107.61781501
176.937773671,107.293180301
176.878036547,107.051568279
176.859953654,106.653347715
176.883546836,106.377597907
176.954935509,106.099306666
177.085202498,105.766001568
177.202509252,105.563341705
177.353837958,105.261960732
177.381427915,104.570267059
177.139092883,103.803799158
177.274876627,102.671770067
177.419423998,102.051502358
177.923874794,101.292477263
178.329909744,100.957118593
178.795943164,100.710630534
179.322933685,100.569801874
179.493945366,100.626793604
179.582719386,100.604220394
179.685155094,100.601510862
179.745921369,100.59688701
179.788658359,100.565143561
179.798229925,100.468137411
179.799368888,100.368116616
179.73534437,100.240804731
179.702619904,100.21827188
179.599881068,100.282921013
179.452062576,100.432151798
179.278351733,100.63213568
178.859736878,100.923506134
178.387669877,101.145174527
177.471074905,101.421794818
176.677122436,101.63910348
175.727132553,101.841770215
174.212885047,102.096054304
173.209026684,102.277369105
171.815322576,102.48592587
170.945069831,102.65213895
170.085790222,102.774061651
168.942896425,102.909737516
168.266225178,102.974204935
167.317905779,103.057332513
166.779365529,103.056657696
166.267782044,103.062420457
165.483075255,102.98347643
165.032128926,102.867018521
164.404369845,102.670541185
164.06668119,102.571221399
163.824624572,102.540509709
163.622511865,102.491403763
163.446976772,102.430096246
163.233173281,102.35237569
163.053249243,102.296906409
162.875966724,102.25767695
162.717187716,102.239046005
162.637350136,102.234683779
162.581594972,102.224590488
162.575336295,102.219934188
162.627361982,102.193829519
162.737540719,102.137860061
162.84979965,102.095312044
162.953424529,102.043133266
163.173635119,101.955183862
163.338901954,101.887391133
163.73901888,101.794012692
164.030588973,101.712246423
164.372976768,101.610653524
164.870271227,101.469124512
165.162383839,101.392529595
165.652302234,101.279301456
165.931260394,101.248810771
166.195894995,101.204229289
166.594321528,101.184802395
166.843916707,101.147221528
167.202803358,101.123762268
167.424031823,101.082258533
167.703394114,101.056804832
168.118785847,100.985561005
168.401074999,100.927205343
168.799772586,100.890681448
169.037751692,100.848881018
169.228770882,100.806533088
169.596724089,100.835300476
169.797522959,100.878661786
170.047459362,100.939034668
170.212695552,101.000352007
170.438416085,101.122074104
170.772664159,101.303319695
170.990346664,101.419967581
171.253345938,101.553782104
171.637998335,101.696612085
171.925011056,101.807291968
172.254289324,101.946976947
172.44706271,102.050585907
172.616107674,102.13870579
172.813925004,102.236406436
172.916671119,102.249696849
173.028725709,102.2235874
173.064513649,102.201804572
173.041220697,102.169248288
172.875726112,102.117211897
172.757619789,102.072914297
172.538286098,101.983513061
172.413949592,101.910942801
172.28654257,101.830151316
172.139315612,101.712282547
172.059799031,101.637036711
171.94526493,101.5037488
171.89546037,101.435450562
171.840388139,101.391097064
171.757526264,101.360876524
171.698010439,101.370037712
171.632145842,101.445971562
171.612065525,101.508339597
171.598399616,101.555890565
171.588263821,101.607635873
171.577857232,101.645631287
171.562899272,101.684414239
171.545251449,101.681980806
171.526993243,101.692405755
171.500999237,101.733805646
171.499881991,101.76502161
171.537322462,101.817246259
171.824812825,101.922665717
172.205783002,101.956741381
172.915513728,102.012064077
173.358123211,102.068087306
173.810660843,102.142389387
174.467456833,102.238929868
174.882752359,102.259915726
175.44726455,102.245398096
175.747009007,102.223886148
176.046645154,102.215280248
176.456575601,102.227258261
176.668023948,102.220172309
176.949565449,102.19163166
177.127791644,102.167097065
177.305330218,102.137647258
177.440719111,102.115321425
177.51302056,102.105675675
177.574606586,102.113192462
177.595293584,102.129845989
177.608780163,102.178533925
177.619331013,102.262115482
177.612845037,102.325052526
177.628558235,102.429116175
177.630798075,102.503869771
177.623272319,102.570451046
177.555452143,102.643595541
177.466885428,102.703019992
177.299030512,102.802483679
177.191551135,102.874989057
177.040731497,102.935079419
176.809061414,103.023587788
176.648754394,103.071730861
176.401594567,103.223629813
176.2402106,103.339100929
176.114811999,103.44522803
175.908218216,103.579894076
175.781693311,103.660208014
175.68786064,103.715508066
175.553643439,103.800268511
175.479673454,103.854407645
175.433223867,103.9425804
175.411791589,103.999158962
175.403586826,104.032070156
175.417061631,104.051120649
175.42025919,104.0552278
175.398738828,104.025355537
175.380712176,103.981756593
175.356313456,103.912568084
175.336826243,103.801018794
175.327616967,103.718649357
175.324602109,103.573682016
175.331599509,103.502943429
175.350183756,103.459454038
175.394963352,103.387904595
175.426705988,103.341208894
175.434990264,103.258500652
175.414930541,103.193900138
175.408770006,103.162687926
175.40492991,103.144948353
175.415289818,103.148268175
175.437910124,103.160961454
175.445961139,103.178580018
175.447671872,103.207937639
175.456309607,103.295102572
175.457297305,103.333599429
175.453118628,103.360258102
175.473072282,103.387560476
175.526686708,103.405199859
175.662927803,103.460680907
175.899896941,103.502873598
176.989594533,103.683452448
177.948839577,103.789610074
178.981363853,103.845194454
180.595218983,103.988369339
181.655113462,104.113711085
182.663317424,104.225139404
184.032921925,104.350180424
184.795297647,104.391315173
185.703062603,104.400383622
186.120394379,104.487911841
186.352291413,104.553936892
186.518739947,104.766578335
186.529764408,104.902536335
186.320999759,105.109775091
186.011268442,105.229378675
185.531549581,105.396149191
184.783544471,105.579004834
184.219333571,105.712492085
183.087292325,105.956689146
182.097715828,106.127300513
180.874691282,106.28579874
178.70675086,106.45079396
176.69771886,106.495857327
173.145437514,106.488799036
170.741611875,106.519222541
168.457383531,106.510084383
165.35874006,106.464922764
163.410837539,106.319741436
160.800125814,106.190726797
159.122830126,105.929472214
157.511665125,105.627924506
155.192598708,105.649226717
153.825963754,105.655035381
152.135885604,105.898580703
151.299854781,106.040180207
150.747952954,106.209281439
150.453618182,106.606174574
150.412384517,106.723634138
150.541208039,106.862508308
150.822034225,107.123354013
151.034793194,107.285809545
151.397145241,107.51371021
151.696855293,107.706349715
152.132111742,107.942024145
152.762338727,108.274033983
153.259441434,108.498398841
154.056358356,108.67670814
154.646471233,108.759724699
155.314728064,108.776465616
156.352387861,108.847676422
157.130793888,108.903683336
158.321781053,108.956569312
159.102723558,108.980668532
159.883225192,108.996841102
161.079555075,109.048939696
161.869844591,109.083025088
163.074351172,109.173306448
163.86444146,109.263266027
164.678792529,109.345508503
165.864976968,109.475743865
166.718922721,109.450342745
168.144913617,109.123458708
169.132802155,108.765473152
170.173992001,108.356097688
171.771624027,107.730285901
172.951423166,107.234093838
174.783567658,106.084140376
176.124229581,104.894485598
177.501149846,103.028403569
179.612482375,99.1330826722
180.953771311,96.4385851049
182.235158133,93.8660427067
184.341738569,90.6955434595
185.751877062,88.3696097503
187.949716964,85.1992807507
189.443005547,83.4520910858
190.996607542,82.5526295666
193.263873963,81.1536219951
194.725868707,80.4603059082
196.701334004,79.9105428459
198.000703231,79.6940526923
199.285809961,79.4286709604
201.235572279,79.1015663259
202.545324526,78.9344907277
204.59535504,78.4302016723
205.972984514,77.7092058838
207.363537102,76.6640079645
209.220988675,75.0725447502
210.39863032,74.678723766
212.102758721,74.7078102427
213.096696288,74.6241190405
213.927464792,74.5252644338
214.876386799,74.76475904
215.330496401,75.114257473
215.759307553,75.6722309305
215.835199635,76.0697887783
215.736923583,76.4799769329
215.33476518,77.0330457328
214.823900279,77.4736875588
213.777853087,78.3384628534
212.932681515,78.8981522832
212.016562295,79.3929877172
210.640954187,80.1018847164
209.73865519,80.4247766144
208.566193862,80.9277415226
207.873361742,81.2651825718
207.278015263,81.6109623201
206.451453293,82.1691847666
205.989751301,82.5858454651
205.594049329,83.0023769941
205.016710776,83.6057794454
204.610840715,84.037742318
204.010743885,84.6074413386
203.60003333,84.8865903497
203.165209446,85.1587749589
202.568605272,85.5870916978
202.222860188,85.8361814227
201.699414989,86.1241304444
201.345418041,86.3008482149
200.954554261,86.4936895112
200.31710807,86.8244976136
199.877334196,87.0856247108
199.090627471,87.5558515995
198.499379186,87.8464549471
197.829456374,88.1183330172
196.747060816,88.528739774
195.995414319,88.7738569478
194.939957058,89.2108086884
194.296246862,89.5098084357
193.683159937,89.7743944715
192.928691146,90.0173861537
192.439220605,90.2104605453
191.705232056,90.4983776353
191.235159721,90.6705072275
190.746999295,90.8369863072
190.030250513,91.0435084165
189.526877062,91.208965336
188.781288287,91.3860091299
188.267811762,91.4925044106
187.744916756,91.5031792702
186.909411131,91.5497187688
186.41341386,91.5112103359
185.935877789,91.426096578
185.496775257,91.2051340815
185.376629232,90.9831009763
185.408156237,90.454917852
185.576214289,90.0576985504
185.782544576,89.6142220579
186.296860198,88.9062986792
186.686781314,88.3858516357
187.375105159,87.7363570972
187.835542989,87.4318608828
188.355002085,87.2062831711
189.210880363,86.9346056179
189.82997564,86.7642598594
190.712751196,86.5566866744
191.297280719,86.5256017121
191.849911313,86.5627603085
192.722493616,86.7166479234
193.339938505,86.8264472616
194.469232221,86.8946039689
195.286402488,86.9599619208
196.118006733,87.053987861
197.372074809,87.2667026755
198.161639437,87.4276612226
199.221748739,87.6666993572
199.806510048,87.8076041573
200.368347062,87.915312955
201.168268221,88.026966527
201.640411002,88.0568447528
202.30557974,88.0574938292
202.740861592,87.9827190675
203.171997001,87.8983233542
203.896692712,87.638819442
204.394100435,87.3687156773
205.142442338,86.8034842164
205.713682274,86.2985324823
206.513824737,85.8159701642
208.068734951,85.2038650016
209.215078129,84.8107141757
210.320596426,84.3468257785
211.948180266,83.5283935553
213.06410104,82.8408550336
214.899293272,81.8879519937
216.169690947,81.4217757982
217.412191544,80.9938766341
219.212693716,80.4244213143
220.419170636,80.0719752561
222.270349849,79.7215872498
223.476102803,79.477101331
224.778740586,79.113608825
226.799762719,78.2242076442
228.075046459,77.3243672878
230.18331657,75.9387953297
231.57459624,74.8414957169
232.929494307,73.9724084478
234.94975269,72.7467992614
236.227083017,72.0516277698
238.22677766,71.455758656
239.47657488,71.2130204336
240.724928981,70.8813137248
242.409608877,70.1750031835
243.322791582,69.5621737104
244.329383774,68.716722408
244.802279111,68.1611322981
245.167142809,67.8261847727
245.734792165,67.5308857567
246.097101608,67.4255065795
246.541580797,67.2234342735
246.745691511,67.0101168688
246.894996928,66.704122701
246.873723271,66.3001623554
246.789464864,65.9370515475
246.656653621,65.5357555957
246.41266058,64.8775668553
246.283945067,64.4593697558
246.18981737,63.8287758801
246.219748327,63.4579743894
246.263790757,63.1975607427
246.216529866,62.973984185
246.230316066,62.8835352256
246.188513733,62.7672449741
246.179005106,62.7544289846
246.125756054,62.7674513317
245.896667524,62.9004139513
245.599065722,63.0753670567
245.070022205,63.3858118796
244.695141607,63.6215838974
244.351483085,63.9902045231
243.936313215,64.6271324733
243.686687175,65.0291478741
243.361621372,65.8450930995
243.192498081,66.3815894923
243.066165975,66.8043973883
242.989392591,67.3855249446
243.028576831,67.7947272234
243.106448551,68.584400446
243.084748025,69.1723474451
243.026258439,69.7825914198
242.867154713,70.8214919523
242.699673294,71.7277338651
242.532577586,72.7877091944
242.239976371,74.3438334206
242.036100268,75.2278780247
241.704117785,76.3661141372
241.582420283,77.0928774635
241.34969379,78.0409854814
241.192622966,78.5854424109
241.091531012,79.0553474007
240.920948117,79.6694537678
240.78695937,80.088325453
240.660827219,80.4892782567
240.549440139,80.8876654813
240.492877594,81.0309576407
240.410158727,81.1770766662
240.339284079,81.2606954389
240.213593072,81.3462815892
239.98542691,81.4554951773
239.812903714,81.4755790888
239.629579946,81.5300252041
239.480262623,81.5848167898
239.34459521,81.6721814525
239.191162569,81.8107449416
239.028491729,81.9310570674
238.72703022,82.2192545535
238.441992725,82.4772715223
238.088096584,82.8190819516
237.606136034,83.2678102947
237.238202081,83.5467923324
236.602561637,84.0077384061
236.138553288,84.4302893449
235.64922322,84.8741927735
234.906894404,85.4176721452
234.390449455,85.6897021617
233.702659742,86.0072982577
233.358436287,86.1216457434
233.109656545,86.2306866294
232.777007082,86.5055589031
232.573392526,86.7321909268
232.273646667,87.0854061048
232.078157875,87.2983007266
231.889366014,87.4704563408
231.664024146,87.640919155
231.520789545,87.7864496841
231.454032376,87.9331828137
231.319580096,88.3150165778
231.230113887,88.5480990136
231.084284198,88.9513105786
231.022773146,89.2515259372
231.033171273,89.4765846345
231.183259439,89.835140811
231.42880211,90.1344519122
232.148906577,90.7894421305
232.610420702,91.3234852563
232.936059917,91.8865524586
233.173307319,92.7367018514
233.098226472,93.1417644594
232.574152211,93.7256826304
232.042563326,94.1646935696
231.35913001,94.5465101103
230.051807114,95.0831276687
229.091233665,95.3892412325
227.667602548,95.6637611811
226.732771022,95.8266352847
225.930152161,95.945534029
224.859385729,96.1178201956
224.176424035,96.1870287887
222.957264605,96.2068865083
222.103133571,96.2117175795
221.285912414,96.1924538365
220.10214672,96.1858591053
219.379719608,96.1633075266
218.335504827,96.2405290139
217.65297857,96.3573851367
217.0538889,96.4756737709
216.443994884,96.584664366
216.223372731,96.6410729175
216.051379831,96.648058746
215.934586619,96.4654996815
215.746832237,96.3402541241
215.081313029,96.0169552121
214.614196052,95.7343920864
214.105952235,95.4540589326
213.365478804,95.1388996966
212.946728817,94.9970517517
212.387862943,94.7711027001
212.012163418,94.7152007829
211.772041985,94.7044505904
211.387030089,94.6322794459
211.077363548,94.6066739729
210.646589778,94.4836749164
210.255953209,94.3825249221
209.911738773,94.4388165972
209.451170441,94.5299545
209.040970078,94.6282545203
208.330662878,94.7233031785
207.820944527,94.6835297262
207.169181927,94.3904951198
206.494996584,93.9804616456
206.113060088,93.7516979219
205.629082584,93.3620846033
205.307834761,93.1402368351
204.97356273,92.9869163764
204.43517099,92.8534142971
204.009174828,92.7663372419
203.09042752,92.6011319353
202.34431024,92.1784422217
201.483978893,91.6289111243
200.335388968,91.0146761805
199.656751965,90.6663139704
198.667526812,90.2623850627
198.079711419,89.9426949558
197.480798772,89.7912529383
196.495480687,89.7901968722
195.806536064,89.8539973576
195.219285446,89.9462001547
194.426328779,90.0515628001
193.957050547,90.2249605945
193.419380895,90.3682599319
193.107600136,90.5561317238
192.892263614,90.7298407887
192.501164344,91.0760380494
192.248439638,91.4068919553
191.842928675,92.0097324099
191.600087473,92.457239537
191.412804943,92.863945347
191.220904318,93.6232062886
191.149419447,94.1091303673
191.125592197,94.6866835026
191.085725033,95.1337151533
190.994513901,95.503514631
190.828979824,96.0941352993
190.591149989,96.4576985199
190.097085909,97.0280345668
189.754763544,97.3285392853
189.427335227,97.6284572747
188.995276474,98.1542013028
188.716965033,98.4955824521
188.325890193,98.893653275
188.029600944,99.1080627167
187.703159407,99.3031118064
187.257809951,99.6314716046
187.026371255,99.8393376747
186.619066125,100.047835553
186.256520661,100.164497114
185.867928467,100.266046181
185.364699201,100.277307866
185.027365308,100.281333325
184.736751146,100.298833848
184.374430713,100.303278045
184.093413237,100.319789805
183.5818018,100.282410032
183.321916237,100.25968062
182.97749425,100.274796623
182.334358782,100.551839319
181.967932714,100.809788645
181.421011259,100.930637043
180.955142445,100.955877761
180.469076726,101.041342396
179.707079309,101.096299953
179.174334205,101.15778064
178.39439008,101.359364501
177.969443459,101.513739494
177.529926057,101.664903349
176.916745316,102.023039605
176.545759139,102.239734837
176.054420601,102.500488941
175.739170002,102.574663725
175.491349634,102.613885972
175.08930094,102.569890566
174.846901282,102.54011598
174.478937726,102.398906612
174.197076652,102.28256761
173.881079195,102.211161412
173.408180616,102.105979943
173.09175078,101.998514449
172.532557091,101.80655567
172.149052991,101.696244793
171.812915839,101.591332493
171.233117963,101.439176557
170.815418655,101.321524473
170.185928468,101.218752036
169.731827065,101.203341751
169.20435832,101.205075026
168.43614922,101.278705625
167.898432809,101.335608177
167.355751901,101.371258115
166.503300003,101.369659167
165.977834385,101.362735297
165.098138268,101.483239723
164.588330828,101.628635396
164.103973985,101.782771929
163.466614269,101.985528481
163.1663129,102.144813934
162.774779096,102.421355544
162.621525837,102.593925556
162.470186188,102.76014484
162.308533501,102.991320198
162.211896226,103.199241459
162.091354633,103.561553072
162.03611791,103.764935542
161.95959589,103.967918023
161.850353063,104.305501669
161.789079298,104.572485116
161.653434571,104.984971907
161.564246636,105.247323774
161.503799233,105.487332857
161.423265094,105.80139707
161.402992113,106.032378309
161.373951489,106.401630691
161.405856112,106.661787242
161.471848807,106.973627163
161.549169771,107.385827282
161.574349342,107.630962934
161.579695844,107.852588933
161.531709804,108.010258401
161.474389029,108.114230512
161.338794368,108.227081847
161.197985529,108.286699302
160.999741605,108.341429495
160.724393416,108.386845046
160.489021531,108.391436777
160.103343354,108.361173889
159.813717611,108.280315199
159.459658504,108.090796235
158.945974715,107.899819309
158.58277272,107.784497675
158.066257431,107.604383618
157.798668854,107.513204927
157.478771743,107.361594411
156.934837614,107.187182306
156.615603461,107.153592105
156.133649384,107.118159823
155.756817804,107.07772451
155.44418479,107.063590634
154.952692452,106.997912205
154.645232729,107.003611829
154.202952651,107.006371626
153.816869289,106.976436135
153.44355313,107.043371439
152.952952052,107.130259893
152.657142886,107.202004779
152.21944144,107.330968259
151.935546198,107.434630512
151.745023529,107.555650872
151.446208352,107.772126831
151.259831479,107.905188043
151.02254103,108.053407788
150.886196159,108.128777961
150.737661622,108.208851714
150.553910181,108.357359829
150.439508351,108.489507261
150.331246197,108.609585199
150.241017887,108.758190324
150.178215941,108.836792463
150.125319119,108.921642608
150.124352874,108.960337739
150.15511581,109.002022308
150.219893198,109.054663115
150.285191507,109.07591837
150.368578785,109.097870751
150.403846302,109.10515634
150.422881286,109.115050529
150.453704483,109.092678531
150.453280822,109.055877091
150.453432891,109.019056937
150.441933958,108.975357135
150.426910799,108.921682558
150.383796523,108.841686694
150.356619909,108.777597058
150.303175328,108.677991145
150.269973004,108.628003397
150.236668191,108.595257837
150.184393878,108.532218016
150.136063629,108.461144579
150.067229838,108.346274562
150.01762402,108.259416869
149.998123194,108.193662251
149.95162824,108.094157891
149.950740246,108.028092511
149.929762081,107.963515801
149.904557824,107.928821826
149.865370208,107.900383085
149.819348171,107.856499179
149.787461481,107.813851056
149.769170739,107.715578044
149.748579494,107.63660137
149.731678295,107.538706676
149.735968668,107.406705076
149.747690685,107.318586645
149.767109648,107.237145793
149.814811682,107.045578835
149.854075551,106.883081881
149.926099929,106.590386021
149.997361615,106.348674275
150.106149681,106.049407796
150.305248747,105.487248314
150.526195113,105.025348997
150.881312755,104.241365919
151.27011903,103.59529006
151.615840487,102.924367157
152.262144201,101.840149881
152.728089151,101.130574403
153.445658413,100.135213262
153.978503173,99.4862903159
154.481942396,98.8404120931
155.22390238,97.8419477755
155.687775848,97.2600313412
156.392664958,96.4111307361
156.825349632,95.9166534391
157.241557,95.4478278071
157.890602548,94.9333484509
158.250224863,94.705273518
158.770419909,94.4498517213
159.064469736,94.331509747
159.262593622,94.281858606
159.517820755,94.2254463489
159.667748893,94.1796676699
159.905484482,94.1353657948
160.093869179,94.1289111041
160.215002352,94.1866663042
160.545341072,94.4012194477
160.751538259,94.6143037583
161.000990503,94.8114462033
161.401702992,95.1611688105
161.67285917,95.3701965751
162.089789794,95.6460092084
162.348820024,95.7465299712
162.608543816,95.8086522742
162.947352445,95.9470769345
163.261237019,96.1061236892
163.69319021,96.3571248053
164.00886348,96.5420236163
164.411400687,96.7310713984
165.024096903,97.0111614528
165.45428286,97.1441704915
166.216377344,97.3013954111
166.730117613,97.3576476295
167.316763709,97.4263951327
168.167422381,97.5141266393
168.706235672,97.5844402138
169.416610883,97.6865521333
169.848392485,97.7598157061
170.238696807,97.8603066509
170.861765258,97.9888418474
171.346618159,98.0747769357
172.074001406,98.2089955093
172.654666959,98.3298486214
173.262962431,98.423704278
174.349497459,98.6003988258
175.12906962,98.7266248074
176.478702901,98.9553256463
177.479008169,99.0858529681
178.47746106,99.2285772393
180.124815754,99.3701950632
181.205397648,99.4839438027
182.731257052,99.7211008034
183.760565244,99.8553719472
184.840415603,99.963329209
186.477286824,100.072597865
187.710735592,100.030650894
189.099870874,99.9491911621
190.858321904,99.9216385364
191.881008614,99.883466673
193.434284512,99.6376982995
194.591021694,99.3250795868
195.749514001,99.01956098
197.506166319,98.4478320235
198.657474314,97.9617576712
200.328200678,97.2915197722
201.468496038,96.9233710842
202.545104183,96.7142561439
204.167172814,96.4250414378
205.202676415,96.2133506194
206.718645674,95.7299888125
207.66864094,95.3224036158
208.563672708,94.8874874339
209.757328179,94.219555734
210.440815855,93.8064616694
211.369384101,93.1680796886
211.972771414,92.72754298
212.572415414,92.2869606429
213.409527677,91.5784559916
214.057145623,91.1107686751
215.062404355,90.3543914578
215.753158517,89.871840941
216.38468955,89.3887491181
217.168106437,88.7328505541
217.708817861,88.1563753773
218.548343477,87.1378035153
219.318893451,86.300630058
220.141241482,85.5677654949
221.450659162,84.4320929535
222.224052814,83.7694033516
223.018888222,83.0534662515
224.439504384,81.5787685501
225.613876399,80.1617287114
227.829366735,77.4904328932
229.553233963,75.6204157465
231.387640364,73.6082680042
234.118217966,70.9310849166
236.113637795,69.2063065462
238.818877989,67.52384262
240.533932251,66.67182839
241.960122412,66.0979872163
244.096104186,65.3436540203
245.697125625,64.7674023627
248.306822127,63.9439907476
250.245305355,63.339303941
252.163965647,62.6632528474
255.29052238,61.7989826314
257.438878586,61.3254551837
260.52783042,60.5692388916
262.420758898,60.2559636651
264.172621079,60.0320677395
266.538625799,59.6248262517
268.042124182,59.3507237754
270.107300749,58.8094639988
271.317807323,58.4529536112
272.445774683,58.2708941276
273.959688543,57.9267153997
274.879853453,57.744724887
276.270973449,57.529920691
277.015524504,57.4089407854
277.607647612,57.2842039394
278.248310901,57.0573872973
278.655018472,56.8926092127
279.056518033,56.7271642608
279.464731356,56.4900055686
279.554714193,56.3773058798
279.603378243,56.1621823608
279.668291655,55.8752632357
279.671073393,55.4840348714
279.435237526,54.9010321542
279.325187122,54.6014402505
279.16016672,54.0514271028
279.11063646,53.784381359
279.083038478,53.6783053155
279.025753923,53.4808351741
278.992863376,53.3508885552
278.940808389,53.2252705821
278.937696072,53.4536757306
278.957712535,53.8269307095
278.848513127,54.3026319016
