183.716191717,87.0211852793
186.915346661,87.2248419978
187.82784339,86.9445586007
188.85871875,86.680380898
190.579370276,86.2760676893
191.722331035,86.2055138886
193.164531519,86.3743781741
193.765741892,86.5261083174
193.810969762,87.0003175801
193.331598878,87.4468520436
192.569164471,87.8842322582
191.135368537,88.5152787517
190.204477255,88.7950609565
189.446376044,88.8388761969
188.572214287,88.4498816192
187.998671684,87.938462697
187.04058534,87.2274418636
186.348578878,86.481753889
185.56413562,85.3524578911
184.299841032,84.197309255
183.547142579,83.6477985038
182.414801874,83.5653738552
181.688382903,83.6145879237
181.03287647,83.4317553168
180.157200364,82.7961156555
179.636175479,82.2611493629
178.881556178,81.5207850995
178.400533551,81.0975864937
177.980433572,80.693155538
177.237140509,80.4021004011
176.6734588,80.468584806
175.86278621,80.2558705573
175.363244094,79.8208494988
174.957477008,79.0670659546
174.530361257,77.1780310688
174.371722196,75.7121140589
174.32415367,73.7929989142
174.395590023,72.5566707629
174.550520129,71.5532077333
175.043354751,70.306122534
175.501791397,69.8613627014
176.402463933,69.5335382475
176.922134316,69.5691763635
177.288411155,69.6806988884
177.350938996,69.3819078328
177.095883907,68.9036153143
176.458901689,67.8655098019
175.938878552,66.9995301905
175.462644572,66.3112192605
175.040065211,65.1496680773
175.058979225,64.2513991924
175.411376124,63.1669521024
176.413930299,61.7730597677
177.011661823,61.2147590149
177.72266959,60.598835288
177.884346059,60.2012617819
177.815057293,59.8691331206
177.544550647,59.1894284521
177.334016261,58.8080787306
177.103290019,58.6503891601
177.021990149,58.6553549206
176.906227009,58.655721253
176.55791648,58.9114735539
176.080380471,59.9537551503
175.442981265,62.2726050194
174.595922628,64.6020114491
173.352030434,67.693820247
170.941941885,72.9782049787
169.593957997,75.2533482591
167.942798652,78.0677722923
166.748969883,79.7497985387
165.278863602,81.1592545386
162.77688779,82.6889400106
161.09460057,83.4263463021
158.990977666,84.538350407
157.819482715,84.8934686591
156.702763601,85.0980539371
155.258894572,85.5997590812
154.529074952,86.0060067922
153.714763088,86.6157270023
153.323044602,86.9781982699
152.992444257,87.3050099131
152.554187863,87.7549908274
152.279440946,88.017091949
151.999094679,88.2395661233
151.696294871,88.5406035374
151.443412257,88.8791122922
151.150384567,89.9248404417
150.9529471,91.5170881787
150.910303231,93.1072293375
151.020311177,95.228458747
151.252918166,96.7076843705
151.818741772,98.7616921367
152.428203355,99.9366909937
153.277352232,100.947913552
154.802745698,102.143004594
155.95259245,102.841374025
157.960912541,103.897744489
159.489595188,104.580329985
161.113284808,105.265504855
163.530282767,105.674505126
165.196940373,105.854418584
167.991116401,106.379531619
170.265629215,106.559710077
172.849511502,106.599759463
177.201694601,106.573720933
180.233372177,106.402302653
184.557909544,105.647280563
187.536673119,105.644206747
190.652276514,105.768385732
195.609732016,105.79717585
198.943517953,105.400747734
202.240672188,104.723697605
206.989371443,103.815399868
209.898521115,102.722946414
213.733252819,100.237343866
216.087941753,98.9097543186
219.138080697,97.5489890668
220.833667958,96.9153858602
222.378641525,96.1770384567
224.35638334,94.7290470066
225.678379735,93.7900350406
227.043928755,92.8826044681
229.419589753,91.4036677831
231.355197035,90.6048521857
234.619484424,89.2406631705
236.986966061,88.3115228209
239.359332872,87.5238975999
242.899819781,86.4965640978
245.255460316,85.9793970441
248.703476932,84.6667662935
251.16600137,83.4828337976
253.737480636,82.3014680002
257.733302994,80.7636940409
260.294784951,79.802172743
262.632647468,79.0370967517
266.031813201,78.2948747606
268.364707498,77.7744582583
271.841072875,77.0880940643
274.134366806,77.0691980231
277.853200472,76.8281326846
280.294369415,77.0492599057
282.886591473,77.234509223
286.142450325,77.0847333281
288.154329319,76.8978973603
291.084718479,76.4474875199
292.597012782,75.9618833065
293.922141417,75.7975253418
296.625122729,75.8879909634
298.649974048,75.61500387
300.638897394,75.0816684083
303.63067415,75.3935172692
305.510821671,75.3705412479
307.939441904,75.4487571115
309.511154475,75.9417058796
310.783088223,76.4740027979
313.050098778,76.896468252
314.949574422,76.9136524813
318.259307293,76.7547012095
320.480135637,76.7881413762
322.642684294,76.8894341647
325.926533831,76.6920576151
327.845646137,76.6042750478
330.405852244,76.4603418259
331.923301664,76.2896772757
333.304004822,76.1792752041
334.745757554,76.0962811079
335.363504641,76.1352491588
335.663674701,76.1333883016
335.666022118,76.028671183
335.645272801,75.9366803056
335.394403458,75.8961125074
335.064194247,75.9999601508
334.738344036,76.3931451184
334.43307779,76.8874216009
334.19921342,76.4088968771
333.381115416,74.875573595
332.571632377,74.2105596503
331.855617221,73.4559542269
331.948551816,72.9652063975
332.545420703,72.5265851627
334.022358083,71.8273356787
335.820894525,71.096160625
338.506072312,70.5122314619
342.800497039,69.9095707412
345.346364164,69.7342743092
348.266928801,69.1840376567
349.668513454,68.7104917871
351.218200403,67.9565453696
352.177159487,67.2279842386
353.099196122,66.3057703579
354.332681681,64.5322242397
355.069930412,63.770993699
355.738982253,63.1435527735
356.851445825,62.7728461444
357.617533832,62.6894080706
358.931227218,62.5662885644
359.913073842,62.6112460206
1.26573709027,62.783513099
4.34463299421,63.4013811469
6.6080869766,63.871376003
9.91246614254,64.5156202118
11.7869987153,64.9120292821
13.3993012254,65.2435919659
15.2441225079,65.4551204545
15.9798284284,65.3046894468
16.4348198721,64.536263481
16.199307358,63.630008523
15.6838953365,62.5887487256
14.3398879274,61.2346798939
13.3219333059,60.4634949096
11.779191629,59.2845069564
10.8488234867,58.6390154642
10.0772378031,57.92080581
9.23201587699,56.5222755385
8.74808265634,55.5926955287
8.31912530795,54.7110022298
7.67750166432,53.5515385557
7.39810434921,52.7057895208
6.94683083385,51.8338509868
6.67199485809,51.4051490624
6.1462488082,50.8857159052
5.81536940917,50.5461920462
5.55415220991,50.2052850475
5.16156669504,49.8356412353
4.97615982489,49.697241928
4.74271984127,49.5978287834
4.45920089409,49.5402867209
4.30749255213,49.5251847125
3.88383885232,49.5058196187
3.639058295,49.4872939603
3.41065425631,49.5002435281
3.0448604439,49.547216617
2.85791252068,49.6176873117
2.59406299803,49.7776457404
2.48706976579,49.8471352984
2.41017640034,49.9242526052
2.2806714598,50.0370019164
2.18954653319,50.0830741428
2.03094139282,50.1843742324
1.89195801434,50.2922338592
1.64902916037,50.592842901
0.567926322123,51.9529353109
359.084662332,53.7837801567
356.303986571,57.3546289541
354.390856832,59.7888876312
352.57183159,62.0677156982
350.318553305,64.4755768908
349.155896163,65.6234765761
347.41442989,67.2348609038
346.30721193,68.154012715
345.327620782,68.8539090752
343.845514847,69.5777318383
342.897175535,70.0817552622
341.534413237,70.6981490617
340.469595271,71.0122903346
339.401828303,71.1989676873
338.138655433,71.0153880484
337.810463588,70.7764005636
337.805612176,70.2224560346
337.539788597,70.6261846607
337.084669791,71.2206039452
336.332364388,71.3416140249
336.135426438,70.814401631
335.891322617,70.6335092505
335.346077759,70.2562535804
334.834618203,69.7103743719
334.509113031,68.2924851054
334.340933129,67.8277279782
333.920671062,66.9886338595
332.622946821,66.4621983148
331.30908751,66.15434561
329.056925656,66.3324507354
327.11117366,67.0221563935
325.168261863,67.4894822065
322.490843978,67.9059724472
320.927714904,68.31445941
318.390002217,69.2016291011
316.409388277,69.5256473719
314.419726716,69.8266830334
311.546222542,70.4115210388
309.763248283,70.565370416
307.744901247,70.4764744417
304.442966947,70.242932844
302.163283089,70.0274053419
298.611621142,69.4324427311
296.673454337,68.0867515648
294.483150419,66.7385411142
290.547469203,67.3917594478
287.574741394,69.1374335482
282.988166332,72.6915328922
280.314125115,74.7366523617
277.828537693,76.180621469
274.524242139,77.4488579149
272.762008807,78.2874944497
270.559708726,79.0325107942
268.968843132,79.7913705669
267.26389806,80.4953159258
264.578977996,81.596432534
262.754885623,82.3206783627
259.844784811,83.0714920737
257.678077432,83.8711771006
255.372927877,84.9592215309
252.07352485,86.5523710481
250.108299311,87.5332389623
247.19354948,89.5320223353
245.491860066,91.8372902553
244.234601853,93.9914450145
242.705928728,97.5589669794
241.833723111,99.7036804921
240.389583232,102.643078242
239.295313999,104.398044531
238.158987986,106.000864115
236.382998864,108.140893903
235.265749922,109.444125074
233.554023594,111.14128573
232.542821828,112.143183997
231.669873142,112.934429316
230.365127918,114.003839513
229.334897826,114.775970154
228.164115903,115.591217905
226.308761209,116.979918005
224.995839613,117.866775577
222.943080909,118.957132223
221.560947051,119.54577578
220.348248929,119.852053465
218.581400684,119.885919978
217.163925078,119.639691759
214.600921014,118.93521274
212.563368412,118.439264339
210.257126335,117.966895416
206.789606384,117.495873758
204.733688412,117.260626841
201.85590787,117.080815046
200.071562771,116.877232099
198.422254732,116.837078261
195.857439926,116.995873479
194.131743698,117.218429274
191.539798058,117.740740802
189.827956067,118.018592797
188.164508003,118.275012553
185.620798701,118.714363144
183.843554231,119.102454734
181.078776881,119.859374892
179.411029999,120.33121271
177.753325179,120.823449084
175.360895844,121.623828314
173.703537729,122.23236237
171.201435583,123.681920397
169.542963498,124.815534892
168.032765833,126.111436387
165.913364104,127.914550787
164.416710962,129.172490346
162.258808121,131.102829665
160.896438539,132.199625158
159.647473579,133.206297007
157.581147304,134.371856093
156.155505289,134.976474131
154.16285458,135.619606993
153.113275011,136.120954394
152.157174002,136.594775595
150.102956386,136.939968973
148.557861917,137.032290563
146.312472895,137.024989114
145.068400018,137.020785187
143.844283809,136.872850849
141.939161366,136.625496341
140.656257432,136.460097071
139.528599087,136.030833677
137.667191624,135.357414348
136.216511504,134.726803383
134.077112852,133.986526603
132.855938272,133.301273548
131.725282636,132.360096876
129.612235359,129.320910552
127.913456609,125.29420107
126.033544899,122.003111454
123.490246491,120.229618546
122.572019874,114.648333814
120.316812682,105.426345772
118.037199987,100.213452612
116.538025729,97.4518971998
112.592720709,96.6892015258
110.648427721,93.6285208944
112.908936135,94.1964057262
114.30272201,93.1351178942
113.986245377,91.1065330114
113.892374713,90.8928973032
114.096824168,90.2968766689
113.988585993,89.3764574994
113.436729384,89.0035695553
113.529119476,88.7216328848
113.988968587,88.3205915255
114.227147433,87.4521707786
114.026009293,85.1937541872
114.058680367,83.6460219044
114.545771809,81.9829865311
115.662816246,78.8591127807
116.223355873,77.1864181675
116.963036602,76.6346318094
117.582049139,76.618697424
118.3825075,75.8757360531
118.853738418,75.9494655371
119.032522438,76.1024664316
119.096626638,76.4189195443
119.070152179,76.7118406228
118.793364561,77.0968941479
118.509415538,77.2940559375
118.554971241,77.2188419709
118.983931886,77.1794061999
119.4605034,76.8362600469
119.612751531,76.3443989666
119.661212893,75.8110923366
119.696202695,75.1559455107
119.886301187,74.47567591
120.042151724,73.8166565442
120.169830238,73.2872558001
120.270886979,72.3848896694
120.345590846,72.0666929653
121.49044194,71.7970603578
122.918382102,71.5080125827
124.499433424,71.5219774803
126.790731778,71.4746044966
128.223942066,71.4370779715
129.899315833,72.1374159962
130.90980748,72.7337437016
131.877669305,73.3807165722
133.08444736,74.380062143
133.77538242,75.3330905096
134.577080581,76.8022126432
134.914847037,77.830162785
135.244388783,78.6908060707
135.960101911,79.8897056246
136.701837384,80.8214278273
137.64653876,82.0580289313
138.144482383,82.8758826273
138.302548801,83.6697246966
138.45830492,85.0551822129
138.558900515,85.4070648067
138.586655583,85.9907385685
138.088054028,87.0052391881
137.388332523,87.5677344473
137.105481,88.13295014
137.006723314,88.7124124994
136.795294091,88.830187349
136.424238173,88.7871294203
136.439542701,88.584825852
136.601589473,88.3845693241
136.012256878,87.7163200086
135.894095172,86.7566243509
136.001180958,84.5307404538
135.557018919,83.7441465675
134.932769113,82.5116039349
134.713786904,82.0160294169
134.582923479,81.3469067391
134.496498818,80.7566192514
134.409567639,80.7212722791
134.379226399,80.1324326151
134.361424599,79.685308527
134.859844325,79.1336393833
135.576588393,78.2811680519
135.588098405,77.7771335486
136.392332353,76.6341139621
137.152875468,75.8232479201
138.32624482,74.7920263332
140.837387114,72.9398406878
142.368967068,72.595559408
144.282167504,72.1761369776
146.381450896,71.7795854608
147.319137376,71.3894649333
148.997670211,71.3149381936
150.715140332,71.6909806333
152.745070726,71.4255921474
155.385249958,70.7414514014
157.379112209,70.4691386511
160.819628017,70.3436798249
162.837621135,70.1670129157
164.835234611,70.0307705511
167.115958704,70.2499847603
167.667058871,70.1629841672
168.798127699,70.8127929099
169.845254076,70.7178677294
170.891078745,70.6699231066
172.619277616,70.763089623
173.772517242,70.624414945
175.466329735,70.4907970026
176.220269788,70.2066938495
176.217320418,69.8715703106
176.079950234,69.376179853
175.500253895,68.8736766224
175.198806809,68.7663887506
176.160645851,69.3621179944
176.606477958,70.392688569
177.689968891,72.1694369765
178.370894907,74.9873284433
179.069921293,77.2107557732
178.864880863,79.3763211069
178.768897649,79.9852059954
179.009287979,81.7575748272
179.272990336,82.0374118126
180.230041923,82.9208916046
180.920274746,83.4032263493
180.980362811,83.9634136944
180.246659238,84.2573554999
179.866737122,84.6825152114
178.906137442,84.8935045972
176.279071067,84.5390232043
174.10077883,84.4574477881
171.168762526,84.4199783308
170.354643186,83.9433022176
170.924439413,84.2848684284
172.311175772,84.2726536656
172.741931682,84.1467550768
174.110640937,84.8047931158
175.909230925,85.0727974756
177.72226398,85.3767184816
180.196880107,85.9612335344
181.640377108,86.0502593198
183.33579993,86.0685485231
184.003581098,85.8867631688
184.355724839,85.6565897808
184.863683161,85.4176056511
184.971445668,85.300194053
185.101567712,85.1403508611
185.064415267,84.9366743487
184.920778797,84.940188527
185.698905346,84.8298616837
187.004558697,85.1978188368
188.867069459,85.9897036089
190.05810039,86.3307807383
191.121329422,86.0730344972
192.744726602,85.5926171157
193.616932846,85.3556502948
194.538222917,84.8629234848
195.153362221,84.4868126899
195.629274108,84.2912028201
196.080765884,83.8321191895
196.319807024,83.5770853913
196.541621177,83.3435624868
196.762011043,83.2207729834
196.91172356,83.1394423782
197.055111031,83.0748350425
197.151769532,83.0490379742
197.285086154,82.9967395194
197.58263925,82.706910694
197.667837175,82.579461585
197.745023871,82.6354199408
197.836292257,82.7200794918
197.934718825,82.8214304735
198.137035934,83.056604084
198.449192196,83.5589790727
198.953675847,84.2418686126
199.253372847,84.712203828
199.494633702,85.0827437259
199.908539283,85.5044679327
200.164000019,85.5572528914
200.468583565,85.7480166679
200.873948868,86.2217228667
201.050955551,86.8159040224
201.267093405,87.8727166302
201.467048799,88.34047101
201.795795295,89.0140797766
201.875708511,89.4379138191
201.741758432,89.661667897
201.223889481,88.8599810192
200.783327083,87.7783322252
199.927001289,86.4392429615
199.343372065,85.869674047
198.668755672,85.3964383167
197.468583072,84.9870831005
196.346453735,85.0047805274
194.079020949,85.5792449489
192.424796347,86.3504915572
190.920718041,87.4342909465
188.827567543,88.7387666535
187.419446631,89.4406647457
185.803836389,90.0797672109
183.059708616,91.3951892726
181.059739671,92.4033472469
177.624288339,93.6300915741
175.246260865,94.1874610775
172.773020347,94.5882286818
169.181787354,94.9880061717
167.049976235,95.1756446501
164.438139479,95.1255567959
162.908176032,94.8934233775
161.629857731,94.4878508837
159.889903016,93.6259982575
158.919344171,93.2512550595
157.739129582,92.4668409087
157.023519657,91.9096018177
156.176710896,91.7739301063
155.03714604,91.2263175627
154.268649466,89.9467610611
153.697712776,89.5046906225
153.151623587,89.2370970789
152.651424779,88.9566148573
152.020635446,88.4766590905
151.610313899,88.098288634
151.083506988,87.7024781037
150.643356264,87.4085445308
150.165480202,87.0581663933
149.3642147,86.6460419189
148.81621228,86.4981509982
148.075238992,86.3240629576
147.607362108,86.3654844273
147.195718286,86.3383949981
146.749792443,85.9589585505
146.552455112,85.6181143072
146.269689226,85.1065757012
146.236037422,84.8420530565
146.278432709,84.7379567745
146.510531316,84.5678416214
146.702123535,84.5337454936
146.997383371,84.5710162656
148.000263931,84.7157598818
149.09780648,84.7573301914
150.979776657,84.5799750083
152.255250767,84.4323529439
153.44959251,84.2588446993
154.888698678,84.049466302
155.884346718,83.7361092705
157.36164484,82.9666401738
158.248092004,82.6174992694
159.167831146,82.5030506556
160.448193525,82.5402228659
161.297411657,82.5849170134
162.46056208,82.5928149629
163.230998726,82.5106285909
163.957328517,82.3729825534
165.059367594,82.3735349899
166.039696964,82.3805023897
168.058677766,82.281110321
169.820878274,82.264378772
171.947924632,82.2126640725
175.233733743,82.1154828865
177.332152816,81.8978834773
179.357917941,81.5817784228
182.391550565,80.9697563817
184.613539193,80.5600011786
188.238128334,80.2896318316
190.74681109,80.3165183001
194.163880878,80.2328247551
196.331998729,80.1546419924
198.377659357,80.21728581
201.475157905,80.435266187
203.642212703,80.6595806621
205.968019547,80.929096073
209.652337929,81.2245713836
212.1902602,81.1165977104
215.999172674,80.6247525956
218.560973764,80.3786451359
221.063937952,80.199151332
224.797644105,80.0919496546
227.386003776,79.9362248543
231.289411915,79.5679363445
233.919026678,79.6263138039
236.669956954,79.8213624873
240.840908557,80.0534193813
243.636664024,80.0172705634
247.700106561,79.4780636388
250.216973692,79.0006160565
252.534131177,78.6259273134
255.831881064,78.3149684838
257.9759027,78.4707517594
261.402567224,78.7385525591
263.646311165,78.5810918292
265.781574349,78.2451975717
268.717498532,77.6264113954
270.46854949,77.1865292539
272.891860609,76.9861184655
274.41116246,77.052612167
275.97269783,77.0532823937
278.462626328,76.8370352908
280.125086181,76.5930971924
282.537290828,76.2774118001
284.151968886,75.8995814457
285.85442111,75.4536946662
288.392676099,74.8678163752
290.128414317,74.5934566942
292.676754694,74.271401679
294.405699408,74.1322680399
296.097614344,74.1104194654
298.365230673,74.3032621758
299.751617473,74.5087934155
300.955636135,74.8452731108
302.472513054,75.2726964593
303.278094761,75.4391466645
303.679786076,75.6609013539
303.341990933,75.6376463802
302.416691932,75.6666665029
300.420085521,74.9918835948
298.521840468,74.4989868265
295.42168257,74.1357611828
293.408150291,73.943662691
291.36314379,73.7979440936
288.414948909,73.4991202297
286.745197064,73.1243713379
284.94851632,72.593041365
284.268949977,72.2656160413
283.947443274,72.159444694
283.743938319,72.1395394157
283.712941164,72.1797012592
283.275965711,72.1438171504
282.714346339,72.0236387595
282.149987291,71.8902524472
281.174580242,71.7588416908
280.443514018,71.8558172634
279.68161525,71.9571250489
278.375550729,72.3338519686
277.24290512,72.412367531
275.537179844,72.4991804256
274.338007275,72.557792899
272.583284158,72.7073173083
271.556536525,72.9102554586
270.626170644,73.2372960788
269.413899717,73.7911263387
268.674193505,74.2589423958
267.993323479,74.8340914488
266.948724923,75.6097717686
266.346313328,76.046066903
265.642067197,76.684687868
265.270687262,77.1540312058
264.98802266,77.610921902
264.729431109,78.1204885063
264.687511664,78.401596898
264.707599713,78.6862594554
264.717074922,78.8356945759
264.688560263,78.9257644409
264.729721919,79.0312922149
264.81866675,79.062858113
265.075824411,79.0786773513
265.37199729,79.1734734799
265.773720689,79.2259619222
266.431842394,79.2699749657
266.840374165,79.3569044823
267.333790772,79.4839655546
267.621854745,79.5744108142
267.82775792,79.6738610055
268.171151598,79.8187480629
268.376128646,79.8619362958
268.99644214,79.9805000926
270.00891937,80.2073654919
271.564472844,80.343865327
274.592281226,80.4223479019
276.770016706,80.386658246
280.555824273,80.2427309323
283.945395504,80.0019311405
287.782324567,79.7470518883
293.412131896,79.4355374518
296.738888553,79.1502020375
299.679803991,78.9229116636
303.35487103,78.608119473
305.45535424,78.4461941592
308.142862751,78.208824099
309.706225423,78.1461070307
311.176165354,77.9888671109
313.392591172,77.5891642813
314.861734794,77.4283605452
316.945553445,77.2781004717
318.170794707,77.161783028
319.359646989,77.0970989962
320.86990117,76.9756858323
321.77974967,76.8353792765
323.067492713,76.7566941873
323.868922951,76.716709527
324.661082281,76.6679030284
325.747728813,76.5802037463
326.493035757,76.470225408
327.594538776,76.3748315716
328.326165806,76.3127133819
329.118358829,76.260980816
330.19780883,76.1537188261
330.85697369,76.0432065274
331.703329518,75.7830002307
332.161499372,75.7012247337
332.611548575,75.5734208983
333.299922557,75.4180805316
333.815028373,75.334378005
334.569654884,75.1672814971
335.088265627,75.051107587
335.644449514,74.9241960571
336.482339976,74.7681550345
337.029860359,74.6903753668
337.779546344,74.5006734134
338.155602267,74.4053172644
338.435255426,74.3281829077
338.70934344,74.1900510577
338.829163554,74.1400033754
338.893362687,74.1095638483
338.945250681,74.0835764972
338.882505138,74.1316834561
338.385630907,74.5447376358
337.898243232,74.7245522239
337.720502431,74.7968045125
337.608570693,74.8304253532
337.484190078,74.9362455162
337.291259656,75.1592203265
337.127359922,75.3614238201
336.991837954,75.5492430562
336.810291054,75.7184662293
336.690060399,75.7932011313
336.511547947,75.8664325696
336.40022887,75.918335313
336.29223465,75.9739864542
336.139032488,76.1049987351
336.102428139,76.1801606978
336.004440532,76.3306707323
335.958786578,76.4512460895
335.917566562,76.5403177486
335.910358583,76.6236751514
335.934161695,76.6713136173
335.970454202,76.6947601287
335.949646552,76.7238271419
335.882316182,76.781202183
335.703356747,76.8746188719
335.546400615,76.9289169047
335.314076688,77.0037614858
334.93422597,77.0798243738
334.679227096,77.1147709377
334.229299042,77.1015233321
333.961981683,77.0912847656
333.531277667,77.0343712195
333.242726816,76.9696815517
333.016839527,76.9117762281
332.694801834,76.8439422429
332.481358721,76.8022865259
332.326747836,76.7171841195
332.014755481,76.5522277716
331.626095109,76.8317820366
331.045189857,77.4323705667
330.65645121,77.6992794766
330.275761891,77.776656051
329.704012949,77.4901463143
329.323301315,77.2336858478
328.944713876,76.9105782122
328.402581865,76.4638010768
328.012189351,76.26907549
327.40643972,76.587277252
327.02200373,77.1145202316
326.427704658,77.9765156399
325.995123554,78.5587990548
325.597404106,79.0646943984
325.259526431,79.4959352985
325.202766756,79.5761428163
325.31741247,79.8759467558
325.469313717,80.2044413011
325.75105217,80.5374358299
326.11417566,80.6258709816
326.39083738,80.4342547941
326.913900165,80.4244040093
327.372264712,80.6543629208
328.057654972,80.7804001079
329.526572805,80.6395639251
330.594127674,80.4665276134
331.636361178,80.4137906282
333.219409081,80.3281775054
334.326597613,80.2039031481
336.009575748,79.9091621545
337.166521746,79.6252857108
338.342254202,79.3365726993
340.454155143,79.1183565933
342.06587926,79.0323744436
344.512105265,78.8354250343
346.017998004,78.5655358602
347.504742495,78.2334141727
349.537639507,77.7399135434
350.782305095,77.4129422203
351.951455149,76.5786834605
352.317219073,75.6595760979
352.726278766,75.3239578246
353.564277868,75.8456493338
354.391931592,75.7026958719
355.734336148,74.8843729238
356.769637334,74.1892620696
357.993042625,73.4407481365
0.13929487614,72.1084928451
1.57186187869,71.1682793191
3.24475228184,70.0519527707
3.97334896671,69.396735864
4.47818359375,68.6784507452
4.96142544513,67.4289599548
5.0964276596,66.4834107475
4.99152270325,65.5933812397
5.01703863152,65.1944627455
5.24420622844,64.9003761213
5.70751802423,64.6247576149
6.12709471394,64.3700192894
6.85594322636,63.9072185288
7.45343092893,63.2160297656
8.24732509899,62.0727787703
8.63317862504,61.3155814612
8.9108338276,60.7549483997
9.23329758816,60.0238410553
9.64893297166,58.7880542078
9.87618040796,58.0865250941
9.84433754052,57.9904319816
9.67360809697,57.9948087926
9.15020790646,57.9253190921
8.28594777315,57.7701506035
7.73922363276,57.787019737
7.40818905843,57.8598409752
7.45549030655,57.7744668732
7.6614223561,57.3039718559
8.15767900682,56.2322237945
8.26968505884,55.4661506966
8.00970479295,54.4639850955
7.62568522115,53.9844103535
7.07946768431,53.5746101707
6.30189713111,53.0736383689
5.84707659046,52.8411861742
5.17227622677,52.6200686786
4.78749525308,52.4053979284
4.36878095423,52.1868882783
3.69809710323,51.7807358353
3.17380803,51.5274777287
2.4407661896,51.3752506029
2.0092933909,51.2642423236
1.66953109028,51.1765341155
1.35094411343,51.0507861339
1.11547040007,50.9556708501
0.781484128236,50.9133409923
0.52435209456,50.8665881828
0.326895633776,50.8947414815
0.00933061195229,50.9925663195
359.781738159,51.0480872888
359.474087568,51.0846308621
359.265079016,51.0998056709
359.059922268,51.1062934593
358.824441498,51.0714988899
358.727141295,51.05558638
358.689038442,51.024879449
358.746791077,50.9965867811
358.868620987,50.9950260044
359.025085528,50.9944771791
359.164200112,51.0183079886
359.271532978,51.0787512808
359.450607732,51.1856105128
359.555813224,51.2838132618
359.700501482,51.4626944968
359.798924816,51.6255090345
359.921177967,51.7975744995
0.290438284009,52.2688592696
0.644326749634,52.5287734345
1.39734604642,52.9742550779
1.9874316465,53.2990104527
2.71909174132,53.6283646819
4.02562496157,53.9338214994
4.98493383357,54.2409452268
6.68083023857,55.6584619276
8.04561641474,56.9992338297
9.60405117993,58.1084308334
12.190796891,59.4223821138
14.0123060855,60.0462774146
16.5330105451,61.0314872848
18.0785728503,61.6319766348
19.5036818274,62.1173258861
21.3129100406,62.8538406945
22.3905643513,63.2554819185
23.4628924211,63.5984768509
25.1531213442,64.1372729521
26.2004816408,64.5548502575
27.799084471,65.4139263574
28.985379133,66.02561026
30.1884087875,66.5672066117
32.1270847669,67.418602024
33.6051874252,67.8497443687
36.1374619018,68.4664262985
37.9413980716,68.8455647491
39.8619325537,69.2327185544
42.7522684294,69.7233472678
44.6926700597,70.0538221998
47.4802256332,70.6105176079
49.2281327502,71.0709321369
50.7366219805,71.5203594871
52.6327096054,72.1630024263
53.4578680924,72.6863545514
54.2898280303,73.4611536864
54.6195543701,73.924167117
54.7646674768,74.3874185886
54.7939176604,75.0650576135
54.8430547122,75.5507983518
54.9514670286,75.9406653996
55.2351112587,76.5469539742
55.5097642701,76.9205262841
55.9343596645,77.3557892799
56.2488794632,77.4643279848
56.6105652965,77.4364785639
57.1274884392,77.6136731271
57.4511126674,77.8349654935
57.9132402368,78.0399664913
58.2177789107,78.0742670842
58.4288697788,78.0200393737
58.5028923163,77.9413157319
58.5306092706,77.8545322959
58.4775487584,77.5890695979
58.44011296,77.4343589619
58.3926291435,77.2424135224
58.3555235023,77.1445651392
58.3043194731,77.1016962314
58.2201494932,77.0984698533
58.122784968,77.1491244967
58.0446971643,77.1943180276
57.9146102866,77.2423220995
57.7942973326,77.2735007014
57.6208575975,77.3480287355
57.5252556102,77.3673031739
57.4177578663,77.3178706664
57.2486869946,77.0068927304
57.1567307584,76.8021806569
57.1139118204,76.6209795846
57.1777215634,76.5834009949
57.3023385053,76.6172232164
57.6098909567,76.7485476185
57.9105090088,76.8656120241
58.5304471384,76.9837907637
58.9949769852,77.0919629122
59.4538460565,77.2312703168
60.0195179902,77.4940638536
60.2412628997,77.6782525011
60.4009438583,77.8177070572
60.4216087076,77.9131589729
60.376579703,78.0005947049
60.1889387397,78.103603667
60.0236462761,78.0912495371
59.7522027897,77.9895104105
59.5552127756,77.9042578565
59.3510863624,77.8683149355
59.0951638679,77.9190484948
58.9103399903,77.9724230862
58.5273444877,78.0490279629
58.2095023612,78.1327312984
57.8106053449,78.1916727313
57.2624843179,78.1114181215
56.8742510982,78.0355728314
56.4637782598,77.9993252714
55.9030397625,77.9017090295
55.5892083056,77.8587900514
55.2087353867,77.7970537045
54.9455859337,77.7444800646
54.7074623896,77.7460916155
54.3460371885,77.7794637746
54.0416692319,77.777306869
53.4035304121,77.6978628678
52.8268819557,77.6360522702
51.9989499433,77.6317764109
50.0697425836,77.6873513546
48.4489202707,77.6953089273
45.2444280515,77.7074801646
43.1652016574,77.5494904657
41.5061504666,77.4885021871
39.6437479432,77.4748054725
38.7351462503,77.4942653336
37.7402000383,77.5856966946
37.2359166792,77.658568693
36.7823443282,77.7260615455
36.1079136827,77.8907780942
35.8466791097,77.9378213827
35.0037051904,78.0076021004
34.1461108217,77.9501726498
33.455421228,77.7306461537
33.1340809282,77.4640855368
32.8728851845,77.205548831
32.6613900156,76.9417528436
32.4391656665,76.7409998028
32.2935464128,76.6714671257
32.1841278308,76.6338521164
32.0688953325,76.4852105541
31.919956405,76.3158937685
31.3610923002,75.6332849044
31.187179604,75.3396938409
31.0973678605,75.2270983756
31.1304418263,75.1972050346
31.187662785,75.1697339411
31.3629777576,75.1006862594
31.5468280172,75.0633355389
31.9925828666,74.9889327867
32.4003377044,75.0115289031
32.8234846013,75.0144725535
33.197936725,75.0358688045
33.4779090445,75.0414745836
33.9547962307,75.072990571
34.3364803354,75.1736990672
34.6902419557,75.223437139
35.2802576583,75.2898605199
35.5553121923,75.2873566458
36.0362434951,75.383349811
36.3061797117,75.4999290626
36.6058123211,75.7493199702
37.2079644243,76.1315126303
37.5849775903,76.3327423631
38.1663556174,76.9609153852
38.5611922994,77.1769697341
38.979176791,77.3027600953
39.513513624,77.513207299
39.7714205636,77.7195389705
40.0662453323,77.9151541201
40.299524572,78.0882412193
40.5624928644,78.331310656
40.9734692685,78.6760407858
41.1886447419,78.8720886264
41.3980845502,79.138170659
41.80056874,79.4548773484
42.1477597244,79.5183001602
42.7064212697,79.4688799108
42.8542094659,79.4566956368
42.9167663238,79.4998032412
43.0643665504,79.6692837475
43.3910908291,80.0695465794
44.3996089015,81.5288096515
45.6566410114,83.3939804452
47.3567253517,85.6489786511
50.5074604355,88.9653462985
52.8457579575,90.4192969302
56.5214532182,92.0894240074
59.1437126571,92.7030018908
61.7414958604,93.1688492966
65.7307675167,93.4409948792
68.438824806,93.4432308581
72.9141248034,93.7296238729
76.3513315145,94.1014052763
80.1727063648,94.4425010758
86.245630588,94.9276316151
90.3485702224,95.1198296017
96.4100265,95.1687401449
100.338831308,94.8780924171
104.28984323,94.4394310883
110.138499136,94.1430524714
113.964961085,94.0438372831
119.474438128,94.1384852507
122.812211406,94.2878277855
125.79370926,94.6006639322
129.594528043,94.6946126357
131.771452123,94.4860505264
134.917266738,94.5043767134
136.908671483,94.4239551031
138.748875056,94.1908991365
141.291836237,93.7889249004
142.828026027,93.5168587268
144.316574517,93.4614935042
146.718679049,93.0983316482
148.126534095,92.8402487365
149.856581285,92.5260352562
150.88020865,92.3162206271
151.815816464,92.1449963942
152.985788173,91.9554447413
153.634802966,91.8271203833
154.387161598,91.6436679973
154.81482064,91.6019813698
155.150381281,91.6732447607
155.637085125,92.062164338
155.767955021,92.1864069202
155.897626538,92.1924379509
155.986601416,92.1367042122
155.936720983,91.8930559835
155.731800082,91.3766081916
155.505959577,90.9880840101
155.047145624,90.3011457852
154.616991683,89.9608433536
154.25775375,89.704535056
154.073115651,89.6546926968
154.045893926,89.849329676
154.147703849,90.4791449706
154.229830094,90.9691022093
154.311284924,91.3687764136
154.722217012,91.5158916254
155.133654595,91.3987777094
155.951308078,91.284450822
156.521034097,91.0748806672
157.04510496,90.9689048991
157.963411003,92.2431243119
158.675726544,93.5820704411
160.023642034,95.4696953534
161.090383372,96.461537938
162.169828827,97.5242992352
163.506575926,98.7682369807
164.265819167,99.5595376004
164.945354711,100.278166764
165.900739645,101.005859861
166.508075106,101.384931033
167.546283275,101.802615962
168.321115505,101.960465198
169.328834375,102.022912349
171.368797678,101.890324833
173.050685346,101.762071171
175.991068143,102.140738165
178.57486301,102.735247358
181.213378709,102.852503748
185.213964515,102.864597104
187.841218823,103.046194772
191.188697288,103.033461569
193.004892356,103.088118224
194.675058779,103.15810286
197.201331291,103.22058952
199.031200205,103.294137125
202.042881772,103.372332885
204.237384201,103.495833613
206.633402744,103.573889882
210.054245654,103.60226546
212.070647521,103.664092297
214.050306799,103.838409061
217.011761065,104.315774163
218.786887213,104.663547902
220.940718887,104.983535776
222.182514037,105.244391464
223.753388421,105.807474452
224.622173354,106.005175751
225.188437637,106.002214231
225.412032229,106.000338725
225.347205102,105.99132241
225.294152948,105.976551497
224.920853957,105.886601031
224.646869696,105.800186961
224.197896938,105.550427822
224.068446975,105.450181529
224.058727409,105.277527883
224.252430006,104.922391379
224.590146209,104.830288957
225.222127935,104.765683644
225.53848026,104.801880691
225.782526712,104.782028443
226.034545191,104.734640356
226.204841339,104.689951898
226.366556766,104.615614175
226.553330076,104.459356033
226.734983714,104.31755509
227.019317095,104.160574411
227.334823194,104.036947639
227.859703478,103.913914529
228.283307079,103.862857601
228.761410457,103.860340744
229.394753091,103.923241546
229.775783886,103.987618312
230.155002229,104.080539624
230.685457773,104.139145455
231.017111954,104.164787577
231.528463255,104.169821648
231.923630237,104.126583136
232.298196321,104.077658898
232.784677301,103.977271169
233.043280414,104.150117757
233.477566189,104.704832259
233.844789264,105.109088416
234.210601857,105.323294032
234.51353842,105.387697284
234.538613908,105.299013081
234.50016942,104.725319176
234.365981813,104.448518906
234.247953726,104.532726212
233.953538847,104.822746128
233.695071336,105.102953802
233.235201865,105.723056183
232.81665944,106.176741362
232.394742098,106.64131933
231.737450397,107.267227458
231.206818362,107.562263687
230.202607325,107.763310264
229.352258193,107.826786004
228.461439277,107.804172443
227.103927481,107.797511982
226.176485522,107.813952742
224.623540244,107.930327634
223.459213571,108.038368979
222.252319144,108.107769616
220.499754508,108.251132474
219.289423783,108.423234298
217.643357933,108.593300403
216.623291738,108.619477523
215.810751133,108.608504318
214.750586968,108.551419845
214.243783324,108.50233399
213.753771481,108.361484411
213.566868042,108.29371984
213.353229583,108.209446847
213.020623175,108.094347182
212.800388363,108.051321818
212.660099462,108.130805965
212.652532561,108.191179966
212.738867488,108.264579085
213.075274375,108.26721355
213.308258168,108.207823825
213.63422494,108.164666979
214.321177327,108.160030803
214.80209996,108.169473665
215.566021964,108.156925907
216.071622778,108.139242462
216.599892163,108.148014067
217.522580691,108.202358083
218.188734668,108.253105716
219.279940577,108.350281652
220.078086899,108.404383387
220.907892907,108.498664652
222.314271403,108.638601855
223.251079501,108.706537495
224.66308974,108.777132503
225.523148743,108.805577284
226.354026554,108.857185818
227.420106785,108.89895174
227.88287899,108.971822825
228.395611014,109.252351194
228.681205488,109.502599742
229.079732275,109.806225175
229.719921315,110.390810477
230.100368834,110.739791141
230.373148096,110.919905804
230.443747539,110.886440481
230.354686212,110.725608626
230.246544615,110.538616222
230.152003281,110.398236283
230.07834287,110.2473533
230.014890181,110.070733381
229.988693272,110.01852963
229.994013509,109.990767596
230.035166678,110.028414695
230.188619618,110.152618131
230.489411669,110.293933714
230.698067235,110.330019344
231.128214559,110.272849153
231.517873368,110.060638143
231.774199751,109.806170087
232.198034991,109.339744554
232.423179582,109.060375532
232.644338574,108.7758409
232.838426072,108.57723116
232.99296157,108.462681981
233.231451775,108.342445004
233.391799129,108.316754086
233.609560545,108.385885887
233.770090734,108.473084602
233.919730186,108.568484205
234.135063856,108.713928347
234.24749923,108.808199244
234.397071543,108.897913618
234.494660054,108.906298338
234.582631595,108.877573847
234.739718184,108.824734709
234.873283439,108.816323391
235.105655855,108.870685668
235.356297774,108.98167883
235.981146891,109.210237685
237.33486121,109.445349312
238.631469454,109.466725107
240.737158839,109.4208501
242.173510827,109.33834233
243.586111312,109.163810263
245.872152408,108.823135771
247.608112166,108.524358972
250.287721412,108.179468273
251.9424404,108.060431219
253.315723862,107.945056364
254.851039811,107.765679214
255.484710481,107.658514417
255.974410845,107.613947013
256.471068567,107.52947746
256.685872088,107.524169552
256.84827933,107.595341926
256.984556274,107.694879503
257.074824385,107.795256042
257.18044112,108.002856995
257.212265686,108.127948104
257.227265325,108.322806429
257.206240527,108.435157533
257.184073386,108.55430244
257.149430724,108.751465342
257.144491068,108.860967822
257.169367473,109.005741981
257.211423702,109.102640658
257.275780252,109.203971564
257.402267419,109.30843356
257.471588012,109.361216918
257.557116033,109.398187601
257.617673324,109.411653446
257.649525731,109.422951247
257.683894706,109.429319331
257.679341584,109.423531583
257.647854953,109.399692314
257.620618907,109.361055964
257.604723513,109.319031377
257.549975743,109.246591058
257.500992941,109.209519547
257.447549298,109.185261731
257.398141104,109.185203943
257.307000554,109.174795339
257.148131291,109.148417485
257.021390819,109.123075851
256.880891198,109.089001088
256.670366403,108.980617583
256.481533347,108.86564356
255.873418082,108.610676558
255.185482423,108.644618595
254.325124515,108.771333044
252.886936524,109.01266462
252.016223839,109.245923709
250.789904246,109.490278209
250.056286636,109.454657354
249.302789825,109.282974895
248.008136265,108.937097399
247.120441806,108.654290427
245.666258044,108.01265474
244.685077036,107.79243368
243.857362602,107.631898463
242.790973652,107.369279346
241.961019569,107.083754833
240.646227809,106.732682361
239.631203961,106.53133303
238.585667677,106.434338894
236.945942328,106.43574315
235.883134901,106.530662672
234.357118136,106.69968153
233.377688001,106.837573306
232.350180382,106.989545648
230.339600259,107.074994143
228.846342416,107.125669074
226.972431383,107.35405268
225.939969976,107.527382955
224.988621216,107.693759678
223.491061534,107.869935623
222.4081248,107.937292507
220.813309028,107.596864953
219.463155916,107.462346098
217.675799291,107.511383897
214.594959957,107.668016248
212.796601188,107.820603122
211.262311407,107.955923136
209.314325295,108.178970863
208.102720148,108.199872057
206.407131396,108.041400913
205.382932134,107.757848425
204.408114001,107.256804789
203.097782232,106.310025399
202.231004538,105.746528634
201.0489367,105.365060962
200.293934181,105.270071178
199.635174708,105.258696841
198.701394738,105.315689159
198.182707313,105.396681795
197.676346138,105.430992181
197.566045402,105.349426077
197.482935027,105.197872026
197.542123103,104.887309897
197.714664679,104.606914268
198.220591938,104.23949488
198.691357469,103.973312798
199.151687056,103.745332687
200.179993447,103.49621613
201.115113909,103.255050074
202.995263374,102.704442121
204.448381728,102.003738071
205.978092999,101.260166995
208.41746912,100.183950563
210.11497692,99.4392768155
212.513760525,98.3792217342
213.96153078,97.7684389805
215.284462321,97.2693226053
216.80398609,96.6894872166
217.715138097,96.4467548906
218.517099385,96.3459610685
219.892151396,96.5539378894
221.110184665,96.7311204492
222.956230257,96.9619948836
224.10516615,97.0428335041
225.244764476,97.2053591397
226.844290585,97.6728642836
227.913389882,98.3124162196
229.898972504,100.261077223
231.628576832,101.644581554
233.677151056,102.807089576
237.352735571,103.938418559
240.158466436,104.163567203
244.269913772,103.723111269
246.906443197,103.53120658
249.331120443,103.432213661
252.657835606,103.463134619
254.734667551,103.569863812
257.877345169,103.760139531
259.959285484,104.075350437
262.11802533,104.499380031
265.365481614,105.077177751
267.579397696,105.420142747
270.731461062,105.799897901
272.609697747,105.902665202
274.213791626,105.9227255
276.502354312,106.218823833
277.819089321,106.378617291
279.440156883,106.757292039
280.534623033,107.003471108
281.636361621,107.449100267
283.493291077,108.355455661
284.678699616,109.050477493
285.688207242,109.743517357
287.069931235,110.64852528
287.808541677,111.041451806
288.787814392,111.422181086
289.263815504,111.551683802
289.699510373,111.617320422
289.836594299,112.238883061
289.255671938,112.679861977
288.194797626,112.673618111
287.649147629,112.60195368
287.003906539,112.416746349
285.977995586,111.903861804
