197.4963923,95.1197690356
200.231599937,95.2191249518
202.217965385,95.3925762132
202.941923919,95.6161207247
203.202603828,95.7456454865
203.248108987,95.8455538349
203.202515458,95.9304224525
203.065812386,95.9846535909
202.554401447,95.9975877092
202.344987079,95.9619043897
201.924254373,95.9862745857
201.6783887,95.9727502339
201.450522668,96.0058303117
200.96700432,96.0170076574
200.116914454,96.0610886012
199.126375357,96.0387074296
197.274832691,96.0835841658
194.335901161,96.0936918692
192.084869301,95.9729841164
189.821326156,95.7229335809
187.345496607,95.5006546557
183.584005781,95.1355374037
181.169073317,94.9317545699
177.752654452,94.8287412246
175.662136788,94.7279452824
173.747802106,94.6501050378
171.342249093,94.7537183214
169.934059075,94.9101752059
168.298935179,95.1956696931
167.505931467,95.3528252731
166.920621455,95.5838078049
166.485267573,95.8862643371
166.44765128,96.0804755194
166.39997738,96.2748713902
166.31816555,96.3860220115
166.22555378,96.452720384
165.868979964,96.5752295361
165.483978512,96.6874596262
164.838993893,96.8659659957
164.404558881,96.9754276385
163.974859175,97.1436276179
163.250158012,97.3020130263
162.782370451,97.292860191
162.251419936,97.4076230009
162.0878624,97.4285570551
162.00298857,97.5316834505
162.023530491,97.6479441337
162.120471531,97.7212045415
162.300464818,97.8069393469
162.373893166,97.8435529494
162.4063494,97.8801835671
162.418217059,97.9576934129
162.391264201,98.0220881357
162.363139976,98.1519450172
162.559795585,98.7347632384
162.741842945,99.208902268
163.042524211,100.052762373
163.357918223,100.770684133
164.102977219,102.017655207
164.798198336,102.793829483
165.445640414,103.184778739
166.450565563,103.749051414
167.168248235,103.989169707
168.220610821,104.425561082
168.792715614,104.381783551
169.285671758,104.309629974
169.48689186,104.2677314
169.488264988,104.238879515
169.461530231,104.21877603
169.376210271,104.201472319
169.265833684,104.194870608
169.101885362,104.220327431
169.006066032,104.263725238
168.82799253,104.413529891
168.737325224,104.453674525
168.672013332,104.444960715
168.533759026,104.384247884
168.424839358,104.350723395
168.278214384,104.277686629
167.956161491,104.185943123
167.595820641,104.140780006
166.697822877,103.983451339
165.779829637,103.934679605
164.69233335,103.77595214
162.27997681,103.026133892
160.482654432,102.461706576
157.760651953,101.778052074
155.909287291,101.234004072
154.015526206,100.699182641
151.454700161,99.8020441616
149.915606005,99.3735564988
147.326126623,98.653772998
145.221631978,98.0463847367
143.063701317,97.4389408983
139.917720355,96.595286465
137.989894051,96.0120952607
135.30316595,95.1979046079
133.693028768,94.4259598052
132.142516175,93.5250922744
129.869906068,92.8948259678
128.562467942,92.5764506165
126.911908583,92.5302207611
126.082623877,92.6981617439
125.460914518,92.8527645287
124.868499511,93.2013694086
124.631822086,93.5811686731
124.489149852,93.9273708068
124.354941645,94.1041240827
124.154916306,94.2578864595
123.822354588,94.2867633786
123.460880905,94.202406907
122.898918469,93.900671433
122.410714615,93.5496048619
121.889424571,93.2953096616
121.263242255,93.0646098437
121.019380895,93.012476756
120.791803465,93.1702031607
120.58948643,93.2484128511
120.38959754,93.3884357457
120.098989572,93.6742361463
119.977910823,93.7109317604
119.723800545,94.0118905651
119.604532589,94.1173362797
119.476615401,94.2340887986
119.276196302,94.3601175609
119.159436592,94.4462283572
118.967843621,94.5644101002
118.901295886,94.6262024528
118.833990749,94.671750918
118.722567531,94.6782926819
118.704823428,94.7019046053
118.685581715,94.7699252816
118.732899549,94.8288488241
118.876342565,94.8347634831
119.245602483,94.8532923816
119.445436873,94.7730274239
119.697927592,94.7526259195
119.992761025,94.7789245512
120.388373889,94.7911670239
121.469593204,94.9914475134
122.534875626,95.0778997199
124.328266091,95.1606065324
125.452744662,95.1468922435
126.432645116,95.0209988846
127.372350963,94.8220297648
127.79707726,94.612670317
127.915595674,94.5017868495
127.97085479,94.4558849832
128.007434055,94.3900213098
128.082641895,94.3377586461
128.21188235,94.3695408724
128.567700109,94.3487976382
128.976684975,94.2297389286
129.390951014,94.1649518891
129.896081585,94.1238430325
130.153984249,94.0842215182
130.592318422,94.0739703044
130.787547547,94.0915701055
130.974187491,94.1085907236
131.228089755,94.2126911136
131.325608453,94.2392379667
131.286703689,94.2690350362
130.850567004,94.499054023
130.448934925,94.6422342029
129.693252556,94.9343695496
129.025616646,95.1221290206
128.182369876,95.2946557314
126.611020995,95.6188550412
125.502866318,96.0104003392
123.923510374,96.4126498171
122.895878437,96.7922618279
121.776520777,97.0597841418
120.111253341,97.1120556219
118.956642994,97.0785184555
117.181838676,97.1113316756
115.964550601,97.2289517526
114.653658851,97.5188590318
112.298953575,98.2516055721
110.790898882,98.6428882951
108.571219405,99.323298887
107.427438903,99.6272470372
106.467275573,99.9681806578
105.220464766,100.185548668
104.404914932,100.290971823
103.203808214,100.512487644
102.452962852,100.593154575
101.761047905,100.597099605
100.651360178,100.67643103
99.8772366611,100.730047957
98.723614989,100.961401968
98.1262798737,101.111806245
97.4684514315,101.021276249
96.1162355213,100.950310888
95.1206568,100.829028807
93.6866548711,100.706318994
92.7596981824,100.65501746
91.8916801885,100.620658903
90.6338490553,100.374588466
89.8565826275,100.224926923
88.7266695324,100.089508255
88.0618132243,99.9216220825
87.3907175902,99.8366607113
86.5062185587,99.6135484992
85.858801917,99.5381960663
84.895397926,99.3444615905
84.2532796256,99.2222091875
83.66716478,99.2123728848
82.89550239,99.2429072497
82.5006997708,99.2788299217
82.2030934387,99.2392390522
82.1312655811,99.2353521684
82.045177531,99.2064811851
81.9704088426,99.1280122416
81.9436214414,99.0665421586
81.9712606527,99.0627789615
82.1734533218,99.0350484007
82.5616809655,98.8018917064
83.4398721121,98.7532817928
84.1620925342,98.7690340357
85.194756433,99.1467346822
85.6534518723,99.3471478617
85.875964253,99.615492703
86.1761663624,99.5567518562
86.4575740157,99.200313107
87.3534224312,99.0491425781
88.2088425946,99.1645823131
89.1515613705,99.2683761842
90.4177043934,99.4403216819
91.1962987259,99.2997065539
92.363386833,99.4236989453
93.1580324854,99.3013980103
93.7542033063,98.6593111094
94.2616494681,97.4882414308
94.9572848737,97.4690048119
96.5686895996,97.0908169956
97.7954979789,96.9140097732
98.9923343023,96.6921852042
100.457579732,96.3247355451
101.462305467,96.2234240833
102.940084818,95.9704138302
103.967611997,95.9020138443
104.697222773,95.3122150326
105.143581445,94.8643140886
105.710533967,94.9595160137
106.656274339,95.0350403217
108.145230807,95.4725967182
109.015006824,95.4002879875
110.148483186,95.3758347832
111.033885061,95.4449974005
111.980410468,95.4754220353
113.315377864,95.6864549658
114.052223623,95.8390247474
114.859344872,96.0549635233
115.273222626,96.284323775
115.695902645,96.3543568447
116.434961448,96.3573772582
116.979750868,96.4105425655
117.993835274,96.2522957034
118.704480451,96.1759323132
119.536614969,96.1501949609
121.037398297,95.9188370153
121.952486552,95.5218032576
122.779750777,95.3241098401
123.054306261,95.1797561762
123.068023269,95.1497855501
123.172388339,95.1575146753
123.345932769,95.1454651222
123.577249842,95.213416668
123.724602327,95.2661782584
123.848371912,95.3481640192
123.892082654,95.3955612562
123.878870019,95.5226729656
123.780109668,95.6069618582
123.732238891,95.6600462893
123.727973862,95.7027259941
123.69865157,95.8067886816
123.659941699,95.865147681
123.586464099,95.8752002846
123.58604019,95.8912272407
123.609281014,95.9269320486
123.589172774,96.0251902311
123.544972133,96.0348438723
123.462319343,95.9827027435
123.43737012,95.972357117
123.419252485,96.0093581235
123.357807636,96.0608595806
123.312047938,96.0965482219
123.28478817,96.1619995739
123.324387473,96.2695272707
123.411298841,96.3507966031
123.669404186,96.4762017779
123.729551858,96.4180640352
123.713728389,96.2852712988
123.696779204,96.2267639639
123.700146989,96.1613933165
123.825253282,96.0963935654
123.970222381,96.0414062482
124.138942808,96.0221368794
124.416588366,96.0186933226
124.582788684,95.9294641763
124.782846729,95.8448137063
124.889112645,95.7991637331
125.012723535,95.7621357946
125.045970713,95.7398349121
125.070693001,95.7569862334
125.152677774,95.8119557157
125.201325379,95.8957114055
125.245724126,95.9519803695
125.223398801,95.9848851696
125.196852745,96.0030900569
125.170714987,96.0338987554
125.154082886,96.065490999
125.134226488,96.1401205875
125.113990217,96.2081827432
125.090820122,96.2829922637
124.996626997,96.3670155683
124.902511775,96.3776288724
124.799689678,96.2950211149
124.766694948,96.2456968037
124.756303078,96.2255435179
124.782331077,96.269642003
124.753060481,96.2937308269
124.686175117,96.3466131462
124.559749332,96.3529638679
124.50556053,96.4017767827
124.43478992,96.4726327888
124.420549515,96.4800693081
124.397384191,96.4790840461
124.350694243,96.4829658508
124.33282547,96.4704979109
124.289995061,96.4232955128
124.077782735,96.0654838612
123.574720692,95.6914715565
123.432933125,95.7316531554
123.476072658,95.7491266637
123.682199007,95.8253753929
123.749621159,95.850619013
123.786433075,95.8662433508
123.769597187,95.8321862171
123.72483536,95.787758256
123.67258949,95.7679706914
123.619266328,95.7612649224
123.564491229,95.7682391245
123.520684804,95.7891927971
123.485648049,95.7972500172
123.418024226,95.8239521297
123.351378874,95.8466239123
123.282469404,95.8401874765
123.205823083,95.8761159641
123.17319521,95.8848487281
123.08587839,95.9404486671
123.020738349,95.9773596309
122.964254973,95.9547483236
122.885628978,95.8897964623
122.849998079,95.863310517
122.816670286,95.8679661655
122.768064624,95.8794062712
122.693050454,95.9332280636
122.570315404,95.9628874892
122.524225298,96.0018079987
122.470911458,96.041728287
122.44519921,96.0467369456
122.413640564,96.0381113954
122.365901288,96.0117983447
122.334468482,96.0066062479
122.323668095,95.9825906573
122.313004864,95.9664711003
122.289352812,95.9688529365
122.20326936,95.9745234462
122.160167507,95.9535936141
122.123333486,95.8822314022
122.101244402,95.8793370294
122.078389244,95.8969902615
122.019229734,95.9491370508
121.930481117,95.96314499
121.818457914,96.0070803736
121.760338564,96.0060084596
121.724195642,96.0052637233
121.68843104,95.983478814
121.644234846,95.9536875138
121.574312387,95.9405102827
121.528641792,95.9424343352
121.486712533,95.9496674527
121.468908047,95.9331410811
121.447209617,95.9057705467
121.422777255,95.9004994388
121.409752763,95.8996670342
121.378759312,95.9556172671
121.364710784,95.9894994851
121.389076729,95.9600774546
121.49073345,95.969362318
121.545792429,95.9704044769
121.583312562,95.9039074638
121.592249708,95.8881963524
121.592204256,95.9211414306
121.52753008,96.0243952269
121.46027735,96.0965745054
121.377527557,96.1677768459
121.270748045,96.2349482443
121.224886177,96.2471242311
121.070068298,96.1712049882
120.906096989,96.0927329849
120.759878366,96.0377613323
120.644949678,95.9755957397
120.604151479,95.9627446307
120.60213946,96.0199214116
120.590044352,96.0486812355
120.528242622,96.0283248154
120.185661758,95.9782932431
119.913529043,95.9930839876
119.667669044,95.9680999702
119.36103872,95.9815896947
119.226277931,96.0339219007
119.052819687,96.0364964217
118.911663281,96.0175596254
118.635922458,95.9282243666
118.078603708,95.8472683906
117.667161666,95.8321380451
117.163099872,95.8746003594
116.871659268,95.8921583426
116.576622038,95.9306604311
115.995547633,96.0347849609
115.614533009,96.1024417754
114.96192197,96.210937572
114.537588685,96.308686797
114.054177377,96.2943952378
113.241200789,96.4243870542
112.745012378,96.5327791271
111.966458483,96.6763456575
111.472200841,96.8478523187
111.065154032,97.0106757209
110.596292183,97.2014873037
110.270163544,97.4395636258
109.632068298,97.6370222689
108.942145204,97.7876797597
108.023818647,97.9047621979
106.587060917,98.0025214609
105.83422714,98.0829204551
105.114999207,98.2842296457
104.829690977,98.4132742251
104.417343387,98.6571427967
103.395617104,98.7397631769
102.550625601,98.6843666053
101.329266749,98.4789850703
100.57542963,98.4059179547
99.8948642348,98.3183026525
98.885549201,98.0886246473
98.1557580125,98.070521215
96.9443670303,98.0693506999
96.1792318264,98.0247086273
95.4444709826,98.0691100887
94.471007748,97.9554704293
93.8671168215,97.8912195613
93.0627124443,97.9231737433
92.5780551752,97.9510996909
92.0999465598,98.0302504185
91.3340736006,98.224401804
90.7828283872,98.2550092853
90.0161891038,98.1953719933
89.5995880934,98.2568852059
89.2717444677,98.3152729261
88.8471983947,98.1666689929
88.5307889657,98.1539246439
88.1013462218,98.2519261724
87.8122245151,98.2830560215
87.5096089093,98.2957909219
87.0923568217,98.4259591095
86.8300038791,98.4125950921
86.4838382491,98.4668322616
86.2638216382,98.4958859597
86.0853783951,98.5230717484
85.7005781918,98.5844901046
85.442474522,98.6047293741
85.091386968,98.6433463954
84.9410721573,98.6470013355
84.8696749743,98.6555371708
84.778898822,98.7375238703
84.6497144222,98.9211253159
84.2126257519,99.258147966
83.359353272,99.5453269752
82.8800154273,99.7472096358
82.366099995,100.013480047
82.2357243821,100.101219499
82.0456222425,100.209211348
81.7928016492,100.301795206
81.5834652518,100.368305263
81.446757146,100.303586817
81.443027436,100.238350729
81.4560129503,100.178270343
81.4552317619,100.167559234
81.4152757382,100.159375298
81.3133241191,100.158667435
81.2261306965,100.144014508
81.1933015653,100.138792143
81.0699015514,100.188867886
80.9451818289,100.1569114
80.8529987363,100.156658175
80.7156301145,100.236572271
80.6460980632,100.260924894
80.5242933724,100.248500696
80.4397945388,100.221095804
80.2486272444,100.046371242
80.1652072496,99.9615809702
80.1619443054,99.8941122463
80.2344245798,99.8831655192
80.3228745887,99.8912427489
80.3548086384,99.8703831508
80.315077806,99.8112417135
80.2786248073,99.7251743779
80.3077847419,99.7434501596
80.3751893511,99.8086228051
80.4529437678,99.8733192317
80.4704589845,99.8735305294
80.4622882453,99.8401380916
80.4343843281,99.8172414437
80.4343620973,99.8470086108
80.4261219237,99.893370833
80.3930713896,99.9425628308
80.3592925356,100.009445745
80.3458471717,100.091995383
80.355346648,100.126194469
80.378526679,100.151513996
80.3898541399,100.159513666
80.408635371,100.163104054
80.4314992112,100.197787535
80.4475797363,100.204917574
80.4507367579,100.224009917
80.4788860414,100.236800202
80.5062253511,100.230852738
80.5719329842,100.161689806
80.6475951154,100.042093699
80.7390288766,99.9564684837
80.7852069894,99.9698497176
80.8162997067,100.019400311
80.8343269551,100.07662847
80.8337163522,100.165342313
80.833043293,100.189993992
80.8322099946,100.201068041
80.8601690161,100.209067783
80.9601973888,100.194091506
81.0307819985,100.163516596
81.1504323125,100.112951097
81.2577406876,100.060423614
81.3794532348,100.027751286
81.6375589558,99.9306722466
81.8203943175,99.878817342
82.2215242729,99.8231536763
82.5183157163,99.7254525752
82.8222693012,99.6284390225
83.3079939122,99.5540633947
83.7119932368,99.4259556283
84.2773052265,99.1874997781
84.6092035874,99.0796685535
85.0364518846,98.9723677098
85.744387249,98.7475113332
86.3053744861,98.6288703385
87.0114930449,98.4973341582
87.4707393459,98.4340763329
87.968246037,98.4035483254
88.6406039142,98.4020337292
89.1052361325,98.3546866114
89.7589620652,98.2225009671
90.1924553457,98.1431022413
90.5728094962,98.1315712029
91.1949351133,98.0363582646
91.5736821894,97.9586351719
92.1716232523,97.9489169638
92.4205250039,97.9872250221
92.6746491873,97.989392413
92.9725336234,98.036711262
93.1749957747,98.093586449
93.4041117386,98.1215415958
93.5533030942,98.1621749667
93.661038379,98.1613734332
93.8231641983,98.1706632503
93.9060290474,98.194951886
93.965091517,98.2215544823
93.9712023772,98.2191181563
93.9772115975,98.205344897
93.9838082623,98.179009903
93.9518610776,98.1856125157
93.9022298416,98.2093754415
93.8843717114,98.1862150269
93.890656655,98.1503121731
93.9158242078,98.1398326255
93.9449850116,98.1140594422
93.9576087742,98.0736517073
93.9700806633,98.0090814956
94.0197416651,97.9715957248
94.0945475906,97.9329466371
94.1391693884,97.9057759645
94.1808601152,97.8278341149
94.173642705,97.695584747
94.157723931,97.5862782097
94.2099251102,97.4835481543
94.2883508415,97.4413860614
94.3955535918,97.4284587966
94.4545903981,97.4154571344
94.4994345356,97.4099630818
94.5722144967,97.3928260716
94.6537736076,97.344871225
94.7603063737,97.325809021
94.9006901097,97.2721011442
94.9813327615,97.2214100832
95.1748374756,97.1507556397
95.4177045304,97.0856244676
95.7148581949,96.9787969333
96.2111335068,96.805548248
96.6609765081,96.6118598843
97.2693923115,96.336703372
97.7123717941,96.2011343485
98.1545422769,96.0596419475
98.8524735971,95.8357919108
99.2800204156,95.6333032485
99.9934957341,95.3100688612
100.439770033,95.1500549282
100.879764995,95.0013598944
101.416891201,94.7451388193
101.67753244,94.6476359068
101.950827881,94.5751846594
102.107353575,94.5488842891
102.264552352,94.5399826235
102.466433961,94.5885739048
102.601263948,94.5732360089
102.796105949,94.5671293515
102.888329708,94.5668272181
102.953050477,94.5550184816
102.997156352,94.5641208626
102.990169312,94.5810858322
102.957668523,94.618414657
102.921111386,94.6297375499
102.891916976,94.6389866454
102.916633353,94.5612321976
102.950319915,94.5254521042
103.04604903,94.2955832234
103.124850262,94.1291650449
103.203907397,93.9937292192
103.352911038,93.8479022939
103.44234595,93.7802931585
103.499386849,93.6939882196
103.511394149,93.6253567987
103.54184909,93.566307539
103.577110135,93.4362785968
103.621144911,93.3614143705
103.765200567,93.2946821556
103.856227798,93.2572207636
103.958896534,93.2449819206
104.039405972,93.1917925344
104.077015235,93.1650559602
104.089802588,93.1677788695
104.08180582,93.1623368872
104.076729098,93.122562204
104.116445682,93.0872966635
104.16016188,93.0688774975
104.196436609,93.0884028714
104.193634261,93.0902331119
104.185192243,93.1015026583
104.19098393,93.1217661632
104.208697747,93.1352110533
104.248603687,93.0956985905
104.283882725,93.0469271486
104.311597459,92.9972713987
104.356616547,92.9183591486
104.395727637,92.8851951203
104.44914557,92.8602262704
104.484049138,92.8284286768
104.511502665,92.8291542327
104.531793483,92.6971428539
104.551594909,92.5519646643
104.564306973,92.4463872096
104.572536328,92.3437470433
104.560839504,92.3335440224
104.476673423,93.0834715241
104.398186623,93.4663809353
104.382164542,93.3831438126
104.295440213,93.1724803382
104.3808693,92.8853413312
104.683860896,92.5715698675
104.941338726,92.5317105429
105.215401523,92.4757162809
105.481047581,92.4013232392
105.661743867,92.3060666867
106.084002047,92.1317691943
106.450025804,91.9727259644
106.833709157,91.8244716501
107.349900119,91.549564244
107.792242385,91.3689114857
108.525390918,91.0939702032
109.000325968,90.9781899239
109.345931927,91.185409058
109.872881015,91.4817976834
110.296342651,91.542759239
110.833122527,91.208384459
111.237241283,90.9602383456
111.585606167,90.750154639
112.167177095,90.6416323277
112.409925182,90.6280429514
112.92067541,90.6468750831
113.278405971,90.6006182602
113.7220455,90.6027501302
114.297407389,90.4717020007
114.716984903,90.4198189193
115.394109109,90.338993853
115.902284265,90.3443739823
116.298728085,90.3598343658
116.712945481,90.376585432
116.944242155,90.298459752
117.358402298,90.4125744423
117.606662331,90.5058928058
117.815446007,90.6476488444
118.003111801,90.7330688828
118.066109409,90.7618683015
118.177922408,90.7587062036
118.302215516,90.7710729186
118.380077965,90.7657526931
118.465860194,90.7802301882
118.520474252,90.7255247357
118.5945533,90.5611554064
118.670622818,90.4869032519
118.736443882,90.4533190363
118.779010336,90.4554660615
118.797962124,90.488374882
118.770555355,90.5162506401
118.753349506,90.529124944
118.779319803,90.5236129502
118.869825726,90.3790832396
118.954683499,90.2316516686
119.10868235,89.9873369646
119.244135398,89.8236851429
119.396454046,89.691199145
119.648824574,89.4849011376
119.698859858,89.2717947383
119.767719335,88.7043087117
119.932493139,88.2859378685
120.319286846,88.0083749741
121.097764378,87.7412034942
121.539412806,87.593646595
122.074809827,87.3514750133
122.170660098,87.2834781713
122.212247139,87.1277387735
122.251750697,86.8472639902
122.250561642,86.6946294993
122.242698123,86.4445443392
122.259279717,86.3095169174
122.266421006,86.110346144
122.313082613,85.9780354784
122.367299889,85.8845034324
122.455133,85.8456633433
122.503933851,85.7397147577
122.51248068,85.669506041
122.477485996,85.5965242889
122.459229834,85.578284964
122.450536867,85.5595609544
122.412578712,85.5151031902
122.397083571,85.4976902049
122.392381403,85.3930356215
122.433540005,85.3285354006
122.538553975,85.1533010032
122.591618345,85.0659368244
122.64647428,84.9879674303
122.712207785,84.8325047313
122.766137997,84.7347529252
122.822510855,84.6248659066
122.899543697,84.5083572068
122.974436323,84.3287436047
123.123955145,84.1360562577
123.312706851,84.0772382689
123.524172125,83.9821435672
123.862254907,83.9521546555
124.016921196,83.8103930605
124.220351919,83.6183652661
124.370984147,83.3988764696
124.488906139,83.187939722
124.62784935,82.8367751211
124.713499749,82.7285870645
124.859486731,82.6377877246
125.315657054,82.6678386361
125.855754573,82.6360624974
126.456229018,82.5484044559
126.604279473,82.4113621216
126.705608537,82.1635152691
126.785666863,82.0029705845
126.915757674,81.8860462599
127.182298419,81.914552104
127.668709813,82.0878024103
128.715739016,82.8849795724
129.500659467,82.8790834811
130.220207876,82.8740855011
130.907623038,82.5392159058
131.119679616,82.2833526816
131.472130734,82.0362890854
131.694437401,81.9481743782
132.247838867,82.0116505397
133.36740364,82.202358293
133.994730667,82.1045232477
134.751077107,82.004400883
134.950062155,81.6408118949
135.114038518,81.4634584703
135.313824352,81.24894718
135.419546574,81.1896709076
135.631636303,81.0450502439
135.797307444,81.0108353767
135.952034815,81.032974102
136.367893258,81.0516887098
136.653840943,80.8584914278
136.972342576,80.4375425256
137.020726983,80.0802268684
137.010097963,79.743387081
137.045277174,79.2275904369
137.039628261,78.975365489
137.051020712,78.7101897919
137.07143969,78.5267444983
137.081759238,78.3145037062
137.100597565,78.1443520637
137.111710042,78.0490352711
137.129850956,77.8887720941
137.139916501,77.8051876006
137.171252267,77.7215834973
137.209365652,77.5773863942
137.279369896,77.4687726669
137.38240912,77.3413254255
137.474297185,77.1966012372
137.494184967,76.982995334
137.530301765,76.6679606486
137.562918091,76.4562354441
137.647010074,76.3188586728
137.740949622,76.2031713515
137.804956452,76.134207931
137.912718633,75.9329201661
137.939608362,75.8409035288
137.964408434,75.800919284
138.040588926,75.7056736583
138.105869411,75.6553600467
138.366279454,75.5649613231
138.591314908,75.5174493281
138.857922197,75.4581957462
139.131514643,75.3023475509
139.281815245,75.2063183664
139.531895072,75.026076476
139.666366653,74.932412168
139.914184147,74.7738610673
140.367420672,74.5954249034
140.645659078,74.4928710992
141.154197858,74.2017420625
141.49598887,74.0600127976
142.074650758,73.7878927255
142.445642408,73.6727428493
142.813055107,73.4972453939
143.078789046,73.4012541051
143.218716717,73.3746849429
143.328773745,73.3226985048
143.427399992,73.3043212585
143.588879076,73.2324477068
143.838453033,73.1950619568
144.012844529,73.150385276
144.179993971,73.1144476454
144.439979306,73.0645767646
144.570586565,73.0103516148
144.750829748,72.9664566512
144.943591118,72.8467139495
145.110508209,72.8069719174
145.399663491,72.8197532335
145.574581841,72.856610809
145.777999308,72.9071040076
145.900366786,72.9467324165
146.079213588,72.9934414367
146.385329135,72.962242458
146.674053513,72.9743875992
147.208711691,72.9759746341
147.692154988,73.0098376427
148.02183569,73.007115636
148.638021984,73.0946037094
149.093281231,73.1504418744
149.949682393,73.3074029153
150.555206135,73.3669865795
151.196929989,73.3513824865
152.153847151,73.6157877447
152.668649384,73.7850550686
153.330380027,74.0427274222
153.626102128,74.326315595
153.828942384,74.5845704027
154.019387795,74.8536758291
154.153760176,75.0769062351
154.313101244,75.4604103356
154.30294527,75.6516017402
154.232637113,75.7945355245
154.156453404,76.2366349097
154.120623593,76.3994506984
153.851743503,76.5268452682
152.97239995,76.4244927351
152.132822976,76.3743371622
151.701262702,76.1522927633
151.859540631,76.2503734169
152.116546644,76.30356147
152.277322779,76.2393629727
152.436931877,76.2003681511
152.690784635,76.2544514155
152.807920464,76.2894805899
153.068264598,76.4378491325
153.37712549,76.5373005066
153.894793796,76.6872155775
154.785762372,76.814789848
155.408757713,76.9038164363
156.399420167,77.0190759576
157.080626915,77.0582832721
157.728740758,77.2720184791
158.48298923,77.4829762574
158.977874761,77.6547915915
159.582614222,78.0416727983
159.966281227,78.2125755413
160.311426668,78.3411524553
160.905590729,78.4521936234
161.315979982,78.5364721895
161.90736625,78.7360691264
162.197845205,78.8406422398
162.292589015,78.8239614688
162.333498682,78.8428214964
162.359939707,78.7174449523
162.4362064,78.528537824
162.534712752,78.5251946068
162.649870008,78.5011624673
162.85606045,78.5355977017
162.97665778,78.630148627
163.059323966,78.609551138
163.20297824,78.5948079349
163.32676607,78.5861749409
163.575442477,78.6110625018
163.770766844,78.6312373308
164.034645447,78.6050872059
164.20624002,78.5987114429
164.367074544,78.61922773
164.702126865,78.5720268088
164.871086215,78.5774017465
165.1913908,78.5178825514
165.353832396,78.5000298439
165.590145107,78.5167427337
165.838189329,78.5177153857
165.974370749,78.5343120215
166.085285624,78.5417048538
166.215742982,78.5530081191
166.262171636,78.5658208073
166.313305226,78.5145566075
166.333400016,78.5168160034
166.395737252,78.539916423
166.456092216,78.5505804636
166.547530261,78.55876836
166.697524687,78.6033659813
166.796348417,78.5991906977
166.897552143,78.6176561069
166.966879757,78.6243055228
166.987773439,78.5654703941
166.958382502,78.5006713116
166.947671391,78.4823162702
166.928245278,78.4923415872
166.921398504,78.5050684734
166.933511486,78.5355574037
166.947808737,78.5434892044
166.941737922,78.5846479549
166.920401701,78.6025605731
166.879005123,78.5863330061
166.870013451,78.6011232747
166.865381125,78.6470574323
166.856324205,78.6749980623
166.836725754,78.7144550317
166.782765023,78.7664039218
166.721778195,78.7864618074
166.677620347,78.7941423166
166.664073563,78.7858867867
166.647389671,78.7761073457
166.64832249,78.7729165774
166.644274029,78.7490217503
166.643590809,78.7163440502
166.653979611,78.6762169481
166.658666152,78.6369905504
166.661399487,78.6068110502
166.655942588,78.6133407658
166.628591113,78.6208491288
166.604341602,78.5872850895
166.604735426,78.5883934685
166.620476944,78.6265930786
166.626001679,78.65501791
166.600402305,78.7088829268
166.582041163,78.7370336922
166.568054793,78.7387606088
166.576733032,78.7507875483
166.597301224,78.7183622332
166.620559962,78.6615582203
166.63314228,78.614857919
166.647020706,78.5857587524
166.680851488,78.5690157577
166.714357314,78.5506964464
166.742856389,78.5444655643
166.741186741,78.5366147432
166.710438127,78.532477978
166.659250191,78.5349265432
166.615709062,78.4865507657
166.601920953,78.4453654246
166.622951117,78.4535921109
166.645505074,78.4791081055
166.653359016,78.5296513206
166.636000335,78.5594716952
166.610035877,78.5677483858
166.602474421,78.585959967
166.61511934,78.5858750248
166.641432133,78.5330589461
166.657939549,78.5026803738
166.668734282,78.4731758641
166.670027778,78.4890208966
166.676956431,78.4950677218
166.698448695,78.4566837153
166.723089051,78.4115355808
166.753949809,78.3438008409
166.753014374,78.317186709
166.762273849,78.2485087843
166.810441733,78.1615577361
166.866141477,78.1353373102
166.953114821,78.1039085491
166.995964761,78.0778357999
167.046991544,78.0560118413
167.155180813,78.0006717627
167.318456927,77.9133285367
167.607497277,77.7967518743
167.837782245,77.6758715887
168.02161515,77.6137723936
168.279193282,77.5074451197
168.396785797,77.4618360657
168.577260963,77.4366245506
168.717054161,77.3888866597
168.868827653,77.3609142613
169.262797291,77.3804076303
169.710352492,77.4086682229
170.464896956,77.3861990562
171.097214132,77.4186981037
171.807801096,77.4773673152
172.795763681,77.481354447
173.414921302,77.4402654698
174.090530291,77.4686742957
175.096781914,77.4987379751
175.770292434,77.6558413144
176.843193602,78.0210303727
177.553916512,78.1230285536
178.174053748,78.1191870334
179.218690599,78.1394184416
179.936739345,78.1546349496
181.19943732,78.2050753167
182.047429103,78.2809408631
182.898558,78.2725003973
184.243390851,78.4416092455
185.134299738,78.6017968727
186.388670794,78.8459322895
187.182320497,79.0487380467
187.970311655,79.3118516284
189.00404634,79.6403296994
189.650579209,79.7408628907
190.456357643,79.8793464363
190.980026534,79.8403215734
191.479997877,79.8945095914
192.17206153,79.9206771554
192.623645021,79.9232253663
193.298891891,79.903039785
193.649364161,79.8419762083
194.002093763,79.8432257238
194.285266785,79.8952660426
194.48534755,79.911570672
194.718809154,79.9156324257
194.888401011,79.8764130491
194.982893606,79.8414314223
195.175326872,79.7696465029
195.311028001,79.7396285733
195.453467122,79.769267146
195.542357326,79.8133033283
195.607624117,79.8310343322
195.719953216,79.8753233685
195.819194958,79.9198417573
195.95093625,79.989786851
196.038247373,79.9987310332
196.111236347,79.9874234614
196.1554437,79.918848511
196.180778869,79.8705002814
196.210127311,79.8357535923
196.225373733,79.8156877339
196.237522946,79.7979873787
196.259056015,79.7886918147
196.260492728,79.8067320255
196.242179712,79.8367908772
196.213905997,79.8665006368
196.178806632,79.9061225223
196.094152559,79.935936935
196.017930797,79.9381356797
195.935496324,79.9649938889
195.930266715,79.939941723
195.969353142,79.9158301729
196.104422465,79.9105708334
196.179604165,79.8972034653
196.309051076,79.8671628607
196.455003507,79.8348941026
196.788583893,79.8318203479
197.671801142,79.8928895033
198.251242356,79.9919822592
198.993092087,80.0923932598
199.469298259,80.1507745019
199.828388408,80.1974175471
200.315598213,80.0288769115
200.582873731,79.8495360866
201.17714034,79.643801864
201.616260586,79.5684591234
202.117379444,79.504105249
203.010801671,79.441588794
203.694415251,79.3515453066
204.75862862,79.3160200955
205.502381487,79.2882991467
206.274933309,79.2352580945
207.259128501,79.0441779593
207.831391974,78.9301124042
208.364923722,78.8646579124
209.131124754,78.7782088666
209.615472799,78.7369821368
210.37109914,78.7009820952
210.829798045,78.6328935255
211.495619004,78.5927042657
211.927520781,78.4619502589
212.377674488,78.4491510554
213.057204251,78.5343286705
213.485437094,78.5495889265
213.927860838,78.5503675239
214.50510179,78.586180412
214.859316681,78.549555005
215.394883088,78.5828629166
215.690111589,78.6160790502
216.103855429,78.6207969459
216.740898032,78.5813391371
217.128742667,78.539956331
217.870811924,78.4932120694
218.335653438,78.2829807721
218.824453925,77.8724593504
219.678159798,77.6052305423
220.236286497,77.4336063809
221.140078214,77.3352725003
221.785965912,77.2294056932
222.41104776,77.2239515468
223.279748001,77.2463899294
223.787573331,77.2264553159
224.445024707,77.1793930975
224.888595698,77.2390543899
225.326613227,77.2035570584
226.025307182,77.2173915176
226.491992162,77.1978731813
227.056705796,77.0871764529
227.302725885,77.0244157219
227.397816084,76.9773717286
227.57983534,76.8807678301
227.684727571,76.8715912984
227.859296301,76.9403077641
227.959808384,77.0390632054
228.016578054,77.1135054686
228.097606575,77.2506778917
228.113047416,77.2961258471
228.151754481,77.3908694714
228.156260129,77.454889365
228.193032352,77.4905671913
228.292478783,77.5876304786
228.352996883,77.6355362127
228.426843832,77.7135842889
228.447433011,77.815258378
228.475730088,77.9270796936
228.509957211,78.1298727013
228.522024683,78.1913333458
228.527752086,78.2533325456
228.53034961,78.2879940522
228.520080298,78.299477459
228.49144283,78.27135736
228.490299436,78.268021533
228.513723235,78.2420418896
228.565008073,78.2129355313
228.607274482,78.1669274057
228.665855979,78.1679770644
228.709239094,78.1940004468
228.740070962,78.2450445127
228.758374289,78.3108587259
228.804029203,78.3842754563
228.872903422,78.4841204378
228.919056997,78.557228313
228.953257284,78.6325755649
228.962155052,78.6702924831
229.022129202,78.6817334436
229.171015731,78.6715360016
229.24747969,78.6786162602
229.342172968,78.685977735
229.37951762,78.7157153088
229.397378564,78.7511107089
229.428628354,78.7957274541
229.427478964,78.8348480527
229.429425985,78.8606611381
229.467893953,78.8753621585
229.505017102,78.931131968
229.542759993,78.9868099849
229.558371747,79.0036406322
229.574065018,79.034194152
229.584619843,79.0388088109
229.589781082,79.0390318903
229.605785506,79.0573646261
229.622285643,79.045682463
229.639298053,79.0098717466
229.675431514,78.9126642827
229.70109666,78.8722776162
229.722099603,78.8395042103
229.722762261,78.8275064506
229.71838526,78.811629373
229.736703473,78.8084085668
229.748181676,78.8093148491
229.719414501,78.8056834722
229.696163943,78.784192699
229.690889558,78.8047918435
229.686340484,78.8412640306
229.674351136,78.8595927285
229.655341651,78.8832365578
229.629353552,78.9132772917
229.603767294,78.9218728759
229.571252616,78.9695890044
229.570506658,79.0014372645
229.568052727,79.0129474642
229.565179861,78.9771407366
229.579921518,78.9272603336
229.59751914,78.895364451
229.607662427,78.8893692507
229.592624221,78.8550815202
229.586285899,78.822316197
229.576307475,78.8039283551
229.57337109,78.7973901356
229.572049123,78.7992642374
229.55930777,78.8039951731
229.561216192,78.8710000218
229.560231853,78.9235085256
229.54869437,78.9978678134
229.534136968,79.0379928366
229.506123428,79.0758258503
229.483850108,79.0875599384
229.462022463,79.1238019689
229.453947921,79.1445690095
229.456088963,79.1471070609
229.46999572,79.1248613982
229.474089235,79.1133086684
229.470410644,79.1176146242
229.448023826,79.1495978982
229.434316757,79.1617487069
229.416824101,79.1719937314
229.414052515,79.1905967383
229.399374402,79.2312630151
229.343190263,79.2413547661
229.319077196,79.2520026073
229.285764081,79.3074261982
229.254513753,79.3232483276
229.221140079,79.3194365481
229.204987598,79.3308911885
229.199352364,79.3087858361
229.198289748,79.2871928017
229.199414304,79.2746841439
229.20792501,79.2489191001
229.224912325,79.1964462346
229.224293284,79.1608828245
229.239923586,79.1052867734
229.240883979,79.0850112523
229.240941084,79.0683412184
229.247303794,79.0572186838
229.249199369,79.0862909063
229.258486408,79.1200082349
229.260862981,79.1428261293
229.267554736,79.1448328089
229.251137522,79.1971994151
229.225045367,79.2272187381
229.182180761,79.2484546972
229.173371736,79.2566154502
229.172358014,79.261708993
229.180142877,79.2285248249
229.197799271,79.2204028359
229.241665346,79.1966267473
229.266568268,79.1738446876
229.276796915,79.1441451232
229.270981722,79.0941908983
229.263905356,79.073327418
229.261018821,79.0387000082
229.263872832,79.0216273258
229.267439588,79.0203710929
229.273318064,78.9975302035
229.274000255,78.9865917189
229.270766257,78.9621865258
229.277352862,78.9543233055
229.290551447,78.9925246296
229.316740644,79.033805885
229.341460689,79.0383059017
229.420804864,79.06583636
229.4836864,79.0347862629
229.542941584,79.0312055368
229.641015565,79.0290828777
229.703194021,78.9861958606
229.782506296,78.9300636365
229.972910033,78.7868057598
230.156087413,78.7242846953
230.340409215,78.7298445224
230.413224664,78.7359091857
230.479119987,78.7400094564
230.522155286,78.7265338005
230.535796361,78.723360343
230.554154382,78.7494410263
230.601098333,78.8422087761
230.645738633,78.8983842241
230.707291201,78.9624193921
230.773440607,79.0086681627
230.867884951,79.0351571837
230.95719675,79.0378228693
231.070729947,79.0866908296
231.211241659,79.1750604106
231.281889654,79.19674675
231.416778349,79.1983925728
231.50518075,79.2332044983
231.578840844,79.2699035328
231.685284,79.3203619288
231.782362343,79.3498702573
231.980855634,79.340010066
232.161097093,79.3298647199
232.329511078,79.2813122904
232.710988422,79.2204326925
232.961707539,79.244329414
233.179844605,79.2616248136
233.282224217,79.2768351737
233.344126373,79.3124452934
233.397697749,79.3155972876
233.405891781,79.328376232
233.421623528,79.3279068178
233.425202242,79.3090102784
233.42136481,79.2885178827
233.40964953,79.2480373738
233.432710081,79.2225782579
233.515248414,79.1823738439
233.662012766,79.1185329254
233.874152204,79.0529980832
234.526611785,78.7091413302
235.075378015,78.3725672434
236.13874273,78.0887174431
236.984061679,77.983928133
237.913795897,77.8140055095
239.525545823,77.3383571046
240.686010677,76.7720349325
242.130843446,75.5352763566
242.778780131,74.7702252303
243.208972863,74.1539028462
243.742072601,73.2711720296
244.093895956,72.7076201984
244.671142267,71.9809161478
245.071946686,71.676331411
245.442841713,71.423305073
245.826067033,71.3605889428
246.008138026,71.3278506589
246.344771535,71.2641464332
246.647025535,71.2239969896
246.908909552,71.2471314237
247.342959847,71.2904991948
247.795344787,71.3647903315
248.655212827,71.5812699882
249.254635179,71.7537445071
249.726476442,71.7550141234
250.312663058,71.7140931386
250.741215701,71.7887444898
251.219054465,71.9023079406
252.004845986,71.8316303084
252.631776905,71.7577244844
253.706038637,71.7946932639
254.515206281,71.726649162
255.534056963,71.6819573464
257.384674365,71.4337815575
259.033430832,71.4513023917
262.082316006,71.6232393422
264.410772729,71.7435993714
268.111145565,72.0023703808
270.366972366,71.9773200756
272.506536478,71.9793923185
275.441579813,71.9165341511
277.176606542,71.9311896629
279.406676288,72.0482420286
280.657677887,72.1511763631
281.66040304,72.3600879015
282.810331582,72.7893365696
283.215774409,73.1016901651
283.451522458,73.5043916472
283.841839333,74.2142708004
284.022745226,74.636844652
284.419398517,75.1695279131
284.532634644,75.3724232578
284.794128197,75.5723152921
285.042859961,75.5716021326
285.238172441,75.6883657711
285.409302481,75.7679201398
285.493820868,75.7056429127
285.562291791,75.6282918385
285.718582608,75.4656262089
285.853029979,75.3393967807
286.172202683,75.2349040344
286.397770219,75.234710573
286.706553382,75.2170917043
287.329368071,75.2401515333
287.776758109,75.2795374801
288.165588767,75.3636749753
288.345802282,75.3703364661
288.434316319,75.3943473703
288.507970302,75.3864000706
288.55898405,75.4030366256
288.704196559,75.3854211717
288.847262459,75.4000708196
289.115207286,75.4601722427
289.479266787,75.4840823165
289.802873794,75.5277711247
290.365845666,75.6037457594
290.998341704,75.4174303835
291.807333667,75.3241282435
293.400444335,74.9474374557
294.84978184,75.064146106
296.602052442,74.8887614902
297.924651785,74.3268209982
299.668349433,73.7507650622
302.290292758,73.2825092605
303.796854034,73.3837985474
305.541899608,73.3531544377
306.872417454,73.5019529845
308.138624331,73.2785677504
310.572022494,72.7733512345
312.143720448,72.6201973847
313.83635429,72.1262617706
314.457940115,72.0946028899
315.082710088,72.104288253
316.016490589,72.3950098508
316.807931755,72.4734789257
317.762595423,72.7691025599
318.577525275,72.6354952269
319.333216253,72.3476585054
320.870022496,72.4613348376
322.004361115,72.9942595352
324.133332337,73.4241620526
325.491905682,73.4928202942
326.606982817,73.4915359266
327.916429803,73.5620144697
328.427440681,73.4237638165
328.533716942,73.4645970611
328.342732127,73.4418604595
327.651815247,73.3051926984
326.91525089,73.1249951331
326.543429336,73.0662044011
326.451201146,72.9123035652
326.240642466,72.8766289131
326.040524138,72.8860346743
325.036565598,73.1771688341
323.970225331,73.3436810186
321.583049513,73.2940263337
320.067117883,73.1842126241
318.229518311,72.6830582238
314.681235768,72.3507053881
311.482988081,72.5007828643
305.422860088,72.8951004524
300.987277792,73.4085141383
296.398384768,73.3445586425
289.992667752,73.6898168356
285.569253522,74.2789161654
278.770234402,75.2716570167
273.231579697,75.7239740235
267.201633573,75.8796794591
257.794229316,76.6114760112
250.937990259,77.0655860987
239.695311438,77.7525756284
231.604336209,78.5780481673
223.315292179,78.7422440054
210.972105503,78.9149474829
203.079269187,78.7516674115
195.561577384,78.587680944
184.988924116,77.9293738207
178.47459911,77.5724106313
169.565693748,75.7788324363
164.162516807,74.9950394519
159.406030325,74.8228555056
153.391574487,74.3017338655
149.599094131,74.3012647478
144.285433828,73.5140601997
140.832843363,73.8025848815
137.422529684,73.4036851394
132.01380015,73.6513976781
127.840614959,73.9850935085
121.155582507,73.943751272
117.169886931,74.4353551289
113.648808939,74.7364271045
109.39583051,75.2345972089
107.057328697,75.2366719329
103.749269631,74.6859215095
101.120144738,74.6613650824
98.445735089,74.443462001
95.8065892363,74.5760675386
92.0841298404,74.7616929336
88.5990775817,75.0852960618
86.3842154715,75.4025530237
84.4456345028,75.605088788
82.4447424677,75.7554804694
81.4999709564,75.4399188541
80.2749663016,74.9602004004
79.5958630088,74.443161245
79.1403640953,74.0823214163
78.5036635084,73.1846048836
77.9491399634,72.8146973353
77.1545818877,71.8990575165
76.5235882888,71.8758914608
76.0078209532,71.6413879606
75.6610839795,71.5189037728
75.4517766092,71.1908082961
