180.24733964,72.3887530215
178.783729573,74.5167774213
178.227248676,75.0049328744
177.521601453,75.8779863774
177.064592827,76.5274559008
176.713977519,76.7823390585
176.486157926,76.4990177112
176.241127485,75.9771643949
176.042011632,75.8248725007
175.646222724,76.300470363
175.157002754,76.7494072549
174.485669043,77.7041200556
174.145299512,78.723805647
173.510551288,80.7307596919
172.980258873,82.2301465715
172.55778977,83.7820764461
171.885146515,87.3490663218
171.418463362,88.4203574754
170.873656809,88.7443306915
170.648937348,88.6232082097
170.608768691,89.6796782283
170.803396291,92.6457121963
171.051353745,94.7085587635
171.421739035,96.3898130726
171.755010284,96.9729919366
172.10043767,96.8506811811
172.545832192,97.1262804079
172.751181736,98.1383762212
173.032219492,99.2064496476
173.15814995,99.7242535
173.134447935,100.024508022
173.00273692,100.703341768
172.783677403,101.021059478
172.617521087,101.160785675
172.377583391,101.055975235
172.130771623,101.017240081
171.417438527,101.128805737
170.97218284,101.240929812
170.380337973,101.576841041
169.410469291,102.04079976
168.595695374,102.613869021
167.416729946,103.316737974
166.520239847,103.604073724
165.669727684,103.86842595
164.403731195,104.644343771
163.690868064,105.061746718
163.071801069,105.093232989
163.073288088,104.981941609
163.088272134,104.926997036
163.403631319,104.53803219
163.736808659,104.383520865
164.158592293,103.890118703
164.381649727,103.69525796
164.489387921,103.54822411
164.708506048,103.298131783
164.830390185,103.076765442
165.332360764,102.929050574
165.648603219,102.698246196
165.859187255,102.616372651
166.072894083,102.191175195
166.038384441,102.102033925
166.071623199,102.005951042
166.118293206,101.963391407
166.179463133,102.120138017
166.1604961,102.360044371
166.043313168,102.585054553
165.934200588,102.815573542
165.88766642,103.050369781
165.887786879,103.203940909
165.862890206,103.420248119
165.5172622,104.012938516
164.998813725,104.707610856
164.052041413,105.241293595
163.055024025,104.866142928
160.291512597,103.7221086
157.666194458,102.302475783
154.618619087,100.80561916
149.840507805,98.7797202474
146.729800774,97.7708352602
141.92478788,96.8925148833
138.893223315,97.1495042376
136.310668351,97.5397564244
133.442825041,97.7171541264
132.122566198,97.7820707208
130.633678883,97.7631918936
129.925370723,97.682174257
129.087104555,97.4695462666
127.560060208,96.9902275105
126.346142279,96.7650825108
124.27921037,96.5734821253
122.835368174,96.7184610013
121.460368109,97.0550309623
119.614454452,97.9757791899
118.663494325,98.4575068869
117.627880373,99.5544098111
116.983548553,100.446855215
116.183404367,101.571823897
114.456957415,103.889145243
112.947198081,105.701438726
111.529599179,107.366709784
109.62231762,108.698410842
108.511973637,108.706401235
106.703512818,108.619440025
105.327344891,108.612289076
103.745455689,108.394335992
101.259992013,107.569962994
99.2197445835,106.768724938
96.1376410355,105.644426912
95.1949287529,105.147397402
92.6226633503,103.681105415
90.4412916317,102.028149078
89.2698509224,100.918916662
88.2638174848,99.5372944671
86.7774604911,97.5292152009
85.9532510164,95.9846017234
85.3491362497,94.5869410996
85.0383583776,92.3017760075
85.4481168774,90.5698766751
85.6618755574,88.5910300202
85.5705852333,87.5846004491
85.0670375165,86.9680535491
84.9978153546,86.5879994762
85.6531005712,85.6143965923
87.2590850293,84.0698122794
89.898580549,81.7453711318
95.1023916968,77.1001154902
98.9906840876,73.8943832918
105.566256193,69.9144212183
109.866940361,68.0928920989
114.349542136,66.2380707088
121.170774761,63.8237562336
125.65897349,62.194846795
131.714930436,60.4810241553
134.73183216,59.3095633882
137.192277355,58.0616179598
140.077683433,55.7959098373
141.84729516,54.3227215414
143.726635762,52.5041628534
146.202771619,50.4887719104
147.776553777,49.2945858552
149.589220601,48.2277421132
150.534027342,47.4110861578
151.290780675,46.5909064777
152.497763267,45.3147253198
153.086775008,44.3899427286
153.697454064,42.9477281628
153.81456529,41.7085386311
153.851012909,40.4373204686
154.008277002,38.7704635747
154.255547325,37.6826224322
155.173555974,37.0473698862
155.993815419,36.9235005426
156.588826793,36.3986091676
157.211864838,35.0475150447
157.328113405,34.0854997333
157.271885798,32.6432943276
157.302966359,32.0377194874
157.371118885,31.6477776995
157.643198526,31.6715019962
158.090896997,31.7954054612
158.771607671,31.951849108
159.12762742,31.8709498136
159.715960699,31.7478252652
160.47005224,32.2506217049
161.092620408,33.1657453316
162.017318127,34.767919418
162.703123901,35.5355525894
162.87211092,35.7793976431
162.769562293,35.8337530531
162.658958858,35.5765261992
162.620790719,35.4152504361
163.733535724,35.3398965622
164.097786894,35.4418805323
164.352496002,35.2521207599
164.354919806,35.0107875488
164.674007351,34.279575959
165.415748571,33.0983615549
166.091947656,32.0823252939
167.373640544,30.4493089351
167.91267841,29.4500749384
167.985063636,28.720857471
167.207681736,27.606990114
166.366649687,27.0315560073
165.08112802,26.0116983232
164.577300618,25.170349935
164.035517807,24.178242883
163.94596526,22.8379321345
164.014949188,21.8765199889
164.52929039,20.7650916623
164.382375615,20.0942497826
164.347002426,19.6666673559
163.257221689,18.9857730521
162.501634664,18.6047430457
161.641837198,18.2430327505
160.175344066,18.0754407528
158.731039065,17.9309253453
156.527860146,17.7932140832
154.669323048,17.8048031447
151.129726103,18.0687190291
148.841473968,18.3276478687
147.098291404,18.6459569759
144.591463165,18.4473857679
142.180668203,18.348936657
138.838574909,18.1014704786
136.882469475,18.4662424432
135.003519535,18.587676604
132.94367769,18.3891315451
131.470754527,17.8852550863
131.124903102,17.3295089067
130.355727159,16.6873421477
130.057303345,16.4886976085
128.070050535,16.2914297145
126.364266492,16.4535367013
122.703663361,17.1431499193
117.695694495,18.5933558733
114.154303045,19.6685756703
110.265506165,21.3159440111
108.171246797,21.7544370652
105.760629454,21.5646159156
102.144735876,21.0100354249
101.450410005,20.2821625335
96.4382441821,19.4299613805
94.3285149503,18.9990395942
93.4706227267,18.9266075142
87.7567553583,18.7890580852
83.9807207273,18.6464039907
80.1015809878,18.6129249856
77.4502205595,18.4916040006
74.8670785078,18.2187135855
70.4563561354,18.0353966333
66.7124553215,17.8765314028
58.8674993166,17.9493916782
54.2307823408,18.1915349228
51.3233396728,18.2326945143
45.7555317845,18.908032537
41.639389667,19.7998046626
37.9106071902,20.8112158133
36.6516775725,21.0850727067
33.738361623,21.6674708484
30.0809919578,22.2961976619
27.6112645909,22.8680843777
24.7490793617,23.4969101232
20.0256731737,24.5773202039
16.9858403663,25.0614034358
13.0732614691,25.8279942217
11.2267670295,26.2387373031
9.93122074484,26.6913547293
8.05949324456,27.322041789
7.11128634714,27.7614442794
5.68617278238,28.6442224597
4.87561517075,29.3232056593
4.54754068088,29.3782916581
3.72368392414,29.1767863051
3.32682548141,28.8166127606
2.75664621359,28.6394401603
2.50569750663,28.5973308924
2.31580566266,28.611103307
2.30657381315,28.6432364251
2.13994146417,28.7048293124
1.34419280391,28.9058955231
0.641297883881,28.9734115461
359.847218355,28.9113057544
359.224555027,28.7506072371
359.219815327,28.7723233345
359.203144616,28.9224219217
359.368368361,29.0524128336
359.637664255,29.2472985032
0.214967941178,29.9167153595
0.393251786845,30.4328896498
0.376847325642,31.4567801489
0.266285972947,32.003833916
0.106580904873,32.3755418245
359.561857779,32.6385529965
359.529247434,32.6791419243
359.662816313,32.7883253814
359.945107313,33.207981133
0.0240911168659,33.6490796871
0.467591481118,34.3761474967
1.50019837059,35.0368204803
1.66850283845,35.9097523804
0.288243176125,36.8648522462
0.639573637297,36.7035760498
1.27345833369,36.270875337
1.38866617127,36.0545644963
1.40767636088,35.9566450461
1.42747854374,35.822011276
1.4697203144,35.7836316044
1.74081836794,35.5403451557
2.40800491723,34.992880164
4.01689591862,34.319426877
7.29042400306,33.1096795491
9.15645625243,32.1164124955
11.6820739861,30.9871027932
12.2775390423,30.529397889
12.5756527864,30.2410614296
13.5011423805,30.0642143599
13.6975447817,29.9661976734
15.4826162285,29.8521856887
16.3615267121,29.7454843596
16.8477458671,29.5518802424
14.8577209614,28.8618138153
15.5613056493,28.4137431512
14.1540237601,28.001015218
12.4243845172,27.6578452245
12.911411239,27.7118838438
13.1736302647,27.7270392106
13.2197081677,27.796086374
12.2951153185,27.9447587885
10.7178133373,28.0367744044
8.92331509782,28.095070492
6.64914355141,27.9622144009
4.41119366629,27.7624558015
1.54892224541,27.6214815809
358.174100982,27.0348887384
356.078411791,26.5206851725
353.6036253,25.8652074753
353.253213928,25.3604236192
352.844467952,24.9555467175
353.05797129,24.5749249504
353.609899162,24.4921594769
354.284017733,24.5751954168
354.630186011,24.6291211996
354.614412873,24.8174136519
354.534423676,25.2041217995
354.516891918,25.3452886502
354.173291548,25.5902168914
354.061501218,25.6205882268
353.964405036,25.6433727369
353.851687148,25.6078659327
353.747291529,25.6446260523
353.891989521,25.8208380419
354.067960396,26.0230864312
354.309967171,26.1335627134
354.419918641,26.2807728548
354.355364397,26.4036573637
354.297128269,26.4398161515
354.287151196,26.470325824
354.366252431,26.4857761214
354.502196671,26.5087377127
354.614281355,26.51725662
354.860506629,26.6210063559
354.984154903,26.6718859816
355.1711078,26.7181352769
355.443765609,26.7627853129
355.611148612,26.758366192
355.627531731,26.7434524461
355.563393045,26.7788049923
355.602021218,26.8015563425
355.813156997,26.8570449048
355.92283247,26.9337006761
356.089727672,26.9863763938
356.416702973,27.1128092894
356.709328936,27.2294828235
357.034215353,27.3342298538
357.218255687,27.4002278796
357.455178149,27.48051487
357.776375348,27.7379104952
357.814505565,27.9923664734
357.758326943,28.7897927518
357.853385833,29.1569094905
358.039544078,29.5163803372
358.426364951,29.9763241971
359.30210999,30.0077857846
1.58357314978,30.1610117371
3.68573050307,30.4916810285
5.30436774345,31.0546420686
6.88592469257,32.1785150322
7.21761196266,33.0070908831
7.56627269777,34.3966615478
7.17602227469,35.3458796928
6.71327090725,36.3212941212
5.97224751494,38.0009692493
4.97109010467,39.7870352494
4.49315679435,41.6099375775
2.94016792655,43.9586146799
1.5259551537,44.8880893047
359.907903021,45.5568355435
358.694992772,45.4709514721
357.589777404,45.0608203362
356.823550408,45.1508508742
356.067532573,45.3638632089
355.67778795,45.7592254511
355.640157037,45.9532095134
356.07009638,46.0797694999
357.031753465,46.1245072611
358.440390088,46.3200320106
1.61927827815,46.7909873443
3.89457530561,47.5609759124
5.92283074851,48.3971071768
9.04793520245,50.1042211273
11.5808962228,51.6542253634
14.7484569158,54.2736989089
15.1256593624,55.1794356914
14.3938067699,55.1613687235
14.0670407855,54.2387208072
14.1126578294,53.9916867982
14.0919220903,53.4931578019
13.7050642987,53.2706936821
13.3112793013,53.4619906404
12.340668831,54.5639084873
12.0698264341,55.6794705321
14.0288397224,57.4347861374
15.8419602309,58.5782961905
17.5693489116,59.4910051534
19.1914344475,60.7062963187
20.1192818815,61.9953247128
20.9211187054,63.9287108782
20.7914394321,64.7479609693
20.7151477807,65.2857060013
20.5274107439,65.2124936096
20.4411534765,64.5819646015
21.3816537403,64.0316480281
21.8077868416,63.6595262255
22.163483055,63.246061921
22.6701969641,63.1808995861
23.3507634765,63.6683144653
24.2087954182,64.3181879756
25.1071281719,65.0340305323
25.5391195003,65.7253207479
24.8998138101,66.0068902749
23.8154383091,66.1895884464
22.7349216101,65.9596881029
21.6362973203,65.6450904153
20.806850514,65.7481988475
18.2420165259,65.8833012427
15.7444643276,66.4150134313
13.0857665572,67.2243988797
9.53724784648,68.4352936926
7.63546902784,68.8744239082
5.17139619282,69.5176992116
3.83945124584,70.1357701183
2.49177748268,70.4128775711
0.539533785905,71.0472839647
359.379993458,71.2850969703
357.535369636,71.126068741
356.413387242,70.7569395145
355.442368135,70.465681312
354.053940946,70.7498660025
353.18913444,71.0060290394
352.389236818,70.9082024008
352.233855002,70.8085749985
352.341073795,70.7947825594
352.29100151,70.6473209167
352.279436903,70.5129382985
352.223885773,70.3341923156
352.196992599,70.1178269634
352.175387076,69.9402436749
352.478978672,69.4349568084
352.956010428,69.2159515312
353.534255923,69.1403595714
354.436314682,69.0090892919
354.932757572,68.8086952123
355.540386945,68.8996371623
356.031212636,68.9606687698
356.6741723,69.0952342888
357.693044846,69.6543964351
357.939260901,69.4476152199
357.853060661,68.8062790847
357.503036016,67.8041874207
357.132068782,67.4833751676
355.587180656,67.3256027597
354.260866712,67.2802855626
352.805830098,67.3481724278
352.023019399,67.4225580014
351.847720418,67.4074587173
351.716901963,66.9813399294
351.464173539,66.9218201099
351.014301335,66.912749931
350.611720572,66.9090058761
350.136245909,66.800900617
350.307297049,66.4630414979
350.609687664,66.0275190058
351.890544337,65.7496266511
352.801332364,65.5429857347
353.537649756,65.3827996443
354.152251671,66.0556330755
354.338273367,66.9339849977
354.700195571,67.9347805082
354.635861365,67.7471636748
354.514007702,67.6947253584
354.189193754,67.4340226836
353.664882521,67.2060270132
353.040124598,66.7552216386
352.499480095,66.3467800141
352.103020578,65.1437299581
351.739092653,62.6106760714
351.610149656,60.7357188359
351.722016261,59.2311154266
352.080792347,58.2193945747
352.325425766,57.4474133876
352.676585276,56.247859672
352.840126029,54.8468708113
352.612887136,52.9580869832
352.570947092,50.1592577308
353.193955657,48.9911604664
353.882500894,48.0599069741
354.667385159,46.6094401186
355.112260737,46.4548852546
355.114056426,45.7812988011
354.828063792,44.4979975532
354.799735671,41.5064008617
355.629843772,40.6178625947
356.978724169,40.0706145631
358.796661962,40.322782001
359.726845836,40.7807235652
0.130717395425,41.2931291111
359.941629826,41.1772864628
359.750908892,40.9288965596
359.850152628,40.7551804097
0.875638461473,41.5636898823
3.79876909036,44.7499151831
5.47600533198,48.0258081516
6.37225373509,50.9057639976
6.26444679792,54.0233746252
5.6126951392,55.4792397337
4.69463765626,58.2289968385
4.15499880879,59.8088248484
3.81802248909,61.5448446701
3.15321804507,63.8835851819
2.47216875673,64.855668578
1.74486998685,66.0935570953
0.541868319057,68.1402639226
359.68184339,69.4440170642
358.529736224,71.261649066
357.871845768,72.4595711596
357.404336578,73.7022360474
356.690974706,75.1164266051
356.010978498,75.7092391204
355.197209885,76.2348612061
354.754779759,76.7195732521
354.387662633,77.5108188106
354.2006559,79.2220144234
354.26940481,80.4274834544
354.630980982,82.2023047251
354.748338085,83.1267078873
354.86333346,83.6351765272
355.073193997,83.459262904
355.461018178,82.6715573005
355.52351599,82.1338116437
355.401459085,82.2779426834
355.010202988,82.7435215684
354.634761472,84.5126036275
354.514076782,85.6064493308
354.879894523,86.2703189807
355.26615512,86.1962068886
355.639554493,85.8231760762
355.90906193,85.8734195112
356.132325194,86.3854244488
356.260388341,87.6642461386
356.552166639,89.0060066863
357.004957661,90.6540959929
357.784576282,92.5261954386
358.264506971,93.5658972042
359.014611028,94.4772735246
359.488056907,94.3907411798
359.824017407,93.961011957
0.138495038517,93.2970706685
0.0639020195484,93.6863699103
359.918773324,94.2891114841
359.799326561,94.5946310093
359.847380107,94.3607295061
0.2413249268,91.9965107879
0.5674279027,89.4319555457
0.547034467501,86.2001210849
359.63407266,82.2268482261
358.706548647,80.7234084083
357.160821507,79.8315393966
356.360356592,79.3035803147
355.782440215,79.1275775666
355.39624042,78.7627305838
355.284673009,78.6898939261
355.077663792,78.4801170173
354.92497398,78.3405075242
354.728928018,78.0466285072
354.621599234,77.8249457825
354.60195771,77.7140929037
354.676654639,77.5637651196
354.662068875,77.4977523488
354.575103262,77.4621907657
354.242299554,77.3937891033
353.796036683,77.2254023584
353.019150874,76.7468022525
352.548125264,76.6067846671
351.980943635,76.25362438
351.140283121,75.6312765141
350.678791372,75.3773653225
350.351586894,75.513308221
350.285481459,75.6916918226
350.212109414,75.7878008732
349.824179682,75.8956040023
349.412971303,75.9002132159
349.045683575,76.0070219073
348.764056975,75.9980518711
348.552765669,75.9089795005
348.26185034,75.8157978366
348.18981792,75.9228790859
348.178317333,76.0293941656
348.245838893,76.1548120789
348.379303775,76.1710032675
348.649017281,76.0494951772
348.797357349,75.8887232323
348.806088163,75.8724279914
348.918758142,76.0818460924
348.983688853,76.1593842534
348.889515572,76.043826151
348.911566394,76.1440258309
348.976294179,76.2045718601
348.99889983,76.2148124051
348.959130338,76.2137002227
348.725808972,76.1291472655
348.212529626,76.0887350473
347.722362726,76.0918598937
347.124690046,75.8051210302
346.857543358,75.1650092095
346.663989571,73.6585463979
346.374651474,72.4248983336
345.855575226,71.1180694702
344.750071082,69.6713919199
344.000346902,68.926138118
342.938333922,67.4646795413
342.382693807,66.2632194122
341.897805423,64.7613246028
341.287998485,63.0988291235
341.25579976,62.3444203628
341.304591749,61.6310735025
341.300375533,61.1075977469
341.310373151,61.1901624897
341.380724691,61.2274302254
341.382521716,61.2351454786
341.371316613,61.2602624219
341.338616426,61.2982100312
341.274662674,61.273472618
340.834193146,61.25246108
340.307133222,61.4887037836
339.927951951,62.0621342005
339.105471106,62.8331542657
338.461469872,63.3221496935
337.786034849,63.8972008828
337.844521096,64.2951322069
338.173822621,64.7358060825
338.808005841,65.258812596
339.186857068,65.5420944217
339.780070303,66.1404967973
340.218724804,66.8284749275
340.635832448,67.4944902972
341.143935501,68.3485272906
341.487912991,68.7399285889
342.125011307,69.1364024752
342.554736593,69.3986000153
343.004778173,69.8204040005
343.603801318,70.4779670739
343.90564236,71.0742142195
344.349780221,71.5515730788
345.488691978,72.1161562708
346.082769032,72.3183335941
346.314101988,72.4884911241
346.225482065,72.420603012
345.481343799,71.8704188048
345.065926338,71.6145032379
344.947916623,71.7114253835
345.044195389,71.8325814763
345.367881293,71.971608922
345.874500007,71.8284313398
346.770432778,70.8170778968
347.586927761,69.6839626985
348.985340773,68.2632513259
349.950432667,68.5248995341
350.805459331,69.6198589834
351.367480596,69.9374597756
351.554875045,69.7997594399
351.979060192,69.5745271347
352.419729034,69.7893243588
352.692453362,70.1517921039
352.873450919,70.9122056637
352.867845036,71.4281211296
352.89405502,72.18963141
353.072212898,72.712755903
353.553264086,73.4576936652
354.549539859,74.7089310358
355.348471915,75.5750623194
356.293712553,76.7222429821
356.766780209,77.2775372463
357.131211603,77.6944253594
357.47229666,77.829182489
357.487736075,77.76747541
357.383828509,77.7018968096
357.16127754,77.6599241559
356.800672843,77.8104876792
356.238665044,78.1127215748
355.958914466,78.1755128214
355.816092579,78.1705659355
355.709309498,78.1407930653
355.688637274,78.1602737286
355.630121222,78.068805616
355.510132536,77.8915808888
355.366538054,77.4523764711
355.221867589,77.0100160256
355.236580482,77.0531948715
355.234832622,77.1747829205
355.248829021,77.2357688095
355.271310739,77.1505678603
355.384258826,76.3876353269
355.316833573,75.8321764466
355.110988241,75.6270151934
355.005902598,75.6429213258
354.905537568,75.6680084199
354.809441032,75.7493823948
354.799394512,75.7520304094
354.826005154,75.7420067137
354.868815918,75.7437502941
354.86870033,75.7402470542
354.882796512,75.7866235146
354.875723124,75.8151215443
354.860048148,75.8766897321
354.885320619,75.8903300334
354.931315006,75.8864066924
354.983786352,75.8821543651
354.983354028,75.86675174
354.915992606,75.8537958554
354.884977011,75.8898662201
354.89106121,75.96112283
355.235127681,76.4956349623
355.744768673,77.1333328163
357.017407387,78.5538499994
358.037882067,79.359734937
359.085800182,79.9487694652
0.879395497569,81.2468019828
2.15053604223,82.5258186747
4.09653265985,85.3340455393
5.12618664058,87.4656186285
5.82049772006,89.5755956486
6.28997043878,91.7506427567
6.44456410281,92.4303370786
6.54721627333,92.8022979072
6.9859568268,93.0612502667
7.24811016576,93.4583901744
7.77899337129,94.0072632379
7.76679163916,94.0106295627
7.68015013366,93.8316801921
6.70631045667,93.1449079135
5.7554027869,92.9978589886
4.24059364588,93.1270319921
3.45120060647,93.1848565951
2.86579053566,93.1407690671
2.35943622114,92.8254644516
2.1145540618,92.4916015612
1.67847619676,92.3322523659
1.33468016153,92.3053087452
0.902336275049,92.2372477766
0.2083312341,92.2248254723
359.790572405,92.2530138392
359.460700774,92.2106832216
359.341517074,92.125160034
359.29573621,92.0462345945
359.281330675,91.9321154993
359.300125263,91.8762996511
359.277474573,91.835852755
359.223311586,91.7917184009
359.166163475,91.7495100442
359.082056337,91.6175894313
359.023628955,91.5566872707
358.832041537,91.490546512
358.609269236,91.4248617773
358.39422364,91.2871393134
358.233576384,91.1770591972
358.251932127,91.0838326532
358.299630189,90.9470897914
358.347823462,90.7612178599
358.373852451,90.7072171287
358.373422468,90.681872505
358.368573394,90.6888090551
358.385136814,90.6968031189
358.450068891,90.6928671829
358.460873272,90.673107711
358.374123264,90.5909350071
358.324357403,90.5509135218
358.298865155,90.4865890631
358.30203647,90.3420561652
358.305192779,90.2535313644
358.270518505,90.1678749723
358.165271115,90.1114339172
358.077338382,90.0795735628
358.014965415,90.0637604326
358.004775128,90.0467013339
358.060816708,90.042108944
358.117362063,90.0644385976
358.170750154,90.0672495419
358.248906109,90.0084098213
358.270456242,89.9295141557
358.295942568,89.7996710724
358.314574375,89.7158593996
358.354704803,89.6550243112
358.431072035,89.6025289523
358.519941498,89.6056329524
358.862890557,89.711312817
359.148871764,89.7762510645
359.598962213,89.8276935562
0.74998944267,89.9489828851
2.58770784929,89.9240899152
7.55789251392,89.5037164235
11.8618419741,89.0349656909
16.2208161369,88.7188367316
22.8821212762,88.2511099464
26.8924872521,88.468864364
30.5011926988,88.7594884645
35.6445432184,88.9895275064
38.8800620338,89.3189945079
43.3189451478,89.4993340319
46.4305093502,89.7168151521
49.1719971117,89.8682733405
53.2974767103,90.2033006919
55.7497694838,90.4793043856
59.1670971314,91.1957709434
61.2033509728,91.7490444616
63.2250880336,92.1384512452
66.0480274202,92.4577672707
67.8603759426,92.5071531742
70.7944854627,92.6197858366
72.7553449442,92.7077444374
75.0459616346,92.780516433
78.2826958569,92.5876720776
80.336526002,92.4406494414
83.0173424673,92.3206609019
84.7285897856,92.2415558527
86.4057957739,92.0148282951
88.8014567732,91.8457900275
90.5762894493,91.8025397655
93.3693029718,91.1889242188
95.4586892018,90.3085750468
97.5184366798,88.9466970235
100.617810909,87.1178899564
102.397967866,86.191103328
104.63243588,85.2788390187
105.783127783,85.0842105963
106.740509369,84.7233649131
107.929363865,83.7987757602
108.853950589,82.8886494723
109.655676311,82.3468091234
110.989997774,81.9530719692
111.59264675,81.9645517052
112.166409788,81.5938307067
112.647925047,81.0848690199
113.34907354,80.2957501772
115.17745701,78.0165217955
116.820654844,75.593666312
119.258165535,72.8836947178
120.787986254,72.4738223945
121.941869613,72.5590539534
123.18797912,71.5481951667
123.751052789,69.719028728
124.706038648,67.0819581342
125.595542664,65.4116047591
126.893044538,63.9535138072
129.120065894,62.1903482764
130.741636373,60.8546766751
133.265253967,59.3613158587
135.061396244,58.6569918846
136.750167088,58.3163096911
139.188053836,57.6542482065
140.744438084,57.2955595499
142.502962702,57.3073177785
144.95563967,57.149815329
146.52352074,57.2378188515
148.381599882,57.3332201303
149.483535877,57.6949816663
150.559217564,58.1656408174
151.104947491,58.4444253501
151.306371255,58.6006333461
151.653586807,58.9660128126
151.780422558,59.0975064581
152.177321364,59.3310277268
152.473735018,59.3928331164
152.702555797,59.4706044192
153.105753803,59.5019632984
153.27149704,59.5111576043
153.590993466,59.5035203197
154.280557189,59.3532672847
154.762964673,59.2257439873
155.711275711,59.0506913946
156.426995499,58.9004687186
157.252468294,58.7297785396
158.524981348,58.2548000663
159.468834552,57.7444434357
160.860219462,56.7638303318
161.702159741,56.109251797
162.398888177,55.6112401602
163.508747844,55.4264135256
164.29158972,55.2336064272
165.324725861,54.8808046222
165.942169017,54.6722181073
166.558946783,54.3793308048
167.426266147,54.046721398
167.940420969,53.8258561631
168.732766668,53.6964911238
169.23806839,53.6647097166
169.830440934,53.6222354187
170.6127359,53.6805214283
171.090364441,53.8036551974
171.705382604,54.0008527407
172.014933354,54.0037006479
172.351962259,54.0128800333
172.711806707,53.9391182325
173.002121773,53.941637264
173.493514021,53.9270005012
173.877521228,53.9417615567
174.190990734,54.0167610248
174.565630211,54.3206434148
174.641991714,54.5728065855
174.564170337,54.6721425566
174.265152454,54.6637858043
173.814919243,54.5727836884
173.504563866,54.6553848766
173.189079891,54.8003978269
172.838734626,54.8833508403
172.20830723,55.0240131903
171.750624706,55.1483967898
171.049128238,55.357659235
170.59595797,55.511781862
170.13306941,55.7439673475
169.371339892,55.9377792084
168.965433965,56.1134796257
168.427181654,56.3007128281
168.11365073,56.4458823602
167.913836033,56.6369738544
167.476040139,56.7100713767
167.200699777,56.7595582446
166.685523601,56.7442236809
166.363533188,56.7869833693
166.13478431,56.8861195056
165.725980687,56.8857870184
165.482525338,56.9441739833
165.200708321,57.047942029
164.862303825,57.2230072006
164.600450098,57.2927936794
164.244437201,57.3763064827
164.016871763,57.3477655244
163.497769671,57.2298595657
163.221796704,57.2007037893
162.964583207,57.203606929
162.688321175,57.2325019678
162.538920913,57.2579478288
162.486008392,57.2774692799
162.429589784,57.3006157339
162.461879887,57.3535991278
162.572669865,57.4371968044
162.683003295,57.4841295149
162.796660173,57.5404716759
162.937177861,57.595174423
163.012108351,57.6417010321
163.110266644,57.6955372678
163.133703905,57.6905046345
163.127324536,57.6663540133
163.030827749,57.4627991005
163.007313566,57.2910851863
162.987247007,56.7474376539
162.976521278,56.1554028395
162.877862877,55.2179942806
162.694044684,52.8765132135
163.319632556,51.9225613349
164.483709047,50.5840787496
165.31961367,49.8379941951
165.970968301,49.0170298367
166.603601378,48.0152646313
166.958132539,47.8084022085
167.253934485,47.5571608606
167.350563221,47.4473215733
167.508515468,47.3461183293
167.717188864,47.10791331
167.746569979,46.6909091335
167.593764969,45.6437874302
167.369212067,44.5346324011
167.383376797,43.6397868593
167.704978829,42.9827944461
167.803767757,42.8036469909
167.926554418,42.5924393525
167.95499916,42.2795108927
168.068614251,41.888981952
168.492307578,41.0461332226
169.087037642,40.0578093733
169.708507238,38.9920490796
170.960140577,37.6138335996
171.80554696,36.8385388026
172.973751392,35.8266020906
173.677027019,35.1497731842
174.547914509,34.6036088295
175.883079699,33.5573335991
177.241003707,32.9661416828
180.41113879,32.3949825037
183.066654128,32.2456957306
185.06840142,32.0756169545
187.86216348,32.0626093659
189.148029866,31.8937496813
190.628310686,32.3589485846
192.10375836,34.3643344275
193.495229996,37.6274124458
195.157337705,40.9891508406
195.607537466,42.5067037003
195.657048317,44.130572376
195.535796897,45.2672472692
194.994837173,45.6527364453
194.08620934,46.3209615434
193.281290826,46.4950123175
192.131858397,47.4819576017
190.94744092,48.2931256152
189.798200885,49.4232593322
188.007723777,50.9165032449
187.100732129,52.0608511166
186.04268053,54.3086286386
185.885831259,56.5411014885
185.842337312,59.4873548929
185.653638751,62.4932620186
185.490484071,64.3670056632
185.351495325,67.3360226364
185.46272172,69.6244535645
185.420830735,71.6429064575
185.906830987,74.0390218174
186.239486968,75.2534154965
186.660305354,76.3779342051
187.091762354,78.0895028476
187.514431266,79.6694136359
187.933732941,81.4967477998
188.174539519,82.5510922488
188.24618616,83.150139495
187.675701585,84.329984743
186.680142481,85.6701403015
184.683771311,88.2222770121
183.232212522,89.8123097849
181.83221963,91.0323740139
179.323890753,92.5559676676
176.844810583,92.9556035223
173.164421162,93.2953674773
170.87425751,93.7315105142
169.071467831,93.7989201532
167.435211888,94.0638819895
167.126301353,94.0930159575
166.905948311,94.8210784087
166.905842071,96.1721698492
166.902804989,97.4366113911
166.69582669,99.3293987457
166.631858122,100.509666388
166.461070642,101.83113056
166.274531953,104.160519764
165.917870391,105.845089487
165.523940833,108.161798564
165.084880021,109.266136007
164.692595531,110.070483706
164.528607183,110.538878649
164.471366161,110.603520951
164.565889032,110.48301903
164.713189591,110.014535214
164.812449644,109.654839297
165.099221695,109.055484048
165.548751999,108.752893
166.409535704,107.952431499
167.036607462,107.306376809
167.733682576,106.230188786
168.343731626,104.337909978
168.279892328,103.672758181
168.132874762,103.822547574
167.884712438,104.007978843
167.676955672,104.314357637
167.366056738,104.473530206
167.237296208,104.002989841
167.22698133,103.38048506
167.36007224,103.047262276
167.454125761,102.648466422
167.562718726,102.546685139
167.598120223,102.505463713
167.718503897,102.391658487
167.807808257,102.256817448
167.872791556,101.68940881
167.799649965,100.520275095
167.674857072,100.06786349
167.727835256,99.6941038349
167.744761455,99.3820707939
167.791324081,99.1727656791
167.856043859,99.1350077752
167.917241857,99.1158719866
168.034385474,99.4875566175
168.096296919,99.9211883548
168.128491016,100.340010498
168.155918305,100.837019671
168.144069614,101.11504144
168.169873988,101.227243513
168.402240636,101.237492661
168.544696775,101.198289047
168.513888909,101.140838151
168.41831498,101.122889648
168.255928356,101.182737481
167.954545148,101.554921007
167.856556669,102.041082672
167.896208317,102.697160227
167.923214051,102.763646831
168.000105816,102.936687858
168.369273599,103.462713186
169.000024067,103.98504221
170.312149815,104.888150942
171.422754448,105.723554496
172.421164663,106.726356446
173.829317255,108.52706548
174.581309546,109.971913733
175.368792058,112.086115943
175.700674083,113.273114614
175.806375356,114.350124631
175.638500736,116.021685822
175.377313752,117.42079966
174.854307805,119.48803612
174.296019792,120.906200519
173.696516387,122.218172275
172.635166967,124.136016475
172.045929046,124.979457944
171.570652815,125.88777203
171.248289481,126.982661693
171.396611657,127.269849064
172.154400823,127.949258422
172.889104738,128.459781407
174.029456132,129.601823959
175.043896108,130.382163986
176.578946489,130.313015669
180.237601515,128.40164644
183.001325063,126.315179047
186.042997701,124.521198206
190.859564665,122.605217093
194.081996491,121.665010775
198.522593425,120.550196103
201.397473903,119.972095286
204.131275179,119.383974708
207.697274356,118.369285398
209.874476246,117.520208739
212.68744787,115.997849515
214.259679307,114.694420076
215.797777971,113.067457582
217.899896012,109.394872352
219.181242509,106.166075651
220.743586361,101.095473365
221.762394351,98.2313255022
222.679318372,96.5202081192
224.097070954,94.0043692788
225.247529389,92.8540945139
227.675509336,91.6809071479
229.949624862,91.4624165273
232.701436625,91.415481009
236.872069587,91.0718854975
239.208437417,90.5156076088
242.074442038,89.3899192789
243.688026517,88.5253438013
245.095744888,87.4295175384
246.945493967,86.8262537107
247.933091685,86.7417177635
248.613429854,86.6765143763
249.310014499,86.0586236912
249.396440485,85.6907604202
249.52439075,85.6076801913
249.679651582,85.7853317952
249.932775293,86.0368781858
249.796078767,86.623950628
249.404547725,86.9228222115
248.364142458,87.5542644011
247.398615187,87.9062257587
246.325626997,88.1784273745
244.648281235,88.5928377678
243.347479432,88.9103112312
241.082454115,89.3755887522
239.512363716,89.3125904575
238.056975966,89.2865545778
236.366484356,88.9865135664
235.356145158,88.7405542775
234.233331383,88.3723938003
233.444187892,88.2006004132
232.774705059,88.186399449
231.861559062,88.1217381942
231.427347172,87.9456452617
230.748693263,87.5653832757
230.38670062,87.4133081179
230.073322008,87.0826404433
229.625263887,86.4830275527
229.460921687,86.2511459752
229.022783719,85.5416873064
228.73706892,85.3315852567
228.42459554,85.0104229771
227.919770424,84.6596780831
227.698969724,84.5288147654
227.276772606,84.2906932098
226.944954784,84.1335845009
226.781164191,84.0630557085
226.589064685,83.932942582
226.474077067,83.7629499148
226.343253519,83.4341313507
226.310033006,83.3386161101
226.245767275,83.2376511497
226.098486991,82.9892024558
226.009585403,82.8390712418
225.978770572,82.7590265302
226.001098333,82.6575576107
226.106999946,82.5761898465
226.298282148,82.3991163248
226.485076288,82.3153039981
226.636942599,82.2450805452
226.923382043,82.337343363
227.057722246,82.4408707167
227.170558791,82.6132513048
227.224312247,82.6323632602
227.283539688,82.513418105
227.230550516,81.4753829135
227.113694471,80.0105448914
227.092356105,77.0809199308
227.156938793,76.0364237114
227.412481613,75.7079717187
227.787317427,74.315748048
228.218498786,73.3461255136
228.682515096,71.977437239
229.703353899,70.4786669526
230.646748603,69.8100617555
232.565857058,68.9472790026
234.093679005,68.129477288
236.830387566,67.4141739019
238.582695211,66.8708067856
240.271722359,66.3684976204
242.204076882,65.8419888852
242.960593105,65.6326244815
243.423111181,65.6523788778
243.347028605,65.6057190208
243.337072904,65.540350027
243.396892331,65.4157291449
243.471224119,65.3571763903
243.537151842,65.3095070438
243.576959653,65.2845748571
243.568508908,65.3045100553
243.381276708,65.2778748734
243.013956612,65.3437466945
242.304683313,65.3487758887
240.940497867,65.610257557
239.862832104,65.7480974714
238.1021489,66.2378967186
236.647288811,66.5577314107
235.061510091,66.92020873
232.581095091,67.484488614
230.724509233,67.7728854002
227.493387518,67.8833277098
225.163713963,67.5966609536
222.994495909,67.3000529226
219.505970105,67.0369949573
217.359974396,67.1359890752
213.768773154,67.4216339738
211.730186331,67.7514314734
209.697126957,68.1118357178
207.1854627,68.6137529337
205.70445156,68.8168507881
203.532622085,68.7934437255
201.835800843,68.4473370706
199.929952046,68.0851047273
196.896798818,67.8107596561
194.703867294,67.6251879575
191.51998625,67.416956591
189.371089446,67.260875863
187.423825794,67.2934461849
184.763080139,67.0696543478
183.267279216,67.0664994245
181.85365093,67.1514297414
179.728436776,67.714757595
178.244104262,68.2049085947
175.701173986,68.8742506937
173.969805321,69.3744136361
172.264213805,69.8350229236
170.073377613,70.7475541319
168.737099681,71.1878494326
166.795320728,71.7858762967
165.697847937,72.1014237209
164.73346859,72.5954421621
163.529031003,73.615004061
163.062163998,74.6855728963
162.564638604,75.9656936965
162.357735768,76.7160505921
162.232293382,77.4129941771
162.227749775,78.2418499796
162.166252131,78.8669397992
161.909258141,80.0032017242
161.540325581,80.6197099475
161.136379217,81.1423789799
160.436100174,81.4597395592
159.857492064,81.4244546966
158.870433317,81.3043109663
158.1430356,81.216752437
157.222077467,80.8616855258
155.8849136,80.7195930618
154.805631675,80.6737694768
153.17706734,80.808621069
151.967019264,80.8486100721
150.637792931,80.8953715627
148.501079459,80.6958877543
147.332121687,80.5421727897
145.637559472,80.4649721802
144.658399689,80.3429997062
143.694290591,80.2725779288
142.250121813,80.197907609
141.595785182,80.157951187
141.133354893,80.0439180996
141.222918853,79.9812477922
141.33034086,79.8931028361
142.100041041,79.9422001703
142.458489925,79.8460969762
142.718140622,79.8633721738
142.936224455,79.7755811489
143.130874298,79.7024561457
143.366899093,79.6506904506
143.619183172,79.6908357822
143.836719644,79.6107875637
144.086143082,79.555801146
144.215617262,79.5020764853
144.30068104,79.4824609717
144.364363036,79.5000726
144.42603066,79.5177428076
144.792810622,79.5794364539
145.330758602,79.3893897454
146.366120047,79.1020656766
147.24732174,78.8042299051
148.35415276,78.6090670257
149.827792307,78.3772177457
150.806454535,78.1782703812
152.031832356,77.7575869646
152.826177189,77.3821567696
153.601897297,76.734855659
154.794326184,74.9859322106
155.417370638,73.6274536207
155.963509483,71.6233344262
156.160754873,70.6339483632
156.409360916,70.5657264554
156.671566368,69.8594352868
156.903372492,69.8173491929
157.072815902,69.5396471631
157.246703001,69.452251836
157.425757058,69.3163950466
157.735034444,69.124501866
157.944642555,69.0319319853
158.158151453,68.9897699992
158.282163827,68.8905707358
158.342861224,68.8085480673
158.354096581,68.8449395482
158.376986478,68.939069055
158.441252575,69.1553821092
158.594513479,69.3695025993
158.759081907,69.6114830677
159.058588286,69.9029464702
159.300591076,70.0545560133
159.443286417,70.0573270833
159.747112304,70.0171219461
159.921867457,70.0146395241
160.130988586,70.0997632746
160.27769968,70.2601333553
160.362063276,70.3970284729
160.512125806,70.5392800823
160.602095858,70.6082230713
160.796846367,70.6927802988
160.92054426,70.7138494444
160.97682557,70.7355608933
161.015885622,70.8583681504
160.969950122,70.9683335937
160.844834425,71.0925964842
160.715145685,71.1378141099
160.624058883,71.171519411
160.418104438,71.1648264689
160.289585821,71.2059066755
160.164024989,71.2640882292
160.095283786,71.2954433444
160.055176302,71.2991902458
160.016019216,71.3170352585
160.004955338,71.3392665761
160.004936739,71.3305776945
159.990870773,71.3870354233
159.965975993,71.4219227415
159.975298236,71.4692658297
159.999936746,71.528840478
160.043051877,71.5950737487
160.08001733,71.6982270671
160.090234191,71.7481791923
160.075144613,71.7610362304
160.046358324,71.7225650304
160.026123289,71.6988434821
159.986551414,71.6698017664
159.962192264,71.6722324437
159.934260841,71.6596626943
159.921844534,71.6876699493
159.923772514,71.7225042318
159.934638641,71.7258521504
159.95515877,71.728488296
159.995597299,71.7299400856
160.003568689,71.7262117455
159.991896973,71.7097707323
159.953241808,71.668068031
159.930572237,71.6409157471
159.908652258,71.6713402751
159.889635073,71.7011734663
159.874213961,71.6937873393
159.878686008,71.7197280309
159.88132773,71.7028039968
159.887693686,71.7023561404
159.907950195,71.6990684662
159.908248242,71.7256218248
159.913910935,71.7578467506
159.902313508,71.7705884837
159.891958563,71.7743205697
159.817884024,71.7856658784
159.755441273,71.8026149638
159.668269728,71.7784865561
159.63650615,71.7955572905
159.615409215,71.7831074536
159.63518181,71.6833469078
159.674769886,71.5744195704
159.695542602,71.5153028932
159.733070716,71.5109604739
159.74417581,71.5358845174
159.74116849,71.568709973
159.736218007,71.5768104275
159.716034966,71.6236311117
159.708505864,71.6718314375
159.703068981,71.7164301505
159.689346236,71.7612488647
159.67891191,71.7818780497
159.641681559,71.7911594567
159.604670284,71.8054302345
159.58509427,71.8026070461
159.569115283,71.762927134
159.564380082,71.7577631955
159.565173654,71.7468160965
159.562514485,71.7189227148
159.539764835,71.7030540608
159.506600053,71.7027944741
159.487690879,71.7093472406
159.481064919,71.7180983077
159.495594717,71.6945529161
159.501091905,71.6703098443
159.522450055,71.6912200805
159.544176014,71.6809978579
159.561925019,71.6933757132
159.586501926,71.7546578036
159.584551962,71.7681888107
159.566418229,71.8100355848
159.524529585,71.8460735897
159.49444561,71.8680517454
159.384528283,71.8205789898
159.214148287,71.7362318399
158.912845722,71.553286157
158.502704268,71.4115287595
157.902240126,71.2859660619
156.665771945,71.0032271828
155.494672129,70.7848358592
153.590468109,70.5999412407
152.343718786,70.5737689043
151.196439749,70.5815454915
149.762612136,70.6761753551
149.097804268,70.6895030307
148.430351738,70.7230564688
148.144801597,70.7138005074
148.065395588,70.7203440065
147.889774499,70.7092159833
147.796752104,70.6920799437
147.676968524,70.6293888585
147.629815256,70.5703194202
147.629730196,70.5134082814
147.67693252,70.4633364769
147.729863947,70.455957489
147.863344207,70.5577931386
147.934837202,70.6073114741
148.005234747,70.6090492343
148.085576687,70.5270711014
148.110137851,70.4862193386
148.159960092,70.460276019
148.192694834,70.4510694342
148.290036109,70.494188624
148.668854871,70.7739819274
149.116475861,71.2414888849
149.689533439,71.8548546826
150.712553158,73.2133706488
151.45996151,74.1510636501
152.702748389,75.7097473453
153.528614475,76.9638339116
154.395029583,78.268290361
155.838745261,80.0830951182
156.6804118,81.5310330571
157.921677048,83.3675343176
158.660536749,84.28556365
159.348834208,85.295390475
160.218115434,86.6696538001
160.748789098,87.3298401656
161.442154704,88.2828906432
161.866967311,88.9109782671
162.361477306,89.5347145648
163.233050493,90.1828875227
163.772940435,90.6422469107
164.330256998,90.924029983
164.570759661,91.1220100889
164.784153109,91.5000235734
165.010771046,92.3026811921
165.189257811,92.9101327378
165.444102827,93.4207124662
165.597488925,93.5927917391
165.76867675,93.8170087471
166.124274546,94.0405353997
166.24510993,94.0870313288
166.535251062,94.4461898072
