180.102595596,95.9251846447
180.402449345,96.046693863
180.264429532,96.2665184589
180.135241562,96.5014192695
180.143159432,96.750333849
180.080257079,97.0601728128
179.954796352,97.2387284305
179.778399308,97.2956617739
179.626705903,97.2662524182
179.582669771,97.1967726556
179.535149319,97.2057857729
179.483355918,97.5396880326
179.378650934,97.981873194
178.899084347,98.7800760909
178.377769654,99.1540325377
177.843453365,99.5411071958
176.803777907,100.311779786
176.016136298,100.959614725
174.977336819,101.929194475
174.2885707,102.523677602
173.587491812,103.300821527
172.537333326,104.446960651
171.869619514,105.074733551
170.835011626,106.061473124
170.069407951,106.934770035
169.094388845,107.911142499
166.73739015,109.269196984
164.780550891,110.014944939
161.069948655,110.555329962
158.518970498,110.702275559
155.784013653,110.785809123
151.796457322,110.993583628
149.239976429,111.137225755
145.681259746,111.156756295
143.585504874,111.058458801
141.551885854,110.903270055
138.877998261,110.761970117
137.247336605,110.567587052
135.357443013,110.010469618
134.275708472,109.539523914
133.477468044,109.050367936
132.844781055,108.109563041
132.516037208,107.162061378
132.327061597,105.643632565
132.195888902,104.533179232
131.94093927,103.577965631
131.457440088,102.096836409
130.859939328,101.089178535
129.726022113,99.5259724284
128.734048482,98.3840382515
127.630704216,97.4076364944
125.984469466,95.6963640307
125.035663199,94.567680641
124.244519477,93.3247496498
123.505584701,91.5639055497
123.054665922,90.4937047265
122.561936423,89.1505940918
122.364654613,88.2795213215
122.088060589,87.6318430038
121.589937521,86.8759080842
121.206725719,86.4032815231
120.574608479,86.0163530096
120.207904383,85.7849882865
119.942466377,85.6159817498
119.795015121,85.5200869932
120.020925088,85.425802067
121.39920867,85.1304483649
123.854871143,84.9475214247
127.356684055,84.6681045884
132.65205265,84.2597425259
135.999032302,84.0999035639
140.615746045,84.2956230723
143.754126384,84.1710122763
146.794942034,84.2521459257
151.129848473,84.6995752152
154.011521451,84.7018695487
158.061097464,84.200501014
160.314964519,83.8257439015
162.421346874,83.7793471736
164.56948265,83.1065592397
166.10699844,83.0936653655
168.870511586,83.087485508
171.319073427,83.2153465601
173.797485602,83.4309531559
177.08562714,83.369078897
179.142001775,83.4495223722
181.071281243,83.5633346371
184.536662822,83.6912987359
186.622271656,84.0308180714
188.993709391,84.6945691867
190.211173094,84.782657935
191.128165512,84.6522722
191.863188185,84.4146776589
192.144737319,84.340482318
192.72723796,84.4260439301
193.080153093,84.6083405171
193.458616056,84.7633004469
193.818237302,84.8956854441
193.94943865,84.9228145879
194.063100322,84.9882740613
194.131824678,85.0667024548
194.181241948,85.0915751427
194.23512085,85.1359443122
194.263984104,85.1396048714
194.444489265,85.0630070771
194.512758668,85.0183948534
194.53431682,84.9839492217
194.535142244,84.9231933391
194.473307399,84.9017191894
194.295082807,84.8658028373
194.127366392,84.8479110573
193.95219011,84.8260910321
193.610544168,84.8598130018
193.410471589,84.9303358354
193.043656701,85.1390866375
192.875137558,85.2203257578
192.619674853,85.3248770138
192.271064747,85.7223571918
192.118298806,85.8810021073
191.935136234,86.0923527139
191.651541457,86.2478251801
191.511495687,86.3187108895
191.422345083,86.4577678024
191.440445716,86.5992299329
191.514381991,86.688814435
191.70967974,86.7377286051
191.762521908,86.7591253314
191.783335659,86.7109509066
191.742773033,86.6762558045
191.693681207,86.6441030449
191.674981446,86.603320303
191.697808945,86.5870955945
191.712750402,86.6156930457
191.690035991,86.6509443246
191.652000905,86.7003078312
191.546119389,86.7941155745
191.474999616,86.8319819034
191.308752144,86.8693010019
191.171643914,86.8497552366
191.017075818,86.8546929992
190.868547485,86.85119259
190.768817279,86.8783271049
190.578371647,86.9275024161
190.418582114,86.915278155
190.179435151,86.7892916855
189.894359179,86.5329129428
189.670056102,86.3656285171
189.317725246,86.1512776837
189.126191212,86.0072332469
188.944015232,85.9680270022
188.688134371,86.0229916557
188.532179068,86.0955426609
188.425442527,86.1472039385
188.320680338,86.3217905154
188.271351399,86.4838244841
188.206711649,86.7243132636
188.150538443,86.9281366569
188.088138071,87.1828539714
187.913673275,87.750009984
187.778784747,88.1405246207
187.468318431,88.4558178417
187.253280764,88.5991266787
187.066757004,88.6568478487
186.823665632,88.6625352724
186.636013814,88.5662913628
186.423469886,88.2518472256
186.136277859,87.7424370151
185.779045342,87.242151485
185.151737887,86.6497587674
184.669179962,86.3000719998
183.97033783,85.8646670867
183.456413547,85.5436749924
182.919048465,85.1333189569
182.031828292,84.5982663096
181.463090587,84.1647356434
180.56538558,83.1800885277
179.820276188,82.3354268048
179.042794668,81.830395689
177.852784362,80.992344899
177.155861151,80.6149860717
175.732379146,80.0231527525
174.737351824,79.770474508
173.973871001,79.6267609516
173.234837182,79.6283974405
173.058952056,79.5844361206
172.948080155,79.4120115183
172.881455428,79.3707320628
172.813586344,79.3216230451
172.786772069,79.309791024
172.739660888,79.3279335176
172.670317912,79.3481850984
172.585842441,79.4001230967
172.522715161,79.4718978695
172.390246459,79.5891585366
172.28795683,79.6876669091
172.195011026,79.7736906542
172.078456042,79.9172400691
172.013062398,79.9710363724
171.938542774,80.126273151
171.911725803,80.2715446313
171.890804278,80.5210497375
171.839292483,81.1321461669
171.830148225,81.4574950427
171.773062433,81.8564580177
171.82141502,82.3047076173
171.854914044,82.6712205463
171.952108056,83.1021574142
171.955557372,83.1374037912
172.001492942,83.4236460031
172.086293269,83.7258536655
172.168285768,84.0088104427
172.298538767,84.7673790035
172.251194004,85.1119019355
172.098489264,85.4943491439
171.948823754,85.624049389
171.788766517,85.7378229369
171.641169381,85.9318502201
171.599159539,86.0001441025
171.522183974,86.1743735182
171.474441072,86.3428369453
171.353002994,86.714551449
171.034977498,87.7153504914
170.759536004,88.476283129
170.281168314,90.1453533404
169.918164692,91.3694042401
169.50657163,92.6652990875
168.955954957,94.7875797205
168.64310817,96.0819537772
168.404919332,97.3349939303
168.105759765,99.0939150004
167.886913887,100.299507782
167.604389637,101.586450248
167.405479037,102.349106686
167.192751083,102.801271809
166.999408439,103.217970597
166.87329572,103.214296465
166.791949798,103.311900745
166.770093199,103.340873231
166.738356122,103.3347598
166.668039079,103.187994479
166.627868325,103.084148628
166.539669288,102.977056539
166.469505513,102.912119257
166.34996354,102.764794049
165.465660232,102.116153415
164.65157632,101.62069026
162.945757339,100.903885749
161.820142382,100.482038224
160.569227738,99.8033610343
158.095807105,98.4261868293
156.103518851,97.3942833964
151.902928466,95.5713537681
148.745976957,94.4152608353
145.576020769,93.6419306733
141.641470912,92.8328888112
139.495747857,92.3774854462
137.536741264,91.7666532021
134.737130263,90.9483242382
133.349907089,90.3458027575
131.687636757,89.7551710066
130.83346372,89.3148815982
129.930858858,88.8361920206
128.036157892,88.0674473712
126.999347658,87.6268230332
126.122497417,87.29514726
125.849606376,87.1048673734
125.631188329,86.8386264716
125.368040647,86.6111346012
125.315029401,86.4851685374
125.172068561,86.4915040152
125.123064064,86.4957328494
125.081117193,86.4766645757
125.112304802,86.4297375066
125.138485828,86.4029295298
125.126880409,86.0995705869
125.07893098,85.9595542646
125.061126676,85.8862952505
125.099067218,85.4409195645
125.132752682,85.256243062
125.056837884,84.6545997735
124.909000674,84.4016396286
124.932408094,84.0182351959
124.786314901,83.0893398994
124.773984986,82.726184434
124.936710892,82.2031962436
125.112199419,82.0719838776
125.142831603,81.7845920519
125.218046145,81.6364386828
125.292002681,81.4402473582
125.389724919,81.2613396967
125.475910047,81.2836752669
125.547085188,81.2866482641
125.611583816,81.2771006171
125.837029181,81.2263666226
126.776482746,81.2592385688
129.981643136,81.8111285314
132.724865307,81.8844518102
136.858623778,81.8872627346
140.162325574,82.0436651669
143.515987546,81.7758517523
148.911846164,81.6021436449
152.416329997,81.5065436643
156.680973053,81.1890274334
158.780441546,80.9825368773
160.249586745,81.0405480611
161.386740775,81.0351634897
161.557185165,81.0236984146
161.49987965,80.9048719673
161.59209223,80.9753981123
161.703009043,81.1068862687
161.786760876,81.207533301
161.880126986,81.2420569472
162.038644941,81.3386999021
162.164197601,81.4223868866
162.509912214,81.5211060831
163.345533823,81.7927057728
164.468660609,82.3776621163
166.759848055,83.661055484
168.423594861,83.9427975076
170.248399294,84.4507501262
174.196093118,85.3424440783
177.944785757,85.8443826343
181.923103226,86.4550434321
187.574304081,86.9736207344
190.879734222,87.1153393667
195.10602169,87.3536492956
197.329918479,87.4047978611
198.820197138,87.5288300147
200.114372119,87.6970071273
200.402947371,87.8196935951
200.196631193,87.8104167865
200.089423052,87.7817694164
199.913785055,87.6450868867
199.851538118,87.5697764104
199.812641936,87.561419208
199.783726499,87.4807080994
199.75256695,87.3720864603
199.725324683,87.1883332755
199.674821807,86.941404514
199.682322189,86.8302463927
199.765105201,86.6880979432
199.842932764,86.5876885389
199.93044286,86.4380431638
199.981959338,86.3454405056
199.992969006,86.2401235751
199.951000969,85.8940567456
199.91736987,85.3478035289
199.912978137,84.3651323198
200.057743775,83.0610267317
200.026855571,81.814097612
199.757923817,79.8441224616
199.652913998,78.9830300533
199.535489385,78.2003323405
199.167822363,76.9782804604
198.984186883,76.0214936344
198.514471646,74.881855516
198.300965505,74.261829166
198.118807822,73.5749327782
197.795143209,72.6690809098
197.517911424,71.7503299037
197.326330164,71.0828462512
196.790649926,70.0349965004
196.320030322,69.2048613368
195.510993319,67.6214905894
193.977713257,65.0131066485
192.441869708,62.6747174876
190.396521683,60.567365491
188.822019384,59.6412486564
186.872398201,58.4543583983
185.579303634,57.5353523099
183.95529589,56.51366392
181.59639212,55.5077389906
180.065593666,54.7010921598
178.393633862,53.7200080638
177.5149591,52.7991324021
176.876367881,51.9307497691
175.959499203,50.7073129656
175.108290052,49.6871969575
173.839292035,48.2841344441
172.826888058,47.4921474229
171.815733987,46.6500591816
170.321013265,45.5890467907
169.452599631,45.0898910313
168.603385096,44.335212114
168.10392266,43.9821506022
167.745675359,43.7896438165
167.185435483,43.3305398425
166.846133934,43.2108979198
166.804475632,43.1272703738
166.646475881,43.0723254833
166.503544299,42.9597492511
166.385817434,42.833713134
166.263197689,42.7105393547
166.097243492,42.5869747821
165.832156757,42.5552381618
165.692616928,42.5491854674
165.330262834,42.4677448463
165.100780641,42.3765863712
164.849302003,42.298975637
164.466609497,42.1556960411
164.139656181,42.0469168883
163.596848403,41.8453370924
163.068841804,41.6732618304
162.797711158,41.5473703643
162.199361052,41.3056716621
161.564363949,41.0791564968
160.656950127,40.6644316181
159.882131072,40.3371832561
159.0485439,40.0092980178
158.241469163,39.4689398673
157.654368821,39.2264402143
156.78002693,38.9276840673
156.370027415,38.8345513624
156.129165346,38.7734056782
155.858717891,38.6105966875
155.576101696,38.477470867
155.182235123,38.2438149369
154.979974821,38.1406614471
154.833245241,38.0998002431
154.77885681,38.1584141557
154.698731303,38.2131888996
154.712633065,38.4131521915
154.676971784,38.5002038087
154.653393588,38.5308924283
154.648279294,38.5757669343
154.491176072,38.5065324089
153.754195144,38.4767670024
153.617855752,38.4352546157
153.548610936,38.4333570212
153.412074562,38.5026579785
153.309088345,38.6083654031
153.169899257,38.6932208318
153.00507092,38.7349392178
152.777277741,38.7260811886
152.757872222,39.1104537895
153.323563447,39.561664108
154.35186913,40.259752142
156.078495897,41.6555923105
157.288879542,42.9305975039
158.652391387,44.8828454051
159.833398892,46.7282949458
160.504932312,48.4008452842
161.444599053,50.5347251353
162.416706805,52.446395889
163.531271398,54.6689850938
164.50417345,56.5243501788
165.3260798,59.0589432941
165.838741435,61.022692275
166.383443276,61.9736009763
166.850361173,62.9345894224
167.133156023,62.9081410478
167.360928343,62.8669112969
167.545434175,62.5279162585
167.77820559,62.1640828718
169.10877368,60.9794901636
172.158046725,59.9480869153
175.360384098,59.1014644852
180.581268922,57.7277278023
182.619143911,57.2043020844
183.523163676,57.1428369007
183.643452554,57.13879319
183.151302457,57.3476909477
181.317291505,57.7301004223
178.557477394,58.2295397549
174.081799336,58.796108544
166.606989826,60.3232399071
162.00013485,61.8515387877
157.082131668,63.8805646012
155.217369162,64.6057608541
154.181380127,64.8984340799
153.446272942,64.6990999005
153.535644038,64.5991593114
153.583733619,64.5625035439
153.635604359,64.4912990277
153.749388487,64.3202120967
154.365352408,63.6157911224
155.415118079,62.9616661687
157.630825343,62.1068692323
158.761111029,61.4128531868
160.008275294,60.967129186
160.897941522,60.2948077658
161.1900821,59.992672145
160.791117544,59.6974181743
160.382893026,59.3719834507
159.946536606,59.1078051043
159.471094479,58.7025715086
158.973906484,58.5614185783
158.43405685,58.0537442051
158.771123061,58.0165422958
159.598796318,57.7317427534
160.770119573,57.3607324451
161.647178823,57.1281851107
162.306136218,56.9225488574
162.600764231,56.8962012505
162.667180537,56.8967795069
162.637332384,56.9558833454
162.502314022,56.9623211116
162.329825683,56.9929607013
161.790151878,56.8058768827
161.181840596,56.0374106728
160.435218178,55.202195265
159.352418174,53.7030839775
158.772097439,52.7323306434
158.340083054,51.8830403351
158.282938322,51.6253586973
158.746711237,52.3164961637
159.613410326,53.7200705726
160.655337703,55.7801028867
162.779312388,60.2935571511
163.970015766,63.9849087807
165.103610823,70.4859532018
165.781069837,74.4635058721
166.282930161,78.2960565306
166.835344886,83.815472027
166.818815016,86.3888955675
166.540039681,89.4320109222
166.274268211,90.9061612985
166.062753246,90.9912084528
166.133104762,91.4132592933
166.070509234,91.65910805
166.057851534,91.1926686197
166.152597587,91.0941850752
166.229048658,90.6631450641
166.180796144,90.0630285008
166.174107243,89.8584142056
166.090212009,88.938762993
166.068426382,88.1872925653
165.906742467,86.910717165
165.527423947,84.274666488
165.380416652,83.214511962
165.260051985,82.0978509828
165.255253331,80.3633580099
165.117175445,79.1588569442
164.892510959,77.7301734364
164.719447039,76.9576658018
164.496547278,76.2658963557
164.074550329,75.1309719701
163.866837016,74.3766306485
163.347008198,72.7137253359
162.953604997,71.5953201826
162.54625063,70.4489475264
161.958595899,68.9107167128
161.447839606,67.8200879359
160.24421125,66.0902315578
159.197711018,64.7551871281
158.421244251,63.9447136289
157.595130803,63.0613384166
157.151368057,62.4745315945
156.814692957,61.9501699035
156.421294553,61.3030862417
156.189178336,60.7431469995
155.669851259,59.9509094228
155.222840318,59.5233608176
154.484429493,58.8002832064
154.125643211,58.3384988059
153.758218509,57.8912737191
153.476582407,57.3610141869
153.388938155,57.1620352408
153.39122046,57.1273302571
153.40079452,57.0913761791
153.360614843,57.0346887823
153.326256839,57.0579851484
153.292164738,57.1085562695
153.198686794,57.1689342043
153.060314207,57.1745705091
152.91847268,57.1748375943
152.637814802,57.0268878545
152.542781527,56.9341223522
152.434580473,56.76717213
152.434287375,56.7232212112
152.43082599,56.6791344282
152.344404481,56.6041322557
152.291886228,56.5790640218
152.22532019,56.5734805414
152.128875519,56.551731654
152.068198852,56.5251239745
151.987370573,56.478149095
151.915931261,56.3650298385
151.871104789,56.2847393618
151.818245153,56.2090788767
151.764833589,56.1507228933
151.582616374,55.9426622077
151.472917498,55.8309852601
151.354696624,55.6375050346
151.014152303,55.1449584889
150.835396727,54.8355268298
150.33166496,54.1195656975
149.937046178,53.6072886433
149.650236112,53.2475679412
149.395760698,52.9340398181
149.24527313,52.7224704087
149.228766089,52.61203819
149.154168569,52.4516468085
149.10061858,52.3669040618
149.041008989,52.2456941227
148.997733257,52.1570959801
148.824700413,51.919041802
148.627715319,51.6918665835
148.406013478,51.4671936666
148.230222317,51.32677656
148.155674845,51.2422034599
148.090734339,51.2062856278
148.103660814,51.1911099207
148.11679758,51.1576054076
148.089635104,51.1116645175
148.02947838,51.0622413514
147.890146216,50.9764439769
147.543812841,50.7598126972
147.487739672,50.6905133504
147.29610885,50.4528127475
147.245580613,50.3742828486
147.186426159,50.2654803047
147.08229542,50.0756046175
147.074073723,49.9864267328
146.994650852,49.827688166
146.807317408,49.5250406751
146.462028591,49.200221766
146.143900249,48.9771879741
145.994741859,48.8595542371
145.919240397,48.7535499581
145.937466206,48.6418327162
145.942916018,48.5539736974
145.950751753,48.4688534956
145.918263406,48.4560640684
145.920854731,48.4938665701
145.948081442,48.5443728789
145.973217152,48.5747344875
146.00815191,48.5702740549
145.948293075,48.4818557703
145.883002349,48.3676935159
145.900586571,48.3314690972
146.156488665,48.4878789501
146.699914638,49.0361394836
147.054897994,49.5036424743
147.740264319,50.2714893249
148.154842459,50.6411973065
148.569275597,50.8830609152
149.099051845,51.0864546725
149.118842271,51.0273375779
149.192306776,51.0192995478
149.369083131,51.0837019581
149.464658735,51.2101325563
149.64975718,51.5427957998
149.836771555,51.9064791657
149.986710676,52.428839674
150.025509166,53.576833996
149.637184233,54.4552867656
148.232191613,55.3859409119
146.851407019,56.14032538
144.919515039,57.0451836512
141.055260349,58.9274096186
138.39520466,60.8252622859
134.588185907,63.6771877856
131.872203195,65.1875909718
129.262905581,66.5094818032
126.043555478,68.1815985234
124.331597149,69.1871754821
122.504416929,70.1157259917
121.509429646,70.7066290932
120.735560692,71.1651149479
119.862707425,71.9957110789
119.295491955,72.5063699282
118.353913884,73.2290389089
117.905594485,73.4602737708
117.579017216,73.5189351961
117.270763514,73.7485676885
117.152532448,74.0658645513
117.001692959,74.5846539027
116.821170453,74.9248675669
116.813865884,75.2307357045
116.772388748,75.6074923336
116.723671566,75.6053199809
116.59331115,75.5847785068
116.552931507,75.6633691028
116.571724044,75.6488908385
117.002111607,75.4194427324
117.617624991,75.3257437983
118.512048256,74.9228183954
120.292010813,73.8103343282
121.891731939,73.3478405634
125.126510852,72.218284775
127.931950957,71.8143741901
131.123142611,71.1673202498
136.33614218,69.9722289031
139.322520867,69.060463399
144.076127949,68.2886896058
146.253999694,67.7251575102
148.768440001,67.7153599687
152.071208204,67.9181320483
154.91230601,67.5529548045
155.563556023,67.6560011662
155.851687433,67.6746118121
156.068396183,67.9300002184
155.555842921,68.3955383692
155.220414356,68.9350856578
154.737954718,69.3212004489
154.519762991,69.3390792239
154.491701837,69.3642040636
154.298808807,69.2916659965
154.275407208,69.2754641643
154.221206929,69.3692200213
154.122349575,69.3669768826
154.037231944,69.3846124289
153.889598547,69.4314558678
153.744279662,69.4718186607
153.902278185,69.639958648
154.125039239,69.9720113986
154.124393772,70.1096113482
154.059965053,70.5751912521
154.048865538,70.8710872592
154.082262149,71.3708197892
154.090649594,71.5817573659
154.167874148,71.8913795851
154.073503415,72.2297219649
154.07497589,72.5047654717
154.014584294,72.7404434106
153.81791022,73.030634328
153.706015509,73.199093156
153.551031302,73.4902425279
153.502659334,73.5987253546
153.449365924,73.6360150722
153.534630204,73.5938805698
153.64103397,73.5415935091
153.722554958,73.4800638876
153.687853582,73.5165696027
153.608260154,73.6078686918
153.657744994,73.6108215362
153.755205076,73.5865392207
154.01641461,73.6196454501
154.177600957,73.7348037512
154.284836565,73.8864679058
154.363378659,74.0530790742
154.389340163,74.1372925294
154.503319265,74.3046271898
154.520472661,74.4510115576
154.557300803,74.6799509501
154.641659977,74.9336167302
154.644206257,75.0969542242
154.985909726,75.1908572586
155.599352334,75.1325977637
156.520623404,74.8363798606
158.731637643,74.2748492696
160.216945996,73.8596154006
161.420053425,73.3814612758
163.258601462,72.790784815
164.418383858,72.4564992536
166.243390747,72.2160660114
167.291753563,71.9965680579
168.367896452,71.6803772354
169.95302508,71.4467372902
170.903620916,71.2684527405
172.218941384,71.1734584048
173.078513066,71.1096683129
173.742899872,70.9624766906
175.112833061,71.0570454166
175.922117655,71.18055454
177.107165032,71.3213878624
178.241448445,71.4670752421
179.323810166,71.6110003849
181.119823586,71.7770299952
182.673735326,71.9902970226
187.20680256,71.9259294471
192.337889706,72.0325780499
196.416398631,71.8483568873
200.520350771,72.0858701521
201.943076779,72.5320328802
202.578128178,72.5499773853
202.304534753,72.4975641125
202.030339651,72.4109884542
201.315450378,72.1425084365
200.58551186,71.7138696464
199.064682888,71.0423290766
196.574820345,70.3192034499
193.224613586,69.7334455579
185.12067768,69.6378882768
180.059375034,70.1688456186
174.913032582,70.9643373399
168.250124561,71.2370127957
165.68767749,70.8730841075
163.425465549,71.0543739407
162.451605434,71.292804864
161.915131422,71.5193645532
161.865615377,71.2964216634
161.912916865,71.2137239062
162.025747793,70.8766916591
161.85506438,70.7261564797
161.446622622,70.6732158214
160.05485557,70.8321090527
158.391939284,71.4242590074
153.890154897,73.1596561202
149.91235038,74.7939462597
145.721839368,76.3771465074
139.150247813,79.1851439141
135.175068348,80.8435327692
130.879853797,82.6189991617
129.407477525,83.1396905325
128.756355796,83.2996081074
129.799314084,82.7836420896
131.742170104,82.2747161151
136.653519193,81.4931901313
141.510286997,81.0491804837
147.308049848,80.7841743732
155.571811005,80.2787440534
161.083326273,80.1814201411
166.311066549,79.9278816685
170.045171978,79.9794172732
173.571108044,80.4789657512
178.373070893,81.28074366
180.576946307,81.6815360069
183.698937043,81.7800374754
184.10401174,81.8625726839
184.22228077,81.5769866058
183.827127388,81.353458283
183.56870466,80.9561612104
183.536706633,80.7377422017
183.642880296,80.7080642568
183.761453453,80.6255224888
183.882110114,80.4300784794
183.738476911,80.2922714986
183.189547463,79.7798097946
181.156219319,79.3986596058
179.015914008,79.2940492601
174.434861324,78.9584012269
171.695306483,79.140408307
168.446731176,79.5093589901
164.625223601,79.953005867
162.540163947,80.3137342404
160.502697809,80.6988189114
159.372897001,80.80904803
158.971351148,80.6989255311
158.831874773,80.7206808195
158.938243748,80.7170430782
158.954146156,80.6340250289
159.098919129,80.6505566051
159.11483009,80.6935587969
159.198179799,80.7886844077
159.602457629,81.03120943
161.873541903,81.1759936096
164.590879277,81.1313121062
167.275894608,81.1184421526
170.025789768,80.4740302
170.711424867,80.0330603744
171.306499098,79.9957883115
171.1991263,80.0199591359
170.716095496,79.9728451925
169.633322672,79.9482197328
168.878755871,80.021241851
167.665727464,80.0969306755
166.300512039,80.2463422608
164.687982794,80.3743058736
162.495721035,80.4849587275
161.325084591,80.8120606436
160.666237415,80.9853647515
159.723353318,81.4656740042
159.494323808,81.5020790348
159.431085945,81.4945074824
159.384730358,81.5522729307
159.392863155,81.5832436758
159.397465392,81.6618732721
159.312421592,81.9045279656
159.094010898,82.2461037079
159.0354859,82.3463492478
158.954285944,82.4470501759
158.920127337,82.5582776644
159.088108725,82.6548134107
159.210746495,82.7424065235
159.301542251,82.7266489723
159.299564822,82.6506032204
159.116149438,82.5372832225
158.973078036,82.4357930008
159.109050679,82.3173516346
159.648968367,82.1672386337
160.913642534,81.7638625194
163.449826703,81.5102687311
165.602503932,81.1582992456
167.996999992,81.0221217834
171.47033341,80.6130561324
173.398167687,80.560047744
174.923898221,80.1971686412
175.431680476,80.0390671218
175.483775274,79.8888530901
175.408712044,79.8524855392
175.399107368,79.8392519231
175.222430236,79.7983417895
175.102979157,79.8203341472
175.059091919,79.8013179458
174.946767004,79.7429318005
174.908308029,79.6620690888
174.799943953,79.5554038851
174.640579987,79.4758788245
174.529557359,79.428927559
174.113738151,79.4417512765
173.724578652,79.4396664978
172.932109408,79.5600196726
172.189369582,79.6197895372
171.201460296,79.7324888025
169.562402758,80.0711475703
168.437493774,80.4086340103
167.321526598,80.8044316511
166.830663434,81.1281704276
166.481739935,81.3737532714
166.594887386,81.4313279246
166.652981343,81.5080724231
166.77323357,81.5907723789
166.933885663,81.6201657699
167.143722595,81.7565831276
167.569391482,82.0294812589
167.941075499,82.0571225621
168.967804123,82.4661521912
169.73479976,82.7305273642
170.604386998,82.96697097
171.453937239,82.8597587443
171.968789987,82.7141007324
172.509139114,82.5781875341
172.783686668,82.3381482142
173.099981686,82.3475656061
173.250508993,82.3973764781
173.367929362,82.2984875179
173.53025882,82.208843131
173.802828767,82.0511861498
173.922773931,82.0286682749
174.295323493,81.835575008
174.483839189,81.8055906155
174.611405289,81.7594956699
174.710634824,81.6896760419
174.660599152,81.6843047263
174.543825216,81.6708057789
174.43466083,81.7292928307
174.363134665,81.7314258074
174.223236679,81.7928684503
174.029659756,81.9025251927
173.624759134,82.1437811457
173.173774315,82.4098409315
172.596287313,82.5755023677
171.087178613,83.0268008794
169.618502862,83.6722663087
167.230780633,84.5791545871
165.608617398,85.0363902082
164.056684135,85.6511889699
161.195247006,86.6709481266
159.068919532,87.1606786918
155.010676767,87.6437756867
152.278564085,87.8560119339
149.657610758,88.0410633139
146.091871759,88.4090394055
143.771821535,88.6485907243
140.647075818,88.7889100088
138.398871562,88.5844671133
136.42101068,88.2634687899
134.346646331,87.69064291
133.426116036,87.3331483827
132.706604087,86.9807427432
132.611472889,86.6988449583
132.730395046,86.4175183182
132.881449574,85.8756019706
133.027898114,85.5507612729
133.227512297,85.3913141026
133.318826583,85.3008909096
133.439108605,85.2097711546
134.309542206,84.8540536129
134.996378337,84.5176614179
135.993189145,84.0574931973
138.451236883,83.1101487116
140.437451376,82.1292722424
144.62408837,80.3732185945
148.334735568,79.0768280474
151.939314396,77.7330111827
157.888489836,75.8266341039
161.159181998,74.886314164
165.668186663,73.4632506077
167.696795614,72.7580633696
169.374622593,72.0354120138
169.931468022,71.1948437889
169.682350098,70.791044351
168.241102096,70.4236410974
166.820447008,70.3575777497
165.039954901,70.3747252625
162.440553409,70.5473623458
160.518519153,70.5965696549
158.990032196,70.708116226
157.122518676,70.7709901228
156.27242791,70.9001604719
155.8113654,71.1208387134
155.875231284,71.2226848238
155.924465096,71.2704127863
156.051854756,71.2861564703
156.235486294,71.3207589182
156.650120218,71.6718219251
156.937939925,72.1993548087
157.237079719,73.2899044544
157.335968266,74.1444576429
157.406941076,75.2105480003
157.313583947,76.9142585548
157.134368669,78.1191658956
156.984933776,79.3180195275
156.659414265,80.8753840281
156.526296414,81.8517324271
156.615462305,83.2040946131
156.748356319,84.1091507614
156.979348281,85.0331927729
157.433993435,86.4449866671
157.717094799,87.4325325584
158.245928454,88.8749463494
158.746247115,89.8345686369
159.508134784,90.7071966838
162.801319251,91.5640795831
166.36436002,92.4613773222
173.423082234,93.3310989488
178.140542107,93.645186858
182.269267564,93.6237327741
187.105503566,93.408073139
189.182010097,93.3169027413
191.27089239,92.9076405383
191.927251505,92.7993115467
192.021290954,92.6200829737
191.617065651,92.3518887853
190.839336247,92.0087262435
189.409858019,90.7661356302
187.467864892,90.1616666149
185.642958792,89.7991902697
182.776013336,88.8621461959
180.27699888,88.3295201609
175.980801017,87.3437111442
172.046999764,86.6985056789
167.73486308,85.8109031144
161.545355314,84.7281803342
158.176496133,84.253223819
154.852288279,84.1734649553
150.342436823,83.2914197237
147.36356849,82.8717490121
142.873338966,82.1942576945
140.417374602,81.8553317209
138.2575173,81.5607480286
135.96369522,81.0327415065
134.916632543,80.6670133547
134.177304281,80.2622626976
133.879503971,80.0641369888
133.578172065,79.8398738613
133.148981317,79.5277475354
132.805982925,79.3224544902
132.451182875,79.1415243702
132.256334074,79.1221889125
132.013667899,79.0812557883
131.526692811,78.869104894
131.274903752,78.855444501
131.040320464,78.6813429272
131.052268653,78.6336013456
131.185689401,78.6629281236
131.425479458,78.6148892998
131.461594001,78.524172274
131.602748032,78.3362466295
131.702174838,78.2777349596
131.847077079,78.2014107149
131.979296508,78.0609134301
132.027065621,77.983875653
132.068246673,77.9223647968
132.002578377,77.8961666858
131.872273666,77.879737354
131.703726699,77.9675454982
131.632811224,78.0307151731
131.56577757,78.1166224792
131.677739083,78.2273476292
132.674261418,78.2716675356
135.195257262,78.1853539006
137.27776449,77.7605832993
139.645814872,77.322847477
143.655433005,77.1182215054
146.614941235,76.9569979446
150.638029594,76.7434988546
153.428765686,76.9034917495
156.143388711,76.7176250606
159.649613878,76.7122359845
161.175384194,76.587189537
162.728308347,76.4494734274
163.189826425,76.3741129455
163.249045996,76.2169351922
163.373254812,76.2884150089
163.370475167,76.2906409075
163.426857575,76.2042271907
163.4282109,76.1837041526
163.44120806,76.2038022189
163.431447759,76.1375215308
163.364783297,76.0604572134
163.243062485,75.9000670122
163.192920165,75.6677197421
163.121717728,75.4697020188
162.983649554,75.2105592689
162.913228039,75.0550045643
162.849513525,74.8457524528
162.804758963,74.8177548842
162.777373063,74.7979936061
162.763881368,74.8146742756
162.760385592,74.8792405682
162.748614458,74.997256342
162.758961441,75.020495595
162.790520814,75.0793348516
162.905521177,75.2487960488
162.980053505,75.3762048207
163.025852974,75.4964104367
163.066438964,75.6526688937
163.067415561,75.708444316
163.074913504,75.8367314176
163.118583945,75.94027522
163.168915997,76.0630171845
163.273215213,76.6691129619
163.339314533,77.2235172181
163.258956795,78.0257622967
163.225639978,78.9039269274
163.299219061,80.0947771675
163.178772954,81.1183427581
163.105723548,81.8971339508
163.008860487,82.9457036766
162.971416727,83.5844400414
162.974769222,84.290640737
162.884572282,84.8836329444
162.844245364,85.2249335208
162.780523309,85.31396157
162.739280116,85.4433991223
162.731425539,85.5162974869
162.778732036,85.6009812435
162.788779123,85.6696680145
162.806065042,85.7361401248
162.793377683,85.7673402596
162.759684153,85.7907662488
162.765942079,85.7802105946
162.813766705,85.5894081003
162.841167227,85.1865854432
162.88140837,84.9022366556
162.904887691,84.7124699028
162.887123394,84.5156987631
162.892683034,84.4426949701
162.849371575,84.2616038957
162.806156404,84.0401878448
162.773390321,83.6692502225
162.669328146,82.6120115731
162.63078296,81.535187253
162.594289254,80.8388497287
162.528387144,79.7357522381
162.500843364,79.0966888132
162.460928273,78.3649066832
162.387004602,77.9325268944
162.367595604,77.7795953672
162.308741682,77.660357306
162.285510412,77.5701330047
162.287385533,77.5377706424
162.274526097,77.4946433299
162.236998771,77.4530876752
162.165302417,77.3375237154
162.107431052,77.25348094
162.068174042,77.0984823287
162.043974896,76.8548077302
162.078225961,76.6560663807
162.102577939,76.3236136201
162.133740766,76.3178344798
162.174969215,76.3456400062
162.174605424,76.3917605311
162.146464282,76.4762850057
162.135956943,76.7684545985
162.172721291,77.1281067306
162.378445247,78.0966078654
162.72830429,79.3890575477
163.102947278,81.0826871051
163.401594351,82.7214807512
163.670563187,83.8727136038
163.985214814,85.001010257
164.053753355,85.5705333695
164.154632543,86.2635375586
164.128156215,86.5982702467
164.10458482,86.9296222785
164.158527817,87.1204387028
164.204147992,87.3967044833
164.235137448,87.6153738116
164.268195107,88.319560815
164.262453902,88.8556648188
164.22501578,89.2057699791
164.183739374,90.1739331375
164.216598851,90.9177873603
164.294572737,91.8188271859
164.219638053,92.4514377706
164.14885533,92.9018919513
164.066661527,92.929051592
164.088349998,92.8814836193
164.147912707,92.945140706
164.21369537,92.9595787352
164.274707365,92.8376904891
164.30094088,92.5763108052
164.29680937,92.3396553582
164.247112996,92.2413158046
164.205322311,92.1852819137
164.136568387,92.067141296
164.044416133,91.8982758716
163.989275158,91.7873832232
163.993788024,91.6033514198
164.010790687,91.4819318473
164.056288091,91.2828053464
164.105887087,91.0625422055
164.136070003,90.8794751331
164.177056393,90.5026162839
164.158978649,89.9024211133
164.164559396,89.0263433684
163.983738039,87.631926214
163.934380729,86.8784250714
163.850918843,86.0011482147
163.876700204,84.6562743966
163.933556276,84.0530995621
163.998359128,83.3562060931
164.096442413,82.9987593305
164.129295099,82.6537645228
164.15609473,82.1265247774
164.171574261,81.9961471778
164.173447697,81.8371557871
164.179475954,81.7054439154
164.173272029,81.5738549815
164.082053364,81.1484669253
164.028960653,80.9733132145
163.907568936,80.6892024764
163.845158084,80.551396391
163.814058374,80.4929872837
163.815453328,80.4836867284
163.838581908,80.6003726432
163.886957579,81.0831330861
163.939746418,81.5338359074
163.925421976,82.0304033759
163.976916994,82.8272023299
163.999518672,83.5411416597
164.104192596,84.4793238596
164.181875783,85.0695282183
164.195071657,85.8090814778
164.271268218,86.9999639172
164.287833295,87.618848851
164.289820353,88.8863765301
164.256703035,89.6604001925
164.203127219,90.2807164371
164.161446848,91.2451491019
164.12987264,91.6162466731
164.150985983,92.2495847348
164.336095633,92.4569233781
164.634598693,92.7038119646
164.891858211,93.0488762071
164.950648186,93.2009869469
164.97810064,93.3745831602
164.98828889,93.6036412845
164.988803981,93.7220802679
165.049609552,93.8287792557
165.061605337,93.9308885826
165.059385387,93.9953897498
165.035769426,94.0591137739
165.030794269,94.0786164303
165.027839439,94.0989825847
165.036533274,94.068445066
165.057406071,94.0159412895
165.118706405,93.9009530594
165.202367473,93.7337788533
165.282220519,93.4426397599
165.308556912,93.2745279944
165.308593431,93.1288407369
165.27959892,92.8832369891
165.277130366,92.7053242753
165.224942023,92.4226560718
165.186697461,92.2402837751
165.152320808,92.07384855
165.103000135,91.7695769516
165.050437878,91.5707632299
165.022858035,91.419506293
165.0045232,91.1566358849
165.000335074,91.0158151759
164.962825891,90.8265987013
164.936775111,90.6581060863
164.881986852,90.3986085011
164.849762927,90.2307492838
164.811836234,90.0852139457
164.769045855,89.8823226413
164.757278923,89.7747615047
164.741088623,89.702682991
164.703166926,89.5996234651
164.687878759,89.5091581389
164.640195677,89.3888801351
164.607014619,89.3046363541
164.579541874,89.2225662527
164.549659238,89.062291126
164.541304191,88.979233257
164.528191701,88.8737168486
164.506755831,88.7678842257
164.493233249,88.6655307046
164.48286721,88.506847482
164.478899792,88.3754639159
164.457838325,88.1621256139
164.466549069,87.9849413271
164.476463628,87.7986055384
164.514895319,87.4907722529
164.532161585,87.2887299291
164.544709117,86.9913452332
164.523005894,86.8079082021
164.517640481,86.643943829
164.509915499,86.4340709027
164.504986131,86.2216495223
164.515036359,85.8192480416
164.523706294,85.4525191948
164.523382251,85.0078359702
164.450909974,84.6668937865
164.41879441,84.6331381046
164.388835325,84.6576879807
164.363244617,84.7434907479
164.348874212,84.7823118832
164.334879962,84.8747367801
164.744527497,85.0900906224
166.187706657,85.5999944493
170.314955023,86.7436431323
173.588610991,86.9331586788
178.149864964,87.5979011454
180.243327963,87.7024637768
181.481693636,87.5998373993
182.956212717,87.8831363398
183.441793396,87.8919709967
183.720540926,87.8779487615
183.502411343,87.8130557054
183.377110866,87.6962429481
183.095795222,87.6283386831
182.835033637,87.5489331423
182.048817354,87.1527288416
180.952169805,86.5299581958
179.267742924,85.7813893062
176.387844851,84.7968960255
174.459181583,84.2949086364
172.127579572,83.6704590561
170.884639044,83.2476340415
169.86270185,82.9254396293
168.71552299,82.3322348402
168.122683091,82.2043690748
167.591715465,82.2979268688
167.454671092,82.3481720531
167.451342084,82.4267624625
167.288887266,82.5374041693
167.171861996,82.6729273285
167.037130248,82.988775909
166.917737377,83.114718819
166.788913596,83.2234396723
166.63740481,83.2388955342
166.527153542,83.2096393054
166.460324633,83.1835682318
166.430795244,83.1602676735
166.431113992,83.1428620608
166.417448889,83.1098923131
166.425994507,83.1048399772
166.441649808,83.1215149422
166.483173466,83.1483602364
166.504201567,83.1464886049
166.549692138,83.0854244103
166.583443897,83.0156476788
166.614165556,82.9602641253
166.626158826,82.8804022733
166.60222364,82.8489856017
166.292668265,82.7609843974
165.845392771,82.7177406053
165.57700506,82.7117799106
165.368843155,82.7188513153
165.350108023,82.7191515748
165.307896589,82.7061952825
165.289933006,82.7144783652
165.266464433,82.7376906259
165.167279039,82.8480369806
165.045255765,82.9483608121
164.880878259,83.092815758
164.748278857,83.2331193756
164.642600699,83.3817400329
164.549074185,84.0944547834
164.594706552,84.9083687574
164.592337787,85.9807003629
164.56571758,86.875920363
164.479581228,87.4206332554
164.367169467,88.1156829559
164.382178816,88.3028938699
164.522431611,88.3979109105
164.712919904,88.5233904675
164.897595153,88.6624848899
165.053046709,88.7466095393
165.116299706,88.8575721526
165.165423946,88.9902815447
165.141208394,89.3553520663
165.115280935,89.5370180533
164.945053554,89.7452771097
164.798677123,89.8636404865
164.675864843,89.9425511908
164.379451723,90.034968492
164.1449842,90.0759831308
163.696568443,90.0227065103
163.338136525,89.9887915673
163.036026854,89.9010124503
162.497235712,89.5415553181
162.087459566,89.0685011584
161.572538566,88.5040086934
161.315969978,88.1336944049
161.165736912,87.7469617699
161.038734898,87.2629870185
160.960949787,86.8559486382
160.85928197,86.3027180654
160.830438778,85.9705708597
160.779811297,85.6108648828
160.595174576,85.0493755019
160.255922331,84.6889189483
158.722991168,84.1473725431
156.788559835,84.103917053
154.491623511,84.3247902252
150.798932148,85.2279953062
148.208139707,85.6786373331
144.592785431,85.7708661606
142.232986674,85.6306478733
140.299575714,85.3227085462
138.278940664,84.475850617
137.295732368,84.2208904713
136.687047243,83.9222302684
136.742171225,83.879301284
136.820160155,83.8737550613
136.942380237,83.7567913892
136.995528377,83.5556506097
137.035390739,83.361738285
136.93866712,83.1475605242
136.78346352,83.1021726634
136.562377534,83.1098006101
136.447105078,83.1505088008
136.22405567,83.1005481914
136.027366016,83.0565141669
135.978882377,83.0551429368
136.080506865,82.9834899334
136.612637118,83.092134264
137.948824271,83.4209532543
141.531376195,84.116708819
144.847556845,84.870657546
150.925339832,86.4140253011
155.256873979,88.4237046638
159.324242778,91.5098059941
163.721590418,93.9477821047
165.442276996,94.5307960403
167.201926307,95.1081375078
168.046486769,95.1969632065
168.947900974,95.282049573
170.641234902,95.7564843519
172.159941295,95.8770573374
175.479080408,96.001099621
177.857510458,96.2636694565
180.675202359,96.587098956
184.575770746,97.1646905847
186.917153117,97.3181496055
189.53082428,97.5042542446
190.726460121,97.465857833
191.649395377,97.4540094149
192.420664873,97.4643284214
192.690121455,97.3709752926
192.865451243,97.226033879
193.154720429,97.1100407912
193.30845586,97.0170332013
193.643669568,96.8819767299
193.807792298,96.7856354106
194.166887112,96.5154465556
194.724761549,96.012296239
195.102418802,95.4678710795
195.726565001,94.3226790222
196.163660416,93.5765321938
196.555164574,93.0266972406
197.237192348,91.8810571989
197.835327196,91.1379590181
198.844653284,90.4851088506
199.503245144,90.1186543136
200.137296072,89.8090473312
201.050150946,89.3344473167
201.643960113,88.9909463875
202.381362574,88.5701304531
202.741921525,88.215337124
202.968552667,87.7298913228
203.06839856,87.0803374925
203.11804564,86.5443603473
203.009724428,85.8260663405
202.935171068,85.3597009777
202.83531479,84.9038990552
202.647284911,84.2465857265
202.511197373,83.823435267
202.031522327,83.1955686858
201.47800414,82.7092351004
200.595650528,82.145131958
198.813286856,81.2536110389
197.385985926,80.8171131652
195.063680142,80.3985983342
193.438723767,80.1095429376
191.849377256,79.8778028523
189.458981543,79.5726775553
187.79847091,79.299841757
186.03253732,78.9595495708
183.298580852,78.5199815431
181.557068459,78.2950601234
179.11647983,77.9428384674
177.583742664,77.8589371811
176.211911898,77.8038419791
174.112848495,77.6152729912
172.746678191,77.5601723576
170.688999681,77.6625932195
169.263724814,77.7576066091
167.870637096,77.8186602098
165.774661444,77.8009347858
164.397736925,77.805805773
