182.934748693,74.794213595
183.081443905,74.4865621716
183.150931147,74.2984381114
183.196888374,74.2047115206
183.245167861,74.1505899153
183.248603449,74.1275164067
183.223611393,74.0977668249
183.211499939,74.0621213553
183.193586054,74.0299286963
183.142796708,74.0006169001
183.0774247,74.0024622974
183.042008629,74.0365780188
182.800552544,74.5404748212
182.448184086,74.9228531274
181.899603878,75.2244524876
181.728811971,74.9509799028
181.761673649,73.6018245415
181.855669958,72.8192837816
181.761700222,72.538932241
181.516916759,72.6081012933
181.45077375,72.5738383545
181.365571061,72.6818286918
181.363509175,72.8032040289
181.375011314,72.8251742038
181.216571862,73.07733558
181.183197032,73.0965037949
181.163124096,73.1421694404
181.303306077,73.1716162142
181.006581239,73.6280843624
180.110512317,73.7292923722
179.702790557,73.3275806536
179.304574268,73.2638005187
179.236010277,74.0608129349
178.805514142,75.2203989904
178.833001452,74.6464455413
178.741961303,74.5860159142
178.655085327,74.0951787981
178.432022252,73.5925574984
178.319161808,73.8426955756
177.47735716,74.6056180589
176.971285761,74.7075655001
176.612868362,74.8099275778
176.131309484,75.4049662718
175.913913553,75.621899467
175.627907114,75.8975596224
175.636386588,76.0423220665
175.610607132,76.0256444486
175.65066244,75.8954733566
175.331573469,76.5473695764
173.942702089,76.9492047919
173.75849821,77.484404296
173.781579162,77.02791997
174.063032526,76.6675001893
174.020287055,76.8819608198
174.160819417,77.0441241834
173.968898188,76.5670342882
173.82079233,76.7833586296
173.158641465,77.1423797385
172.871644528,77.7248493782
172.16765545,77.8216898083
171.719972276,77.9116507329
171.1424083,78.376849197
170.293163509,78.7853128559
169.775892099,78.9365472268
169.270547018,78.8097672368
169.23585129,78.5467370207
169.232531871,78.3404860808
169.458737732,77.7750479333
169.74095116,77.3766931428
170.218015025,77.5460356399
170.590663159,77.5303008913
170.696956009,77.6393833629
170.88046302,77.5668428506
170.917347741,77.4693667926
170.73953264,76.9077850759
170.42812012,76.575238215
169.815446168,76.2774501968
168.278375131,76.0732955516
166.708507196,76.0142661878
163.169408149,76.0242430864
160.603239877,76.0464118735
158.056316245,76.1495661115
154.225877492,76.4637155701
151.826057149,76.5725365504
148.596025078,76.8214029789
146.847873041,77.0631997575
145.439536466,77.240918819
144.067862214,77.3466017302
143.610283075,77.3880426663
143.25193305,77.4502512617
143.270944476,77.4392696386
143.273156188,77.5311329281
143.38813625,77.7877683225
143.383939317,78.065696507
143.361666003,78.3579386471
143.373102555,78.5164222422
143.341534819,78.7782440742
143.319772768,79.0437436119
143.27951416,79.1663977122
143.098171542,79.2641971498
142.747089501,79.3833409097
142.463595836,79.4555908428
142.143186343,79.829415539
142.18446383,80.0447115843
142.336105095,80.3097371125
143.080797769,80.4637476638
143.955207009,80.464229486
145.357146304,80.714157237
145.731013534,81.5193850629
145.816424878,83.1343703521
145.339553324,85.3614112801
145.069185653,86.2851180549
145.209307385,87.7506841117
145.537842076,88.7700303519
146.201007194,89.8103468271
146.67841118,90.2527416131
147.159607225,90.6031028993
147.737373086,90.924491117
148.020930963,91.2313016312
148.208121619,91.5813868705
148.294266079,91.8520466152
148.310461803,91.9045624306
147.996177194,92.0629282861
146.468340018,92.1170109743
143.342354255,92.3223185322
137.2736263,92.2046944445
133.292782076,92.2414609967
128.170240242,92.4649479493
125.371089219,92.6047571413
123.062084643,92.599407124
120.469792647,92.4018349113
119.488463529,92.2332936696
118.789825457,91.9285660358
118.689188825,91.5931737936
118.737014106,91.215091073
118.855668636,90.8402740494
118.824250463,90.7194669626
118.720566529,90.4566686325
118.520289244,90.2292023241
118.186647839,90.0201897405
117.38335028,89.960859829
116.724673391,89.867558593
115.753088904,89.6533174039
115.13333101,89.6187510629
114.689393599,89.5170801782
114.57527711,89.4094591634
114.638553479,89.3659486304
115.608710137,88.6827818914
116.86991438,87.8573950098
118.985595199,86.305561358
124.381290992,83.0979965401
128.896302737,81.8505504711
135.822392338,81.0376775928
140.380737684,80.8899664614
144.772360264,80.7041891284
151.005552506,80.0173329286
154.947581411,79.5102424076
160.192599098,78.7230556879
163.256869964,78.1822910955
165.89250835,77.5502672742
169.189402277,76.0421207743
170.989212538,74.8953572063
173.412541777,73.3049259543
174.590993528,72.82512582
175.710647307,72.354473768
177.467889915,71.8641628046
178.382512352,71.8151315997
179.455549352,72.0181511927
179.832928,72.4836616953
179.926607511,73.1819196043
179.650017996,73.9771085357
179.254953203,74.2627672428
178.670047824,74.3553098534
178.519299021,74.2392715968
178.549679152,74.1020328685
179.250310977,73.6422285938
180.307918418,73.4789818779
183.833356718,73.8785656418
187.463323845,74.8664742105
191.305131957,76.0712885492
196.377717641,77.6780367088
199.144519521,78.4999532604
202.38046183,79.5426364657
204.161902183,80.2148688995
205.724615525,80.8764245412
207.697218607,81.8045708317
208.945152627,82.4025867276
210.901825663,83.3343453913
212.434829331,83.9857857301
213.948880868,84.6464869878
216.07279837,85.389597807
217.443920032,85.6936090558
219.387021804,85.9598656752
220.526860469,86.1932426302
221.527439516,86.3796416002
222.484403588,86.7757372573
222.791105509,86.8809583567
222.881310046,86.9336161526
223.018745737,86.9092696357
223.296146076,86.8961189993
223.882806341,86.8019848252
224.179387763,86.7121449206
224.381734375,86.5672758857
224.473173008,86.4328104201
224.502702891,86.2681487586
224.630863411,86.0470590186
224.9273782,85.8274767924
225.441747,85.4986096181
226.385580428,84.8447531296
227.040025954,84.2996623401
228.078876173,83.4901051791
228.691177848,82.9731301054
229.332024509,82.5448450671
230.279249559,82.0506667275
230.907356935,81.7185109306
231.968609896,81.1501839872
232.750101855,80.7294025053
233.673206113,80.229320325
235.451123452,79.4216813265
236.912706467,78.9594254289
239.206644248,78.2856521952
240.587225946,77.935459379
241.780350601,77.6535195209
243.294349258,77.2730543998
244.26341664,77.0479700012
245.919843354,76.5985212291
247.107837635,76.2486766648
248.330320218,75.9298069376
250.084814685,75.5783998943
251.139629055,75.5093010742
252.291791988,76.0915171319
252.981776969,76.4586776987
253.612091145,76.6488449951
254.449256944,76.5959619208
255.083798057,76.5204183727
256.107036057,76.547343734
256.801791179,76.6535866876
257.526013326,76.7157727704
258.5029615,76.8687925796
259.122539488,76.9115704938
259.756694151,76.9944987374
260.252768541,77.0833266144
260.733906034,77.1621287971
261.561471124,77.0982408673
261.998362662,77.0223895223
261.959310254,76.9984745278
261.66038414,76.9481880492
260.886278805,77.0390153311
259.924448963,77.2004475478
259.596456728,77.4332709538
259.918233738,78.1390708351
260.25338515,78.6930876348
260.303284953,79.2948232534
259.517972293,80.1088007325
258.426893148,80.7582845689
256.28222015,82.0537555193
254.76903298,82.922020933
253.21818015,83.791571715
250.828047947,85.0737675346
249.182416734,85.7392496672
246.744317381,86.7327454976
245.021179292,87.5856624666
243.274934572,88.5171790852
240.57290872,89.7645608256
238.811380787,90.5100538945
235.85550121,91.1828290637
233.430674902,91.3598814243
230.993485395,91.6314235152
227.466844155,91.9430292588
225.194315817,92.1104398429
221.95725048,92.5820829089
219.875181795,92.8620166436
217.974393012,93.2562231972
215.340496325,93.6830178437
213.691407189,93.8485204515
211.604556622,93.8641863277
210.356734594,93.8469554167
209.241544074,93.7675466939
207.673018015,93.7295580894
206.632995262,93.7348344477
204.984766642,93.8028389679
203.766701687,93.9117939887
202.414628438,93.9596821908
199.939734635,94.0447484269
197.55556864,94.1558029292
192.907401716,94.1232675709
188.99667168,93.9244368885
184.669182354,93.7105324876
177.63102209,93.5236455615
172.708196261,93.3747805656
167.813802101,93.3230703571
160.270319981,93.3035433313
155.08684517,93.2394675484
147.370258603,92.8958337153
142.160616035,92.7183912508
137.297602779,92.5049428901
130.272355901,92.3269584535
126.00320986,92.0129213848
120.437594379,91.7860307302
117.661220976,91.6829706162
115.60611285,91.7131024346
113.702329574,91.9549939048
112.882623094,92.1082858912
112.051339262,92.1101103248
111.001598759,92.0083240895
110.524041399,91.7845957759
110.227726947,91.5142669857
109.950013677,91.4095364947
109.389789758,91.1242708738
108.766649104,90.9684905593
107.813682921,90.7897208494
105.090965913,90.2943747272
102.281556677,89.8409119961
96.7246501238,89.1122479381
92.799562439,88.5710401513
88.8504457974,88.038349121
83.3042459632,87.5288125117
79.9868908909,87.2156853683
75.6748527833,86.7921512755
73.0494590538,86.4443990313
70.3678045312,86.1598466697
66.3791108449,85.7975229141
63.4969623355,85.6068128217
59.3029320231,85.006653825
56.9866290388,84.5859645963
55.116582344,84.2453244519
52.7268685526,83.8763316714
51.2832411768,83.8501295669
49.9933900943,83.7281927836
48.1271711214,83.524302564
47.041240672,83.3417210193
45.6711633893,83.1054983158
44.8415616999,83.0000994161
43.919889542,82.9303635692
43.2461979639,82.8199345693
42.6201768623,82.6776138487
41.3513514665,82.3265016322
40.2956666925,81.7079383197
38.1553374436,80.5692224273
36.4633430656,79.8439199181
34.8303282263,79.2203251529
32.7308640188,78.5600705308
31.6036135451,78.2140193918
30.1418761783,77.851850304
29.0275396084,77.7478190189
27.9287613579,77.4541930655
26.341050688,77.1412604688
25.666145167,76.984202355
25.0381365161,76.667866766
24.8401811208,76.4466255528
24.8397838726,76.2402346498
24.935930097,76.1055373896
25.0118600162,76.1015905955
25.3186535982,76.0871053213
25.9802046566,75.9577561536
27.0075515162,75.4549331909
29.6056444473,73.4486112345
31.1411536052,72.1791014978
33.1727983633,69.6565286647
33.7384133479,68.5334968131
34.1992973514,67.3138273502
34.7966342755,65.6774719505
35.4797139773,64.6541407682
36.6761980531,63.1984236746
37.3725228569,62.3391022451
37.6973104861,61.4989446241
37.6228475601,60.2741273167
37.4109000421,59.7916158672
37.1481167819,59.7417141277
37.0826169166,59.8595322868
36.9924544783,59.9532783881
36.9937999224,60.0504193697
37.0758424848,60.2043465444
37.439485291,61.028267425
37.8158848604,62.6690145966
38.5074136254,64.499258353
40.2016324649,67.258124172
41.7020610036,68.9173964871
43.1566427119,70.2774847371
45.0939826242,71.9586079327
46.4268549762,73.0569291436
48.8671060698,75.2210902178
50.7512158424,76.5212253635
53.3474110444,77.6813923503
57.9353810649,79.154272278
61.2312606941,80.0337834571
66.5211426654,81.4423224323
69.9950540973,82.4757823853
73.3426186989,83.3392780832
77.9975903523,84.4382194181
80.9716696695,85.2059803122
85.3687654394,86.303911652
88.3287474016,87.1297283369
91.2173133505,87.7376404602
95.2999614307,88.1743403538
97.795836762,88.3205422208
101.133423946,88.6088839848
103.219241804,88.7234324803
105.139534438,88.753756666
107.45091664,88.7668639525
108.67063353,88.7287960652
110.218275182,88.7105128312
111.127951316,88.7186778374
112.004259673,88.7529073438
113.287858012,88.9125009841
114.173580151,89.0747683119
115.559985072,89.2839502917
116.518729229,89.4035103437
117.592109252,89.4686550028
119.273490916,89.5714755907
120.497152003,89.5928715566
122.643822209,89.6068685498
124.265405159,89.5706213577
125.916723279,89.606651726
128.384661774,89.6306439566
129.849071974,89.6051290707
131.696857603,89.4953265691
132.685827668,89.4126755976
133.489755514,89.3470486741
134.475314337,89.2633317833
135.088745991,89.2232866191
135.982415321,89.1462957355
136.735248435,89.1764378671
137.861570821,89.295664036
139.609431079,89.8201653064
140.653504595,90.1040972514
141.852406115,90.2054713953
142.387980266,89.9318071258
142.708949264,89.4653117445
142.754926652,89.2109393432
142.725110937,89.3589992787
142.539663281,89.6512442119
142.16406472,89.8790238778
141.564167807,90.0524343339
140.414210103,90.1142781994
139.332512818,90.1500972561
137.326104869,90.0548762398
135.796364333,89.9934930008
134.149497617,89.9210251673
131.528365314,89.7695414936
129.757080854,89.6430121901
126.9727914,89.5744971205
124.997485683,89.637030945
122.996841343,89.6338234703
119.88459673,89.6761304874
117.806302672,89.7554094002
114.834108377,89.8662824005
112.931815815,90.0115738449
111.06945578,90.1768494258
108.488526211,90.4446320109
106.855941425,90.6060848213
104.469496203,90.7735923294
102.958884297,90.7613763737
101.524923548,90.6926242535
99.446025927,90.6569084768
98.1103592943,90.6732638099
96.7408746848,90.747918432
94.734666839,90.9797182747
93.4596240993,91.1197283716
91.5430684282,91.2271386504
90.304260643,91.2035031628
88.5221911587,91.0662370343
87.4230035311,90.8936812013
86.4286679282,90.6485243146
85.1294465667,90.3288067998
84.3323764274,90.1813372153
83.2959497458,90.0520846989
82.6712924384,89.9465250001
82.1047324321,89.8165866009
81.3055535595,89.7111162896
80.6903033459,89.6205622659
80.0614913904,89.4880762718
78.9396875269,89.2601840379
77.9175952879,89.1187506586
75.7150264863,88.6799544508
73.9079840836,88.2909351773
71.8293671608,87.8177182863
68.1584594735,86.5384302358
65.2637625381,85.113971439
61.1043160545,82.8647024856
58.5382674777,81.926875804
56.1039944395,81.5308424398
53.1416669697,81.272514365
51.5828952062,81.1355763434
50.0289901222,80.8736514422
49.3394269795,80.8867353603
49.0381040478,81.0001953335
48.9344990095,81.2281884582
49.0233047061,81.3066577369
49.2766671078,81.4478624421
49.5484800178,81.469251037
50.0827263246,81.5705831944
51.2899287952,82.246321934
52.3864887479,82.748117177
54.0220866821,83.3652621249
54.9914333082,83.7846095673
55.9520024301,84.3377102339
57.2863849069,85.0239897624
58.0653306453,85.4370603747
59.415431205,85.8630468682
60.3506844749,86.0696385179
61.3115362277,86.2791141623
62.8722123746,86.7849424657
63.911702461,87.1447702982
65.6244376923,87.7611940034
66.9823327217,88.3770714284
68.6162196979,89.0313908879
71.4123914302,90.2214672458
73.4561194265,91.1157306825
76.6043387454,92.1267859794
78.6089534219,92.735263729
80.3338361096,93.205348994
82.1791698077,93.5619939393
82.9795139579,93.6672152078
83.6621485706,93.9321299728
84.0686893744,94.0162563351
84.6340311051,94.2325232954
85.8068029158,94.5392164525
86.917781894,94.7105452636
88.9960319536,94.8966432517
90.4983552659,94.9433695021
91.9114171786,94.9214995066
93.8758014379,95.0710396078
95.0014950042,95.1474051886
96.4547945934,95.2662463637
97.3570900916,95.3071665073
98.2204632697,95.3212249263
99.5819972497,95.3203543808
100.508600787,95.3245359144
101.490605099,95.4414792736
103.09336769,95.6882073721
104.314254473,95.8554510514
106.621768886,96.13511791
108.607752119,96.4324003164
112.053474995,96.830795908
114.388240509,97.0984119889
116.741927427,97.3475593418
120.406904635,97.7942318325
122.933725717,98.0972757169
126.568348935,98.521548234
128.797415975,98.7425102416
130.926817686,98.9744663893
134.134702215,99.4909907121
136.393293518,99.8500488415
139.624874672,100.313206368
141.548782933,100.528938913
143.295968999,100.852568497
145.727156831,101.345179475
147.300157986,101.720730663
149.485477449,102.194199143
150.808189655,102.502779564
151.962894551,102.726641718
153.384014023,103.104026539
154.371837199,103.46749146
155.253664592,103.743848046
157.072697753,103.870236171
158.615564891,103.824080229
161.304118284,103.520259195
163.142965194,103.184057288
165.002077386,102.813312567
167.653498642,102.238285207
169.402990508,101.858583607
172.103262942,101.355433354
173.955557967,101.073626467
175.697821466,100.827432256
178.313155101,100.458455646
179.959365355,100.291098513
182.41618216,100.093360589
183.967921271,99.9589486246
185.378461208,99.8140838083
187.106034742,99.5584995534
188.050993967,99.3880177385
189.366914451,99.2578785851
190.307309269,99.2155416288
191.35156085,99.2834490823
193.074465591,99.504940433
194.102633861,99.5961119967
195.523212804,99.6645925308
196.346042671,99.6709401842
197.20028392,99.5735197332
198.604119266,99.1586910424
199.545339669,98.7483349301
200.859492714,98.0675737132
201.690266596,97.6151169359
202.537256516,97.2117175968
203.807272732,96.70831244
204.666580255,96.3887870539
205.9273163,96.2240096032
206.72775619,96.1712198773
207.547160944,96.0710609616
208.987373603,95.7822144117
209.984355238,95.4057833851
211.450405276,94.656425708
212.350150304,93.99254736
213.112586759,93.1924433632
214.088666921,91.8412207216
214.763966045,90.9703686767
215.801253443,89.8200707595
216.505711456,89.187365435
217.216563305,88.6146119812
218.115773223,87.8503911663
218.517380328,87.5007594646
218.787308186,87.1809787142
218.732261916,87.1483852508
218.572700749,87.1935105461
218.140766002,87.3166049759
217.868006621,87.4091110909
217.568227092,87.5485134067
217.334405955,87.7306390923
217.029465617,88.0056140917
216.35319456,88.4365484661
215.615042992,88.6071328138
213.931973198,89.0511004505
212.303606544,89.2945706845
210.558576526,89.5461452394
207.507015197,90.0191781629
205.459041854,90.5540319824
201.802620048,91.1835833802
199.217022737,91.659581527
196.275137452,92.0656505354
191.820357221,92.8540858412
188.850834373,93.1673919615
184.444460531,93.4524654905
181.402558594,93.4931589172
178.532014752,93.253067245
174.337921543,92.9697890244
171.722734919,93.0206719767
167.665248521,93.305870864
165.024150003,93.5912080981
162.498977139,93.8869501375
158.588528967,94.4271361775
156.004707526,94.7754676018
152.255199211,95.2971973798
149.827403666,95.549401564
147.543358941,95.7166174172
144.428052415,96.0660037379
142.358300164,96.3389298403
140.173859122,96.5231261538
136.64157425,96.6469608596
134.42094105,96.594029066
131.202071283,96.5754187079
129.092321906,96.7250218179
125.820907671,96.8766274206
123.687833232,96.9987005248
121.550340767,97.1105635664
118.63433004,97.2161697323
117.084437228,97.2196898977
115.82190061,97.3276606951
114.693341746,97.4877975555
114.313984862,97.6169890977
114.04202523,97.8021088068
113.890502735,97.9026320792
113.652845615,98.0045659458
113.279378722,98.159760293
113.023966403,98.2330910137
112.843034124,98.3936148931
112.745009747,98.5519403046
112.72332047,98.7061920025
112.762519202,98.9458077076
112.818478304,99.1029654775
112.949388221,99.2280054991
113.121494219,99.2271470137
113.384540792,99.0047746379
113.77562052,98.3904997365
113.941460174,97.9233532862
114.345156449,97.1550307766
114.681712856,96.5956788612
115.204507178,96.1361270585
116.06777546,95.6720296296
116.679014042,95.2175545121
117.706348006,94.0999867024
118.53193919,93.245493106
119.16509852,92.561830848
120.002797027,91.8765807288
120.420608145,91.4500942574
120.795151173,90.9260754511
121.090296672,90.717522474
121.494565694,90.5905966972
122.751349793,90.7812408008
124.049971489,91.1289593611
126.415804537,91.995146283
128.038732268,92.8010189702
129.757731358,93.6749329318
132.017774792,94.7082570286
133.425965712,95.2491000388
135.13492178,95.8802301945
136.063754353,96.2299150624
137.049352169,96.3030822644
138.635935225,96.5559771075
140.070413993,96.7013945953
143.184446363,97.13313279
146.087296397,97.502263207
149.789770982,97.9610061187
154.727084249,98.5600313865
157.38979884,98.9142023748
160.151785596,99.4359728333
161.206418458,99.753529063
161.765222948,100.021428081
162.084247604,100.360927493
162.030490693,100.56020714
161.770682253,100.91271077
161.347832207,101.269921667
160.830015687,101.487453489
159.900722845,101.83249346
159.222945501,102.037046674
157.980114236,102.447504086
156.887189353,102.64856771
155.719839596,102.760615495
154.00868659,102.868316734
152.969749073,102.950622796
151.553103924,103.041840986
150.654666639,103.102318843
149.651972716,103.11751246
148.232564798,103.104781302
147.258984704,103.046137251
146.005162494,102.927291843
145.227378947,102.797885675
144.750457323,102.705365205
144.126622993,102.66835303
143.772795134,102.600677534
143.633271284,102.534380708
143.405915253,102.438638621
143.411166837,102.368696063
143.558851446,102.196086242
143.757836966,102.1163172
144.061375355,101.976163981
144.293850621,101.905296277
144.49180922,101.837982984
144.971674147,101.771458846
145.348871815,101.765318286
145.862212307,101.893157653
146.118110493,101.935569526
146.439955925,101.96548646
146.69707489,101.941724388
146.841911052,101.873668925
146.942613036,101.799735759
147.042379974,101.618707612
147.045354084,101.423724161
147.030724601,101.120523985
147.014015232,100.93481672
147.031207891,100.850920707
147.037734556,100.742976763
146.997543358,100.692337144
146.887727098,100.702904876
146.724630354,100.755149613
146.498448298,100.872700937
146.007617626,101.17710396
145.605341956,101.460673928
144.640253915,101.863769019
143.742810664,102.246986158
142.716725905,102.511865283
141.279780741,102.904700612
140.396255324,103.177890787
139.323681483,103.382612096
138.872450652,103.461330296
138.566505665,103.442236962
138.609024972,103.373010805
138.68040838,103.301297225
139.183700316,102.98284715
139.7682308,102.719313226
140.217296494,102.535009394
140.872972226,102.462049482
141.313133285,102.519979445
141.949482298,102.725457993
142.369417637,102.836821323
142.79885991,102.915950976
143.408799258,103.053727599
143.895582398,103.197911289
144.772895199,103.461412505
145.527901954,103.548960579
146.375612972,103.620592589
148.15907093,103.644362569
149.82858942,103.577339251
152.974460146,103.384750689
155.381705199,103.275072315
157.852195761,103.120014206
161.216771636,102.865347223
162.957749902,102.592639522
165.101235585,102.035022165
166.273937092,101.691874136
167.438575588,101.336121186
169.309392142,100.972938184
170.716712042,100.664837664
172.981167221,100.378294179
174.223200408,100.410652872
175.301980297,100.375760789
176.772447232,100.205739076
177.613901523,100.122646528
178.826459374,99.9406047904
179.631275496,99.8939861211
180.566140359,99.8643137491
181.993587879,99.9404771162
182.915926379,99.9624634503
184.166158187,100.020918715
184.879630383,100.102153808
185.402221473,100.261703693
186.05320883,100.776416753
186.309408286,101.323441784
186.487366964,102.331816632
186.555597586,103.295970697
186.582698807,104.354618455
186.535652417,105.777529484
186.534486801,106.71865349
186.46210895,108.052185408
186.34144984,108.824762683
186.232841763,109.524408656
186.051947118,110.411843398
185.901997713,110.888678033
185.800827684,111.474815622
185.78606998,111.842539217
185.835992658,112.289253021
185.845412158,112.893144197
185.906231413,113.406331396
186.012592438,114.001651336
186.074360485,114.403641345
186.12134747,114.745214
186.061951202,115.297014652
185.978074279,115.636152837
185.773881355,115.958701303
185.67452419,116.099511283
185.559038387,116.333953355
185.51036387,116.62947791
185.499297177,116.864827721
185.550297225,117.06901671
185.540744909,117.186906981
185.523440395,117.27186817
185.489048601,117.27622106
185.476101708,117.28537025
185.467905819,117.262716154
185.472389398,117.198848245
185.487326185,117.15974878
185.502623981,117.121909699
185.491336943,117.110783083
185.477607782,117.134266932
185.44649357,117.207492565
185.285565577,117.283291965
184.01484793,117.427951563
182.907191449,117.530285506
181.642118784,117.73271437
179.721291002,117.909115697
178.480207158,118.026865356
176.817379449,118.101431402
175.737620688,118.116320323
174.838805188,118.065649872
173.532328397,117.96089562
172.777972088,117.882584372
171.73643717,117.565548902
171.20053452,117.223508967
170.62110513,116.786943057
169.885213399,116.004236805
169.402562751,115.398216702
168.624427518,114.344588408
167.814275164,113.059245339
166.649468759,111.149704829
165.039968562,108.061306918
163.938220461,105.889651407
162.627992541,102.86409021
162.021404338,100.908809452
161.532736301,98.8819842366
161.122419147,96.2793587502
160.874807447,95.0111747789
160.650626237,93.3978002265
160.581923377,92.5810422036
160.515961345,91.9442075988
160.57766202,91.1919047583
160.687117962,90.9563224197
160.958397913,90.9209478005
161.248972328,90.998771998
161.566730516,91.0195773908
162.10782584,90.8876165915
162.463228517,90.8600466826
162.860039533,90.9078220048
163.121483559,91.0306358745
163.417137017,91.2208412829
163.842141798,91.4891468438
164.07370246,91.7040782608
164.483509608,92.1077146151
164.843251083,92.4655153371
165.277344235,92.9080679938
166.2101036,93.6354906214
167.012577101,94.1116566208
168.13734781,94.9111604887
168.791456316,95.3572648292
169.362670916,96.0241053792
170.240025803,97.0596338824
170.833995547,97.8979832522
171.520250266,99.0312177405
171.93439083,99.7911328477
172.31799321,100.636841502
172.779708082,101.524280779
173.020715001,101.975616087
173.298888257,102.339474206
173.532618165,102.585971792
173.825115678,102.715792403
174.368943502,102.814786416
174.682305022,102.806275
175.260530057,102.831246449
175.745094187,102.789609951
176.197839171,102.774944422
176.904777091,102.754842988
177.403858767,102.732720464
178.163114562,102.645471964
178.719829575,102.60318863
179.298727015,102.54587262
180.113727802,102.535529426
180.673137072,102.572018203
181.233058397,102.590157909
182.146425182,102.617444087
182.894990587,102.627038861
184.361790355,102.528954848
185.437615572,102.480777376
186.469810685,102.409033758
187.813836734,102.334360457
188.510616039,102.294845108
189.181090023,102.456050882
189.415152026,102.651339548
189.574932448,102.909511564
189.708627672,103.365016655
189.961271503,103.816267159
190.551287256,104.292785341
191.075856731,104.462350315
191.752375586,104.530864384
192.925791941,104.563507004
193.805796921,104.507626921
195.317118961,104.278965803
196.35291697,103.899300878
197.448356991,103.394247395
198.889202266,102.246734087
199.670269992,101.411628663
200.684216655,100.037569594
201.290534941,99.116849097
201.745091003,98.1056015134
202.500485636,96.429616828
203.051771761,95.4630192228
203.858764363,94.0474720735
204.428758667,93.0697119631
204.871628254,92.2597881154
205.127571194,91.0161464989
204.99713155,90.0562300859
204.42093675,88.6563878236
203.573215875,88.189178216
201.969978259,88.1212994612
198.662667347,87.9454783836
196.186351275,87.7056785927
192.399071204,87.4034127466
190.032412587,87.2057221882
187.993189964,87.0331124592
185.642768592,86.980980422
184.564458017,86.9880889379
183.643293023,86.9189008632
183.382220812,86.9798386071
183.315289529,87.1449741254
183.303974347,87.464472664
183.34028543,87.6967353876
183.367098595,88.0694488335
183.375889099,88.2723974915
183.328855058,88.6242125198
183.159722092,89.1023736432
183.063425447,89.4340387457
182.977439391,90.0568315003
182.939368809,90.494429893
182.937893214,91.0211569108
183.078966611,91.7454419662
183.197297459,92.348157073
183.617486924,93.62469898
184.090952428,94.3021797136
184.580153815,94.9618603485
185.249177214,96.048927154
185.611883945,96.8068938051
186.003331125,97.7339073667
186.155131755,98.2340706661
186.203450381,98.6137997422
186.125658278,99.0736345977
186.036158111,99.2661599383
185.84698504,99.4470764144
185.707160003,99.6014952913
185.682509389,99.8274623466
185.648639161,100.170522577
185.661319672,100.386578503
185.704584521,100.49137195
185.790004102,100.632668961
185.811989921,100.679089641
185.870225126,100.674498104
185.918956521,100.628976686
186.031440326,100.498060615
186.136719424,100.361954051
186.298444312,100.259243984
186.653515697,100.092878776
187.053959397,100.024078619
187.8303611,99.9954292806
188.292235658,100.044989686
188.740815702,100.12258705
189.269596452,100.269515782
189.48733389,100.419998785
189.603897355,100.451821648
189.759189101,100.478009835
189.826472901,100.493236067
189.866663974,100.494334153
189.846735863,100.501455176
189.817096659,100.498556647
189.766080847,100.498526917
189.729602614,100.491264031
189.554913325,100.500754871
189.421724492,100.536434305
189.256945855,100.568916938
189.03339744,100.610949809
188.889858409,100.609451661
188.756607811,100.56315629
188.717301434,100.537799554
188.712457714,100.495268179
188.784235329,100.418438908
188.907779509,100.330117574
189.149585549,100.197527657
189.343306378,100.139738151
189.548699581,100.11939086
189.963764876,100.094907821
190.265016464,100.094299721
190.805714423,100.074890023
191.225308308,100.041572971
191.62969319,99.9872581337
192.31721227,99.9230083198
192.812177321,99.9211904092
193.620235754,100.069487919
194.251148792,100.120860656
194.925317296,100.199650652
195.942100755,100.269643127
196.644379672,100.247581606
197.861015464,100.159617368
198.914776031,100.063134203
200.369423269,99.9788524126
203.177096382,100.495256728
205.57289685,101.562820741
208.714013953,101.868294004
210.48906739,101.759364773
212.049963555,101.523595122
214.200334636,101.118028075
215.578966173,100.879570128
217.66721987,100.589309932
219.189730063,100.451167573
220.871222196,100.566472528
223.625832391,100.982051024
225.49410258,101.240979799
228.23162406,101.48071793
229.89555866,101.659600521
231.539623622,101.820549861
233.970626295,102.014080195
235.565820888,102.099611183
237.621721083,102.126211097
238.774273108,102.059246325
239.775461383,101.913496029
240.827855127,101.513231295
241.193194805,100.968623723
241.249119461,99.5914715586
241.045122724,98.5705444756
240.61466525,97.485548717
240.044979054,95.6777945952
239.777612055,94.5177236892
239.661125583,93.5021747579
239.718484744,93.1365128864
239.662555032,92.9660371295
239.772278049,92.8046048993
239.707355694,92.7451351179
239.717864909,92.773532289
239.696083553,92.7714425955
239.585178989,92.696195347
239.217841206,92.3808380469
239.053686786,92.1960823027
238.69921651,91.931120063
238.535307401,91.8565374081
238.291128134,91.8040093448
237.74397193,91.8502857131
237.40409305,91.9493051097
236.957569831,92.0423265161
236.358948505,92.2749840704
235.864016855,92.4895997514
235.053204946,92.7478088084
234.508133562,92.8346604383
233.706552925,92.9457867648
233.189750589,93.0090221682
232.741274141,93.0602057024
232.264066924,93.1183657032
231.6228582,93.1488038042
231.176985982,93.1737396709
230.527066217,93.1746918636
230.100428152,93.1457359289
229.703325588,93.0604432495
229.463543139,93.0060650217
229.282865248,92.9812112881
229.023852862,92.9552704479
228.862499964,92.9481520002
228.67584196,92.9891275947
228.578763234,92.9971950567
228.509299409,93.0054665304
228.482449615,93.0367009045
228.52614893,93.0806019545
228.72535711,93.2490966412
228.94818683,93.4767502935
229.22266169,93.8320771561
229.958670184,94.8972497114
230.57531625,95.989328597
231.75358864,97.615014924
232.622755288,98.495660323
233.59514872,99.2311170253
234.967004465,99.9689617058
235.965512015,100.563815985
237.337926146,101.252842978
238.082758665,101.592653748
238.639314653,101.805878041
239.346460101,101.960888133
239.800711085,102.082142854
240.422743523,102.19366855
240.807797114,102.250461019
241.165739083,102.366741923
241.708032124,102.676026098
242.043257806,102.858052699
242.453701008,103.230847679
242.613608045,103.515431701
242.724906062,103.772007928
242.817724855,104.166932753
242.812604933,104.409056718
242.774127333,104.733515712
242.697805862,104.959298926
242.609526111,105.119157112
242.518347215,105.262138481
242.431978706,105.387935743
242.432793451,105.610994067
242.476566422,105.800602683
242.595815005,106.022746696
242.966154805,106.374796762
243.318304885,106.583050969
243.863423509,106.7316961
244.853376468,106.84768695
245.749806235,106.82713848
247.351072273,106.591007215
248.619868127,106.445489935
250.623261545,106.058302999
251.994571792,105.700964747
253.343193359,105.302939099
255.060708905,104.747215418
256.071000633,104.428095429
257.413656901,104.075224347
258.283328283,103.839344994
259.039687635,103.747452362
260.005751053,103.687245678
260.534039933,103.735516824
261.0901786,103.863237011
261.29996047,103.957509929
261.504541887,104.103493231
261.629479389,104.245763884
261.637718038,104.392713691
261.53029212,104.680522335
261.590584845,104.988643068
261.691033927,105.417160365
261.924950635,105.93729971
261.962794803,106.289254634
261.910561813,106.65983426
261.673667896,107.15745943
261.404188159,107.565593844
261.10605992,108.088649768
261.068903969,108.244641759
261.205862885,108.50680442
261.394784242,108.707460539
261.651911108,108.807794941
262.551257675,108.778632043
263.53792829,108.621225076
264.729103263,108.478403961
266.591860393,108.195860442
267.878225133,107.900104603
269.566011721,107.52661722
270.566512492,107.329516075
271.401060749,107.121418909
272.350763564,106.925831009
272.676739182,107.011086308
272.657265418,107.183333995
272.573475723,107.404349005
272.26854407,107.679582686
272.033376537,107.891314385
272.020751472,107.97415932
272.247060806,108.066135747
272.579131372,108.076078197
272.842848326,108.071389944
272.940705385,107.980518083
272.867579879,107.9017743
272.183446234,107.835662376
271.541873242,107.922629381
270.883047814,108.052814228
269.799263215,108.263061781
269.03993313,108.410376772
267.77995533,108.689636592
266.862725642,108.847502279
265.986023329,108.998230531
264.669922706,109.128837514
263.908961655,109.137176063
262.671042861,109.291489696
261.739628622,109.322186671
260.798313979,109.365038224
259.506753025,109.315999492
258.717412905,109.262335955
257.603563609,109.195918912
256.872226942,109.142013939
255.967760558,109.136698875
254.641216243,109.219215231
253.673325133,109.268268677
252.184033862,109.361411449
251.054065383,109.399498828
249.972881319,109.365664514
248.189607908,109.187969181
247.016553491,109.133542621
245.137075515,108.998598617
243.868512364,108.889082944
242.531790171,108.707120986
240.60676401,108.40433121
239.429470475,108.232162305
237.905768909,107.800752212
237.035304312,107.354874455
236.283950737,106.892391223
235.39574463,106.199383106
235.076386975,105.927124957
235.084565753,105.793898338
235.1324875,105.674438665
235.154610663,105.568156145
235.269090521,105.451648915
235.434750925,105.388243303
235.714465735,105.284614739
235.918120667,105.2210883
236.063876674,105.180263775
236.219082729,105.140839735
236.338914906,105.083449234
236.506313699,104.959919894
236.627966326,104.846415355
236.776358779,104.71148807
237.017213359,104.557590845
237.191386731,104.456057803
237.434854235,104.285723726
237.551311054,104.175277938
237.641178581,104.075399963
237.759646196,103.966837413
237.846256647,103.909038531
238.007630678,103.857337708
238.125989143,103.831340574
238.253041664,103.799502013
238.37319778,103.794762543
238.41881157,103.814025099
238.426823695,103.831431774
238.409602174,103.812749742
238.400895479,103.785429269
238.421188449,103.721569161
238.493874043,103.688582127
238.629072279,103.686105221
238.679627851,103.708663028
238.716861079,103.741355371
238.733774827,103.782545062
238.741186224,103.798891966
238.776266412,103.823509091
238.806087656,103.829687742
238.839731334,103.841276151
238.884404343,103.857357075
238.900412963,103.862691254
238.915255597,103.867833813
238.936031069,103.880146665
238.941787826,103.899455384
238.967619029,103.933441473
238.974743512,103.937311364
238.986213199,103.938480006
239.031543585,103.926260999
239.0601443,103.923309408
239.095016258,103.940179924
239.116887764,103.946797392
239.133675029,103.945112648
239.145323049,103.928231224
239.160064052,103.905906468
239.192671684,103.874182294
239.224124782,103.847763147
239.255420336,103.820160192
239.328775705,103.76679601
239.398253295,103.745103139
239.566211524,103.724297603
239.930665248,103.758100493
240.594940382,103.858488511
241.848482845,104.119942585
242.95037136,104.269663759
244.907904878,104.561902157
246.302037189,104.76966192
247.704874899,104.933432659
249.786241948,105.139622478
251.097922549,105.175755713
252.892211168,105.056379067
254.026177908,104.958565478
255.088283876,104.922687879
256.607987078,104.898275569
257.499217633,104.928480616
258.649227599,104.959115843
259.26617186,104.997459141
259.784822394,105.08737329
260.458976978,105.223822574
260.8966265,105.310612085
261.4837102,105.475990113
261.895377334,105.574564582
262.214559197,105.647046109
262.603586046,105.738150833
262.882934506,105.827669805
263.191353758,105.936128709
263.459810726,106.008428565
263.692866942,106.127018009
264.134596217,106.370436907
264.483897098,106.637200028
265.033078126,107.066843902
265.415543265,107.28147072
265.78045254,107.458045893
266.404041352,107.559346371
266.790561136,107.507693496
267.433809633,107.32989363
267.848894583,107.178667458
268.303251496,107.088241001
269.065245224,106.967221607
269.618942047,106.939249273
270.496332173,106.868951212
271.165592658,106.828354437
271.872319592,106.780419528
273.192274736,106.649932745
274.165172829,106.554667641
275.864661942,106.426894285
277.289966474,106.333447481
278.99631225,106.2102014
281.834738548,105.768412316
283.725524187,105.42786488
286.279135041,104.900176768
287.805837928,104.584354389
289.218763303,104.324578753
291.127024363,103.866162262
292.297241895,103.573163688
294.130988249,103.024790167
295.400935485,102.601922565
296.52181494,102.312109401
298.076432443,102.134410854
298.952040797,102.037840964
299.95553,102.027359918
300.390014125,102.094767429
300.743751689,102.149299538
301.474613613,102.100932814
302.123845477,102.211295358
303.245201549,102.299267072
303.944367625,102.34707036
304.48101982,102.390554965
305.002430065,102.592968173
305.226956304,102.686763439
305.452709071,102.809785091
306.004002764,102.966261682
306.479445189,103.027601473
307.487798697,103.098076537
308.168237941,103.135253854
308.670405272,103.073556874
309.005146611,102.989151156
309.157393226,102.921066721
309.551017543,102.923726357
309.739584344,102.99726514
309.779559581,103.009472534
309.762990459,103.036785918
309.708537771,103.069851709
309.712163541,103.159860897
309.802846016,103.212547952
309.888160056,103.281536306
309.959348182,103.385787486
309.979903897,103.453559855
310.137882698,103.519595855
310.377971761,103.621414634
310.680503718,103.721422857
311.177656857,103.975153046
311.642382344,104.151720008
312.609725172,104.384069714
313.461743062,104.548730212
314.50902251,104.681618287
316.17854944,104.99123033
317.055307031,105.31507259
317.921870547,105.904616981
318.273775336,106.358525312
318.420240048,106.739807881
318.75414419,107.329621099
319.039187883,107.685335412
319.503272229,108.06612271
319.733403359,108.161493979
320.020326549,108.182280038
320.601061589,108.216129856
320.918391914,108.228611607
321.292694225,108.211025091
321.779521263,108.065617271
322.189618194,107.895524201
322.812016103,107.527574645
323.155272585,107.245988714
323.654826532,106.690664932
323.93429392,106.325109915
324.239697673,105.928274456
324.636927787,105.26784221
324.811359527,104.866991308
324.850980955,104.247508167
324.898137104,103.880973308
324.988413196,103.542782175
325.22732253,102.993500071
325.49288104,102.615598792
325.826789811,102.082921215
326.063257078,101.666452919
326.258452578,101.241919209
326.643162592,100.630804029
326.885459841,100.162623617
327.319349489,99.4848764229
327.601152358,99.028698133
327.831487702,98.7182428633
328.0634946,98.2942022663
328.122899318,98.0619085643
328.056160996,97.9768000258
328.084711419,97.8910168117
328.124000767,97.8412720843
328.24345931,97.8599727229
328.434125393,97.8916737663
328.851600313,98.0515283631
329.021803944,98.2043063645
329.216239596,98.3897016453
329.582569382,98.5195747864
329.831441319,98.5777255373
330.268268563,98.6966779584
330.480702977,98.7636547613
330.623397002,98.8481523558
330.968759849,99.2240831059
331.24685607,99.6218733366
331.782217193,100.1676041
332.034735773,100.437385364
332.112666472,100.711269852
332.165992752,101.098278842
332.137421438,101.372670399
331.808984157,101.65406601
331.539432687,101.652497016
331.318880403,101.821137414
330.920477221,102.212265036
330.420016706,102.578810326
329.997678782,102.98685353
329.453126947,103.80175015
329.052041759,104.32057454
328.461021007,104.959119924
328.136347734,105.297630843
327.820418977,105.503766453
327.519977834,105.814625447
327.370434074,105.980464026
327.174790705,106.066206744
326.988948922,106.043145528
326.686674815,106.016916012
325.685338962,105.779405502
324.687183698,105.541711451
322.335128664,105.826984224
320.422740791,106.255753565
317.871657055,106.59944096
312.765767461,107.113625983
308.60278505,107.741694215
301.571473359,108.849488287
296.425606217,109.389200905
291.083510805,109.759397669
282.732117258,110.450932903
277.045845492,110.9035322
268.610226121,111.274668824
262.76448175,111.367451643
257.149846437,111.443780459
248.730554414,111.447704145
243.342696722,111.56122227
235.628034532,111.37001732
230.634026942,110.975155421
226.063519405,110.632359086
219.778418526,109.897969316
215.982216281,109.593902902
210.263165928,108.838555684
206.526196951,108.064658874
202.842058065,107.344826158
197.641269874,106.300397095
194.252667907,105.655544593
189.325975503,105.397329
186.115249473,105.452591094
182.880731574,105.692684372
177.889051428,106.155874213
174.690878138,106.540754249
170.302404623,106.900922279
167.679271596,106.950243259
165.317714176,106.970753376
161.901512435,106.949925261
159.594013132,106.966909159
156.062393114,107.124926304
153.620849699,107.314695285
151.089197287,107.46627253
147.102791827,107.708183709
144.461050826,107.865358707
140.532441318,108.193734231
137.979650032,108.34801739
135.348722652,108.488691391
131.244365935,108.69815308
128.455826493,108.836011376
124.558635539,108.936321439
122.231058602,108.956738514
119.97622095,108.950794897
116.520440813,108.802827766
114.229094119,108.623664195
110.439131033,108.120976946
107.84466972,107.785126878
105.306230695,107.53401756
102.248464799,107.328490433
