183.835852944,87.7777221956
186.420319375,87.9496239291
186.280619971,87.7272279569
185.969725449,87.8354184343
184.490558662,86.6145085089
182.718043716,86.102892664
182.30814927,86.0225809103
183.229690469,86.4673617994
184.138307537,87.0448649966
185.053486176,87.5769566705
185.872845418,87.8931773316
185.913822363,87.7026718727
185.643236155,87.4399437555
184.837648562,86.8671959705
184.47466235,86.7006742722
184.552709407,86.9082306474
184.633610905,87.0348755513
184.923448473,87.2170853902
185.087530691,87.2276315823
185.051661724,87.1872797434
184.980001276,86.9793956133
185.066951248,86.9022032482
185.203137564,86.8317126394
185.569423801,86.8273153746
185.917747138,86.7902719565
186.632241129,87.1161018663
187.394220506,87.3590089432
188.197269729,87.5246456322
189.173386711,87.3663859898
189.574032911,86.8922458051
190.062166562,86.6283832901
190.576089647,86.8162859463
191.154046708,87.0093342007
191.892615236,87.0604760275
192.110904044,86.8198666407
192.428824924,86.4882560267
192.846803138,86.2834566425
193.324245643,86.1154689332
194.181751287,86.2909644328
194.860512825,86.3263880298
196.067879145,86.4587146945
197.036829478,86.7347476898
198.131009154,87.0298972195
200.232107374,87.2038079622
201.750957357,87.1742467345
204.143350936,86.9908005739
205.604584405,86.8765639082
206.82694182,86.7486351776
208.540926297,86.2944025182
209.436466519,85.8056445579
210.423285176,85.1675827154
210.967355366,84.6374497106
211.395685229,84.2386725212
212.137668982,83.5261025558
212.642339059,83.1027056417
212.921141648,83.5104501447
212.900630755,83.7057217977
212.878469559,83.9671555089
213.012057158,84.2484721189
213.316283726,84.364189552
213.897723623,84.43078178
214.711074959,84.4703453825
215.22216793,83.9224786113
216.015870124,83.1369528995
216.514451288,82.8601828546
217.047977828,82.8390024719
217.597468686,83.0524466071
218.017317457,82.8317658
218.599974756,82.8937966538
218.911542282,83.4419365854
219.175295201,83.7396367994
219.535585879,83.8090290076
219.961497378,83.6561892642
220.967087759,83.1088604538
221.795604538,82.7576718657
222.681485913,82.7482916263
223.830399326,83.0809277201
224.312050689,83.4083010184
224.514053026,84.1569083287
224.650006615,84.5199288473
225.161727148,84.7137580048
226.457340774,85.0409016525
227.619946887,85.2005336031
229.404832147,85.2904376131
230.538169673,85.3281862639
231.859025004,85.5228253136
234.073151976,86.0915603646
235.608190037,86.6193668705
238.079751113,86.9847609684
239.616420016,87.0628217974
241.112650398,86.8189857936
243.355794388,86.0443386304
245.146712476,85.440273169
247.756549468,84.5106953251
249.181417979,83.9320630855
250.217120972,83.52465112
251.602101683,83.3551265011
252.478063191,83.26088884
253.232891831,83.1960971893
254.294120355,83.083750431
255.05640737,82.942880982
256.601514057,82.7906970099
257.879103945,82.6240448062
259.336837381,82.4938786555
261.640313776,82.1177181707
263.225607502,81.6898588962
265.745578959,81.1662868474
267.331904743,81.0007283429
268.79006849,80.9229707089
270.44379152,80.9897658531
271.251565484,81.0070959113
272.295277623,81.0047822458
273.038068449,81.0481756282
273.92884693,81.3031657163
275.43600133,81.5466101857
276.33586714,81.6659294801
277.469170557,81.7923631049
278.092349609,81.850552167
278.702393448,81.9367790043
279.542383528,81.8107144442
280.069684219,81.6954980127
280.992708089,81.4331560343
281.764475764,81.2638995379
282.756902324,81.0837133312
284.967128545,80.5418753105
286.726054352,80.2707463075
289.347782621,80.0978649821
290.783569036,80.1348872289
292.000257828,80.0967916767
293.505061611,80.2186595732
294.384421997,80.0720154517
294.9930473,79.9461406045
295.64625519,80.0087774901
296.004620722,79.7681340633
296.540520389,79.567334222
297.042443557,79.4905961663
297.597842042,79.4274410912
298.563077758,79.6362718551
299.200528976,79.7998269231
300.093444384,79.8661315155
300.629516039,79.8366780958
301.275226352,79.8315488236
302.855597557,79.6785633257
304.115386569,79.7836708328
305.552358176,79.8376602201
305.900593711,79.9514472986
305.793148582,79.9183057851
305.697406479,80.0868716938
305.654083705,80.3009261901
305.799704216,80.4743973466
305.866376159,80.5243257542
305.81531141,80.5243396408
305.511627423,80.5501279154
305.380487533,80.5965314588
305.347185053,80.6440171978
305.397187118,80.6888530784
305.42554879,80.7214498937
305.448209229,80.7193223194
305.477081753,80.7289160759
305.598843388,80.7243645165
305.689277336,80.661419789
305.73839681,80.5759494208
305.797363015,80.5045154676
305.850061274,80.4979715997
305.756079008,80.5810712681
305.33478256,80.5731042009
304.694699558,80.438690558
303.559684627,80.3546207193
302.800181001,80.3794186869
301.919179199,80.4813604936
300.617880648,80.6131663802
299.769108045,80.6335937353
298.92575594,80.7273172661
298.547747583,80.7613522593
298.316427794,80.7735635779
297.962593384,80.6687322141
297.563865356,80.5482862729
297.179880274,80.5181307607
297.122903269,80.4553989139
297.062843724,80.3829710665
297.071899895,80.1678114759
297.159597994,79.9435562389
297.303508386,79.7516855172
297.433391959,79.6406461947
297.638337451,79.4900521519
297.84305937,79.409807731
297.859607436,79.387881136
297.61957696,79.3220012687
297.164691581,79.2420584633
296.709636179,79.1716061819
295.916685716,79.4464797013
295.597346322,79.6306750803
295.24362944,80.1509208483
294.987999651,80.7008549273
294.537425209,81.1915946558
293.824195957,81.6723890005
292.896906082,82.22602089
291.210027318,82.5741425096
289.923695869,82.7383465543
288.68950558,82.9156226554
286.840214817,83.3381236477
285.535710253,83.5303429777
283.289923416,83.8579486503
281.41560631,84.1658420466
279.402638205,84.3757929876
276.441285698,84.4914864422
274.513968283,84.516984235
272.519331409,84.3434268592
269.386337063,84.0161896332
267.193843405,84.0521005396
263.964689835,84.4615629676
261.899003901,84.6747586196
259.879686508,84.8355405323
256.613803295,85.1285099868
254.239048114,85.3028055213
250.341331931,85.3549502191
247.646661819,85.392360693
244.953212798,85.2547999739
241.14503921,84.9429183607
238.553657609,84.9602056246
234.713377915,84.8027461496
232.325760919,84.7048669025
229.748463931,84.5777989389
226.065376206,84.459652053
223.787516487,84.4671721189
220.762745708,84.650824956
218.9211518,84.8189535293
217.353185338,84.8302652669
215.241492794,84.9621293047
213.650416837,85.006514947
211.331716534,84.8669171136
209.79392132,84.7839863327
208.229968504,84.7666492498
205.806334981,84.8032460821
204.21881551,84.8342591343
202.677154083,84.8754555873
200.395518847,84.9284405522
198.887303709,84.9086650662
196.584404554,84.9015789624
195.139650253,84.8666929708
193.740680705,84.8378685579
191.711828329,84.754618045
190.306592284,84.7053139306
188.159529204,84.5624428365
186.685318626,84.4426450762
185.160343588,84.3488545414
183.001391135,84.1429334705
181.568601187,84.111997807
179.424096378,84.1284023388
177.995268455,84.1240510483
176.509777885,84.1351097351
174.148317818,84.1024631328
172.550271292,84.0967092499
169.962476193,83.9859539089
168.066394606,83.8245149838
166.008911009,83.653985409
162.597555832,83.2501921877
160.221113713,82.9097804726
156.582439194,82.4313874931
154.204008155,82.1420150251
151.90883721,81.9121031812
148.752464551,81.6680050075
146.693508391,81.5928768653
144.017983496,81.758043414
142.487818197,82.0114275059
141.226421013,82.4176614673
139.739274628,82.9606012834
138.861018801,83.1465551352
137.591767547,83.1735210837
136.719394338,83.241117155
135.788557652,83.2833287812
134.416235092,83.2868610808
133.669342954,83.2228013038
132.990528424,83.1338444708
132.141007086,83.052869441
131.631790826,83.0357112389
131.12189923,83.0635899384
130.770493027,83.0096492585
130.407272352,82.8017737891
129.751055948,82.3494703952
129.312050116,82.1396224166
128.626923643,81.9858656551
128.246089957,81.9175264498
127.900881882,81.8986030174
127.346549621,81.9446317949
126.934869019,81.983167725
125.866528761,82.0113876307
125.144593289,81.9503293979
124.386625729,81.9088761072
123.551185592,81.9575716073
123.241572402,82.0983419159
123.095037554,82.4617345173
123.048882028,82.8049424612
122.911581205,83.1232959007
122.411589642,83.3618014785
121.813332758,83.4964671674
120.495004038,83.6180765044
119.252755394,83.6574327342
117.964154525,83.8470112838
116.196810255,84.1285252655
115.09568174,84.2916918354
113.759932619,84.6145517552
113.050183972,84.9749867754
112.156043843,85.2734084538
110.598483863,85.6241564408
109.510006326,85.9996642782
108.51343812,86.3545004382
107.015995004,86.8473680949
105.92559639,87.1326616081
104.144703077,87.6138730944
102.812675945,87.7512111323
101.471155694,87.9000694907
99.0102804611,88.2548789393
97.2598099167,88.4546033679
94.7761381722,88.697390526
93.4067866454,88.9020459892
92.0965848491,89.1249615103
90.4007825072,89.416457423
89.4035422484,89.6129802581
88.2172905875,89.7026847157
87.630063012,89.6781345239
87.2082453749,89.6459971663
86.6139316958,89.5865614988
86.1286662544,89.481444605
85.358350491,89.3353474802
84.8261733423,89.2872898788
84.3221371852,89.3032267057
83.6132320599,89.3592770591
83.144489714,89.446062448
82.2877509552,89.4377760676
81.5921012853,89.472387156
80.8603755949,89.5638293738
79.6796680352,89.8243265298
78.873119325,90.0234966171
78.0876094068,90.1795424837
76.9588705859,90.4306632808
76.2946652936,90.56445086
75.3519964441,90.7956285099
74.7385381554,90.9088992974
74.1149198274,90.9975074476
73.1435181328,91.1445080014
72.4711853173,91.2953988275
71.2890679583,91.3699879214
70.4333128844,91.3063550322
69.5013120696,91.1330612981
68.158552963,90.9439537906
67.201316123,90.8236454244
65.7111641817,90.8808231273
64.7154319404,90.9981920377
63.7323313323,91.0524930842
62.2820766808,90.8624450271
61.2614563177,90.5839823954
59.9368603628,89.9105913895
59.3390310949,89.4607437788
58.7949232804,89.0678817793
58.1126618769,88.579002799
57.7123494584,88.3181557092
57.130423254,87.885646211
56.6635850216,87.6491452673
56.2103617979,87.4733746207
55.4991052756,87.2497453548
55.0663494634,87.1123396393
54.5460060686,86.8095343263
54.2513832962,86.5503888623
53.9991085414,86.1870990791
53.464484043,85.8050343607
52.9707674769,85.5368742016
52.178891754,85.1042140274
51.6942482817,84.8308072049
51.3052858546,84.5288344779
50.7995016188,84.2534782062
50.6814678044,84.1560869667
50.637649746,84.0034912516
50.8261156086,83.8254636798
50.9456925697,83.6129003163
51.1208767039,83.4372550487
51.2734596883,83.3152902072
51.4576752205,83.1668241854
51.7607104079,82.9286380957
52.0323130585,82.8061857535
52.6461584248,82.6492418071
52.9718344137,82.7024874122
53.3060312716,82.7229103206
53.6891245757,82.6932865126
54.0150777868,82.7719364678
54.8022790563,82.9326441531
55.1786552119,83.0218089523
55.5118545044,83.089739005
56.3025496867,83.3126500554
56.8694308421,83.5225570742
57.9392447193,83.9311845785
58.671712641,84.2079561215
59.4297207902,84.3609518553
60.6416676069,84.7003410937
61.5429714194,84.9821647653
63.143353035,85.2804606886
64.3856011057,85.5492327324
65.522388459,85.7789009033
67.243877258,86.2014160673
68.2863499943,86.5092714718
69.8530887766,86.7862886806
70.8584192253,86.8947821245
71.9216874086,86.9956308728
73.4743222916,87.0726449017
74.3873096687,87.1397316086
75.6024146425,87.2308267223
76.2920363472,87.3076402675
76.9399983932,87.3244527611
77.9477396895,87.2729112506
78.6608610588,87.2683013564
79.3147188216,87.2239353946
80.3397741726,87.1806973
80.9550741406,87.1628658784
81.9510716483,87.105070044
82.7008519006,87.1903729114
83.4549127229,87.1965145189
84.632973955,87.1993310863
85.5626831186,87.1732979602
86.9623175762,87.1558466576
87.9158719993,87.1441368563
88.7458683609,87.2015610983
89.5858982094,87.4111087159
89.9879381839,87.5338795083
90.6496979158,87.7838172522
91.1361141287,87.9332855775
91.6464262959,88.023543081
92.6538769314,88.2677836422
93.395448552,88.3629225104
94.7128242589,88.4829527975
95.8178392168,88.9078413079
96.9818790825,89.1294888284
98.3248579997,89.4354522722
98.9771332902,89.8162002672
99.9577068531,89.8644626735
101.14297599,89.4394741485
102.479819065,88.7094628778
105.424281444,87.5110172895
107.847603761,86.5890247251
111.907048867,85.3461833512
114.664813239,84.8184504105
117.228225795,84.2086565028
120.251258755,83.5461863125
121.886055273,83.427199028
123.187690087,83.3800229448
125.137689194,83.1508951718
126.40112762,83.099089624
128.174101348,83.1922599672
129.279683723,83.435275808
130.236463921,83.5468703698
131.46315361,83.7690624493
132.218134745,83.7506818989
133.345465708,83.7699365141
134.207446218,83.5866241093
135.048586772,83.4383956578
136.367945492,83.2035383641
137.367152399,83.0809455751
138.902634723,82.8374273789
139.821574043,82.8115828741
140.595090812,82.9160382892
141.78924348,83.1065740523
142.71665348,83.1616367667
144.341519619,83.124465535
145.531025399,83.0218954438
146.70196249,82.9225975375
148.461643326,82.7250862093
149.699178358,82.6800705752
151.438959125,82.6790600404
152.49422348,82.6592477139
153.524355489,82.6126973969
154.936310552,82.5089107631
155.822737214,82.4661994627
156.869795931,82.4199847239
157.415698799,82.3685058413
157.984776213,82.2893418965
158.939451911,82.2741689473
159.695450703,82.2676312099
160.852591985,82.0363525
161.663963187,81.8263337713
162.450224435,81.6373066619
163.680172421,81.557260859
164.5333602,81.4377133782
165.269690915,81.2620824768
166.106989128,81.2005128548
166.47230537,81.1334452747
167.004923747,81.2394475318
167.412547716,81.3005183571
167.812275788,81.2748549153
168.443755892,81.2693903242
168.930395057,81.3537964854
169.462876683,81.4057082454
169.710668389,81.4351592476
170.046734354,81.5166063114
170.752365026,81.6006696764
171.037644648,81.5167830558
171.569445795,81.4897514768
171.99846963,81.4999401821
172.43189879,81.5023894785
172.985507812,81.5177537944
173.317856938,81.4409051893
173.68852718,81.1555922024
173.927054396,80.9145504919
174.208569504,80.7546529844
174.446354143,80.5804350655
174.54103277,80.5638714381
174.725875704,80.4954861495
174.84671245,80.4895769589
175.002956837,80.5024671162
175.295598834,80.4753276258
175.434452686,80.4324260775
175.731610774,80.3550633142
175.793527406,80.3213153706
175.843757677,80.2721935987
175.848323854,80.2395450337
175.831311855,80.2115160623
175.842700139,80.2110621266
175.869948943,80.1866685161
175.925749021,80.1472378231
175.974526835,80.0844253066
175.984668941,80.0529073007
175.941447476,80.0682347256
175.823099073,80.1586830059
175.754278675,80.19323299
175.692064048,80.3447027329
175.632372857,80.5031193744
175.568097583,80.5883219349
175.390722422,80.9422630352
175.31319869,81.0713332533
175.190813551,81.2341553383
175.044254734,81.3551659095
174.928399762,81.4921944053
174.680169454,81.7635823525
174.496063696,82.1102507237
174.300176911,82.4564211372
174.262042447,82.6362439774
174.201627468,82.8776664129
173.935744719,83.1644288249
173.708568845,83.3540384527
173.479400407,83.5374305257
173.368759915,83.6237095522
173.177916436,83.7142168458
172.739091874,84.0109460956
172.257987241,84.1785021169
171.051485821,84.4445399296
169.874339145,84.5302841318
168.354993748,84.512523574
166.325528345,85.2935958782
164.913553291,85.5380619438
163.516147428,85.9466839957
161.815767365,86.2014428868
161.009857708,86.2127358411
160.29009677,86.0569361824
159.943296136,85.9546868801
159.829231128,85.901376462
160.118577713,86.1199358507
160.379274584,86.205632021
160.594795366,86.2102396321
160.527208494,86.2971389518
160.391203211,86.4037003172
159.864438293,86.4784095579
159.459623835,86.4418471027
158.91113715,86.3726407713
158.681039668,86.422378647
158.563624304,86.4298502082
158.3686296,86.3716147135
158.231358371,86.3109145358
158.071910462,86.2411311144
157.938125046,86.222633366
157.709839364,86.2192703452
157.37300921,86.2403394443
157.260285659,86.2854455029
157.10329358,86.3370855773
157.012424979,86.3677424817
156.932972879,86.3803475199
156.827613577,86.3617806103
156.778331028,86.352366662
156.719812961,86.3565341945
156.716680585,86.335497232
156.710720146,86.3006771205
156.700029889,86.2772673405
156.651336651,86.2991250715
156.504557854,86.3737223097
156.327909203,86.4391841312
156.129934895,86.5216193633
156.006055329,86.605851481
155.973205937,86.6523921177
155.985526483,86.6882143392
156.070592792,86.6933472194
156.129208558,86.6583713846
156.214110982,86.5760961984
156.275487675,86.5129663511
156.342377488,86.4214475184
156.443335785,86.3202289541
156.527291777,86.2613079605
156.618524813,86.2101288353
156.648200032,86.174326978
156.681383132,86.1392994251
156.707516533,86.0888813002
156.744544034,86.0422385542
156.830630266,85.9830831239
156.858853859,85.9530083775
156.888646746,85.9482109589
156.909182755,85.9472752933
156.912272622,85.9603633223
156.892525098,85.9811712168
156.865364682,85.9992066005
156.836060574,86.0289545121
156.788288378,86.0549718933
156.765025348,86.0643536626
156.753327221,86.0753774667
156.766789271,86.0674883489
156.792209852,86.0621385009
156.806319524,86.0580364863
156.800549367,86.0505608595
156.797760031,86.0545891994
156.801486755,86.0616803121
156.801867014,86.0815043711
156.776827768,86.1048104947
156.732202709,86.1146254621
156.699850923,86.1177397598
156.660452817,86.1257045147
156.627068624,86.1408211625
156.581010819,86.1553549119
156.552992982,86.1510815304
156.545816272,86.1527186564
156.565875139,86.1516242809
156.592776332,86.1496106731
156.639241516,86.1396147414
156.670928245,86.1342070565
156.684849898,86.1194708716
156.696415586,86.1050193458
156.720660467,86.0845736149
156.778691764,86.0317662001
156.825211193,86.0127041561
156.867815008,85.9758381854
156.903219217,85.9546715187
156.932564298,85.9504418701
156.955146779,85.9498143479
156.957530242,85.9655950356
156.940050823,85.9722134174
156.933985358,85.9649289061
156.963779732,85.9589963198
157.010267304,85.9444088939
157.03414191,85.9424761382
157.046104575,85.9397779921
157.035603537,85.9471669063
157.016477135,85.9618317473
156.982654754,85.9884305062
156.970921245,85.9960327065
156.977941257,86.0009010543
156.997504685,85.9897736864
157.006592413,85.971279745
157.04317788,85.9457243082
157.063051406,85.9306214732
157.061707755,85.9182654501
157.054683377,85.9212366418
157.05561767,85.9213918033
157.05636465,85.9316714958
157.058653843,85.9353183621
157.057294835,85.9452776837
157.058545576,85.962105525
157.048772411,85.962576223
157.049542635,85.9615462142
157.051755495,85.9625320977
157.05306991,85.9686247514
157.056301854,85.9914535709
157.0553338,85.9961407711
157.050247918,85.9991974234
157.022758551,85.9943144755
157.005959738,85.9815886012
157.004093874,85.9619573145
157.013607152,85.9612217676
157.020130172,85.9585753443
157.052705889,85.9323544966
157.093776313,85.9116374435
157.138553044,85.8861865818
157.141581108,85.8790218313
157.119491452,85.8780457268
157.099933481,85.8862424884
157.118005416,85.8965115328
157.131607559,85.9009959615
157.115626198,85.9151410618
157.108779601,85.9287881879
157.115388818,85.9218389466
157.133189848,85.9134988031
157.168701362,85.9094676696
157.174803737,85.9095487158
157.173417605,85.9247348406
157.168782809,85.9309353734
157.167603847,85.9367672925
157.173323653,85.9469265831
157.177988542,85.9526166193
157.175356929,85.9495761933
157.199923082,85.9290446917
157.219433685,85.9213690773
157.22700091,85.9089757249
157.209171761,85.8890302669
157.196937553,85.8815728125
157.183168836,85.8798205629
157.182193443,85.8848846128
157.19490326,85.894192801
157.237070635,85.9026105816
157.278612959,85.9110718009
157.317441346,85.9134304967
157.337652972,85.9256838013
157.353707354,85.944203306
157.382883366,85.9657025908
157.408708505,85.9755330825
157.431747215,86.0006686892
157.42396582,86.0178970613
157.413936503,86.0399471178
157.396531454,86.0824287415
157.373157226,86.1151118844
157.348056729,86.1444874092
157.330547647,86.1643555117
157.325524076,86.1896345779
157.346297462,86.2007600054
157.364041095,86.2097812845
157.398525178,86.2072965168
157.414921104,86.1993925391
157.44596908,86.1817984721
157.495469026,86.1810701016
157.511747526,86.179007117
157.519041131,86.1972835114
157.51217988,86.2164185393
157.506265473,86.2289219171
157.489877623,86.2385795141
157.482550016,86.2359500212
157.492788104,86.2349100165
157.538496863,86.216704097
157.578385116,86.1948638236
157.63042749,86.1964120245
157.653757206,86.198860945
157.665146607,86.2052493734
157.658522094,86.21970033
157.646090862,86.2232371173
157.650961878,86.2230626418
157.673759884,86.2229408138
157.727895696,86.2201064827
157.833374477,86.2222344288
157.888353909,86.2225778703
157.954564273,86.2329148975
157.97790399,86.2310332908
157.971521524,86.2347736803
157.973371475,86.2453318246
157.966278531,86.2355735354
157.99937949,86.2206242426
158.040662296,86.202850838
158.080187998,86.1785876985
158.146991278,86.1865673738
158.178930284,86.1698200514
158.219027621,86.1497025055
158.23779059,86.1441407253
158.259228623,86.1375799172
158.219304953,86.1755069167
158.145426088,86.2031997881
158.114314334,86.2497595
158.113300675,86.3165261186
158.159643844,86.3755213855
158.203640524,86.4165938647
158.204222884,86.4363310884
158.210078309,86.4268417393
158.193174348,86.3187083208
158.200812558,86.1686479754
158.296462111,85.970366733
158.429091734,85.7948466013
158.546651037,85.7634964598
158.784797132,85.7596275708
159.006782142,85.8942683434
159.260069005,86.3285755554
159.34830131,86.5313444337
159.337272432,86.613655901
159.13365875,86.8774452631
158.860131747,86.9034709263
158.651108198,86.7095046192
158.587014678,86.5716459686
158.662766515,86.4798779004
159.108294488,86.3323383678
159.553766754,86.3375457302
160.099732515,86.6032645169
160.256094087,86.7191703249
160.35183931,87.3154019942
160.133622222,88.6532346109
159.941513876,89.1876375115
159.833759078,89.1401519292
159.771528323,89.0034642962
159.73515706,88.6207499971
159.882151436,88.1230163838
160.04599909,87.9746719267
160.296823181,87.9678870313
160.407657952,87.9371143271
160.462109093,87.899876703
160.43293169,87.8737113513
160.354661811,87.9319345895
160.151581452,88.1090426987
160.074905009,88.2005138573
159.996425261,88.2509163879
159.962538477,88.1945637798
160.040507477,88.0291427556
160.143715513,87.8753805815
160.347452937,87.7337452408
160.4249353,87.6718475957
160.480178835,87.6024666483
160.463742677,87.578962193
160.386975274,87.5623127356
160.282797456,87.6104977535
160.211361726,87.6603541757
160.125365884,87.7556498527
160.052980719,87.7739132648
160.019225824,87.769593488
160.022961733,87.7068120023
160.076513919,87.6527164749
160.186847533,87.5608072401
160.248697147,87.4974181899
160.312918321,87.4368515946
160.376981675,87.3778580936
160.395576938,87.3574158816
160.397847399,87.3337568053
160.391072461,87.3065685777
160.387790998,87.2804614286
160.419880669,87.2317657263
160.462263504,87.194382539
160.538285308,87.1329159921
160.576167344,87.1076429911
160.593112454,87.0903417192
160.582705668,87.0796986138
160.578257064,87.0786586427
160.587591659,87.0775952681
160.606822186,87.0836319456
160.617272243,87.0855093788
160.614615863,87.0597248205
160.605728989,87.0361576856
160.624636193,87.01362161
160.649787893,86.9901011657
160.673721251,86.9761020851
160.698809277,86.9667122466
160.694645919,86.9727950636
160.692556155,86.9877216527
160.679628282,87.0326528293
160.660824434,87.0456861433
160.641608606,87.0492430543
160.641330922,87.0314748695
160.661580898,87.0135284247
160.706270301,86.9842759103
160.728923102,86.9739644251
160.73912033,86.9679534163
160.728273703,86.9790827413
160.711249851,86.9914018511
160.675924851,87.0209854533
160.640115272,87.0259914137
160.567192274,86.9968106841
160.524765288,86.9733556163
160.521161844,86.9513779707
160.557641557,86.9190644247
160.612701699,86.9021715001
160.672957909,86.9005888161
160.687128671,86.9140279193
160.661669181,86.9343311009
160.597691194,86.9735398466
160.557180637,87.0002811577
160.550207171,87.0563886729
160.555947115,87.0755563479
160.567831936,87.0774951063
160.588058947,87.061038734
160.617884862,87.0460906378
160.658586927,87.0396956576
160.676994669,87.0422815464
160.682531829,87.0555913801
160.647416496,87.0880544405
160.615368767,87.1221361858
160.598558293,87.1457373424
160.584987896,87.1762992144
160.592684345,87.1873756299
160.612203985,87.1842815005
160.627988286,87.1948145318
160.642605853,87.2026408295
160.642266974,87.2153208416
160.646785807,87.2337160812
160.663471931,87.289276549
160.669766494,87.3332035713
160.667854623,87.3943404365
160.642051951,87.4535268496
160.625578312,87.4922449235
160.627350757,87.5241305276
160.654937682,87.5415040127
160.698902476,87.5518340736
160.76642202,87.5524921466
160.794491964,87.5484683023
160.814095125,87.5558175795
160.812580179,87.5755622716
160.812042691,87.6027663245
160.819463541,87.6622862058
160.823637566,87.7104919861
160.809925653,87.7711551323
160.811220541,87.8094411036
160.825346202,87.8505747696
160.865468704,87.9210496421
160.89598771,87.9676388108
160.922097096,88.0787869743
160.922020948,88.1489423714
160.909293796,88.2207632892
160.86161165,88.3406203706
160.826537489,88.4149352788
160.80398234,88.4890803356
160.79497472,88.584720114
160.795930515,88.6519440248
160.795404107,88.7591147561
160.795074113,88.8399252683
160.79617116,88.9265350608
160.775679736,89.0511916229
160.7663924,89.1266306817
160.778975634,89.2296271083
160.803954962,89.2752771463
160.830446883,89.2928952534
160.88012221,89.3048318543
160.907097952,89.2945933105
160.952553112,89.2675227216
160.97812068,89.2550246278
161.003548753,89.2562614428
161.040439814,89.2591724034
161.040094741,89.2571206374
160.996559208,89.2503366663
160.953537021,89.2299005776
160.940809526,89.2119758966
160.983703846,89.1928525108
161.051320003,89.1744968841
161.150231797,89.1336618415
161.200283242,89.1092687757
161.242181372,89.0830333021
161.272259445,89.0512326649
161.28266689,89.0401546145
161.283492797,89.035411963
161.275217831,89.035646894
161.263524806,89.0374267373
161.257310204,89.0493072
161.272338373,89.0729540736
161.282864035,89.0981543726
161.275973866,89.1208593296
161.260773933,89.1346111621
161.232512001,89.1483646335
161.236872766,89.1584449327
161.244907934,89.164106509
161.273766803,89.1724778453
161.285086999,89.1863237231
161.271912596,89.1817068126
161.259119971,89.1734580978
161.257009933,89.1521448372
161.285026011,89.1237260588
161.315227556,89.1078901349
161.346395911,89.0728273236
161.356905601,89.047355283
161.368390617,89.030073044
161.375320016,88.9957038598
161.388953576,88.9915131325
161.402835048,88.9829779625
161.412312761,88.9618319186
161.420812703,88.9273738368
161.444181118,88.8838512272
161.46623376,88.8653408921
161.498676186,88.856260358
161.508100826,88.8476192787
161.504766889,88.838855432
161.495334458,88.831933537
161.494122855,88.8237992067
161.508170079,88.8035891791
161.522439585,88.7862420843
161.534080687,88.7688803865
161.55184875,88.7120360215
161.569271922,88.6775231968
161.616213278,88.6236161829
161.654472344,88.6056246329
161.683305348,88.5921030717
161.699134582,88.5829469251
161.692006031,88.5815830245
161.672220632,88.5827461832
161.659150262,88.5846239074
161.669648177,88.5844161203
161.693045607,88.5676308234
161.706158741,88.5345283069
161.725221991,88.4835476072
161.748666414,88.4186615852
161.759086614,88.4008286193
161.764923691,88.3995398495
161.766387262,88.4053372979
161.758740787,88.4157559435
161.738367812,88.4203030423
161.732741033,88.4145074559
161.736388837,88.4011917741
161.750449866,88.3825017048
161.772696623,88.3651570947
161.792002576,88.3454563752
161.793059014,88.3261669827
161.790773475,88.3205570393
161.797831046,88.3296760383
161.801355884,88.3547757782
161.789492557,88.3858401666
161.770702883,88.394889088
161.747290561,88.4068481022
161.73798829,88.3945163745
161.742464598,88.3868383594
161.776363398,88.3601742473
161.798744546,88.3314800745
161.839177477,88.2764896466
161.879128838,88.2512323895
161.919876723,88.2408996715
161.928385197,88.2404506479
161.906570996,88.2499007342
161.879970441,88.2632799697
161.831127579,88.2941579474
161.817234075,88.3094528659
161.814900699,88.3163273147
161.831165564,88.3148847396
161.85678439,88.2986057901
161.886849909,88.2757940032
161.905648565,88.2435879997
161.916508463,88.2119931685
161.928331246,88.1895067151
161.944417326,88.1813670195
161.965401894,88.1678754802
161.968671801,88.1562141639
161.976694533,88.1396561492
161.981087469,88.1137486177
161.987567595,88.0888002323
162.023023823,88.0452107527
162.053817201,87.999365559
162.099540891,87.9376561809
162.136358649,87.9007085151
162.172013011,87.8812366232
162.1950448,87.8641244581
162.185517748,87.8633354637
162.163077784,87.8774231272
162.145192231,87.8849643163
162.141276599,87.892645997
162.153321635,87.8922081093
162.161800648,87.885212716
162.185555484,87.8765275297
162.187754221,87.8643213567
162.187842421,87.8447132961
162.190148584,87.8267581334
162.199139452,87.8234572146
162.226000109,87.810391176
162.231240491,87.793701605
162.244639453,87.7865681694
162.24386053,87.7748392782
162.246980415,87.7677555997
162.254733,87.7664590807
162.270375508,87.7392894389
162.284270499,87.7197263419
162.316582917,87.6845574845
162.34981752,87.6743161882
162.374092256,87.6716765324
162.39031892,87.6759398145
162.389075111,87.6820967234
162.363528308,87.6962269534
162.357668362,87.6997984894
162.366739731,87.7025851466
162.401196331,87.689545428
162.439447961,87.6732332994
162.481031583,87.6306395905
162.502763392,87.5943420566
162.534217505,87.5513808353
162.622631902,87.4860414345
162.692861072,87.454663934
162.780958064,87.415233428
162.81406492,87.3864323374
162.83941554,87.3537779575
162.858934341,87.3051015603
162.878334707,87.2891063713
162.925658652,87.2606092842
162.953341443,87.2201725215
162.978398634,87.1824006114
163.042889043,87.1476532276
163.092611734,87.1450245659
163.174147696,87.1470867861
163.215240148,87.1456058081
163.253874951,87.1310644414
163.324177016,87.1068066674
163.381535978,87.0927476607
163.457436503,87.0697817034
163.58032189,87.0131371865
163.674142628,86.959397595
163.889674036,86.8893803022
164.034623763,86.8534135732
164.204489237,86.7993811568
164.499152225,86.6914680453
164.698128162,86.6288835787
165.122847219,86.5712441411
165.35228367,86.5508747284
165.580223322,86.5291129628
165.805729713,86.5243826872
165.951280881,86.5681296426
166.077634233,86.6280851001
166.096504797,86.6227174088
166.035904888,86.5607446129
165.835571158,86.3999591988
165.723276352,86.3289740769
165.585289328,86.2943435165
165.544215054,86.3050105312
165.536747055,86.3753384948
165.457088483,86.4620682105
165.37422402,86.4141337821
165.105841773,86.4478949501
164.879812454,86.4698465102
164.604001667,86.454567273
164.166748127,86.5759191421
163.858854122,86.6317661169
163.412346224,86.7432486627
163.104370158,86.8010089685
162.846154044,86.8374367759
162.457540605,86.796689394
162.255428569,86.7587974567
162.214621622,86.7218644368
162.220504807,86.6267130809
162.230034162,86.5429144606
162.305834604,86.3333457226
162.30565576,86.2141875414
162.289496226,86.0985755922
162.19735823,85.9146156872
162.099397644,85.8186973214
161.983952666,85.7515748875
161.929338612,85.7440488352
161.912640334,85.7451120246
161.860273937,85.7373509401
161.798538785,85.723205622
161.702495193,85.7049818632
161.616471982,85.6924439182
161.584975511,85.6452469085
161.581686405,85.5863575192
161.606141903,85.5412062816
161.640946441,85.4796023875
161.647091205,85.4414891902
161.648338968,85.4214941908
161.603154573,85.4311164618
161.520611041,85.442216293
161.422909217,85.443869152
161.405444885,85.4216225396
161.294502125,85.3772641347
161.031369591,85.2688760796
160.852523736,85.2607700885
160.547418167,85.237981739
160.365728574,85.1939442765
160.252453727,85.1571729169
160.192658258,85.2069855303
160.133244659,85.2379970221
160.086362006,85.2758157711
159.980595345,85.3013241054
159.866589843,85.3123166794
159.720709493,85.3302031397
159.60995168,85.324907221
159.514182956,85.3142880371
159.392416206,85.2689348579
159.318314484,85.2247047238
159.304989305,85.1764475924
159.328754144,85.1743492421
159.336787363,85.1691380404
159.426822413,85.1551903282
159.498270436,85.1496169921
159.581225667,85.1457874279
159.621954855,85.1515561617
159.621208383,85.1653553218
159.607065657,85.185088509
159.603162138,85.1792809395
159.610474208,85.1729119542
159.647181833,85.1595389778
159.674455603,85.1533396327
159.723066747,85.1340496948
159.739640448,85.1306485386
159.726552719,85.1365075054
159.720932166,85.1400564572
159.717963577,85.1454793906
159.759599604,85.1357899596
159.802806619,85.1295772003
159.855569636,85.1525285027
159.890154414,85.1490303802
159.917761296,85.1526503862
159.96245532,85.1599498328
160.005930968,85.1848577173
160.114601476,85.1981220009
160.219220731,85.1850247361
160.338852486,85.1459275695
160.504858399,85.1067284159
160.578452829,85.0707394238
160.622349911,85.0340386526
160.671825151,84.9596183663
160.697046339,84.9025676929
160.741035527,84.8561574645
160.786740415,84.8454079358
160.826840494,84.8443032877
160.853564402,84.876651517
160.799923521,84.8955257106
160.676457371,84.9214037319
160.595914237,84.9531648266
160.526920325,84.9772914562
160.456322519,84.9450887196
160.431825089,84.9256155784
160.373729592,84.919353629
160.321743507,84.9258960426
160.24425069,84.9402226894
160.129326383,85.00241601
160.003803043,85.0493998822
159.803220673,85.1793023119
159.625214054,85.2920952825
159.466685523,85.3968128263
159.236224504,85.5294349364
159.062298192,85.5735169355
158.77062622,85.4644301024
158.636188171,85.3379716727
158.505696113,85.2305148417
158.366388625,85.1777558939
158.239866092,85.1926261982
158.094982801,85.2771403117
158.018807144,85.362469854
157.974888887,85.4672262058
157.913613364,85.5771077368
157.922738172,85.6558544155
157.977563658,85.6743844205
157.982342049,85.6252319482
158.007047337,85.4943208302
158.079458048,85.3824931244
158.111161128,85.3196202601
158.11801411,85.1559364085
158.130824823,84.9943094255
158.143707223,84.9538581242
158.183929209,84.9179250268
158.22786255,84.9389342787
158.270164703,84.9555345083
158.347681763,84.9274165527
158.380608557,84.8649158008
158.443655312,84.746022809
158.491793821,84.6996930011
158.561497972,84.67169726
158.647404695,84.6497800416
158.708212931,84.632269774
158.807088584,84.6219300823
158.885644512,84.6321538479
158.971267896,84.6349574192
159.128545248,84.6724737215
159.22141718,84.7000187233
159.320812633,84.720401755
159.387907547,84.7063331322
159.530043327,84.6654929284
159.953014552,84.5834084241
160.317849637,84.4698726051
160.955393604,84.1969842637
161.365907913,84.0211160964
161.802208275,83.7934375725
162.473178098,83.5107034762
162.961245309,83.3440739715
163.61382211,83.1576510751
163.997329475,83.0921532602
164.389306535,83.0346039446
164.859870295,83.0287046308
165.174051887,83.0589697987
165.472901367,83.0829922139
165.981137353,83.1219498464
166.334852388,83.1208255449
166.809179893,83.1545827356
167.181369434,83.1418211655
167.566967129,83.1189228971
168.134283506,83.1963722688
168.481336937,83.185934986
169.116953688,83.1248212611
169.535991008,83.0936686441
169.995488047,83.0229619126
170.768409291,83.0005189282
171.312020662,82.9655310287
172.150608425,82.8694224887
172.617930664,82.8630802169
173.040391217,82.8999072436
173.238450238,82.9890853541
173.390501821,83.0887962555
173.664630809,83.281788279
173.949212788,83.3933816855
174.312625925,83.4580181144
174.850325474,83.465027639
175.174756206,83.4406701516
175.588280759,83.3800841333
175.925436252,83.332006317
176.318552856,83.2772634037
176.94059575,83.1915243062
177.350371859,83.1438537184
178.046719017,83.0826116148
178.494512577,83.0480712186
178.951917195,83.0049316205
179.624855805,82.8724032711
180.070812607,82.8434337073
180.498294699,82.8160169108
181.137865101,82.8046082578
181.548085218,82.829152658
182.158328501,82.8675420766
182.554331992,82.9099700007
182.956688261,82.9719852207
183.658220692,83.0128437922
184.089224894,83.055803514
184.753870962,83.0129666141
185.247217761,83.0060090996
185.761002393,83.0409620641
186.511696623,83.0683014511
187.066757363,83.0616293479
188.072484288,83.0999751816
188.896965022,83.0966973913
189.922063189,83.1298551816
191.932439401,83.1741322152
193.39773424,83.295171164
195.638193544,83.3849162786
197.083354988,83.4372052037
198.382147094,83.4562539879
200.239377973,83.4590267913
201.344550402,83.4854768078
202.928843549,83.4523743301
204.055132659,83.4005447809
205.264522209,83.3857007472
207.08084983,83.2415380172
208.2493153,83.1086744712
210.171056576,82.900733624
211.487552089,82.7058349937
212.904311915,82.5836273006
215.22556044,82.3946674491
216.772118758,82.3157959424
219.111299097,82.1515901912
220.597705377,81.9886815324
222.039015121,81.7896680474
224.063249555,81.5678370246
225.396158874,81.4291651914
226.693786663,81.3731703929
228.66384136,81.3831536148
230.025302804,81.457407674
232.325785794,81.522484876
233.996328959,81.5754756298
235.828701403,81.6219391266
238.53146066,81.5168096338
240.284114885,81.3572063506
242.84377128,81.0836977179
244.486759032,80.9183144691
246.073205483,80.687518759
248.368938049,80.3560634333
249.873041816,80.2450981301
252.045478368,79.9612613535
253.462488324,79.7385416251
254.818379087,79.5406821076
256.485161673,79.2132211712
257.445147393,78.9734165698
258.677555511,78.7571602931
259.459622537,78.7699948146
260.18173816,78.9233351736
261.361897163,79.6725123654
262.112227909,80.001316558
263.330994503,80.385146798
264.358513922,80.3886320086
265.494805633,80.2812368954
267.335743926,79.9100440497
268.624823481,79.6964020372
270.480857488,79.6030037014
271.532082829,79.7326015207
272.420424399,79.7764210092
273.844465076,79.4917904547
274.751405831,79.2515652807
276.159892225,78.852061832
277.212314749,78.5071411187
278.337739361,78.3093133242
280.02257468,78.1152924735
280.991307651,77.9984787574
281.663569517,77.8987063419
282.092094027,78.1027681914
282.003779306,78.3541999996
281.717060664,78.9927867664
281.613316753,79.1724424742
281.639197596,79.22965952
281.864661022,79.3319667905
282.055453172,79.5313323103
282.048127781,79.7988380748
281.97909381,79.9462979251
281.902110395,80.0642255476
281.959508997,80.1042839248
282.103182504,80.164442412
282.660627505,80.5694181757
282.986972595,80.8289729586
283.283520706,80.989507648
283.817577711,81.195627095
284.300429606,81.1368373084
285.08390513,81.1054072276
285.552127341,81.0863352086
285.906469077,81.0811851744
286.439993032,81.2491484529
286.750173182,81.5560830444
287.306974432,81.6601082424
287.768785089,81.4890917751
288.270790766,81.2125582962
289.022834209,80.7885050334
289.507608072,80.5999882502
290.108872426,80.2409959573
290.504382659,80.1185321059
290.915119544,80.1873422561
291.53393256,80.5524668573
291.976696706,80.9270330176
292.632913583,81.0520659359
293.820475931,81.1261139745
294.659903853,81.2071708651
296.073470314,81.4808001646
297.170531586,81.6844320631
298.32036267,81.8590758953
300.381515883,81.8741093167
301.950008866,81.7735980859
304.22957072,81.6687563801
305.700019722,81.5330354688
307.14591077,81.4462674417
309.204137119,81.4830519473
310.487536911,81.4824021839
312.504658778,81.3076468238
313.740842291,81.4705127008
314.783653068,81.7416940569
316.105822313,81.9471969144
316.84762055,82.0184776549
317.738390966,82.2012712283
318.325472835,82.4539994809
318.748235509,82.7693233676
318.986326213,83.1395387049
318.885111269,83.3712053946
318.549169498,83.6766140326
318.477236517,83.7877208814
318.480465869,83.8482825495
318.662996905,83.736876706
318.862568447,83.6162165843
318.991001835,83.5769809629
318.998894454,83.6650857992
318.970213894,83.6446535652
318.99717245,83.6845605157
319.116058349,83.7263730672
319.430713055,83.6624459783
320.32541798,83.4674820625
321.047748362,83.3958422582
322.466476882,83.3494668214
323.608015566,83.3698056385
325.024485959,83.239876468
327.251848337,83.3590983151
328.582886192,83.6560568127
330.305632497,83.9541455205
331.271303226,84.2098651577
332.157362766,84.2796021466
333.313736348,84.3393733082
333.915287923,84.4239985339
334.47965266,84.321465467
334.916036014,83.9023090683
335.196495994,83.5102413565
335.196469634,83.31274012
335.080624681,83.150659634
334.870295731,82.9352556631
334.793084427,82.8364231491
334.739688637,82.7286535142
334.848731321,82.4964144324
334.96850092,82.4188866267
335.050182538,82.3405010382
335.059588872,82.2825546544
335.054687893,82.2480280906
334.971467442,82.2457172591
334.883469542,82.2406337091
334.740107915,82.2284422731
334.628156133,82.165771433
334.525678382,82.1138811522
334.387943451,81.9772083822
334.249423204,81.9112201457
333.856613879,81.6874117195
333.554586926,81.3639678658
333.302831569,81.0604008838
332.916011488,80.7084948236
332.794727372,80.7802806462
332.65343652,80.8327757936
332.517716469,81.0561985164
332.474580224,81.2322120061
332.385639781,81.2652234574
332.246612856,81.1850760079
332.040291671,81.0489060899
331.712551986,81.0273883796
331.48217035,81.0623853014
331.250707235,81.2410515476
331.111827526,81.3301443451
330.91226972,81.365026712
330.500130461,81.278984341
330.360271604,81.1816749088
330.244233012,81.0578580251
330.207662857,81.0426521342
330.166467085,81.0455399433
330.161069077,81.0126629802
330.149690973,81.0122367895
330.103017264,81.0364384313
330.022443441,81.0345308868
329.94011094,81.014420337
329.803903027,81.000036168
329.627705156,81.0985530471
329.312874957,81.2320261967
329.081399232,81.2891358112
328.969551308,81.2858032156
328.654262442,81.3073368591
328.317093433,81.3522732056
327.593105549,81.4971663703
327.212498236,81.5121593597
326.832553715,81.5331784318
326.314469135,81.6038536876
325.783084869,81.668088012
325.330637176,81.6679998587
324.558784817,81.7172275758
