179.856822996,77.5740809955
181.248355578,79.4860760982
182.16482619,80.079469261
183.217918979,78.7280970922
183.603400494,77.7329369567
183.663180156,77.0763237542
183.63090375,77.9640088804
183.767144836,77.471660009
183.358118209,75.9270008183
182.368436526,74.9562099355
180.981011794,74.1584258951
180.784497385,74.3551996039
181.157915139,74.5246494466
181.190944041,75.3902288002
180.800929581,75.5307929277
179.40460494,74.9155360092
177.796511959,74.7323993167
176.262068268,74.7672491666
176.101343966,74.4270834634
176.961258238,74.4348540428
178.764743769,74.0085236728
179.076295463,73.7026493303
178.784539656,73.6548925669
177.439478456,73.8488207343
176.773599287,74.0846647453
176.205889007,74.6152177469
175.766350116,74.9184858906
175.408185694,75.1548136998
175.080340474,75.2615185389
174.864846569,75.4026846445
174.249417472,75.5068270332
174.111347196,76.5112500732
174.112440438,77.3833540452
173.937397803,78.7407689861
173.641913069,79.2248724113
173.055107677,79.45214719
171.575686906,79.9051508006
170.185424314,79.7133088545
167.057227521,79.9137219698
164.732321649,79.9828026908
162.515927662,79.684484245
159.404086866,79.6495497818
157.703442185,79.7324904329
155.765671749,79.9971100282
154.815550918,80.0535227287
154.063168525,80.168076251
153.210072092,80.2355896463
152.957088533,80.0725163339
153.595278925,80.0857301547
154.465299653,80.2005924674
155.449956264,80.3450690293
156.986264514,80.618257502
157.844075589,80.8444784612
158.860943809,81.0926472393
159.378418883,81.128240414
159.544993922,81.2381833214
159.322677458,81.2287400664
158.972249071,80.8716031377
158.463896358,79.897397619
158.163431222,79.2421201574
157.703181438,78.957637792
157.135027347,78.802887492
156.926728134,78.864100737
156.968459888,78.9463031193
157.292675839,78.9335071211
158.195650709,78.5676670086
159.516334265,78.6347169288
160.209973748,79.0708320599
161.120384325,78.9630325387
161.675297513,78.4258739409
162.118043974,77.8061074148
162.57847511,76.713196832
162.590375268,76.3598774988
162.520905605,76.065407132
162.431785867,75.7555016367
162.483436529,75.6127436887
162.5671403,75.5300319756
162.594554281,75.6622954963
162.56869055,75.7736235791
162.542424748,75.3459880941
162.568324856,74.6799619142
163.050342848,73.4792903865
163.771813194,72.5606515176
164.911821478,71.9843580585
165.89250874,71.3900977922
165.35866483,71.6246304977
164.259982031,71.7552018856
163.128003289,70.7726870516
163.37631451,69.8033162189
164.597494264,69.2183012757
165.745977458,68.9172781452
166.370889451,68.640056298
166.734755735,68.4618801555
166.37621394,68.5772445115
165.941127739,68.83613147
165.251970614,69.5217014222
165.313204823,71.0730791197
165.550128407,71.4015955922
166.124016014,71.6603892232
166.364453412,72.5856736118
166.207285332,72.4753962134
165.468009655,72.2987314435
164.966033326,72.2371256062
164.660763591,72.0730251546
164.917521838,72.0027912561
165.015618886,72.2578005121
165.24864298,72.7520981802
165.079804074,73.1249699406
164.962449003,73.0402180898
164.916767948,73.9885662898
164.831080219,74.4312549934
164.88668482,75.1688294503
165.535441877,74.9187804851
165.43446345,75.5097427572
165.478000225,75.8640600828
165.172796053,75.9890844367
164.705805751,76.3467326028
164.62867523,75.6067475525
165.459834501,76.3803647023
166.222944958,75.8706691756
166.323433474,76.2808756715
166.266930636,76.0681010151
166.951283955,75.1272545576
167.346268672,74.6513383831
167.614891756,72.8310896195
167.933600254,72.3346533685
168.150316228,72.4818470676
168.690101695,71.7180783093
168.980765013,71.1969349159
168.926550123,71.2892561051
168.420435571,71.8966523025
167.807817027,72.251509084
166.964394891,72.0912486079
166.322506368,71.9752995768
165.570142257,71.5562235039
165.053119822,71.2766295122
164.653009261,71.1757200108
163.837700508,71.0493696851
163.241970878,71.0786353014
162.234414069,71.1906914889
161.482274374,71.3664214558
160.695411104,71.5192307449
159.494834603,71.4986605314
158.688729126,71.469570926
157.989755748,71.3829659083
156.693560933,71.2399978756
155.940077827,71.1173482529
154.835652539,70.9989408386
154.008770511,70.993116625
153.089112873,70.7220297747
151.779314356,69.9723245852
151.079950576,69.5033391375
150.027884279,69.1990514928
149.03900479,69.4246155823
148.39189739,69.5625318494
147.2442371,70.9437398443
146.24837945,71.9593490409
144.564605482,73.1996086956
143.778006906,73.4211542144
143.092668494,73.5018639218
142.296731273,74.4500154905
141.815219784,75.7184817396
140.460161733,76.6874820449
139.639227451,77.4764638248
138.463717854,78.7663561045
137.751541537,79.0874952459
137.474278582,78.5283466232
137.038963332,75.6998614944
137.208553484,72.2052804766
137.448827725,71.6991585057
137.519328838,71.4285980751
137.701397175,70.3764453652
137.966011563,69.760791367
137.749695093,69.4062923832
137.252728878,69.326722914
136.963985319,68.9884084704
137.185735505,69.1593341755
137.570769349,68.907556209
137.217064497,69.28118046
136.658584971,69.415606632
136.046763655,69.178064788
135.654231549,69.8167346846
136.286455147,70.1569539427
137.052181058,70.8814310764
137.187073021,71.1107020645
137.819464883,71.3477925054
138.105566619,71.5503775489
138.678341512,71.6248522917
139.415706872,71.7629733316
139.669802282,71.6577519201
140.415233738,70.675488289
140.758765913,69.9256645861
141.225804138,69.2537048318
142.08963509,68.7343475618
142.668933647,68.4677365694
143.535544352,68.1687289989
143.95532123,68.1849707249
144.40927381,68.1667501553
145.317455111,68.1847733961
146.1479847,67.9569952359
146.976199756,67.1932542021
147.165452244,66.7951093537
147.09212566,66.4218188712
146.680803052,66.0164149908
146.229409609,65.7643220894
144.994079574,66.0142268683
144.066802479,66.1668307877
143.094511001,66.2315459428
140.766093954,66.5506851503
137.844543454,66.7592760691
133.06238629,67.5402476451
123.004458186,68.5075477971
115.632720463,69.6646906446
105.468193239,72.0159707352
99.8121736308,73.490009702
95.4209613909,74.6610220059
90.9716439552,75.7390170334
89.1101935519,76.2571509642
86.9463169219,77.3056519632
85.927548018,77.7897091
84.9154119033,78.6931699293
84.0261332384,79.5343808798
83.653000888,79.9213994598
83.514238096,80.0296948195
83.5560910764,80.0569376123
83.5727760515,80.0695315262
83.4333764638,79.8536830286
83.4433472232,79.818346461
83.9328755715,79.8818271822
84.7197155293,79.9518644264
85.6865972269,79.4674029513
87.6757401305,78.4267601348
89.106426803,77.8539079716
91.4036158803,77.0347486981
92.9088057601,76.9290236272
94.3936833968,77.2853730415
96.632840814,77.800195481
98.2380315737,77.8084101579
100.942706094,77.7647159795
102.824011582,77.89279836
104.474103975,77.9945387691
106.409811887,78.1451457803
107.19790818,78.062822413
107.772939994,77.6456228762
108.150884284,77.6223195321
108.764324419,77.7329869854
110.174935835,77.821247247
111.576555314,77.7201507872
113.335722793,77.6582409292
116.156254566,77.7688690171
117.844312603,78.0326304614
119.780111888,78.4006367031
120.489146486,78.5250066941
120.930253745,78.7284115037
120.885261381,79.0128922538
120.608788747,79.1438176453
120.003781962,79.5017419711
119.611406241,79.7093098489
119.269806346,79.9226224873
118.966078796,80.2446699583
118.884012793,80.422145709
118.931944472,80.6298787963
119.00137832,80.8214751221
119.05793868,81.0824297976
119.057681015,81.3964796113
118.99913689,81.6072371173
118.870893381,81.8490595417
118.75631849,82.141584655
118.634100067,82.628286995
118.480268082,83.8124279181
118.271710659,84.2275714365
117.772443449,84.6985495279
117.641143378,84.3979578219
117.656416285,83.1446211026
118.232918319,81.1326385646
118.695445272,80.8715294758
119.670436126,80.3189655756
120.324984786,79.9860220027
120.866585944,80.0337814582
121.661475315,80.0091388969
122.058937019,80.0095606011
122.356447961,80.0350380199
122.685422787,79.9450001952
122.84638458,79.941603383
123.171144095,80.2447747724
123.030544133,80.9438838335
123.198536287,81.6987174386
122.787888573,82.0780797552
122.961512645,81.8933867944
122.721305653,83.7165133118
122.662294508,83.4733411239
122.673080773,83.089645315
122.831539962,84.1187624721
122.886049466,84.0112191254
123.032973334,83.9777824752
123.134448226,83.7018954045
123.211390323,83.6622991556
123.627019738,83.2211241256
123.894625464,82.467379032
124.451431222,81.6442548102
124.550305311,81.8129059411
124.789969338,81.3270729953
124.729055732,81.3711508394
124.707949758,81.3626734273
124.637152743,81.3566877071
124.584783675,81.3957932172
124.482712245,81.4139674001
124.365403729,81.4195273016
124.341577109,81.4236081543
124.339522847,81.3911607791
124.322565566,81.3624254287
124.28952864,81.2962313391
124.221606189,81.2366562743
124.16543221,81.201154593
124.15341782,81.1911483727
124.151076937,81.1834716636
124.14957732,81.1750356661
124.104360344,81.1498364589
124.059971338,81.1170476074
124.012530157,81.0919712036
123.911375727,80.9741254805
123.879038146,80.8693972369
123.853221936,80.6845044156
123.859205124,80.5441578924
123.905478368,80.4260783915
124.019510997,80.2537735221
124.068875345,80.1949233554
124.14427394,80.0886271572
124.211424297,80.0079843496
124.233426747,79.9706258571
124.247527003,79.9093210365
124.229109449,79.8754353296
124.208149442,79.853918557
124.209353637,79.8276474713
124.209179857,79.80639303
124.200548448,79.7986560227
124.203868239,79.7986334557
124.272695122,79.7689881451
124.344276587,79.7599908649
124.457880926,79.7176767378
124.577616761,79.6835775563
124.64597623,79.6762452114
124.704622586,79.6764174497
124.855466132,79.6161359087
125.282329113,79.4608455066
126.578602162,78.9844755249
128.088623531,78.2385646683
130.026486884,77.1271389386
133.330108496,75.7260498707
135.516683281,74.9444781618
138.661792991,73.5101412599
140.663463081,72.6286455083
142.607786588,71.7232816218
145.443739075,70.6487901904
147.207578057,69.9807624078
149.570162915,69.0543559573
150.902968455,68.4289360099
152.165376182,67.8561648802
153.980664103,66.9271461896
155.274945516,66.3480536425
157.145270088,65.7691617587
158.389740628,65.4073614733
159.492686424,65.0624298415
160.992885384,64.4944899566
161.964951639,64.1053773456
163.558651918,63.7378769662
164.70974927,63.5506723595
165.810397855,63.3627237364
167.44201326,63.1221577803
168.487105984,62.9371855931
170.093421336,62.8035373912
171.248476169,62.7472208395
172.421947828,62.7843915973
174.246984675,62.6960007256
175.440973464,62.7063289735
177.480646032,62.6809086491
178.747709065,62.7168428498
180.011956529,62.7758321745
181.792767584,62.8989698622
182.939532657,63.0534039531
184.379168658,63.2180213374
185.211060333,63.2024786286
186.058991147,63.1941369185
187.329706502,63.0503236953
188.203508003,62.8751286041
189.06996747,62.6057803936
190.147586147,61.9562710065
190.432892772,61.1872173777
190.324288727,59.2083883165
190.020422872,57.7686222471
189.814449216,56.360448484
189.888084745,54.5200341932
190.190078258,53.5358383644
190.696537627,52.7987428934
191.108498024,52.2753457396
191.345417931,52.0420939822
191.403207428,51.8888307293
191.384164344,51.8484151656
191.317500891,51.8349919218
191.270533064,51.9673316581
191.221052803,52.1633807537
191.094245312,52.9626074935
190.81256763,53.6266552869
189.897355716,54.9872951012
189.248777968,55.9035145983
188.577905576,56.9711260154
187.686743911,58.7481831224
187.161764974,60.0326865389
186.097658169,62.424194612
185.386378455,63.9682208609
184.721366093,65.4912866449
183.70162683,67.6900441204
183.142430382,68.815327101
182.354907437,70.4079661673
181.994461946,71.0325972992
181.64350297,71.7163159539
180.919237681,72.5886114194
179.931578166,73.5277465253
178.54167243,74.6212407917
176.269924366,75.9437693579
174.754746952,76.7693120622
172.338054068,77.8293031169
170.707398258,78.3271642184
168.917802575,78.7339640483
166.094069136,79.0198740915
164.388373571,78.9448621325
162.266956985,78.9811052131
161.225559886,79.0447072335
160.616204216,79.007614588
160.275078625,78.8386530834
160.269636174,78.7613223282
160.547142221,78.6045498077
160.96827855,78.5427483128
161.518467881,78.7052245449
162.518761733,79.4278954572
163.305854619,80.0682844888
165.217803498,81.0986261593
166.737572461,82.0348520242
168.421927769,82.886344027
170.832874504,84.271960024
172.243686492,85.5047535572
174.000780031,87.3608335159
174.83743039,88.8654563307
175.516829255,90.1001510333
176.445730518,91.8944232931
177.146764046,92.7340426477
178.499835918,93.9276843231
179.616658961,94.6826181881
180.924091007,95.357576584
183.216822082,96.1720913049
184.800322722,96.9995771062
186.430320779,97.8203053813
189.052372366,98.6473223271
190.750810262,98.9099674857
192.919826853,98.6355452767
194.052091193,98.179687469
194.985166978,97.6057816591
196.216603819,96.2115421711
196.949364822,95.2575529233
197.836969201,94.5377806029
198.317620773,94.1908868297
198.788471032,93.7752370909
199.770955211,93.1465746944
200.692120889,92.675089374
202.41805225,91.9866587394
203.805805741,91.4544065013
205.222885884,91.0063504666
207.277052475,90.4780001152
208.430213188,90.358799626
209.898770487,90.3244729176
210.779918563,90.2615386791
211.65232468,90.1414903249
212.945308494,89.7960748809
213.748942214,89.3420490553
214.951240463,88.9978453428
215.881054211,89.104041763
216.846863357,89.1939077898
218.514745499,88.9918538522
219.617238719,88.7227844308
221.331255395,88.2252222511
222.407719331,87.8955314985
223.518325825,87.5525976178
224.981382766,86.9361225772
225.873579346,86.5598465338
227.354952799,86.1631992969
228.345873845,85.9316449594
229.421400026,85.7953456686
230.986602031,85.5626422937
231.90555337,85.3996046649
232.70466934,85.3231984498
233.880271986,85.1902962685
234.703892322,85.1145423562
235.853048062,85.0892815012
236.628746497,85.0059498986
237.475915817,84.8262081831
238.878407309,84.6110589963
239.785689352,84.5470440499
240.896188977,84.5087954706
241.483829551,84.4258767123
242.064622681,84.1860762358
242.777701261,83.5244977612
243.200814724,82.7419690718
243.941736474,81.5054979435
244.345554764,80.9165416595
244.716754418,80.3545074381
244.976593326,80.013914975
245.004804149,79.8140943603
245.162209737,79.3532524964
245.484656398,78.9421328671
246.180002202,78.3354515332
248.397221894,76.7820134207
250.149173223,76.4872168327
251.912717833,76.2458076176
254.468869439,75.7272651119
256.163506702,75.4933035676
258.659456288,75.143757577
260.235312109,74.9516911732
262.304855335,75.2386357932
263.16662381,75.4358155937
263.709925319,75.4003219794
264.295968074,74.9424558659
264.721579045,74.4121892069
265.479081387,73.6216691775
266.056470207,73.2219459715
266.658249618,72.8615998113
267.510850856,72.6889919731
268.033008204,72.4454657348
268.713161357,72.1226974082
270.025452369,71.6131630324
270.98919758,71.1688951296
272.184343377,70.6636755233
272.746789649,70.51943732
273.2113217,70.5476290161
274.021906956,70.7139074151
274.623644914,70.8048712066
275.550223646,70.9562570318
276.087917982,71.0838556354
276.482483638,71.2845182143
276.726374143,71.7338858066
276.746240206,71.9721742319
276.590695124,72.531319763
276.229846133,72.9792472589
275.568520204,73.3135213339
274.099559751,73.6246573559
272.655008899,73.7065845601
269.66082811,74.0542239251
267.260516662,74.3033436856
264.792922663,74.494718381
261.257184658,74.9152393499
258.936248397,75.279539371
255.654568268,75.8865655005
253.687134691,76.2910468576
252.0476341,76.8224733438
250.207520977,77.4977061902
249.198747635,77.7911696614
247.85103803,78.292122414
246.949987284,78.6011876921
245.928478895,78.8973982353
244.295723881,79.4166480667
243.285234501,79.5061470885
242.180166957,79.6696424125
240.586881929,79.7994678054
239.798994325,79.9666246028
238.877319888,80.1482410377
238.517649524,80.3912749509
238.181972113,80.6206324253
237.911153239,80.7100389772
237.662569941,80.7265871556
237.116597794,80.8481981559
236.819130567,80.9119475599
236.570248183,80.9161665459
236.130892743,80.8893836768
235.728404784,80.7959812204
234.717397452,80.6117160671
233.760875913,80.4093644627
232.60678901,80.2203985182
230.650510098,79.9804059359
229.323667512,79.9051711517
227.561063505,79.8348791183
226.513305287,79.926018148
225.707025979,80.0222324936
224.809596792,80.339198654
224.445603894,80.5829295509
224.179458732,80.9580472288
224.144201243,81.3578476619
224.209680353,81.4856111522
224.207219694,81.793764209
224.023039918,82.1181708876
223.903378049,82.2298526008
223.832804124,82.2815133645
223.814025423,82.3117014654
223.94588304,82.4285650371
224.112383929,82.4909054165
224.275749536,82.5667958198
224.485374099,82.6716070886
224.640537245,82.7347574665
224.924456621,82.8905801327
225.092798426,82.9496803944
225.332317165,83.0283161073
225.561046768,83.1222194172
225.642816649,83.1810303697
225.71290874,83.2985040271
225.689456682,83.6027890151
225.613588411,84.6787301587
225.603171307,86.9939921268
225.789572315,88.7465700691
226.069631524,91.5517403519
226.28212869,93.7232450081
226.423008002,95.7279617111
227.16628024,99.8932007037
228.074176517,102.982219717
229.715950739,107.159862358
230.74395401,109.209314617
231.388006671,110.98693588
232.107895336,112.901925403
232.433961479,114.004518487
232.84457998,114.964832424
233.200036079,115.301032769
233.610731833,115.655289935
234.15637809,116.157339243
234.455803766,116.46235344
234.643204321,116.594088865
234.71915109,116.587704421
234.831138732,116.586907501
235.035374362,116.558094161
235.184311322,116.502849257
235.280258768,116.467589123
235.339776487,116.415926732
235.408692892,116.345951422
235.656264882,115.9529382
235.814015319,115.630599572
235.899603452,115.507252126
236.157129883,115.153349151
236.515784908,114.915962144
237.27717183,114.503346912
237.97641505,114.160048011
238.762354745,113.895657213
240.024518627,113.599702168
240.862527796,113.432910848
242.260422093,113.165602604
243.336342063,112.925625705
244.681271893,112.760678399
247.036106699,112.454216872
248.605931923,112.076346596
250.949466238,111.672139268
252.595217763,111.638619588
254.165555887,111.604796119
256.380845154,111.518391436
257.847169014,111.30341359
260.134663966,111.171717911
261.742059109,111.102484483
263.335348663,111.08033987
265.747607817,111.107697557
267.293921033,111.181246486
269.442592575,111.301425996
270.746186744,111.130040905
272.086117197,111.179216369
274.347702986,111.572387262
275.941339091,111.975767444
278.158993561,112.679700193
279.549514469,113.042712072
280.973631998,113.402738759
283.037789573,114.059731845
284.224925457,114.38752427
285.325142918,114.810911803
287.261395023,115.327119085
289.025657372,115.565918579
291.987622462,115.982094584
293.897365134,116.235531094
295.848908229,116.262517827
298.977715825,116.114927522
301.1493429,115.972692757
304.228663133,115.616005153
305.914588882,115.547758521
307.170953558,115.468357983
308.451513248,115.158634212
308.946886844,114.956318423
309.448410705,114.747147775
309.54530312,114.623765635
309.662003824,114.485752046
309.851559151,114.246120461
309.878333836,113.89894187
309.736032522,113.494230418
309.394996483,113.259417547
308.780827905,113.004094209
307.464252951,112.720924164
306.30278437,112.496752831
304.287886106,112.041864728
302.966478576,111.671673263
301.598616919,111.365246525
299.339788029,110.916083032
297.5681249,110.512144485
294.762635655,109.858793971
292.848627247,109.507869584
291.008839227,109.061440619
287.833405999,108.179355066
285.562457107,107.78546877
283.391844469,107.445812068
280.129849711,107.012883325
277.87269358,106.817834449
274.317752515,106.589479543
271.847649136,106.492263309
269.348599426,106.594439857
265.572474155,106.870789398
262.970544244,107.018713823
259.111570705,107.635258419
256.562027897,108.04804624
254.021800066,108.528497572
250.309874915,109.435880443
247.952266018,110.294247483
244.463856869,111.963768189
242.085674669,113.142336266
239.780755381,114.284800815
236.568308868,115.86016735
234.667049578,116.733481986
232.159570637,118.116933349
230.610227458,119.049090659
228.939659394,119.759194086
226.332314658,120.715254876
224.44196475,121.044180065
221.724507663,121.093328571
220.017828919,121.376923829
218.454966976,121.925314191
216.295331421,122.905838345
214.854956746,123.558538229
212.714932458,124.422478484
211.239892352,124.827941137
209.646243579,125.01244853
207.330823029,125.50682783
205.643842747,125.69981954
203.277604732,125.769719539
201.825206049,125.827142266
200.465097341,125.906131633
198.377067143,125.924568111
196.864097628,125.958265072
195.396325061,126.030410519
193.367865429,126.087432636
192.143739532,126.007882057
190.295280758,125.720071636
189.007915099,125.276883382
187.541721982,124.651607903
185.219939843,123.577188222
183.578871293,122.719692286
181.042858102,121.503618702
179.382993648,120.726307588
177.736355005,119.922715185
175.801589909,118.533170645
174.521225841,117.52614514
172.363078316,116.279186228
170.612803208,115.475841548
168.886309109,114.564825453
166.200084363,113.10696034
164.519367569,111.9121353
162.316981824,110.142371342
161.105347472,108.921404536
160.252420598,108.11103624
159.358779398,107.263493159
158.863329112,106.720529616
157.854319873,105.753884267
156.927271309,105.12981902
155.355824131,104.569262092
151.774332888,104.037412327
149.113571553,103.89091289
146.487134939,103.59067404
142.535625641,103.127597173
140.116337436,103.036041199
137.153777475,102.559077096
135.631329339,102.127418084
133.863617924,101.678801686
132.895323772,101.526682882
131.945411501,101.443401723
130.551670738,101.209311988
129.704796519,100.851807
128.983067351,100.600827046
128.228098011,100.404074218
127.828794695,100.320166257
127.438786728,100.287910101
127.059887736,100.231524436
126.587338512,100.158991355
125.712541718,100.185847646
124.977180599,100.163569987
123.925628214,100.113801249
123.372913738,99.9075095856
123.098771172,99.7658266984
122.810088505,99.6253302286
122.671201695,99.4901091946
122.493924915,99.4420032804
121.953314674,99.0640275269
121.725682686,98.9799371528
121.052519485,98.6410459708
120.571703188,98.4992058877
119.863634716,98.1671668441
119.628929645,97.9146836857
119.628166733,97.8008121289
119.578816574,97.560582758
119.414488704,97.0189738267
119.339454173,96.5648138865
119.365764129,96.391175767
119.694709162,96.247086168
121.303582073,96.9390225842
122.560461231,97.4043562568
123.419319678,97.6333523494
124.083479429,97.8143654798
124.145965916,97.9304717936
124.250545539,98.0563127267
124.464982761,98.1635454056
125.010456719,98.3583899252
125.901743797,98.420017253
126.538551498,98.3303780938
127.765218635,98.0413846988
128.62587195,97.4949489651
129.607996116,96.3846986679
131.042369598,94.1491422265
131.894699018,92.2949195988
132.949370408,90.0529145251
133.490579241,89.003403955
133.918401722,88.0988970401
134.847645454,86.780288728
135.601008414,86.0111584429
136.771779503,84.7986231222
137.48353475,84.0311564248
138.143443242,83.4245341249
138.913370008,82.7642644113
139.399530298,82.4251616308
140.469140115,81.7883335887
141.283889386,81.370363993
142.255933646,81.0381525577
143.603686514,80.5995097974
144.502552394,80.3458737963
145.763707508,79.9608504825
146.683716455,79.653666156
147.647970049,79.2666069233
149.200740066,78.8850944443
150.38630828,78.6552773273
152.240242648,78.1425392605
153.534465328,77.8067611241
154.853989147,77.4348893137
156.895721267,76.9185349245
158.325089526,76.599841808
160.335449378,76.1463133278
161.686527134,75.7675603902
163.038677459,75.3392138922
165.103843051,74.6919239824
166.480263054,74.1930019956
167.769608222,73.7218865025
169.824675753,73.0161287412
171.271900635,72.6317274032
173.741390242,72.5586008219
175.495576762,72.4873894416
177.205200132,72.2500721297
179.351293295,71.7217145808
180.639910642,71.0645065722
182.328955449,69.7308016909
183.225294318,68.6372146063
184.030761656,67.5084430445
185.233642828,65.5917705718
185.990734068,64.315599714
187.068883596,62.5339887854
187.845710227,61.3647123251
188.671081323,60.2412951283
189.828413296,58.8365062753
190.459318454,58.3839791283
191.76857713,58.0896812888
192.544593128,57.8931318714
193.163060081,57.5623941349
193.664561356,56.9265166428
193.893488274,56.5000528067
194.099445537,55.9634507547
194.218458119,55.5855824134
194.358901649,55.1404465247
194.322496995,54.6818185371
194.136730134,54.4192751082
193.532428626,54.2818650362
193.038491942,54.2248381914
192.510938291,54.2254382743
191.673276388,54.2741261265
191.091880457,54.291393797
190.428992523,54.4110392504
189.232071309,54.4202417432
188.396093212,54.3739620585
186.956951119,54.385880673
185.87319917,54.3229978111
184.533929152,54.1909292091
182.410945562,53.8771785477
181.088970763,53.7280095476
179.510285131,53.6635161288
178.64294872,53.7368585308
177.911874685,53.8100987569
176.77342676,53.8842269569
175.853940552,53.8877151211
174.445245351,53.8678228132
173.413375187,53.8235505002
172.336264127,53.7377272605
170.789862795,53.5250077678
169.710218933,53.3423778948
168.200042891,53.1666011333
167.282298275,53.1851094971
166.447695772,53.2284970501
165.26648204,53.2814054111
164.436271867,53.3771180147
163.152207016,53.4384833927
162.321495168,53.4479195481
161.586078319,53.4773800451
160.514646207,53.468196655
159.889826317,53.4282649909
158.934774576,53.4451302975
158.123097781,53.3775647835
157.092430254,53.2477721447
155.387833207,52.9953326287
154.307812639,52.8785898414
152.867599405,52.8339230727
152.007215506,52.8279180233
151.180201779,52.7976745595
150.000822122,52.6866328468
149.29687488,52.5782744412
148.784265767,52.489339229
148.241834178,52.4266268262
147.936017215,52.4361925028
147.455317405,52.4307271224
147.171864834,52.4007642898
146.927188816,52.3739514081
146.736903116,52.3270927138
146.724308081,52.3316333397
147.119732203,52.3281098843
147.666519708,52.301630096
148.222421397,52.2623777435
149.302162504,52.2874840248
150.146529049,52.2962390747
151.531154396,52.2889566702
152.547827289,52.2883667088
153.593016568,52.2456921371
155.293840696,52.3103506764
156.483336032,52.3125610375
158.353481876,52.3129970403
159.67552064,52.3200155228
161.040313531,52.3845566609
163.163873143,52.475263556
164.586573627,52.5575374159
166.569188554,52.6961837449
167.898883081,52.7831073484
169.126695163,52.8352429335
171.060150425,52.9505439363
172.308183068,53.0437634673
174.389891042,53.1836323863
175.789993189,53.2357258626
177.253628649,53.326774532
179.522401396,53.4333098302
181.037114905,53.4896913825
182.476258649,53.5267911138
184.559168778,53.6570205351
185.879631361,53.692907498
187.891819355,53.7910337669
189.239087923,53.9248111163
190.612903805,54.0351068432
192.640031439,54.2065169636
194.014555643,54.2924769508
196.006079821,54.4040477788
197.217923009,54.4241359572
198.570227113,54.3588770001
200.78483374,54.2814449143
202.417974901,54.2433731247
205.016303498,54.3203205493
206.694370902,54.4422365632
208.338316783,54.5985462394
210.586252601,54.8334586325
212.086326304,55.0070501778
214.250752433,55.2573908278
215.765257499,55.4824228077
217.356400651,55.7493237001
219.980630841,56.2370011088
221.800374532,56.6125079103
224.64496251,57.0786773048
226.505091925,57.4169131693
228.417237483,57.7299850287
231.182368998,58.1244929086
233.127162009,58.4328464893
236.405718939,59.1407529241
238.699061809,59.7579462956
240.900193768,60.3865612295
244.060531914,61.1256608998
245.890347812,61.6246789897
247.436486151,62.0438934531
249.598010677,62.503426278
250.869434205,62.7611855407
252.846526129,63.0265541329
254.042942695,63.2320122076
255.241622058,63.4594708538
257.000703535,63.7345458529
258.226075937,63.8993800488
259.923573344,64.1815234399
260.981418244,64.4298768987
261.990117817,64.6441445179
263.200977821,64.9325850561
263.876437112,65.0514277647
264.827895267,65.0434941237
265.413565577,65.017291753
265.893000408,64.9947927463
266.525116972,64.925536674
266.834551163,64.8936416281
267.238673082,64.8022545364
267.493173903,64.8069579329
267.684450187,64.8288288626
267.99792392,64.8576437702
268.200987201,64.7939853552
268.676341074,64.6424321151
269.186465399,64.5061768718
269.965593931,64.4013956612
271.297744679,64.2635755482
272.057681396,64.3476429163
273.038341031,64.5388775943
273.489446124,64.6785481187
273.814829479,64.8778034364
273.776567729,65.2265645059
273.735901412,65.3452286278
273.430000004,65.6624526151
272.959020621,65.9661057742
272.368999349,66.2271228104
271.269630541,66.5747192918
270.364572113,66.7279974313
269.33678811,66.7673879757
267.671739827,66.7150256535
266.508860949,66.6558441475
264.733161242,66.4887393905
263.551840031,66.394047559
262.393067014,66.3829039254
260.930781803,66.3493188119
260.060044948,66.4119762886
258.834888147,66.5670860862
258.137324561,66.7139269212
257.362177069,66.814878809
256.159002576,66.9329196609
255.213804174,66.9931576255
253.607897547,67.1057222908
252.562269018,67.1703077186
251.559577136,67.2285262832
250.015125483,67.3170561412
249.013242486,67.4016536737
247.447698136,67.4914521712
246.438031061,67.5059468956
245.45897014,67.5674740723
243.975801273,67.6813228585
242.968664643,67.6971414886
241.444593731,67.681182234
240.376873261,67.6447721611
239.285388011,67.6218387114
237.492605449,67.6571059784
236.227035958,67.7202630861
234.435485555,67.7339271558
233.428828019,67.7046130517
232.52677575,67.6109756599
231.241752221,67.4655285705
230.444961268,67.2715036618
229.59390366,67.1388310337
228.4170923,67.0579346237
227.692145362,67.0303616392
226.732873174,67.0726258566
226.091729926,67.1132469631
225.48067891,67.1203885342
224.537151638,67.1750547507
223.920227504,67.2266302665
222.922205835,67.2652751491
222.276132114,67.2394037204
221.646147964,67.1771510928
220.708314035,67.2316808765
220.061205507,67.2415872319
219.071558805,67.2316734634
218.477570379,67.15765519
217.926199165,67.0251898966
217.090550327,66.8831846699
216.60941268,66.7791835676
215.891308795,66.6100273105
215.3911526,66.5304564644
214.843352884,66.5234956642
214.051817032,66.4923239773
213.588702859,66.5095438741
212.93860524,66.5257508394
212.531813022,66.5235995784
212.124244894,66.5481809041
211.569322126,66.4989007248
211.267100189,66.4714682377
210.636508992,66.5370877731
210.21471581,66.5652930792
209.802543016,66.6007274515
209.212142538,66.5852909009
208.848255464,66.6193847755
208.291040885,66.6648234119
207.895389989,66.6720889055
207.483397252,66.618556926
206.806629892,66.5836279634
206.354573753,66.5454263712
205.802319464,66.5166452206
204.962197641,66.508888669
204.441147356,66.4608690013
203.646251481,66.4431951249
203.182845293,66.3872733157
202.734288338,66.3524874706
202.150138415,66.2478057816
201.857390623,66.1886154019
201.441094492,66.1683358183
201.142489713,66.164786234
200.757534357,66.1782178346
200.131812121,66.1710269672
199.727977334,66.1795008856
199.143440318,66.201948225
198.77064301,66.1896066155
198.487718475,66.1835677975
197.971818775,66.1888458012
197.681620462,66.1873327342
197.343992319,66.185850475
197.049830666,66.2062434461
196.641722071,66.2877564835
195.731393892,66.6559563451
194.926975122,67.2569207336
193.590894575,68.348014438
192.536390127,69.2303693479
191.369765214,70.3326583077
189.395999857,72.2673692153
188.064855971,73.5606143938
186.269305743,75.5680631721
185.092793016,76.7517509586
184.038348749,77.7618213979
182.746761431,79.1405712162
182.040391028,80.0634034203
181.580553669,80.8458712757
181.095507644,81.8745025053
180.893266378,82.5130129237
180.660529528,83.1369727752
180.52803105,83.6322265842
180.431316541,84.1549079748
180.383673612,84.9727666169
180.275232499,85.3040474564
180.216642747,85.2556312186
180.191904046,85.3918942217
180.347125149,85.7265657157
180.857487332,86.3301031753
181.386151685,86.4850363351
182.342004443,87.1782376008
183.040812884,87.8906461183
183.7982125,88.6355158482
184.869177511,89.684291984
185.614562604,90.5876442523
186.605598465,91.823399154
187.271459402,92.797301657
187.913088009,93.6189680439
189.112809567,95.0191425356
190.07407241,96.0241735866
191.927089737,97.6783181402
193.451343685,98.7214482817
195.000406962,99.9567316034
197.133176482,101.530302177
198.437107202,102.42988113
200.191619617,103.734059438
201.335402165,104.40930002
202.49762366,105.158673493
204.368147621,105.829110471
205.713167498,106.029903232
207.506783306,106.394606378
208.492615991,106.423591588
209.328519028,106.224294473
210.646371653,105.86809341
211.611067923,105.657434518
212.597954039,105.253365727
214.157340112,104.666233307
215.241010967,104.330298719
216.814689186,103.860980776
217.971404582,103.500353128
219.115304474,103.246082673
220.867197953,102.845562908
222.097538786,102.485025204
224.055003085,102.02720895
225.344142221,101.872073997
226.42993578,101.570597018
227.839843627,101.1121532
228.696205806,100.830486464
229.927008359,100.453472483
230.73385973,100.188440462
231.465230063,100.044857566
232.448742572,99.9326706144
233.072590568,99.8435528814
233.966240686,99.7559204745
234.496350052,99.7952909694
235.007259852,99.7962862162
235.753130219,99.6350575747
236.195085713,99.4687947102
236.93357375,99.1528437482
237.546774926,98.9860076394
238.230715623,98.8406474615
239.062881898,98.5597649219
239.50779897,98.3834894949
239.87108003,98.1763424526
240.463014525,97.9591792937
240.914394455,97.7960824072
241.561667408,97.4697274517
241.886582696,97.195337197
242.13882221,96.9175298621
242.48224822,96.4741602629
242.750313869,96.1534164526
243.305579979,95.7431076889
243.656085859,95.5513000911
244.014225133,95.4495374457
244.286790928,95.2064476462
244.290114452,94.8684497537
244.114182879,94.0405125208
243.928782383,93.4248582038
243.717946042,92.7111449608
243.352952395,91.6133190838
243.14778744,90.9220245848
242.790533946,89.9827786485
242.507229434,89.9226356409
242.134465005,90.0891500023
241.524011758,90.1325663695
241.164190627,90.0500926499
240.726941566,89.8124674195
240.346080913,89.6258648918
239.939109725,89.3688348131
239.332091329,88.9229916651
238.852558983,88.5816660111
238.030853285,88.1886805854
237.436589762,87.9357517686
236.825701927,87.680255945
236.090793387,87.45593191
235.620787009,87.427690162
234.746691387,87.6017373894
234.069039139,87.7574706975
233.374128024,87.9070287637
232.437327217,88.1050320798
231.845992146,88.2099812467
231.21419084,88.2864003029
230.387405028,88.2640647686
229.791364439,88.1765534697
228.962237302,87.9646728958
228.457651418,87.787235369
227.940612971,87.6912536816
227.208789616,87.5122688331
226.72996701,87.4100447687
226.129824635,87.4950467398
225.783600674,87.5940319097
225.533750601,87.7199907737
225.191658903,87.7883332273
225.050501447,87.7802664587
224.811193037,87.8157582531
224.70380512,87.883448661
224.567496582,87.9291179011
224.257818106,87.9297507806
223.955934154,87.9053920652
223.368367963,87.7824904989
222.985159687,87.6719881769
222.587995323,87.5757745922
222.181274045,87.5114601945
221.911441969,87.4399829884
221.562257546,87.4248013948
221.445207205,87.4335991055
221.335115756,87.4176178006
221.178225423,87.368982677
221.05394435,87.4027885258
220.873225247,87.5714892017
220.794328253,87.628195909
220.706734979,87.6592382083
220.648545752,87.6924979576
220.619591297,87.7391428383
220.61717325,87.8751835999
220.608989429,87.9722232299
220.580915004,88.1001371044
220.562894712,88.3149928785
220.613622468,88.4710203486
220.697815373,88.6340538169
220.776216483,88.783620106
220.80437392,88.8212421792
220.856068551,88.8268291111
220.914968512,88.7999906336
220.964918423,88.748108609
221.016358426,88.6770649306
221.028122405,88.6622152284
221.044173263,88.6703680291
221.039789549,88.6935481153
221.039425293,88.71418355
221.035545751,88.675369616
221.030727216,88.6381772286
221.036576128,88.5893320462
221.038188685,88.5552214881
221.033431297,88.4789769342
221.052270881,88.3632020028
221.059749257,88.3170363845
221.060756721,88.2578747237
221.062174069,88.2170772489
221.060214663,88.1887453106
221.071547582,88.1609417423
221.084865467,88.148277291
221.095722473,88.098871914
221.100610445,88.0579789801
221.110805654,88.0284332902
221.113622977,87.9862766755
221.125279882,87.9750305977
221.128384127,87.9931395915
221.135871908,88.0532686818
221.142119304,88.1098971964
221.14758879,88.1433027506
221.163506824,88.1823798543
221.17328469,88.2362086898
221.185107888,88.3027773747
221.193069802,88.3272209828
221.186587173,88.4019735535
221.177380622,88.4578157329
221.175171262,88.5069288032
221.159021812,88.6121536956
221.133452309,88.7206500224
221.010298847,88.9493284621
220.849102473,89.0906383659
220.625232151,89.1391748395
220.200798717,89.211287067
219.989598733,89.2986722031
219.815886509,89.4602850954
219.645525929,89.569692897
219.177509169,89.6400455731
217.931175146,89.7846915979
216.566039732,90.1018173994
213.717640823,90.65311888
211.53816336,90.9907101687
209.291621779,91.2195126592
205.991405011,91.5405597127
203.689029784,91.8320599023
200.164335744,92.1799813977
197.723606324,92.4681641727
195.286691603,92.8515417935
191.658320377,93.4744961616
189.297916823,93.8825048483
185.917885023,94.4476482871
183.854810186,94.7045572161
182.059006913,94.8169204489
179.672662336,94.819727334
178.195468247,94.5556901345
176.663100701,94.3875407291
174.234740728,94.339957143
172.448209046,94.4493379347
169.778243186,94.4081860118
167.99127927,94.2458936514
166.296377227,93.9818645698
163.866253811,93.7159069862
162.34916811,93.6594583432
160.195087831,93.6046254066
158.088578153,93.4000758582
157.491961389,93.3893007309
155.620990209,93.3502492651
154.47113841,93.1848175369
152.938819694,92.9109938491
152.037349998,92.6587690299
151.234765384,92.3657470747
150.195095651,92.0429450343
149.601054204,91.8092849454
148.929076303,91.3613552908
148.631307318,91.0853862023
148.49434988,90.9692621495
148.488910351,90.9209255569
148.577743912,90.7125693288
149.025238632,90.2289832863
149.389557729,89.9253358421
149.622394702,89.4006471681
149.748441144,88.7647811299
149.72419715,88.6463461819
149.636115319,88.4563412543
149.507808151,88.3456929295
149.269627857,88.3111913928
148.591477914,88.4243642146
148.029711703,88.4730762339
147.093366476,88.5062727756
146.457082156,88.4437776531
145.780292162,88.3414227848
144.746457399,88.1571436242
144.107155701,88.0617163871
143.411931229,88.0447267371
142.308693238,88.036541699
141.564365543,87.9538947751
140.353471806,87.9177088707
139.542418051,87.9288169993
138.727368855,87.9746894346
137.578428976,87.9909372635
136.844274586,88.0071076574
135.920186762,88.0189307213
135.43542341,88.0381365253
135.076075512,88.1151487172
134.895109016,88.1331225096
134.896707545,88.1049711895
135.065112855,88.0775390785
135.498149191,88.0909773666
135.977697783,88.0205732091
136.771817922,87.8632666073
137.268130506,87.7661093854
137.76210652,87.6405607629
137.935402683,87.4763322004
138.051334061,87.3518004067
138.234047158,87.2553157419
138.471323081,87.1924813722
138.914521861,87.0495755436
139.421824799,86.8857717532
140.077801307,86.720573626
140.935438324,86.6234547634
141.247512749,86.5454587581
141.387580575,86.3854902837
141.484872934,86.2908838723
141.66199954,86.1880864234
142.129010222,86.076159993
142.68198821,85.9764090221
143.145854817,85.8565452935
143.790648889,85.731309018
144.211345777,85.7273326301
144.910185895,85.6231414926
145.472929546,85.5231893312
146.041326389,85.4459902446
146.891677717,85.31222557
147.380123666,85.2126317487
148.009767462,84.918398463
148.461176264,84.6228171392
148.979011742,84.2258945114
149.972425828,83.3946942342
150.669595163,82.7749018138
151.663963407,82.0057718887
152.298013511,81.5527818921
152.87632234,81.1013557832
153.667704172,80.4496353628
154.176395164,80.1149185894
155.013397899,79.8240710299
155.713785391,79.7068626523
156.487883539,79.7289809875
157.778408535,79.7763671369
158.640633048,79.7927836263
159.826110038,79.8569469621
160.542835741,79.9186300159
161.218781191,79.9887719699
162.141293728,80.0850069357
162.759564855,80.1561446032
163.441336768,80.2360316401
164.452713697,80.4540414519
165.06504333,80.5932322819
166.072732593,80.8260993821
166.725071746,80.9630233511
167.7725617,81.1280297838
168.486476478,81.186820341
169.16459157,81.1492058062
170.08767072,80.997276719
170.646698077,80.9538820258
171.142890484,80.9226638424
171.774896239,80.8228598529
172.20816286,80.7803481223
172.827924361,80.9069549983
173.205120923,80.9646145279
173.572029851,80.9369069225
174.133533038,80.9289603238
174.456864554,80.9445867834
175.024129695,80.9433248609
175.381827533,80.957960915
175.708106058,80.9823173362
176.104887173,81.104237317
176.370422009,81.1693717972
176.843885005,81.4345099977
177.138817834,81.6651149396
177.382819675,81.9093664964
177.668297456,82.3892910669
177.839257366,82.9334221164
178.15936467,84.2500496522
178.439668029,85.4651130524
178.741339969,86.731084267
179.053517627,88.7748838446
179.235676918,89.9849952498
179.313158273,90.7621019127
179.389707218,91.6848331034
179.431086174,92.1910140331
179.404173754,92.6463107309
179.421899993,92.7225083717
179.388385841,92.9702488832
179.361633319,93.144040346
179.315603395,93.4853041711
179.264821786,94.2458483879
179.250010911,94.8804684178
179.214361879,95.5275946768
179.141256455,96.3074571148
179.00294168,96.8721691013
178.604767099,97.7827718415
178.127762814,98.388270792
177.418968449,98.9220706138
175.919372191,99.8323675453
174.631082397,100.364523973
172.620575299,100.888500336
171.381812802,101.205682226
170.163712014,101.528051124
168.564378277,101.924226058
167.684086363,102.026659756
166.41703497,102.002294036
165.690345161,101.905451647
164.951310123,101.840288875
163.807876511,101.578693287
162.983883082,101.405769817
161.737539233,101.131620118
160.946862151,101.014153821
160.235978253,100.93169228
159.251906271,100.732711932
158.639906373,100.535643393
157.70870969,100.29540979
157.174625758,100.136600564
156.691607599,99.9569138829
156.033495045,99.7632256894
155.5804847,99.6500355422
