184.341015247,93.2943404031
185.432675057,93.1180511958
185.331798394,92.9292195533
185.526665788,93.3197339004
185.95804159,94.4614368833
186.786514954,96.202602799
187.361674845,96.7109404214
187.985425963,96.9276544932
188.671490037,97.2278315012
189.148267128,97.4837824269
189.716666071,97.870317038
189.762934865,98.055072642
189.788451596,98.275216023
189.893799397,98.9021341607
189.92153913,99.1216770911
189.201526351,98.8224734883
187.923952619,99.099400279
186.502315585,99.4107136151
184.315981912,99.9772223388
182.828576356,99.953974518
180.410572994,100.144302775
179.09042587,100.395836819
178.361947668,100.693705141
177.771004075,101.171945073
177.507425453,101.372571567
177.16618904,101.415379214
176.981091135,101.694103103
176.91753061,101.872179839
176.405322822,101.977996679
176.024280809,102.386491804
175.885951925,102.943488739
176.008281721,103.116691048
176.116425489,103.277409156
176.381239976,103.237059926
176.779589505,102.945057968
177.355666225,101.774226683
177.697919332,100.38345734
178.006077916,99.0447517554
178.916737161,96.8897610407
179.366562987,95.7044514913
179.672747003,94.3777672199
180.074184275,92.8796656327
180.292439264,92.0660209857
180.374171509,91.2500707711
180.43093969,90.9120958156
180.477787469,90.6333968812
180.534394954,90.0775295975
180.602147396,89.5744958238
180.6636644,88.5952990313
180.561877336,88.1303507046
180.360969001,87.8942260591
180.026533665,88.0323068511
179.575681225,88.0549176815
179.233072465,86.6640108034
179.226748292,86.1845429945
179.161089531,85.4161105198
179.257254849,84.3768411218
179.286451753,83.9481904824
179.350831033,82.6924384427
179.194291325,81.4572411424
178.675413203,80.0772266475
177.969332516,78.6966314416
177.323451684,78.0099902146
176.061633801,76.6706775154
175.655196322,75.8277862412
175.195427825,74.5703796547
175.045838008,73.1015707721
175.028164238,71.9178423526
174.423440748,69.822060849
174.043326162,68.7901196705
173.453488368,67.6880896064
172.392911263,66.80491726
171.394680675,65.8876384663
170.1085902,65.4134453714
169.212061571,65.0735011428
168.529871489,64.6204093951
167.959105548,64.142442543
167.769056246,63.718013582
167.723986773,63.5318029009
167.659525251,63.0546553244
167.719509317,62.926227136
167.609261547,62.941731533
167.490838358,62.9706349341
167.427761087,63.0714496051
167.540530998,63.1928000508
167.7038922,63.2644355888
167.948913588,63.3220181974
168.125871489,63.3804890588
168.263662337,63.4878510849
168.267243072,63.648820325
168.267231897,63.7839521201
168.270826819,64.1122442188
168.284206246,64.308564837
168.366849816,64.5688825047
168.469493893,64.9604229613
168.444672678,65.1417587574
168.380229614,65.3954194896
168.329234923,65.643303108
168.207567316,65.8370200136
167.985254416,66.1316330732
168.094856342,66.5108139096
168.82181813,67.0234700673
169.633452284,67.1363288339
170.832876111,67.1502425641
173.528074265,66.8092305356
175.855575844,66.9396570512
178.257286336,67.5486917928
180.821977148,68.4755279741
182.167403564,69.2294602472
183.097549368,70.0436961772
184.001118117,71.1464434261
184.614535656,71.9284466709
185.596131461,72.7836610393
186.202578513,73.4630900272
187.48699792,74.8841063813
188.51134276,76.1665845777
189.6625235,77.7176491482
191.502587938,79.4313602586
192.673846978,80.6882934743
194.279982752,82.9487822578
195.101549124,83.9248711988
195.905020888,84.9978009164
196.764819132,86.093710115
197.028266796,86.9923984383
197.166889586,89.1815776428
197.19216539,90.6353397126
197.350037599,91.8134438139
197.467674762,92.7590547301
197.492335169,93.257511776
197.742519909,94.2775665919
198.057331881,95.2225868607
198.458091768,96.2269568364
199.070211968,98.7103789431
199.638668457,101.064773043
201.266180836,104.069387653
202.848018261,105.932872867
204.593918927,107.624034929
207.38739815,109.612018731
209.085685937,111.074655622
211.546293789,112.936913724
213.140917833,113.80683475
214.780542102,114.409072333
217.355091029,115.233257521
219.335682765,115.502366543
221.620617328,115.802051068
225.90132323,116.222438259
229.088905232,116.454070843
234.129554557,116.828411324
237.902720984,117.309060891
241.545286524,117.959652407
246.91673963,118.741096368
250.452408448,119.094178339
255.187892707,119.81129629
257.586670443,120.374821925
259.711235353,120.634565296
262.201917327,121.059561351
263.632367725,121.239519523
265.884681152,121.517472171
267.374258261,121.673661218
268.704980206,121.847326758
270.369711739,122.414037219
271.023419423,123.129080337
270.520444962,125.014457869
269.444773801,126.310796375
268.020843782,127.419023288
265.92009492,128.036023488
263.976265035,128.675245987
260.557564754,129.611038724
258.466252618,129.998185566
256.792989924,130.448292061
255.243621147,131.38723099
254.587425373,132.585095879
254.475220958,135.047545978
254.801552314,136.605031666
255.431340226,138.041212474
256.740027005,140.051177918
257.657217223,140.932769341
258.462779899,142.277776437
258.760091606,143.058584476
258.925360636,143.713868024
258.794907669,144.927107836
258.496350402,145.925844509
258.620524851,146.837510401
259.180816005,148.378675604
259.796650985,149.26273467
260.258783526,150.183434016
260.080386534,150.754890697
259.42342941,151.221019027
258.119704656,151.933932154
257.385778659,152.27070014
255.845404087,152.600468189
255.040256054,152.625882891
254.037698922,152.484336609
253.324942383,152.072591458
253.394571884,151.796913283
254.548872422,151.434285882
255.483383725,151.518872228
256.730551281,151.805031987
258.701024689,152.376128536
260.161218579,152.707695453
262.205528802,153.01445715
263.895065857,153.222142964
265.596719745,153.430871325
268.865319317,154.156904573
271.144002157,155.078772831
273.765766933,155.981103512
277.457034995,157.115896822
279.594606257,157.611113379
281.654797088,157.928278505
282.059342502,157.893629464
281.148733361,157.650878447
279.720233793,157.340594191
278.26790756,156.978707368
276.029218451,156.63065855
274.14431015,156.387604924
271.482881633,156.035033609
268.326147521,155.431566264
263.175875232,154.213057267
259.808160187,152.983069635
254.670732197,150.985747169
251.447753859,149.723006966
247.441656124,147.617833087
244.740767317,146.200237873
240.397490781,143.896327713
237.392790626,142.326779641
234.390428173,140.735972525
229.95099357,138.482223625
227.075294965,137.078912435
222.768790506,134.669168648
219.974238125,133.032041365
217.183243467,131.388185094
213.685479773,129.003965499
211.291250971,127.42754417
207.705080861,125.461903869
205.291271027,124.35986912
202.707536981,123.668583125
199.382136099,122.793092555
196.957524864,122.427371017
193.368850987,121.789993757
191.037030549,121.31074689
188.656959421,120.728119416
185.161657703,119.851908784
183.040134165,119.312319925
180.253225106,118.715999064
178.700096388,118.309859095
177.359220079,117.85555012
175.831715265,117.179143266
175.200159941,116.588521069
174.308507858,115.968506996
173.839846359,115.699957162
173.460327305,115.50668925
173.08655546,115.436288336
173.128416018,115.491779865
173.209215153,115.548495675
173.789315185,115.822959347
174.419455316,116.105745197
175.254863496,116.376400828
175.854523574,116.599168625
176.44942792,116.794473493
177.30398028,117.031769028
177.885492921,117.192093695
179.316050059,117.624357756
180.409723789,118.052237972
181.635995909,118.670629762
183.559572253,120.015189259
184.866780553,121.005227432
187.105497998,122.690730376
189.184066715,124.153874658
192.321598789,126.365973762
199.341005383,130.958162121
205.270476259,134.568125933
216.298955063,140.124717203
224.694194854,143.67769705
234.127757988,146.864262996
250.295401199,150.42480712
262.079396288,151.85587229
280.469731163,152.516792053
291.588399324,152.016601943
301.38950373,150.993341999
312.626853122,149.446185813
318.071252615,148.324802626
322.122884356,147.173155515
326.637789793,145.303758181
328.689663936,144.056091228
331.077757216,141.979200298
332.610768481,140.540655431
334.138809595,138.98163621
336.513188349,135.424814285
337.974690306,132.252825996
339.802152761,126.928439359
340.695798094,123.412256451
341.913956273,119.698101151
342.906125154,113.777853517
343.350179522,110.919893665
344.012094078,108.381576389
344.164575245,107.016940684
344.112363201,106.265386383
343.794047681,105.14105333
343.70700762,104.693071028
343.736350071,104.265625047
343.643524648,103.974667897
343.424311169,103.489058925
343.118716046,102.948368598
343.021434189,102.341102915
342.83299438,101.098883253
342.71484752,100.216124553
342.640419412,99.5438674445
342.682048786,98.6029401468
342.770663772,98.2864989118
343.021679412,98.0710287222
343.294151508,97.9986168817
343.560657965,97.8593737155
343.923330525,97.7250687878
344.109477993,97.4427207197
344.317874733,96.7343776493
344.459660885,95.9397671759
344.493058203,95.1957368656
344.489002346,94.1464348874
344.568597181,93.4714180741
344.56291873,92.8741791661
344.522453004,92.0340010493
344.339214247,91.7186752429
343.884070169,91.2107553297
343.61347976,90.4051294874
343.547921692,89.315654576
343.784369097,87.9045737239
344.071231711,86.7895185323
344.380246779,84.9675395577
344.330407846,83.6092768725
344.323507625,82.216139122
343.941144068,80.4958333239
343.540800251,79.4468761609
342.790421652,78.198929809
342.638482319,77.2212914331
342.555301262,76.1801456565
341.427996318,74.1341919355
340.580833782,73.0503157023
339.286335041,71.1401889553
338.384107964,69.8333015379
337.248754304,68.1581558217
335.25864427,64.825795509
334.891295461,62.6513407958
334.641325817,59.8102601858
333.906499525,58.1246872788
332.946988127,56.5379531705
330.844754109,53.9821386906
329.344523029,52.5423055432
326.923618829,50.4643962359
325.582363752,49.1460333233
324.345991842,47.8256785184
322.858629775,46.2716678273
321.943131555,45.3145789204
320.408974108,44.2165132432
319.019390432,43.2989836698
317.67940941,42.4941503662
316.09065024,41.5363507016
315.247866911,40.9865463637
314.412542274,40.4752306752
313.506627522,39.8055839441
312.886477738,39.3521588581
312.281012377,39.0592041227
311.959332686,39.0377685621
311.937327785,39.0392780005
311.694801833,38.9716083466
311.663924877,38.943653439
311.745221721,38.9409424207
311.790151521,38.9086602224
311.774005569,38.8624012767
311.885390061,38.8285205784
311.966980301,38.8679127558
312.47160607,39.0766156684
312.783423844,39.1970050424
312.940291286,39.2555864501
313.028069372,39.322753038
312.922404267,39.3109714093
312.768698813,39.2263872119
312.717162082,39.1486779572
312.605312608,39.0995416018
312.441869233,39.0276728852
312.35487214,39.00367603
312.161883099,38.9553546851
311.951372815,38.8529877162
311.601682867,38.5872287492
310.663436139,37.9252399893
309.861005472,37.4359798532
308.55177412,36.6434997184
307.597353772,36.0752688435
306.418216846,35.4347701294
304.381974002,34.4323433415
302.757034127,33.7295646906
301.256000046,32.9215667849
298.866041705,31.9169876726
296.872560894,31.2779284849
293.691971775,30.5560956281
291.66196382,30.2211025245
289.51211789,29.9404835808
286.313012466,29.4255066858
283.257963548,29.1011752914
278.753596914,28.7977530675
275.502829847,28.7648562059
272.379522688,28.8229419469
267.704677845,29.2187612952
265.385491822,29.4478961467
263.269715363,29.5970698654
262.265456553,29.8288540687
261.326137658,30.0321659793
260.551147443,30.3419600537
260.030119221,30.4265429178
259.981220403,30.4793996369
259.909492737,30.5769237217
260.148999917,30.6375694428
261.215710887,30.6903885736
261.836022331,30.7150698977
262.631930782,30.6581032681
262.940646638,30.7034443755
262.939592501,30.7809781169
263.745132883,30.7442223301
264.384591185,30.4392245324
264.84728769,30.2240460333
265.035859869,30.1886072105
265.235047483,30.174635225
265.584068212,30.1269943779
265.897072117,30.131090322
266.601271785,30.1514426165
267.417075436,30.0559949233
269.220456503,29.8635288843
272.528220293,29.5905309359
275.452629912,29.5591039298
278.406070443,29.6509090152
283.692269259,30.0121730886
287.239560279,30.4399258614
292.66649864,31.155095305
296.789615064,31.5319277951
300.725763295,32.0582824803
304.989473047,32.8203710932
307.442373172,33.4479589067
310.412261684,34.259023505
311.965926299,34.9572126626
313.260832326,35.6924738286
314.878585258,36.6487576893
315.956636361,37.2385642129
317.466808874,37.9674209416
318.461857619,38.4436505225
319.757718694,39.0005944998
321.700842704,39.8787164596
323.029262401,40.7123434623
325.188437628,42.3798079583
326.579024623,43.6578578361
327.907207048,45.1305378661
330.032820435,47.7001090176
331.789466429,49.5756096973
334.624276776,52.9427510331
336.521026174,55.3770487387
338.127236267,57.7170847853
340.566995469,61.7515167391
341.7695302,64.7938256584
342.854164203,70.5214696063
342.969046227,74.3946692302
342.873582182,78.1028130797
342.750935418,82.9446155321
342.592469186,86.1330614247
342.587919318,88.9425643239
343.02623641,92.8528259652
343.270320436,94.7664103746
343.48113041,96.51380515
343.51753763,96.9556369305
343.217889179,97.5417451376
342.917353526,97.8016987627
342.827649708,97.9335563423
342.669879217,98.2619240382
342.547028431,98.2800380831
342.43658004,98.2266924807
342.462828895,97.9871632701
342.723550774,97.6878607176
343.644100759,96.8226120706
344.317431589,96.3282808076
344.827790082,95.8410567496
345.339837686,95.2266108755
345.509507516,95.0415038976
345.417703892,94.9948760737
345.263656386,94.9385357903
345.025766927,94.9331992236
344.548140749,95.0081522306
344.317764597,94.917455281
344.181916082,94.8172680996
344.194580741,94.572093257
344.335782789,94.3404327808
344.493475673,93.8575221888
344.56625426,93.4798516575
344.471849269,92.71474418
344.360418914,92.3862970692
344.259130341,92.0001107502
343.894520841,91.793011835
343.489678517,91.668588898
343.091114903,91.5924991983
342.447428856,91.3697728311
341.984638245,91.2108937036
341.049502984,91.1141603709
339.84260579,91.1353749551
337.816557603,91.2248673131
332.663725493,91.7354661818
328.162290425,92.0762943575
320.515185489,92.4811644649
315.131665335,92.4906366467
309.979821977,92.2002221593
303.355900924,91.6931820045
299.970888305,91.3672499846
296.40160253,91.2976237304
294.86698833,91.6494627068
293.987849025,92.1355272943
293.31729796,92.8788875237
292.822748739,93.0299677819
291.114361324,92.7669439058
289.142649405,92.5712655973
286.757263574,92.5598343399
282.936707536,92.6618783544
280.763941172,93.0461958923
279.242410594,93.4338907506
279.486858083,93.5768123412
280.037841319,94.0141666158
280.696310029,94.5669890333
280.541343739,95.0370420469
279.550626536,95.7474353994
276.713678994,97.1583928973
274.153463722,98.3613811945
269.476270998,100.631004724
266.085238715,102.232372608
260.853613882,104.564490924
257.436417459,106.056067098
254.564083567,107.138388462
251.482512911,108.353359974
250.181003035,108.867076711
249.319815342,109.316310806
248.194513743,109.825176074
247.311257739,110.06422487
245.938315283,110.404264986
245.006466244,110.455038018
244.220103889,110.493100231
243.379331544,110.340504884
242.963538027,110.204027282
242.69775879,109.909453733
242.773682968,109.528207717
243.040481347,108.985039135
243.898891883,107.947883264
244.854676915,106.973042286
246.8058674,105.394439349
248.423642,104.373671872
250.317368218,103.240819298
253.229258616,101.632648789
255.215812512,100.675642082
257.810664741,99.015711228
259.381808196,98.063674037
260.8503169,97.3343146908
263.063006232,96.5761519887
264.592496749,96.2474916783
266.245593338,95.8191485544
268.82410839,94.7780659125
270.54268328,93.5433943164
273.231953378,91.8258961068
275.045421574,90.7966750817
277.641942285,89.2444854981
279.159907482,88.1726453389
280.549938057,86.9124959371
282.512860961,84.846600369
283.76430783,83.4125944616
285.096330149,82.4273172377
287.276000862,81.1300221044
288.843366665,80.5737290542
291.394648617,79.9833210777
293.230423887,79.6774949141
295.214349009,79.4217269007
298.316540823,79.2532217748
300.593440696,79.182986029
304.216426394,78.7883912689
306.808880312,78.6066712511
309.429739285,78.1823666357
313.340237579,77.6171712636
315.869535881,77.0803330136
319.62751306,76.4396096922
321.794808629,76.1685353605
323.848403588,76.0828169555
326.632248124,76.0555683153
328.600247145,76.0798871172
331.984998447,76.3542692864
334.430064166,76.7389489733
336.799848911,77.2921558936
340.334815252,78.0541812733
342.384877468,78.4577992757
345.157776269,79.4120388445
346.563811509,79.4889002071
347.665970436,79.5938851239
349.226551071,79.3612905593
350.331950277,79.1738584089
351.548631399,78.9615958543
353.560970632,78.4735680386
355.152260024,78.1389427586
357.753038443,77.7415687839
359.362005886,77.4300779575
1.62251341903,76.8622363757
3.12788901162,76.739790458
4.74418239855,76.4732974637
7.6842928202,75.872534855
10.0200492291,75.3251460483
12.7518024978,74.9145978586
16.4506712388,74.6840327276
18.6799936572,74.8028589544
21.4607694584,75.3956434539
22.8426926698,75.6854469636
23.9145768349,75.929085161
25.1922312668,76.2888671274
25.9906725932,76.5241165036
27.4268452845,76.9420103795
28.7992091066,77.2272025645
30.3394246212,77.215163292
32.5853625103,77.0933649947
33.8417144762,76.8863926274
35.6406839517,76.8374765519
36.7240043159,76.7233292502
37.8817244244,76.4394660942
39.7226556042,75.9653619473
40.9438244516,75.5900464233
43.0963293648,75.3449365823
44.4523029006,75.2923946643
45.6449761396,75.431379908
47.1957938543,75.6228714792
48.2463546421,75.6999033475
49.7924227877,75.6680174483
50.7923084287,75.6808268095
51.8054837479,75.7110260686
53.3826786387,75.5813968769
54.4397736756,75.4742232304
56.0537047169,75.3634944106
57.1715010735,75.3386229018
58.3501122499,75.3209240531
60.2540192109,75.1453347135
61.7019318188,74.948205632
64.0157061777,74.7981959898
65.5660802873,74.6478675427
67.0905627022,74.5658418573
69.0612112077,74.6018749011
70.379342623,74.4778717468
71.7798572102,74.2847576277
73.9074672573,73.8375203145
75.0685867256,73.6727286601
76.6436976239,73.2458904841
77.5004878623,73.0237923011
78.2384161223,72.7841077152
78.9606172569,72.631909987
79.221100853,72.5993704106
79.4514514895,72.3699460503
79.5512263834,72.1044439145
79.6823094422,71.8180368802
79.919250265,71.2049221293
80.1660738305,70.7794907418
80.7024384964,70.1427562875
81.289919852,69.8031125234
81.9335493808,69.6161346319
83.1521572019,69.4165866158
84.1014017517,69.3479488035
85.4678699412,69.240555123
86.3642443056,69.2075133466
87.1860257479,69.1186223567
88.4707700754,69.0247788234
89.2520184131,68.8826091299
90.1941560236,68.8087333477
90.689770674,68.7565666743
91.1887977854,68.7829619183
91.843940414,68.8324332276
92.3112732901,68.8772079688
93.0684672181,68.8061840483
93.5439599625,68.7167233057
93.9326110897,68.5845857581
94.3610357145,68.4509518799
94.6313820394,68.4068275318
94.853080549,68.4368502022
95.3209441055,68.5675351998
95.8293819082,68.6330749735
96.7042596313,68.620674942
97.3761285475,68.6012768406
98.036938657,68.5869113279
98.8678646885,68.5485972706
99.3690030548,68.5670536762
99.7663768633,68.537482035
100.408949637,68.5258434592
100.829386851,68.5648725759
101.439030434,68.6414461887
101.875987121,68.7754896831
102.643268708,69.0046756418
103.219569227,68.9415658439
103.771344292,68.827673058
104.716657691,68.7616607717
105.268584243,68.7534982471
105.864931636,68.7565534822
105.946614908,68.7529046636
106.002844705,68.7528509103
106.07763541,68.7787718659
106.127141794,68.7611138161
106.366905264,68.6503257859
106.621757332,68.5788828139
106.807301295,68.5196438905
107.137900949,68.3835535457
107.312589201,68.286628765
107.527585593,68.0979641798
107.611248951,67.9933532213
107.763291514,67.8788012649
107.995883163,67.8084247048
108.215337877,67.7737188029
108.360605694,67.7417260841
108.544250895,67.6388783585
108.611421893,67.5846829223
108.699519933,67.5621904941
108.727045255,67.5534110584
108.796569912,67.5526102357
108.973874612,67.5588616129
109.136424442,67.5655151423
109.44281249,67.5909098624
109.602559599,67.5938460736
109.704526372,67.6114205335
109.779842809,67.6203032766
109.800759677,67.6429573448
109.841230699,67.671117279
109.8448263,67.6659781458
109.838477415,67.6660266839
109.811595311,67.6425882179
109.783871532,67.6016351504
109.712930608,67.5139176868
109.689188995,67.4726367246
109.675848522,67.4493853871
109.684981418,67.4244751065
109.69010146,67.4186244947
109.6849626,67.439088935
109.6871684,67.4572577795
109.685619975,67.4943343268
109.652802477,67.5072478257
109.614505604,67.5122362186
109.585781647,67.526748604
109.539789835,67.5547736489
109.487732348,67.5792980898
109.42900597,67.5894000357
109.394640823,67.5891509641
109.356341493,67.5986418784
109.342506629,67.6091038516
109.358998553,67.5920153336
109.362689985,67.5547248364
109.362961457,67.5320653649
109.37686794,67.5025352466
109.501874305,67.4198536613
109.586357114,67.3465044704
109.643248512,67.2405186173
109.601001173,67.1668509109
109.544652559,67.1184493947
109.451650262,67.1130974415
109.4152707,67.1510486988
109.322673852,67.2741547794
109.22837938,67.4480356922
109.140159551,67.7942995818
108.824622048,68.9901482363
108.674668765,70.0926669632
108.003457577,72.5905211077
107.366696036,74.8242658939
106.359844827,77.5370564499
104.213085706,81.4364264175
102.486582679,83.969962175
99.5799548105,87.9580108603
97.4713727548,90.57483974
95.2597435876,93.3257996193
91.8547685703,97.4545264522
89.6700965885,100.288010418
87.8382120209,102.575992404
86.1583511737,105.252271738
85.5965078992,106.983342698
85.4582121835,109.27088798
85.8608638861,110.293138322
86.4414276668,111.052711025
87.494955638,111.912091541
88.1670730518,112.418389017
89.0357674733,113.115456063
89.5154725118,113.508172114
90.0125433212,113.647944761
90.5525057759,113.5465643
90.7120457645,113.3774162
90.8145295765,112.820330374
90.6090314691,112.208747688
90.227624397,111.536262213
89.4403280009,110.364563535
88.7281087411,109.411527962
87.5682885383,107.785101182
86.7457267452,106.766015186
85.8941815624,105.732805481
84.376861588,104.320614618
83.190761487,103.55147426
81.4454169358,102.606549853
80.5201388353,102.110525652
79.6761061938,101.890478507
78.6270073026,101.549567558
78.2333717348,101.381958178
78.0390079988,101.309037371
78.0540586954,101.249586426
78.0566243804,101.198618455
77.9540130245,101.189489471
77.752029682,101.299633583
77.0941089529,101.777066435
76.5356404291,102.178586407
75.9272570351,102.518508767
74.7242680113,103.265799915
73.7152222883,103.959866492
72.5321727447,104.835236375
70.3543812892,106.525895888
68.5383865418,107.980340125
65.6360950515,110.439751872
63.5545704555,112.295110295
60.0091519255,114.232880638
57.208925827,114.809940949
54.3228992132,115.697380355
50.0465213948,116.90301427
47.1459602399,117.656034566
44.2941523192,118.497835117
40.1985337127,119.125578366
37.5862389031,119.421309874
34.0671808852,119.874305761
32.0018520587,120.153296142
30.2861374217,120.569381126
28.4158788397,121.163248035
27.5074349141,121.418587214
26.6423972146,121.438354334
26.132426335,121.296498619
25.553096612,121.163730951
24.3388378803,121.049524023
23.2528385573,120.941905805
21.3323834649,120.66293606
20.0868253322,120.406908756
18.9574644418,120.065470552
17.3496287204,119.492507939
16.2025129904,119.071173478
14.5250685399,117.796385028
13.5672874146,116.516854197
12.5301385214,115.009055446
10.6476107856,112.771329675
9.22125452352,111.707709177
7.04591571873,110.332816063
5.69041530911,109.519911945
4.4205437909,108.786066337
2.90927433215,108.001236446
2.11521351216,107.595098035
1.45127760913,107.597723977
1.19916466511,107.67130689
0.858176228507,107.244821443
0.0565194635147,106.617932724
359.395832376,106.160174903
358.574679089,105.760387979
357.178825733,105.130043577
356.159030155,104.761766179
354.68353298,104.218385095
353.794001397,103.952141493
353.00531705,103.702459287
351.969376436,103.52024691
351.422002517,103.445771105
350.610528202,103.286977791
350.076461804,103.093145528
349.612476158,102.877872419
349.054908121,102.638231287
348.699403434,102.473379775
348.312630351,102.221183608
348.19884917,102.115752535
348.034704983,102.041685473
347.598528312,101.847723092
347.315976937,101.375724835
347.114191105,101.169630403
346.960601805,101.102244555
346.647556863,100.931795978
345.930078181,100.822407937
345.446385517,100.851078099
344.632197431,101.060787843
344.117594372,101.064008232
343.6856045,101.063174292
342.974265143,101.014292919
342.574287364,100.91464772
341.981153999,100.752241582
341.645869024,100.676252142
341.29843373,100.654473235
340.691685505,100.55376873
340.202109299,100.46168683
339.640930543,100.326984907
338.644639432,100.266818511
337.8896595,100.259080642
336.898600851,100.327034265
336.397405312,100.416774653
336.031664206,100.527306297
335.584552842,100.596753585
335.289068623,100.511302707
334.919272409,100.401485737
334.573998729,100.226897944
334.169814423,99.9869088624
333.60634003,99.6811485452
333.250691232,99.4377580009
332.990629362,98.8627818067
332.924266205,98.407087266
332.927877625,97.9267658311
333.016048397,97.1420264669
333.182902835,96.7033748167
333.38890452,96.290447717
333.495542155,96.2016076654
333.580256564,96.1269347169
333.687738693,96.0395697186
333.709470711,95.9886585751
333.53487509,95.9511757572
333.283035955,95.9557793125
333.010403421,95.937127174
332.74822084,95.9100790798
332.609430767,95.8851385092
332.425280981,95.837166645
332.370109793,95.7633274903
332.407247072,95.6502507022
332.478425118,95.5946586665
332.520101439,95.5768271959
332.564660456,95.5893286712
332.583041869,95.6086865911
332.618757543,95.6379570233
332.818712133,95.7834401075
333.348245358,96.0827713091
333.961696415,96.4012225139
335.066992091,96.4560609382
335.795303182,96.4819827478
336.371307083,96.4697609806
337.121626917,96.485060679
337.424648793,96.4169778267
337.645312175,96.478457968
337.828712158,96.4528919211
338.537679723,96.4090793215
339.173697356,96.5746732389
339.950857476,96.7263234461
341.106839861,96.6280151112
341.851488923,96.5400513161
342.741718157,96.3271069515
343.258419129,96.1260399429
343.847222025,95.8916456934
344.952830829,95.6513532122
345.836099892,95.5744529486
347.007920228,95.1210707548
347.727642247,94.8811769756
348.320408868,94.7177550433
349.14592003,94.7440510647
349.668477271,94.8002977206
350.390017929,94.8532378042
350.801983271,94.9230665896
351.209298868,95.0500250508
351.840391857,95.2394909586
352.230545949,95.3393054537
352.672448014,95.4061928906
353.472950691,95.366262573
354.0492154,95.3259824834
354.87830116,95.2115028725
355.508215302,95.0915375587
356.119889848,94.9635028021
356.731927741,94.7112590407
356.84303239,94.4091074881
356.371776995,93.8326880566
355.517186174,93.4387790798
354.212377052,92.8912733963
352.01967699,92.207261162
350.779048568,91.7994004248
349.278433402,90.9859116901
348.843679635,90.4398610821
348.90045254,90.0725410307
349.48947023,89.7475326812
350.107843794,89.4829322739
350.967532092,88.7465537842
351.275758268,87.9324777399
351.421695853,87.2662931029
351.508589885,87.1103202114
351.68250525,86.9987511037
352.108182387,86.860861463
352.646064747,86.9073045515
353.203864514,87.1606956206
354.022294175,87.0983303521
354.664424488,86.8025766288
355.813474107,86.0610655343
356.668514802,85.3290857127
357.647788397,84.5351631616
359.338104396,83.3279171222
0.547107140322,82.3683695903
2.52591730067,80.8831193616
4.09991438567,79.6334078625
5.70535616051,78.2663094169
7.89135949692,76.1609575723
9.126262907,74.9231635763
10.9932465012,73.1682025498
12.1654663025,71.7243164778
13.2312816396,70.0715048519
14.8631176383,68.3706049748
15.7764792904,67.4003011355
16.6240448442,66.4319840754
18.0277001454,64.9087254828
19.2211896521,63.9526145838
21.0253630712,62.7806253977
22.2325099718,62.0448336903
23.5634791401,61.2806062085
25.7723697558,59.8870128946
27.4514416648,58.9622544177
30.3972312137,57.8152438889
32.5828656244,57.1195989087
34.8164811909,56.4970999697
37.9380944279,55.9053655321
39.6403657418,55.4956819026
42.1722366487,54.9504141231
43.9248802972,54.5263277159
45.5833625324,54.0287973493
47.9508875562,53.3860151529
49.3641260069,53.1764804735
50.5419789373,53.0445961389
51.8558307417,53.210327976
52.3552809876,53.1723223362
52.7495942647,53.3351561737
52.9421384002,53.3481286884
53.7435187056,53.3850047722
54.4384759153,53.3093248363
55.2010633391,53.4820830184
56.5292854132,53.8924899249
57.4218837285,54.1765427887
59.0056453373,54.4596438644
60.1472760472,54.784302235
61.4624820167,54.8185719623
63.0375496241,54.7528181788
63.714389847,54.8903742026
64.2730118961,55.0630683596
65.0223690976,55.1945910151
65.6752642884,55.1385386997
67.0968814011,54.8512138762
68.260890307,54.5605783041
69.4482570664,54.3801329171
71.3457160285,54.2137573881
72.4844355479,54.2864129095
73.8206946768,54.3606596521
74.7573429145,54.4081242327
75.7233892688,54.4654539939
77.3850804532,54.3544217119
78.5568837727,54.2812920896
80.3123126618,54.3581925917
81.4211813431,54.4243059157
82.2502976988,54.4465425188
83.3176102651,54.5150903814
83.9641589262,54.580357524
84.9909249596,54.7579772521
85.7831399456,54.8957130034
86.6052094109,55.0364906134
87.989898991,55.2432513418
88.9327525357,55.3132113254
90.3562111199,55.3673573457
91.2690997443,55.2802754246
92.2118284754,55.2495224957
93.572485445,55.2683055771
94.5548441942,55.2450983465
96.0413355637,55.2554930917
97.1578169685,55.2535279462
98.3507701884,55.2499687176
100.276751774,55.2240891221
101.656917455,55.1895478964
102.954920027,55.2130118425
104.747271002,55.2898074744
105.854861047,55.3231363747
107.441072643,55.2493879523
108.501898936,55.2752505464
109.556688844,55.3509383521
110.899630536,55.5130623696
111.805416108,55.6727589938
113.000831729,55.9119855627
113.7896074,56.0810855973
114.584652581,56.2236184185
115.70853,56.4070717223
116.495102168,56.5410274892
117.542834862,56.6286367123
118.208296867,56.6810086985
118.855311088,56.7371163972
119.871999281,56.8193304795
120.555986391,56.9182395789
121.677589118,57.0650184514
122.47253842,57.1240581441
123.257298064,57.2174993048
124.555131145,57.3666647058
125.379477637,57.540250629
126.772754746,58.1083669886
127.864960513,58.8519903031
129.164686528,60.1760561693
131.393412392,62.7572868524
132.879336218,64.8065707838
134.860504572,67.9535208713
135.972771611,69.6915690124
136.995767869,71.4413960781
138.435022494,73.6965674392
139.21473502,75.0484893973
140.384942744,76.7938389548
141.018280109,77.9493272501
141.538179451,78.9607984718
141.984941216,80.7162751391
142.177276464,81.9688374568
142.329126184,83.2902326375
142.563715346,84.9115322587
142.614463719,85.6423226566
142.452148615,86.6138825623
142.118970128,87.1873768812
141.605237493,87.5916313248
140.60235679,88.3109698901
139.775883421,88.8414191762
138.795830248,89.755690395
138.339762902,90.0861386059
137.895451529,90.4230363718
137.361590174,90.8419004565
137.179026746,90.9420001789
136.849190852,91.0910819066
136.6875149,91.067371402
136.411202311,90.8663205238
135.947576527,90.5751993074
135.688690689,90.671849263
135.349371166,90.9304585977
135.160796315,91.1092709162
135.025892192,91.2466065526
134.935279436,91.3687559601
134.878204449,91.3875052715
134.777893659,91.3492853169
134.749551772,91.2701341853
134.712665925,91.2120757379
134.626328684,91.146941834
134.596440038,91.1274170894
134.564502333,91.1506285878
134.561097286,91.1814226767
134.550506603,91.2046765392
134.507089453,91.2128924785
134.462598113,91.1891728489
134.387443036,91.1108355232
134.252487016,90.9650779552
134.16609179,90.9073831843
134.022330438,90.8448393333
133.911239674,90.8303416116
133.812597237,90.8269589252
133.672113029,90.8341330957
133.59119023,90.8311514901
133.568150032,90.8158449802
133.602151387,90.7878719215
133.674607385,90.7683197924
133.777213679,90.8146731618
133.83982183,90.8483801395
133.902433339,90.9406418564
133.901541128,90.978633898
133.879555447,91.0294503502
133.840805858,91.0932398022
133.785343451,91.1406174747
133.72803131,91.2476798456
133.677677182,91.3082571112
133.641510762,91.3643431672
133.612243626,91.4039365188
133.610411239,91.4107069539
133.596290657,91.4100491687
133.61399384,91.3928554887
133.648994616,91.3421819457
133.757709754,91.1132806388
133.871062706,90.9341513893
134.109273565,90.6232050978
134.458802294,90.3424069714
134.867649044,90.0729169939
135.607280028,89.5437096591
136.01582359,89.2736793939
136.445571805,88.7134572965
136.534622127,88.3455907864
136.518425232,87.9160371522
136.431617544,87.4563013373
136.450163918,86.8582995318
136.541300066,86.085689385
136.776474139,84.8159091434
137.036426426,83.8498920289
137.520596807,82.5873474133
137.692412241,81.8019563686
137.825488284,81.1530468741
138.053904293,80.2398927328
138.188895968,79.3400569652
138.341839976,77.4790880814
138.659358114,76.0076369942
139.224937317,74.3852778028
140.247712039,72.1653113873
140.881798215,70.7340009295
141.669588498,68.9818312404
142.144335687,67.8494498396
142.605469885,66.4218950517
143.304388045,64.0280743187
143.85320645,62.8449856843
144.823413562,61.1596766862
145.349457241,60.2005790975
145.997300974,59.4231156548
146.847312576,58.7821247462
147.343634072,58.3530942099
147.894807844,58.0833568084
148.209622371,58.0415034154
148.29367502,58.0797400969
148.352164142,58.1331618555
148.628989861,58.4076533477
149.245735524,58.8089441057
149.406721879,58.9485421768
149.551042565,59.0812455706
149.455514056,59.4167619928
149.158835014,59.8080477924
148.781308369,60.2283206614
148.134277897,60.8534082091
147.846164877,61.2714183125
147.505497664,62.0460172134
147.228495508,62.4496357221
147.089353522,62.7845831316
147.371709843,62.9400836091
147.568096007,63.2623140275
147.631764966,64.2506511437
147.402843881,65.2286736627
147.198186614,66.3722048164
147.197227103,67.7075048245
147.493115869,68.2023679478
148.041528889,69.0275770413
148.485853743,69.6065568978
148.862302358,70.2622869179
149.103018599,71.5494893301
149.098252648,72.5599608547
149.108051901,73.3956411403
148.547146355,75.1588748592
148.454485176,75.457253341
147.87965561,76.9455841956
147.508429453,77.8958891234
147.057770284,79.3797497799
147.022521301,80.4844125756
146.955768134,81.6089062857
147.130985051,82.9999635705
147.384430556,83.9375639353
148.079797781,84.9009361051
148.7341788,85.4380995742
149.487331125,85.9757917909
150.650961467,87.0519313764
151.44104224,87.9658498364
152.221971073,88.606361866
153.455309175,89.5391326384
154.278339994,89.9883806324
155.559050027,90.6512670223
156.518826594,91.0713662026
157.526006853,91.519315713
159.128412027,92.2224846098
160.159324451,92.7143623588
161.724167297,93.3109873126
162.682767422,94.2481846679
163.564408073,95.2904548574
164.61033939,97.4135830446
165.134636362,98.9473447422
165.801695702,100.808147032
166.239960279,101.796244622
166.480491127,102.690163088
166.724037625,103.571731598
166.996814299,103.943018496
167.362115243,104.355634718
167.706092431,104.320469853
168.221844957,104.295817832
168.963670859,104.353976608
169.478210106,104.395280532
170.270314775,103.967728302
170.820983065,103.633489996
171.241306456,103.055053562
171.804187484,102.063699567
171.951620281,101.488975819
171.945278301,100.863681527
171.87925806,100.039912196
171.796157961,99.569989117
171.526636613,98.9061573792
171.384078804,98.4676392547
171.196474049,98.0106225216
170.951892322,97.43655342
170.805797087,97.0993682442
170.93042828,96.7123292146
171.23798916,96.59848704
171.668047426,96.5519310266
172.616873278,96.6925845056
173.534663713,96.8701700042
175.517680376,97.1685606773
177.10649964,97.4524382162
179.097798178,97.5658881277
182.623416358,97.6921920313
185.374788555,97.6290073395
190.472541456,97.1267229622
194.026476361,96.9616628684
197.557509183,96.8092603813
202.093137763,96.3391275929
204.556255329,96.0734501994
207.206614931,95.7044654043
208.668342145,95.5547235877
210.044000664,95.4825837216
211.692344378,95.2708538416
212.853172308,95.1260365774
214.813414233,95.1072064775
216.235790913,95.07818353
217.631138575,95.0885476549
219.611961606,95.0833697558
221.116319433,94.8413221061
223.407803728,94.3571013536
224.667768438,93.7888645874
225.795870941,93.0927928104
227.014388835,91.8830485664
227.624742106,91.1790004269
228.08139398,90.0870577893
228.301944644,89.6173125081
228.38659934,89.28536174
228.17587961,89.2309651813
227.906546774,89.3167611188
227.557407847,89.4500630937
227.314348405,89.2914554041
227.071724384,89.2836668033
226.742082768,89.1716551836
226.480059058,89.048340838
226.235676997,88.7546561519
225.999189114,88.5014997106
225.954965364,88.3559478368
225.89791884,88.2826984415
225.806376132,88.0849340717
225.408312307,87.9568221999
224.418255737,87.5896078577
223.556206261,87.3826944533
222.197054497,86.8391001246
221.242971173,86.5798909165
220.472771264,86.2008957062
219.563101122,85.8265778432
219.129062829,85.5428544408
218.229480392,85.3070832096
217.424912763,85.0864161313
216.534020148,84.937279845
214.889955835,84.805950194
213.70270752,84.8634191807
211.556423722,85.2774566109
209.939128242,85.7244200821
208.141407676,86.0620310158
205.412788096,86.4721260069
203.889462505,86.7140307656
201.943318975,86.9800405779
200.743612998,86.93625131
199.655357305,86.9826083184
197.995890701,86.9854319805
196.748193502,87.0269218217
194.800416388,87.0991545362
193.299148958,87.1202140558
191.691366141,87.0133171598
188.826970879,87.0525163322
186.500189228,87.0969334507
183.916008046,86.9960579766
179.441021061,86.8468287397
176.383939015,86.8194847326
171.841668669,86.4446770395
168.893234775,86.1730131813
166.145142567,85.6804154613
162.300287751,84.7101535648
160.057782267,84.1517743371
158.1569793,83.7060593484
155.695049568,83.2364496358
154.347897929,83.2055138249
152.522653612,83.2086380295
151.317775071,83.3156066498
149.281077022,83.4653215785
147.633277751,83.5994844483
145.670333763,83.6946160273
142.079814701,83.9666991667
139.059990521,84.2205041814
133.92684634,84.7922933339
130.300624046,85.3294757509
126.48772609,85.979239501
120.868744493,87.1550756672
117.317738625,87.8844886035
112.025287736,88.9194486848
108.863446223,89.4423513239
105.940746753,89.9099317662
102.266087942,90.2471433482
100.308220486,90.4074821718
97.7435221028,90.831145351
96.0443892792,91.1333621434
94.0424375718,91.4948974188
90.4364491162,92.1575872548
87.4476040808,92.3908015235
84.178997945,92.7831662666
79.1483440028,93.1884004282
75.6357962139,93.3463030531
70.0762913664,93.2952836556
66.0802433273,93.3643936157
62.0983555155,93.2817667392
55.5331158039,92.799123914
51.1135040624,92.5914724949
44.1834892699,92.4278187887
39.3730392472,92.3305745026
34.4259742036,92.1967466288
27.4355583276,92.062084623
23.2182325849,91.6655116476
17.333776339,91.3777441178
13.6112806663,91.2732637393
9.79197690261,91.2606400093
4.70383530592,91.1074416549
1.69997031138,91.0173754615
357.766117848,90.768002571
355.80219755,90.7234723316
354.379647392,90.7136843277
352.71053595,90.8134695514
351.707791078,90.8787758953
350.436120748,91.0396572124
349.742250607,91.195696844
349.082688273,91.3865076333
348.093741445,91.6019803948
347.520474617,91.9031090577
346.845650676,92.2549198916
346.437875646,92.4898240841
346.076433091,92.675906435
345.615954171,92.9855203541
345.317185598,93.1070958817
344.80579883,93.2867550514
344.332335162,93.3950517342
343.849865566,93.4913918457
343.118558215,93.5389287058
342.674496454,93.6093753301
342.295802958,93.6384567851
342.174115486,93.6639620154
342.133916997,93.6933667913
342.244742972,93.7149408865
342.467938408,93.6674494543
342.721032893,93.5166929949
343.082242709,93.2310121272
343.385044054,92.9777981322
344.007642706,92.5246997066
344.513586159,92.2917605914
345.182872669,92.0596749835
346.281337192,91.7120194709
347.000648783,91.4385127028
347.874228238,90.8980226848
348.402982144,90.5675353259
348.980010685,90.2674262681
349.927904713,89.8552347871
350.560766146,89.601632958
351.503235477,89.2113075012
352.167956424,89.0388176645
352.79930135,88.9382812765
353.744604538,88.8953663648
354.315011627,88.8534585785
354.971883066,88.8130652743
355.302262982,88.7372740778
355.447486738,88.7218175129
355.575755817,88.6879611882
355.600264195,88.6701066225
355.562691385,88.6913963094
355.520963457,88.7254225591
355.454510139,88.8008772489
355.383070024,88.9171713714
355.334142688,89.0188090414
355.309334372,89.1032579163
355.231816348,89.2042093448
355.188520437,89.2796697923
355.126787658,89.3469291764
355.063570636,89.3861253525
355.047182877,89.4046768636
355.075628546,89.4033836366
355.119613762,89.3960939087
355.292670534,89.3129411065
355.409327234,89.2502971928
355.512689512,89.2135377914
355.669174231,89.1585227882
355.779730115,89.115433096
356.049163526,89.0798990478
356.190708662,89.0559547747
356.307509549,89.0253704615
356.481296342,88.9617133852
356.61882222,88.9121802744
356.862303265,88.8175709694
357.147966229,88.805932294
357.378077068,88.8215029326
357.773919584,88.9355397744
357.953890906,89.1512376777
357.942761251,89.2783369686
357.840038895,89.2828727832
357.778268764,89.3257145008
357.934490903,89.3564579343
358.059931271,89.3479005192
358.251667191,89.3183213816
358.383524901,89.2157061568
358.598248912,89.0406774288
358.892118331,88.8632748908
358.932522138,88.665677307
358.787004006,88.3337865836
358.183455164,87.6357932404
357.705863868,87.1711143025
356.81615672,86.4338778845
356.174551838,85.9162079537
355.480758082,85.339326287
354.255405829,84.3825369857
353.288557875,83.6983569478
351.916846185,82.8632622152
351.154628531,82.3709709866
350.58042538,81.603527188
350.029122292,80.2403649715
349.709174471,79.1348014119
349.149995802,77.1701173581
348.786055844,75.7292069117
348.210597155,74.2391174585
347.249076334,71.3953589964
346.612858331,69.824655249
346.258955761,68.4052838126
346.259839333,67.86650186
346.431185353,67.5485708983
346.877473723,67.2210906945
