179.398339536,91.9585281315
180.123660259,91.3589536936
180.390996255,90.9960479221
181.469053973,90.5899749053
182.729531086,90.9852723577
184.400340805,91.4351890443
184.740476332,91.6366165777
184.238257782,91.5935234597
182.223916966,91.0880703607
180.222225042,90.6364293193
177.113210714,89.9749972362
175.466737531,89.4943919366
174.108479484,89.087479528
172.319501702,88.6124756952
171.406890758,88.3066596482
170.184931917,88.2246155671
169.42970066,88.1853700679
168.419882535,88.1872399229
166.163412287,88.2031783979
163.271398765,88.2072711886
156.314994175,87.7527019033
151.198681842,87.289639732
146.402345532,86.84854089
140.742005601,86.7943569363
138.340378846,86.9278105861
136.752360322,87.4054185399
137.042117122,87.6125967423
137.967645452,88.0241826531
139.42515619,88.7327085851
140.176982358,89.2241353231
140.734957625,89.6519777375
141.270800629,90.3328865703
141.671027882,90.7384032744
142.2202353,91.1737283782
142.577004282,91.2852502877
143.138740828,91.2946991028
145.208996493,91.3269956958
148.464580385,91.4625312525
155.40926607,91.8419777526
160.143204562,92.0577539041
164.340421997,92.2503595081
169.048870895,92.4222556244
171.026906062,92.5356287434
172.465463417,92.7866068156
172.825925932,93.0828732301
172.569687233,93.1149977299
172.121217455,93.059137254
171.684786018,92.8177219365
171.307640419,92.2222434276
171.485957052,91.943774877
172.095625567,91.5676149444
174.850599312,90.9143613881
178.294934341,90.6022265362
185.362355814,90.5409053196
190.495072286,90.6123190936
195.719585906,90.7309616596
203.474246563,90.306816575
208.038807112,89.7016199131
213.870723035,87.8511030359
217.578635933,86.3023681095
221.430794142,84.9496134445
227.181917833,83.4296966086
230.921612895,82.4424245514
234.743039718,81.1586290979
239.966409524,79.1939167418
242.606832127,77.9845628201
244.915668086,76.4817176361
245.893613557,75.8504831146
246.87087565,75.9715800946
248.704965407,76.546365805
250.201807082,76.752530386
252.558558992,76.947948313
254.16893671,76.9031616927
255.642322578,76.8086141464
258.032487096,76.4660993036
259.602663732,76.1353187024
262.130601871,76.5220991602
263.177186425,77.558774374
263.826735626,78.3082475246
263.67982406,79.8786040882
262.835205821,80.6809018495
261.238326123,81.5757872202
260.569753536,81.8558891321
260.326462073,82.4586638492
260.487923694,83.623937707
261.555768523,84.1589663735
263.338970983,84.598224688
264.351305738,84.4734288396
265.542907525,84.4150291123
267.559641562,84.919024082
269.857321114,85.3292675686
274.817531729,86.2837856725
279.468437538,87.0260773137
284.917373628,87.3278464536
291.05838161,86.6555574953
293.431027992,85.0670190373
294.583418781,82.1757129389
295.812814623,81.0232653749
297.347331212,80.8640234372
298.805051617,80.7917077983
300.366866192,80.8513090425
301.255006876,80.9957222296
302.576559936,81.6148277744
303.0193276,81.860052633
303.430309737,82.0281908036
303.659629708,81.9754862126
303.481533442,81.530996505
303.007888121,80.4218241982
303.127294581,80.0739827812
303.093174639,79.2574643698
302.58813151,78.8047204723
301.5642335,78.4980977279
299.98169577,78.158632989
298.657016238,78.4716403096
296.428326975,78.9646734694
294.454108807,79.4473606367
290.864076034,80.2231502028
280.946461822,81.522605209
272.247949156,82.4760583869
256.597600944,84.4138343712
244.292359829,85.9589540002
231.726957135,87.1321802548
213.984081488,89.9723686727
202.785208851,91.4759871075
187.46616873,94.841775767
178.406382962,95.9834897613
171.789268521,96.2287095806
164.27485291,95.8225630192
160.958571755,95.1902950925
157.21784307,94.1388562412
154.826029021,93.5230542713
152.9678305,93.2139164256
151.016023962,93.4065807807
150.69937188,93.5502843884
151.335193568,93.6085159463
152.647715381,93.2955300084
154.552217281,93.046677629
157.899921822,92.4017979104
160.095646259,92.0798513097
161.562171105,91.7489639803
163.344784687,91.3915779471
164.127806614,91.2616327215
164.584289212,91.0570646264
164.521234144,90.8517525025
164.33365593,90.5697026299
164.056512075,90.0633852248
164.063225626,89.859930264
164.127413542,89.504076301
164.242564211,89.2386337364
164.363934146,89.0334094929
164.620921049,88.6411202572
164.936188389,88.2416085235
165.344210561,87.627425558
165.189596498,87.2838260285
164.879321445,87.039845015
164.400782092,86.9631771484
164.180930967,87.1235761158
163.635829791,87.3500029702
163.224278191,87.5140262826
162.866751334,87.6385821825
162.486467682,87.7892952386
162.289158109,87.9335227552
161.951124662,88.0430105801
161.762551405,88.120148423
161.577349692,88.1219162963
161.50987276,88.1192492431
161.427506348,88.1239542411
161.327701038,88.083971287
161.440047905,87.9623901139
161.776933836,87.9050843541
162.515166429,87.7977170591
163.592939596,88.5274721448
165.640360436,88.4425560182
168.092179008,88.3453760656
168.755128848,88.3174457993
169.399428641,87.8420923574
169.524779291,87.4094300315
169.543532808,87.0638515081
169.658733829,86.9078985136
169.653435854,86.9789484789
169.494638165,86.9906530967
169.244374202,87.0413287243
168.995765502,87.0660315125
168.258987531,87.2303149144
167.647699453,87.3656168787
166.492812196,87.7745696202
165.684995942,87.9060088788
165.015399624,87.8637199935
164.537417613,87.7460819947
164.673224985,87.6495611407
164.974002739,87.4393144769
165.307888418,87.3915649661
165.667706927,87.45342171
165.705721312,87.5368968963
165.65461213,87.5788990643
165.180075445,87.6979036936
164.83492253,87.7545357808
164.494270267,87.7633945869
164.02454829,87.8461898929
163.747117967,87.9226069136
163.383719669,88.005972608
163.081734681,88.1762848018
162.483784943,88.5617004361
159.94753925,89.4894190217
157.224553188,89.9484721098
154.062919242,90.2824377554
150.544623259,90.3491760536
147.090854948,90.1079732373
142.228557049,89.5153286857
141.433334342,89.3767486148
141.377866162,89.3892403095
142.278519105,89.5958881874
143.290707138,89.8343198267
144.915444399,90.1801326492
145.981132754,90.1889054349
147.115176369,90.1327120169
148.840627091,90.2403393409
150.257992276,90.2905224858
151.82746922,90.3431005457
152.925603184,90.4035637764
153.788939756,90.5707793667
154.888407277,90.3079186648
155.813746607,90.1577350494
157.375758033,90.0040588399
158.359184246,89.8057102008
158.994962852,89.6494872408
159.804175992,89.3885331236
160.215490582,89.1981209181
160.735306741,88.900631878
161.16687612,88.8276928068
161.46410361,88.8852268185
161.276012751,88.9537179147
160.303736914,89.0913985292
157.581506415,89.1867413995
155.191783808,89.1740378431
152.716726522,89.1513452438
148.640228805,89.1311906633
145.8213837,89.021019985
142.667318968,88.8653189596
141.665944832,88.8774184376
141.828377199,89.0528536388
143.605697172,89.3911610072
145.448204261,89.5706561728
147.934727785,89.5738654916
153.039135112,89.8732674422
156.9549042,90.070461893
164.153623127,90.0574679091
169.823707146,90.0000168074
175.933132068,89.9644917302
184.553364619,89.5941841403
190.249269545,88.8228761
199.330252183,87.2120861555
205.284284,86.5844498828
210.992726184,85.7728255269
218.439392778,84.6463772598
221.915763025,84.2377475727
224.51453736,83.854038296
224.791467319,83.7664510151
224.32720145,83.7875345961
222.120867242,84.1144608513
219.746994375,84.35563973
216.255836154,84.4866930483
214.615067492,84.4005968001
213.61865863,84.1855134749
212.772575955,83.8079429935
212.506754343,83.6125373797
212.440592182,83.5726446764
212.219100208,83.5765886782
211.923976706,83.5522897128
211.417974256,83.6402219634
211.368481268,83.7096216573
211.210664447,83.8581722217
211.155099474,83.963071328
211.069670955,84.2081892162
210.834249752,84.6359094147
210.466270765,84.8362833712
210.08515491,85.0040221951
209.286782995,85.3337009026
208.668869771,85.5462353274
208.077200199,85.4938022383
208.213945402,85.3449704057
208.277057797,85.3308595284
208.5362433,85.2878472671
208.735975556,85.3226832564
208.980385654,85.4755413959
209.072964735,85.5851813312
209.142734543,85.741901357
209.06823239,86.0290294056
208.828832684,86.1910540617
208.062446816,86.428268819
207.529696634,86.4940458945
206.94562762,86.7788400553
205.961362218,87.0246902001
205.310479382,87.1922470905
204.33972347,87.3489424458
203.773066846,87.4793756076
203.120915358,87.6312867281
202.260962155,87.7084243629
201.700361842,87.8747648335
200.693230925,88.0094008671
199.901771724,87.9306936618
199.160628611,87.7888949357
198.189342315,87.6815535425
197.617598971,87.6218938705
196.66560717,87.6706394263
195.838452121,87.746293355
194.477139908,87.9703558724
190.721981106,88.3251410199
187.755484085,88.3616745574
183.772151164,87.9749480623
181.665989454,87.7404333498
179.786162668,87.6304629127
176.336936924,87.8525098862
173.158914895,87.9296955334
169.2290353,88.054663013
162.853734625,88.2068256244
158.652279668,88.2350471517
151.780207478,88.7599446332
146.540405306,89.1366319606
140.906917054,89.0686832403
132.096397084,89.3113836486
126.13482542,89.2361122045
116.025896336,89.3209930469
107.938645767,88.8864073359
99.2893888571,88.581733589
85.8596093372,88.3188126652
77.0953243505,87.94572063
64.7411306112,87.4779348744
56.7931975997,87.7837110009
49.2360437905,88.1516758261
39.5224950823,88.8664572807
34.5197792102,89.4207011642
28.6811990544,90.0039158014
25.6212532901,90.1902459109
23.0021264051,90.2520706925
19.4465360672,90.1634358401
16.708903898,90.1301949522
12.8402779019,89.7216063359
10.9084010987,89.6206464094
9.5552494877,89.6301600186
8.22278793046,89.4275743407
7.07890656956,89.2986322211
5.90958512853,89.0879914778
4.92515034293,89.0402249058
4.26760557039,89.1416065282
3.17064393647,89.3390185979
2.14781561284,89.5989329256
0.649514216119,89.9048026747
358.343305649,90.2637449448
357.4136367,90.6058863642
356.62183215,90.8133793445
355.61349425,91.0268800558
354.319221913,91.2050917003
351.691310492,91.4268286651
349.709099078,91.6131766371
346.910628986,92.0291009625
345.238987339,92.3325024293
343.512112668,92.708563287
340.812041101,93.3195284647
339.068301854,93.6955785784
337.071345383,94.0691255102
336.085608371,94.2718092834
335.224166474,94.5655026376
334.126566163,94.8278193915
333.844219222,94.8204334994
333.867144532,95.1579592846
333.974073799,95.4753573866
333.980230656,95.6007113789
333.589359665,95.8679587504
333.769823372,96.1414432088
334.251027475,96.2575612365
334.758929806,96.3515214569
334.940026355,96.4923677909
335.108016541,96.8470133997
334.716640847,97.3596141788
333.589999238,97.9507319262
333.030170071,98.2977672557
332.721923589,98.7315550705
332.860806725,99.3392384287
333.683156854,99.6653507308
335.367650873,99.881765594
338.724750483,99.7330571844
340.900503308,99.2347732608
343.359011825,98.1807342067
344.826116446,97.5686120445
346.003112971,97.1917135064
347.52646748,96.54649476
348.54796316,96.0152084987
349.985197932,95.6445867756
350.862244388,95.4185604755
351.574445367,95.3728572746
352.310778745,95.2841615894
352.751958468,95.4382024438
353.401292648,95.5690100364
354.08267361,95.692479924
354.928142313,95.7024765705
356.163122127,95.4875516552
356.884717755,95.346019848
357.342866989,95.3156837841
357.696161455,95.3822509927
357.854105827,95.3128774832
358.252583537,94.7836040469
358.729329339,94.2989148222
359.548832817,93.3167438208
359.890535909,92.4966528182
0.111531585663,91.6465131986
359.812749269,90.2797463636
359.235400158,89.5421784998
358.194540073,88.6921521855
357.500685927,88.1035379366
356.831423421,87.8941490507
356.132329094,87.6601659787
356.244783228,87.5871609698
356.724180802,87.2665585228
358.616585781,86.9463961626
0.44985543506,86.8023579765
3.52203592357,86.7338877077
5.79268045638,86.6658193198
8.0952022742,86.9531132375
11.6143779031,87.4033836793
14.0379674769,87.7456930576
17.9119099724,87.9301626006
20.7195920934,87.6577011426
23.402319531,87.4734876239
27.1068516504,87.0884004851
29.4252069535,86.7315084756
32.3399980264,86.4356207251
33.7378002286,86.1826373046
34.7869683818,85.9305514336
35.5392531404,85.7370265323
35.2711018879,85.6430574215
33.5166763366,85.3257976671
30.2978729913,85.4531198642
26.1651230006,85.5033226213
19.765201871,86.2164852371
17.7162755914,86.5674239091
16.4351134642,87.817029966
16.2289882477,88.6639842555
16.0876795756,89.539251925
15.9541465332,90.4193860876
16.052639206,90.6106122105
16.325905341,90.5953273102
16.6632481727,90.1965932828
16.8074586692,89.8846961033
16.6127801266,89.4217132104
15.8801432671,89.4314777299
14.8510408946,89.5337673775
12.7844361231,89.8333457983
10.9842784604,90.1752575181
7.62647585364,90.9046934838
5.06140270203,91.1624805928
2.27192047371,91.3580032125
358.231883397,91.3483359207
355.448799114,91.446822554
351.392860259,91.4020903929
348.700353194,91.2733177397
346.076135443,91.1219421781
343.092402949,91.0714905677
341.962829306,91.0857505304
340.833248664,91.2489739189
340.184454371,91.2149665401
340.034010413,91.206760125
341.22609618,91.3543691516
343.017910079,91.4791447148
348.443829016,91.2086543559
354.236187788,90.7466419606
2.19941338495,90.0254340272
17.6326586968,89.3353044573
28.3100149267,89.4280600415
44.5698075295,88.8330064967
55.4256502952,87.9166839983
66.5027290423,87.2191645076
82.1974258737,85.7834434288
91.9967598208,85.0382025159
106.625312967,83.701245633
115.956359625,83.4357292576
124.853613057,83.6689398665
135.558405246,84.698349214
141.350092749,85.536374048
147.41381579,86.6697505129
150.227851334,87.0929212209
152.275130475,87.2679852424
155.560531916,87.2446166992
158.044975675,87.4518321164
160.490234858,87.8062233049
164.37823338,88.0943501758
167.281276764,88.2533240289
172.36486222,88.6499321523
175.897214266,88.910212788
179.327584495,89.1300657371
183.802623828,89.3744740019
186.698392782,89.2084202974
190.604413825,89.1691895721
192.604292177,89.1372887431
193.981695273,88.8692486274
195.064056159,88.7118247953
195.646928132,88.7523300724
196.009950812,89.1136362643
196.326166335,89.2951867903
196.863350749,89.4180910789
198.042458717,89.464421783
198.73170846,89.967891785
199.38597609,90.6370108752
199.648679195,90.6785360932
199.905318888,90.3640429393
200.524089872,90.1111447146
201.136467018,89.9191026067
202.103272049,89.7587020876
202.697013162,89.6762195425
202.99964979,89.6647865628
203.136159589,89.5464773534
203.387010583,89.3958356581
203.889211663,89.0816848213
204.051597669,88.7947787084
204.120376933,88.4034755679
204.062773646,88.0170905302
203.880878576,87.7689763137
203.36611616,87.6517383219
202.931109357,87.6739634804
202.418830921,87.8468296751
201.657007543,87.9263739205
201.125500821,88.0178666122
200.616419581,88.1183064027
199.860574204,88.215135639
199.358883307,88.2771115909
198.708316154,88.2980799771
198.179931368,88.3287947708
197.686413894,88.2803794543
196.978583812,88.2797892676
196.538463548,88.2126711254
196.082762393,88.2077503473
195.883211362,88.2551624042
195.767819595,88.301897123
195.217454577,88.5721064523
194.83187871,88.7104458206
194.058744292,88.9495669887
193.459282178,89.0038566562
192.819221274,89.1240951254
191.503256388,89.2838793703
190.239405148,89.4924566002
186.642319591,90.1147304167
183.056087457,90.3819173554
178.642741907,90.7439427704
171.065933953,90.9817458635
165.96157293,91.0745567836
158.434532572,90.7763052359
153.882975748,90.4531182954
149.669501188,90.2114302164
144.786972599,90.0673176805
142.519284676,89.9518888933
140.764587069,89.8980870723
140.734178583,89.8142761205
141.557480696,89.7595037944
143.197386185,90.1608131957
143.884988475,90.5263330669
144.717223508,90.9110194031
145.07106583,91.2432156652
145.153035829,91.52601259
145.025204536,91.7716132819
144.922820157,91.8720796473
144.732268336,91.9804145846
144.432620989,91.9872925288
144.376252896,91.9580267411
144.361584083,91.8337416123
144.482329899,91.7196427888
144.713303828,91.6441287419
144.755631927,91.6090742475
144.748829448,91.5553600049
144.779736535,91.5017768838
144.797756933,91.5073919852
144.817935172,91.4691340463
144.783166484,91.3830632845
144.743225371,91.3258681772
144.705282653,91.261002941
144.763901082,91.183768986
144.909971086,91.0589754752
145.394234027,90.8510454999
145.907821906,90.7051080864
146.533544991,90.5767679102
146.689050398,90.5836970327
146.90739978,90.5142460135
147.140617565,90.4575921622
147.261942214,90.4962220005
147.65308263,90.5573724431
148.008629258,90.6082359528
148.69592854,90.4997466388
150.401458493,90.3371472535
152.254673141,90.2209436192
156.514346988,89.8761190702
160.968972842,89.1275004119
166.481896721,88.2294048719
176.710332224,86.3681122011
184.140108395,85.0024196093
191.885988421,83.2875325704
202.431581204,81.0452296946
207.856444551,79.6656270238
214.518601269,77.9423310187
216.660033908,78.4203764427
217.264769164,78.9401832287
216.47569804,78.9241317441
215.518751527,78.7285735318
214.180579929,78.4745094921
213.413930544,78.3689216552
212.327272013,78.5555830682
209.228857931,79.1841795941
205.386421931,79.9846965894
197.636054007,80.7448392597
192.091928483,81.1796347376
187.165330787,81.5033101241
181.417076811,82.1259818928
178.687914707,82.2881764717
176.111000979,81.8703591917
175.317184896,81.2251927136
175.178746515,80.5243268661
175.417330818,79.5977988834
175.515790401,79.3926781781
175.454902112,79.9515394807
175.18775344,80.7197114168
174.928942255,81.6717013089
174.575401102,82.9360115074
174.808501611,83.3117736406
175.691674842,83.4423150365
176.270703756,83.4174818558
176.711869213,83.6252071615
177.197368672,83.9369320612
177.198018652,84.1228473647
177.304406897,84.2220144014
177.672613488,84.3006780134
177.707309803,84.3113883555
177.844636993,84.3693797169
177.932344819,84.4789602584
177.961669486,84.5099206671
177.703483676,84.4004036741
177.052014384,83.9038171328
174.705894003,82.4198140286
171.898607735,81.1069145832
168.564464994,80.0929434006
163.63409044,79.4659723378
161.085483338,79.6824460649
158.343453866,80.8423503549
157.236430322,82.1101904776
156.274607112,83.7727758601
154.29039918,86.7406924817
153.087649153,88.1797735826
151.551952633,89.4252839346
150.656003891,89.9326279388
149.877509089,90.0657814914
148.706392161,89.9994554735
147.946542083,89.9585399487
146.889130863,89.7723536961
146.501433403,89.6318322407
146.199293035,89.6078902756
146.339803688,89.6372295155
146.495167106,89.6146601512
147.136767531,89.5964941798
147.396808301,89.5713780786
147.501462283,89.5568638056
147.643846645,89.5369332167
147.663478008,89.5558968153
147.60548496,89.5492818536
147.518897238,89.5638951799
147.372556427,89.6605444747
147.153330707,89.8496276465
147.058650589,89.9868136925
147.083516785,90.0919491601
147.408524416,90.1754612674
147.916219304,90.1887001189
148.323425576,90.3348262257
148.618309335,90.3566046851
148.898471002,90.3724246565
149.26033197,90.5013036274
149.620457517,90.5897094192
150.131429874,90.6627746244
150.37642757,90.6749045881
150.562772248,90.6684206633
150.706106271,90.6371887633
150.813699589,90.5362480408
151.195077146,90.3235521668
151.692306375,90.135051285
152.160612662,90.0105037053
152.521665251,89.711442325
152.579494486,89.4584153271
152.398322523,89.1507909368
152.174679314,88.9818532589
151.93195217,88.9508987638
151.350007423,89.0233665843
151.070535134,89.0773446296
150.694613427,89.1566569995
150.499535407,89.194500845
150.332292447,89.1968350232
150.116744662,89.2329535624
149.985011343,89.2344729177
149.737453455,89.1434923568
149.540379339,89.0514492062
149.417248762,89.0206363085
149.161403103,88.9989340717
148.749245645,89.0236924956
148.414313702,89.0970319904
147.952403118,89.2265282777
147.869431484,89.2523039163
147.847513297,89.377584307
147.912964748,89.4407090828
148.056432888,89.491524692
148.235843113,89.4794108558
148.327162247,89.4323984415
148.410597676,89.4116150702
148.440239519,89.410420837
148.435171593,89.4271069829
148.358468235,89.4883421428
148.233551764,89.5452880252
148.002386846,89.592264803
147.928821678,89.6016813544
147.90967836,89.5948614569
147.981911339,89.5649623389
148.044937812,89.5394950194
148.091181199,89.5691576958
148.059033233,89.6068572898
147.918742779,89.6133217579
147.6610665,89.6461399272
147.657820684,89.6545055384
147.778454315,89.7318552853
148.014830065,89.7725698335
148.285299778,89.8014381038
148.626205161,89.8707537096
148.728592054,89.9209922348
148.717709311,89.9567480766
148.66800696,89.8843425715
148.664084864,89.7987293835
148.830802995,89.7638318829
149.259560349,89.720231223
150.271313946,89.703139028
151.312332604,89.6978164776
152.816224082,89.6611386412
155.886728631,89.6186403145
158.255785783,89.5539447121
161.011317291,89.3751204592
165.634390504,88.655321274
169.004043432,88.0572900308
174.479555436,86.8561102671
178.605597972,85.9433404552
182.479697876,85.5694732424
187.310569072,84.8536211844
189.613115904,84.4671551819
191.770375236,83.9963973831
193.266283391,83.4748655176
194.827945041,83.0277103143
197.627222815,82.0877947167
199.7739859,81.22364626
202.719884322,80.5031007223
204.291387331,79.8486508576
205.627559812,79.0256442141
207.107705358,78.3460674119
207.623309578,78.0561149426
207.608916325,77.7801713138
207.623326546,77.4934054245
207.63177055,77.5101591787
207.734246759,77.4563942594
207.593478768,77.6373660082
206.371976114,78.4393138972
204.924780688,78.8653242411
203.060218373,79.515329458
200.319865441,80.2911435435
198.63295643,80.6062262906
196.807518571,80.7709913807
196.118421128,80.6932383173
195.736901527,80.6209674272
195.45902648,80.3881932433
195.026855786,80.491731934
194.250358501,80.7037703414
191.953924526,81.195171416
189.84712091,81.3491416899
185.178688258,82.0364433847
181.323305755,82.3306775661
177.095168424,82.7344051334
170.321647854,83.5237706196
165.834541754,84.1334728449
158.4851202,84.7248243899
153.044856744,84.6047442347
148.590006541,84.593686669
144.353802137,85.2618592467
142.196843587,85.8813327521
138.604453217,86.9706042326
135.74289414,87.6846056502
132.489686125,88.4031235102
126.908301399,89.6197474035
122.970552135,90.0094112959
118.992050361,90.036313789
112.495014265,89.8464259104
107.491682945,89.9767464729
98.5718266765,90.4560543725
92.1892044645,90.7059366428
82.6050929005,91.1889374203
76.7419550042,91.5580061557
71.8472393428,92.0849719872
65.9598762351,92.5723161388
62.1737277754,93.1575983554
56.4380437373,93.7414816873
52.7068819324,93.8992975123
49.2581212798,93.7626961802
44.9038999446,93.9673727842
42.3797432659,93.8584067398
39.6141989736,93.9102571011
34.9278590039,94.2287792777
31.6458650635,94.5444971685
27.7117272078,94.6271731399
25.9137714207,94.5915956331
24.4484119717,94.5439314036
22.5005139627,94.6294186933
20.9967644742,94.6154925556
18.9099463934,94.3082291599
17.3703725571,94.1801118601
15.9828274454,93.9061303903
14.186324053,93.4618036437
12.7944468641,93.2131079478
10.8358301583,92.5625436543
9.65884039571,92.0162855853
8.75013902364,91.672219806
7.88217540917,90.6754188475
7.51267550062,90.2558946765
6.96381673778,89.6079850392
6.40578530338,89.6244094628
5.81762929394,89.1955787239
4.440767355,89.2131152336
3.36730634249,89.3725168717
2.28903108993,89.8302696296
2.02850215507,90.1462897857
1.82780218709,90.3877066373
1.8612437437,90.7588207551
2.13343517891,90.8922050454
3.00143763361,91.0750630029
3.60736392333,91.1906144532
4.10419020812,91.2415552038
4.58963671229,91.4349904987
4.82777795098,91.6178123058
5.23061566037,91.8613234147
5.82086235613,92.0949368824
6.17184965855,92.107426954
6.87301968627,92.0032491837
7.29015460747,91.8681672239
7.74239438578,91.8233819615
8.07027762577,92.0162720765
8.37633222572,92.1010209206
8.5379645886,91.9707873681
8.67083376715,91.7395895097
8.72888627837,91.6450697291
8.60039605984,91.5928119881
8.49400327705,91.5610912211
8.23543913881,91.5502571542
7.91576610556,91.57790867
7.47868248588,91.6930207122
6.70688925462,91.7559166581
6.33278353374,91.7156064322
5.9063050861,91.6631578539
5.73788352744,91.6280121863
5.64337559502,91.5523843464
5.32269501778,91.4845079977
5.15244131828,91.3820363982
4.96196141621,91.2987153015
4.81842765448,91.2233979
4.78716121467,91.1938481448
4.8927890014,91.2498689422
4.84641793135,91.2324247049
4.81323253901,91.1491647572
4.83438643645,91.1202971053
4.86460835987,91.1547164029
5.02097870242,91.4275668708
5.12477123028,91.5998079565
5.15763420094,91.740479374
5.16448544576,91.827133155
5.16220514421,91.9078341467
5.05852522376,91.9640084728
5.04412402526,92.0361286662
5.15482716381,92.095553646
5.37802546669,92.0453184421
5.58686435344,92.0055119401
5.95401150534,91.8474470503
6.0911260267,91.777605476
6.09708394208,91.7519290694
6.12582607194,91.7038014906
6.05672728106,91.675060438
5.9859710923,91.619014657
5.92829196907,91.5705051202
5.84220057638,91.5247548402
5.59151389219,91.4648115452
5.47976186502,91.5117263923
5.41722232935,91.5604810321
5.4721415865,91.5992332416
5.50741128644,91.6222613342
5.45360434606,91.6642081095
5.47034678361,91.6907382408
5.60698764018,91.7633063394
5.66610384068,91.7766935168
5.68544923752,91.7774920104
5.71061906319,91.7955540015
5.74221780477,91.7723305109
5.777514487,91.7107118963
5.78212910111,91.7057325085
5.77985159044,91.7118156325
5.84643473449,91.7130342078
5.88804721816,91.6840457467
6.04065396826,91.6338002485
6.2491834303,91.6054614341
6.32188892461,91.5742856273
6.35460109679,91.5080538086
6.4111389345,91.5078261595
6.5805090162,91.5602484639
6.82337993726,91.5562507862
6.87296695181,91.5364515745
6.88539492205,91.5345824541
6.89270639636,91.5484296349
6.90659003005,91.5858240974
6.83686159007,91.6138493621
6.81640821661,91.5786515785
6.89703995978,91.5432035048
6.9708823668,91.5542716089
7.03515498119,91.585018187
7.04186812656,91.6135852636
6.9558571995,91.6256492537
6.89389481453,91.6948284532
6.87806299485,91.7475854336
6.77575095041,91.7752004155
6.366523249,91.8135325724
5.72254720453,91.8865135537
4.20737568833,92.3869644186
2.68162675245,92.5474279044
0.910376763676,92.7298109073
358.21535704,93.5691180176
357.266207141,94.0870811491
356.24158365,94.7425183205
355.482617442,95.1301252068
354.855062029,95.3433219749
354.586368504,95.5520948406
354.946116496,95.7350875474
356.180414416,95.7433111744
356.882723691,95.8391138428
357.545375982,95.789741904
358.108491967,95.8975435898
358.523242091,95.8454543287
359.104366017,95.5634717145
359.675615515,95.4795503079
0.477326747963,95.3811051809
1.9430024072,95.1973111395
3.11639116732,95.0432423852
4.40698622692,95.0003974157
6.37426135628,95.1163952109
8.13376459184,95.0593923021
11.2175504872,95.0054274831
13.5145151902,94.9278793081
15.8578656665,95.0278138902
18.8559966828,95.0380074006
21.0139515951,94.9077801573
24.2477324033,94.6349261222
26.555687644,94.452266603
29.0814361135,94.3260835007
33.5082709409,93.9753990208
37.4142076748,93.4733435525
47.0158062516,92.1592342741
55.601267856,91.3306915055
64.5758676669,90.4637859285
77.9636846621,88.9859830306
85.3837368277,87.8272068356
94.0976935402,85.0019683107
99.3096963297,82.2744468197
104.550419083,80.9529752818
113.375888457,80.4317399983
119.372370228,79.572778243
127.93469684,78.1186317793
133.052874821,77.29336154
137.328702073,76.8361692349
141.329475266,76.7763141075
142.558201718,77.0696802463
143.628719441,77.7264112038
144.296037873,78.1477170305
145.130156403,78.4108512667
146.804897917,78.6667194531
147.898321318,78.9996672462
148.90779898,79.3162421477
150.324123537,79.984032411
151.140673825,80.3299248233
152.428050453,80.5319846274
153.322199635,80.6469398344
154.184381842,80.6302663058
155.73566528,80.321851672
156.876096265,80.2203563686
158.9997169,80.3964936053
160.676322625,80.4829170015
162.492080462,80.7023520765
165.025127259,81.2733478479
166.395339091,81.3146482529
168.382314023,80.9167802715
169.937828446,80.5101466267
171.797135228,79.9977392904
175.086781065,78.8178435312
178.151095494,77.9924267605
183.117493126,77.655742329
186.644810579,77.7988492419
190.505711552,77.9978470834
197.0626093,78.9805145541
200.80218394,79.7223884771
204.611519715,80.284706932
206.15475627,80.4018663523
207.262208557,80.5061036915
208.217335532,80.6325188548
208.263682722,80.4731944891
207.896017704,80.3384657436
207.133229005,80.3710477337
205.537960153,80.804826223
201.214974069,81.5186207862
197.343637973,81.9677574047
190.827862828,82.8552558078
186.519322771,83.3323942074
181.666990605,83.8609742317
174.051312946,83.8332710774
168.065900638,83.8513571125
160.991377065,83.3007926463
149.094210502,82.6740655569
140.686236332,83.1119257641
129.01130737,84.4342146119
122.23837799,85.3808599052
116.711640481,85.8093117648
109.927706632,86.2726061173
105.71091363,86.7285131404
99.5436925419,87.2985054578
95.4480265209,87.8143525082
91.715097654,88.0351590328
86.6673743514,88.3981993734
83.5752840831,88.3943727831
79.034529276,88.234408404
75.3939388368,88.1778102998
71.4423415459,88.4083040399
65.3348140941,88.7224781665
62.034608732,89.0252363227
58.077822227,89.7324958258
55.6911245651,90.2476687511
52.9581508717,90.8402587384
48.1118445789,91.4708189346
44.4862220829,91.8389788782
38.8044286455,92.4827023807
35.3449870255,92.8624674041
31.9083799847,93.3678509466
27.148117592,94.1286195852
23.9423215844,94.8481291428
19.5613900781,95.9638197724
17.2398087516,96.5397443792
15.1628997032,97.0571600917
12.6979898908,97.6896693437
11.1969328851,98.1292664921
9.8485787145,98.3906718862
8.3941409807,98.4436062567
7.67982764322,98.3549802928
6.99604506716,97.956832484
6.44104214213,97.9159055483
5.61659054232,97.9952470299
4.54253442376,98.1516755018
3.8149809369,98.1573493766
3.14755679005,98.2198026796
3.23867878827,98.245434258
3.20950047023,98.2472874232
3.22255312546,98.1102508123
3.40715385718,97.9351510331
4.02156674849,97.5751982691
4.33219247792,97.4000206362
4.49797508007,97.3008876795
5.03475409923,97.0804927191
5.4591464144,96.9224722671
5.88636350147,96.8408276726
6.01481843898,96.8691816742
6.29643150335,96.8740465367
6.72977473938,96.9940545061
7.07980996873,97.0238907697
7.91878354654,96.982442747
8.31700583909,97.0201643774
8.86915055786,96.9454098568
9.99474493941,97.0258078208
10.8707546506,97.1513538927
11.7936562557,97.2952587453
13.658907512,97.289048352
15.4188963757,97.1676190549
18.6245098808,96.950871156
20.986160868,96.7374850333
23.6487713163,96.4806166753
28.0990720329,95.7893074002
32.0806115986,95.0834244535
39.8770688971,93.1477072149
46.1209269901,91.6546873717
52.5984245947,90.0452423464
62.4168275714,87.4949002765
69.1440443544,86.1171995995
79.0548702558,84.1085651504
85.9999080371,82.859049097
92.9533452113,81.4297404384
102.778544251,79.4961615243
108.525652295,78.7805174151
115.559024294,78.5013009109
118.956949225,78.7239660382
121.824399042,78.933789068
125.345179041,79.4982983807
127.093029763,79.7998588871
129.309536605,80.4064322351
130.638490432,80.8157942508
131.941324897,81.2175094483
133.961978978,81.8095537237
135.460157266,82.078240461
137.984197688,82.4011088023
139.852687922,82.4864378659
141.824556366,82.6315507028
144.776976667,83.0081820701
146.732064944,83.4729504623
149.495768085,84.1670940177
151.186481769,84.4203965427
152.754369313,84.5694673439
154.768274825,84.6550612811
156.066662733,84.6637125545
158.016301421,84.87737399
159.432873385,85.1098616979
161.027398961,85.3471785338
163.282688651,85.8299634536
164.341263261,86.2050454207
165.110400477,86.4236640518
165.765404553,86.7615436243
165.777607168,86.9269684923
165.543039837,86.9872608322
165.073818417,87.1129220855
164.486336543,87.184598222
163.36165184,87.3078642045
162.506483552,87.3455044445
161.25074187,87.2838713193
160.25666306,87.3175105015
159.161127146,87.3588205935
157.271765892,87.4965540928
155.896164481,87.599040263
154.028856132,87.6512234134
153.018007241,87.7919670727
152.126303855,88.0199140769
151.101466088,88.2455855266
150.623371634,88.3722565725
149.747076772,88.4743175256
149.280328259,88.3061800286
148.745870468,88.1397562319
147.655505107,87.9221488135
147.004611751,87.78815515
146.233367076,87.9838503783
145.876877126,88.0923048703
145.589762141,88.1339886453
145.153273446,87.9873160637
144.771172393,87.6732211748
144.225464816,87.0069868406
143.752240866,86.550657856
143.308934278,86.1946051564
142.620534092,85.9144215502
142.091123787,85.8908472166
141.217000468,85.9868984802
140.669278018,86.0152000574
140.270562631,85.9612200031
139.994784233,85.8141311817
140.003731254,85.7356150923
140.015074892,85.6892908337
140.173964505,85.7291038007
140.251841297,85.8030071044
140.182928091,85.9205554088
139.768620364,86.0162017879
138.978119456,86.2353594542
137.373291556,87.1187139468
136.197082876,87.5871455015
134.672825091,87.9090797835
134.337219584,87.8243311895
134.426636905,87.5281773782
134.64483135,87.5531067265
135.172254224,87.6624197313
136.075829909,87.9616597684
136.605514797,88.1626465977
137.046146209,88.1768339407
137.279180046,88.1188395558
137.250099673,88.0585833612
137.268378898,87.9886374177
137.265880211,87.9394384708
137.101853335,87.8907930559
136.866837245,87.7927366816
136.838016785,87.7423874386
136.738126381,87.5770675063
136.591756299,87.3560025353
136.45538439,87.0432730754
136.321757585,86.7088450277
136.313089124,86.7505380018
136.349336122,86.8032994285
136.411532961,86.9658435815
136.451118914,87.2515468586
136.65163369,87.489589535
136.781264803,87.6487827791
136.887640709,87.6992293829
136.973965789,87.6913387421
136.987286442,87.6402849249
136.730121578,87.5627896777
136.263021079,86.8143810332
135.793446899,86.3189474775
135.00058403,85.559310272
134.610464741,85.3272584739
134.454166996,85.4031084752
134.503777873,85.458731946
134.70073962,85.5171619062
135.337799111,85.5466634622
135.733826448,85.5533136801
136.341025205,85.6677431326
136.833351615,85.8552445225
137.420227533,86.1077685664
138.166690786,86.4791390877
138.765441653,86.7509901013
139.540454189,87.5116260262
139.858443809,88.1495953763
139.906505737,88.2585955998
138.546435645,87.8131828619
137.556978551,87.1972807859
136.618131606,86.6852811028
136.175439567,86.3843101554
136.246808702,86.6651067046
136.342509445,87.0462648054
136.34729217,87.2631458798
135.941387607,87.2611582549
135.746052668,87.2630293505
135.568312478,87.3694358383
135.303417387,87.5260810624
135.061889672,87.5482964043
134.544471452,87.6155088463
134.23062161,87.6323418555
134.030714528,87.8028313549
133.922477116,88.3652664953
134.296467113,89.1170549266
134.942138191,89.9824243349
136.352809275,91.173894588
137.320387691,91.955702671
138.394287118,92.8831433242
138.845134929,93.3623240488
138.998165724,93.685399585
139.175410459,93.6427946696
139.139705462,93.7858761765
139.188578506,93.9522393632
139.316716489,93.9044599085
139.530160014,93.7845905686
140.004176879,93.6300228344
140.456093393,93.5185746217
141.3870193,93.3577225378
142.29894519,93.009378282
143.895411964,92.2694070183
147.344172743,90.8291432685
150.056923613,89.4876405372
154.506391554,87.1072567437
157.680687851,84.9285822228
161.22501336,82.5571491527
167.34153602,78.3486163309
171.665625427,76.3076168537
178.330342424,75.2741669632
182.479981931,75.3052924256
186.237333495,75.5558480874
191.156544364,76.2420557336
193.96613024,75.6348105976
198.138461481,75.1075848507
200.463167382,74.8059366881
202.481178903,74.7592629212
205.452773459,74.8879245663
206.870327828,75.268310857
208.154783319,75.0647469899
209.890034866,74.4555573496
210.938411051,73.9360835245
211.811627848,73.3838094775
211.830823255,73.2142773754
211.33554976,73.2128205934
210.132281307,73.2500036938
209.205982754,73.3953174524
207.655581975,73.60898069
206.303060335,73.8922422622
204.33526076,74.1914446535
201.314832434,74.1327632906
198.763480541,74.4287210926
193.96542076,74.3959981161
189.601415731,74.8665098847
184.56466398,75.242804288
176.098876283,75.6242283434
170.230824397,75.7190382502
161.914769299,75.5839303745
157.150305547,75.5298144314
153.226990652,75.2137283581
149.055249279,75.4096067209
147.568542212,75.604753249
146.682520673,76.3594249955
146.695986697,76.9077411408
146.678768988,77.4670729361
146.157159472,78.1678244283
145.172827529,78.396655639
142.446245986,78.6413634429
139.3201339,78.9816757443
135.402618126,79.7687003548
126.876753079,81.522101404
119.972564857,82.3275617075
109.286058226,82.5629648647
102.364743581,82.20400413
95.5772880357,81.6690335153
85.4524146562,80.3058447986
79.7715779701,79.5362806381
76.1346926485,79.7301206143
72.5699132626,81.6243528461
70.0546451521,82.9864763973
64.6388284285,84.9457399192
60.5063868266,86.073391796
56.5706974189,86.8605619097
51.2521249614,87.6377525994
47.9514016014,87.875314802
43.2724277495,88.1889163065
39.715948452,88.3135610212
36.0446268503,88.1560815212
30.6809608192,88.0741067978
27.5426561659,87.8613950217
23.2566665279,87.3390018836
20.6982898268,86.7611738541
18.3342192251,86.206412707
14.9759022059,85.4700055432
13.1881613751,85.1459684914
10.5252542751,84.947113315
8.91786097219,84.751898347
7.34794027908,84.6824823029
4.8584634133,84.613970648
3.37463315145,84.5507340847
2.01748870418,84.7028691354
0.366787212354,84.8796227541
359.749065739,85.0176352749
359.399820452,85.2371416659
359.455684678,85.2416404295
359.773572293,85.256874291
0.424974476954,85.3077507688
1.23941791929,85.3106264798
3.44714574405,85.1596715241
5.62062599809,85.1577280584
8.14302792424,85.3079544071
12.4503303266,85.4833245123
15.4126097665,85.8965808688
20.0602857592,86.1524266091
23.9813956474,85.8844898561
29.1241186635,85.6266834316
38.4263274453,85.9187179854
45.8453134316,85.8436773561
58.9830564155,85.8618684186
68.812472207,86.1068225712
78.7736100302,86.7669080108
93.8360483828,87.1355057136
102.967208402,86.924041577
116.076372494,86.1257514486
123.837724738,85.9104599148
131.287310597,85.8764851249
141.311206112,85.3290379554
146.828082029,84.7108168216
152.321624724,83.6630996333
154.47684749,83.3098507426
155.984335248,83.0006938463
157.982448434,82.7911047783
159.564959983,82.8061629559
162.268753537,83.2447055227
163.940343694,83.64471318
165.632142444,84.2633669817
168.061823299,85.7661496308
169.891723198,86.9617022332
172.975791805,88.8033273782
175.390403495,89.8257281428
177.964774924,90.7708222641
181.221311555,92.5978095622
182.279893563,94.2710199937
182.146502123,96.1722936115
180.373620508,99.3592458625
178.163535199,101.28377242
173.549050702,103.173735832
170.0739338,103.836971792
166.572554741,104.408477793
162.339794066,104.949793331
160.436189541,105.553882173
158.7702047,106.987129073
158.416721277,108.318620859
159.079009288,110.487966628
160.740581221,113.664396643
161.267486934,114.118242695
160.935453553,113.682345009
159.748228726,113.045083751
158.213304486,112.472135022
156.057307577,112.337668726
154.994940679,111.787668961
153.482642186,110.885452656
152.656933049,110.379535514
151.925149207,109.937922204
150.743091794,109.721536669
149.870509157,109.839689235
148.624979887,110.148015205
147.867876853,110.250412038
147.315224056,110.373926805
146.533730847,110.474448954
146.022317507,110.49110814
145.129104105,110.531583554
144.572507844,110.430409196
144.058503875,110.309471562
143.490661867,110.130683558
143.147133538,109.976207142
142.860411312,109.797717185
142.603254049,109.67658175
142.316997293,109.541536052
142.106227126,109.390014868
142.050308484,109.272630674
142.072848924,109.192334199
142.24173087,108.821403494
142.355985312,108.094203063
141.725190262,106.256436174
140.87178603,104.756888369
139.876710504,102.729804533
138.011022919,98.2928381
136.399869385,94.4927292525
135.118498507,89.6024724907
135.700970241,87.7196757605
137.503094161,86.4603313609
142.026432795,86.182338279
146.248211389,86.1964646336
152.654459858,86.499174903
156.249879846,86.437856889
158.994086176,86.2737014419
162.179468017,86.1457323105
163.960580403,86.1426021543
166.794752709,86.1231140928
168.726041398,86.0368489468
171.093350025,85.8038123268
175.270910189,86.0752134177
178.297093737,86.4255079732
182.709878247,86.7216473006
185.668320591,86.6267677211
188.278310745,86.4216430066
191.434496106,86.3529847982
192.483867021,87.1348486954
193.144926299,88.8394263521
193.228269983,89.7217703376
193.273924338,90.0587503543
192.843494262,90.3959327366
192.147988102,90.6109566422
190.924991503,90.9644040504
188.03887477,91.4563259779
186.03210625,91.5747165407
183.528912347,91.3930187618
182.428056461,91.0458090706
181.827221634,90.7465869731
181.31975048,90.4200710668
181.171228376,90.5832414198
180.627720337,91.1119793062
180.185931681,91.4241878104
179.484658189,91.8505290505
177.770579364,92.7291036338
175.862901968,93.5841005738
170.872874726,95.8639295767
166.82043047,97.1140424563
162.915923436,97.409246272
158.060325236,96.7883416051
155.77638469,95.9289337153
154.209607355,94.7934484618
154.124049586,94.438204511
154.626360413,94.3366836862
155.886408866,94.6009719544
156.694634676,94.7982362771
157.186102184,94.8656191269
157.110312082,94.8258115279
157.069683146,94.8321460057
157.040507554,94.9199805702
157.094790034,95.0226787386
157.254929242,95.0449860211
157.350550977,94.9510442253
157.399988079,94.8302969644
157.465589539,94.6602891798
157.543888292,94.5465744485
157.67330027,94.4084674999
157.966413327,94.252769371
158.171624254,94.142038722
158.296143882,94.1551613967
158.304287371,94.1597190316
158.250196085,94.1570943361
158.151565373,94.1241542853
158.106857047,94.1060865155
158.05539541,94.1167727803
158.061257973,94.118889329
158.100806496,94.0992385472
158.26746172,94.0498890165
158.361442499,94.0406880266
158.522126578,94.0557099487
158.584858174,94.0707958047
158.636332999,94.0710933831
158.640411487,94.0644051562
158.636289049,94.0588635061
158.617980095,94.047750723
158.577975354,94.0113380363
158.513450832,93.9517572244
158.386516796,93.8343273193
158.301132913,93.7714913999
158.2305508,93.723479003
158.186434905,93.7121966211
158.19393617,93.7266601024
158.203865639,93.7648425276
158.1903437,93.7730593143
158.120231311,93.8038018965
158.051132676,93.8227617962
158.005037689,93.8314325907
157.966922399,93.8573932975
157.968014105,93.8698904115
157.951358136,93.8840520474
