183.792274895,96.8481629026
183.793165792,97.4858418019
183.953100988,97.4127477065
184.031357779,97.3536458514
183.80314784,97.1001150309
183.492375764,96.8671708446
182.851068836,96.6286430921
182.350842345,96.5059222432
181.211435395,97.0341468201
179.08459779,98.0724807197
176.909395661,97.858267458
173.027408068,97.4517933424
170.480163445,97.277646331
168.31343114,97.2132107525
165.47924909,96.4404159086
163.480862853,96.4595008934
160.615718117,95.9714098721
159.221277831,96.1129035348
158.456837512,96.0254948574
156.983734573,96.4974743115
155.995954059,96.5690253683
153.303203528,96.7416823883
151.341999965,96.839263509
149.465441372,96.7208966992
147.169058917,96.5399280926
145.99866936,96.1389916617
144.257108118,95.6625184251
143.044970102,95.3754167837
143.286264188,95.4092160628
144.205433462,95.4753084539
144.503446422,94.8521124588
144.726776073,94.669562123
145.264123992,95.3898366538
145.376942606,95.6605080748
144.993828794,95.8815871905
144.876131517,96.1968217901
144.945452898,96.5934325472
145.428491343,97.0841488649
145.987232817,97.3449852753
148.056655069,98.2012273393
149.827438286,99.3969176611
151.712381909,100.753814098
154.145118778,102.878331631
155.814216932,104.192451079
160.266827077,104.975009381
163.72205301,105.15721292
166.748929052,105.708162738
170.485460444,105.990064048
172.626325288,105.916556188
175.819218883,105.896439483
178.399399016,105.782702611
181.372733683,105.377870399
185.720759271,105.560537112
188.248838243,105.542339848
191.384449802,105.153785157
193.280523013,104.515122481
194.821453853,103.998492428
196.962219601,103.191973532
198.767410508,102.792989596
203.146635362,102.388381893
208.440207838,101.76843975
215.229875429,101.55596671
226.951992407,102.02351796
234.386437035,103.36427928
244.105930097,105.658830304
248.785033267,107.073121296
252.328510263,108.135669695
255.537198911,110.383941953
257.908276075,111.196245793
261.44386705,111.085889714
266.926767137,111.98538903
270.492582346,113.278305371
275.987879216,115.695898122
280.474572734,116.613815657
285.728468775,117.156501121
294.654203566,117.844546869
300.849172068,118.209399995
309.792922333,118.299030158
315.593541084,117.516249824
321.061896746,116.506401789
329.073246794,113.705194475
334.220841951,111.272571475
341.109935739,107.557584839
344.643132925,105.095117828
347.428120082,102.508448068
350.727930906,99.3862807847
352.371957586,97.2922008245
354.471324325,94.1828324649
355.824547825,92.5197042075
356.684065635,91.3692057341
357.449248953,90.003649679
357.667657827,88.9796784054
358.031944969,87.3890874823
358.077736967,86.5598931488
358.021269665,85.6663249348
357.789618581,84.5090919027
356.970203997,84.2172218389
353.883251732,84.827975046
350.546811581,85.6052616938
347.234766558,86.0170762033
342.481297219,86.6132436426
340.098031172,86.9170588864
338.473877129,87.4193177498
336.781418813,88.4223457406
336.205631315,88.8325338242
335.478357503,89.0662559576
334.895077571,89.2947424164
334.73120078,89.6157552805
336.734479139,89.9018398657
339.187980687,90.3728143689
343.735393646,91.5103207348
346.371651838,92.5714639499
349.040998403,93.3132781516
353.921685636,94.0109975069
358.406785929,94.092660039
6.70047140539,94.5446850258
12.3008888824,94.9566630472
17.5643489473,95.48704213
24.2686399524,96.1932228895
27.9305642596,96.7170154693
32.713251244,97.4220870636
35.973277276,97.6208300738
39.673414568,97.7749607195
46.3106329821,98.289237999
51.0346223512,98.4893003352
59.4453905178,99.1103082722
66.2317582398,99.5172617976
73.7753238782,99.7367014421
85.8989850744,99.6726289348
94.1131877554,99.3520663536
105.562532287,98.8520843063
112.652666147,98.4121115419
118.714991853,98.1505755834
126.050433553,97.8780554364
130.174567379,97.7845976723
135.515891455,97.4565453465
138.600867282,97.2858429841
141.559121241,97.0569318426
145.30134856,96.8209931902
147.410594809,96.5559369799
150.464990073,95.7326828029
152.557558809,95.2413740102
154.526011885,94.8860357859
157.170785734,94.6999351586
158.532299741,94.58507565
159.827698102,94.2503308628
161.52276888,93.8430802602
162.406108038,93.2357519041
163.91273655,92.3983473919
164.866701792,91.8705276602
165.616042294,91.3754499966
166.174509714,90.5347115232
166.022450282,89.7930142949
165.388209426,88.7758556348
164.894164486,88.4004999644
164.31391139,88.1933765704
163.648297223,88.1979310998
163.295632026,88.2076469156
163.264525763,88.098502878
163.311149378,88.1380591983
163.523755291,88.2994467482
163.972109746,89.4171231852
163.982654664,90.4578691521
163.566354686,91.31606886
163.187218,91.2979824598
162.908605784,90.956929134
162.870577734,90.9356949093
163.008249964,90.9769411217
163.308875912,91.2322787943
163.472326936,91.6305896367
163.394291765,92.0533076476
163.295766762,92.4867508041
163.401151275,92.9267505955
163.692698387,93.8189990004
164.095149342,94.4487301718
164.516669593,95.1742755089
164.616634626,96.4807802273
164.7424212,96.9702622623
165.128931923,97.07882022
165.780114806,97.3457252514
166.312837057,97.6007774124
167.536498537,98.100787865
168.809846422,98.6347816366
170.41452499,99.2286100496
172.586470748,100.918212001
173.362673639,102.689258453
174.6144623,103.636971005
176.25935409,103.304642716
178.435368171,103.087290097
181.954499094,103.270695156
184.463502772,103.428617939
187.335225565,103.994641617
188.474824932,104.373222578
189.003289222,104.722787858
189.620922862,104.929491902
190.196026295,104.952376766
191.584151426,104.833298475
192.771843026,104.588302879
193.936475472,104.320148733
194.530740184,103.577822054
193.707137375,102.835342149
192.300553946,101.721125531
191.814909511,101.25566286
191.337325125,101.184899076
190.917161078,101.236104533
190.949159017,101.145485035
190.865935357,101.099572395
189.811760969,100.934756484
186.93346021,100.248870397
179.091048148,98.7996215294
173.904878868,98.0742394271
169.603625361,97.5771099509
165.019780211,97.3366836822
163.088924115,97.7184297849
161.121540932,98.0388313022
160.28139446,97.9591988883
159.593757342,97.7027848036
158.7254331,97.089512029
158.242168738,96.9253707655
157.600726688,96.9889625287
157.154973894,97.1844002772
156.682017444,97.2635072748
156.046545834,97.5138686409
155.566710942,97.6718187249
154.499446048,97.8699436889
153.691871597,97.5970962127
153.010386171,97.2635935556
151.84799794,96.9337104803
151.258573214,96.7902879295
150.710104889,96.5212037372
150.239893436,96.5325102997
149.744934942,96.6948909118
148.684824054,97.77505084
147.554784929,99.2362895929
145.359079365,100.707653921
143.829944211,100.992383245
142.136134114,101.203514135
139.522115343,101.433396715
137.733073453,101.46219971
135.454928845,101.54565312
134.169919647,101.771026072
132.960155488,102.24330093
130.65175345,102.924138324
128.51237823,103.626183802
125.950407638,104.440834937
121.474223097,106.151096914
118.556125522,107.19992292
114.223789152,109.270381602
111.374411816,110.452057589
108.445296409,111.110248663
103.683254164,111.088423485
99.5212214976,110.917089103
92.2134706011,109.597091793
86.6300908411,107.940328617
80.5043434094,105.765862135
69.8807093261,101.710071247
62.4745223701,99.0044355003
51.4965799818,95.9896525096
44.5531381114,94.6444339649
37.9763994594,93.8442483135
28.6483392717,92.9478262259
22.7203152681,92.5121010582
13.7385155429,92.2278459001
7.99644481638,91.9495363003
2.02246209587,92.0571017843
353.32854506,92.6504623326
348.009610216,93.0370660206
341.082394365,93.4638996754
336.927095881,93.8866405145
332.864232643,94.4210945865
326.614430025,95.1436735796
322.379295425,95.5990809665
318.009317301,96.029720756
311.667734175,96.6950346963
307.716749431,96.9353360039
301.948236214,97.3482150289
298.105569911,97.6767275991
292.567593855,97.9749424127
288.999825512,98.1429507096
285.683339161,98.5065745443
281.689003576,98.9376112419
280.32937353,99.3674724255
280.496033848,99.5632872839
284.415780532,99.909065352
290.157080544,99.9265508558
302.252591274,97.9827517198
308.52604892,96.6508123804
312.900514604,94.776515738
315.8996181,92.7523057802
316.044477301,91.4943250937
315.274507003,89.7698134812
314.601289531,88.7894417808
314.12395888,87.555925654
313.399516709,85.6570257784
313.004475148,84.4842613695
312.711929565,83.2701953795
312.516416432,82.7389917166
312.461535472,81.8360104759
312.549685824,81.1846589707
312.586300836,81.0940025498
312.636810336,81.0174201538
312.644056885,81.0150071743
313.033760895,80.7319822774
314.813742589,80.0928355848
317.479095446,78.8972315592
323.131434357,77.481736459
327.098201746,76.6719932295
331.203312943,75.9989225628
337.456674932,76.0717917347
341.391249919,76.7609182349
344.775425419,77.5055049045
348.577129794,77.970022363
350.469193056,78.4884923445
352.679630296,78.834907192
353.8615991,79.3693883442
355.465765184,80.7175072252
356.924482272,81.5469588612
358.495610731,82.4233806586
359.790741138,83.8206535043
0.272358499943,84.2498172494
0.722412388687,84.5080652416
1.7462267045,84.6761104483
2.95324798063,84.4758792368
5.84312876973,84.250171779
7.83067770701,83.85291237
9.97429149319,83.1209738316
13.311946722,82.387122707
16.0863755208,81.9911042042
21.2542653391,81.1840537354
25.6352624697,80.6546704711
30.6019707049,80.5292424864
37.5934470565,81.5162794654
41.5493961682,82.7464824447
45.5679179376,84.6077620984
47.9120386726,85.2545322734
51.3768373592,84.8409579178
57.4236097507,83.6323138592
60.1985418436,81.8690739465
61.4281976329,78.6865612258
61.7538779825,76.933363424
62.4084567548,75.4542051467
64.9805363695,73.8693976297
67.5347074326,72.7467509102
72.6907419583,71.3305302543
77.0204778734,70.5462880916
83.0839427714,69.7579686713
95.0422596959,69.1294249951
103.899169784,68.9071905219
111.938269805,69.0090662689
122.932624063,69.7077271383
129.044802205,70.8965803118
136.643387706,72.0978522255
141.505125588,72.6988628469
146.313928493,73.3674248709
153.254978993,74.3825629387
156.507196821,74.8472554661
160.453987144,75.9080357236
162.623292056,77.1073527127
164.556317464,78.6077846087
167.821667773,80.5053102357
169.990077968,82.3035002604
174.324606342,85.1615737568
178.488512001,87.0367815163
183.459454391,88.1047846211
192.477387351,88.8086661498
198.288075865,89.9184835491
204.765464209,90.7531076274
208.105296261,91.4117751182
210.988032189,92.0055899055
215.170422659,93.5778605041
218.338050353,94.6481469388
224.212155554,95.9312464402
229.020323815,96.9479400855
234.425306828,97.8397555118
242.601220466,99.4967640107
247.286616634,100.731886405
252.890839721,102.522530305
255.230984713,103.798076069
256.649080942,104.9809116
256.462269409,107.422869366
255.40606535,108.369313702
253.64228498,109.308968652
251.137645306,109.957401417
249.931593503,110.550165328
247.849352157,112.650511866
244.516116027,114.607874232
239.473974994,115.820175586
231.316672945,115.535777955
225.774876432,114.684564811
217.72783583,113.206481382
212.28480608,112.392452353
206.329406551,111.642402142
196.694289259,110.165646504
190.349195901,108.944490636
181.62735395,106.753991854
176.324661758,105.341681979
171.610605916,104.054817251
165.783974163,102.321305639
162.495756704,100.636234661
159.51334809,98.8732219837
155.228329442,97.4589855297
152.836379468,96.7397559265
149.91584407,95.5603073564
148.698388506,94.9313118905
146.990256156,94.6079548015
146.097386682,94.3177914157
145.500153453,94.0966889172
145.044144992,94.3220777803
145.166914478,94.4778670138
145.170234187,94.6373406639
145.451664819,94.704214019
146.328690171,95.002701722
148.463667519,95.2170266605
149.506349515,95.4723902401
149.900957386,95.8466125615
150.251344025,96.7676148965
150.224673097,97.6244816501
148.815501596,99.5444988393
146.907858312,101.129170632
141.55728421,103.992856789
136.563116312,105.646219962
131.468571664,106.85944706
125.359866559,107.640726019
123.248031061,108.165584094
122.992854827,108.404178091
124.982975206,107.149737385
125.985962802,106.973242666
127.753348691,107.447316112
129.841165136,107.111512297
132.29408888,106.821303903
137.410899835,105.743499725
142.815640611,104.980353661
151.484037548,104.531770311
156.707384374,103.90508962
161.458161837,102.96531819
167.10192869,100.905893321
169.880820852,99.0585365918
172.914554313,97.0143358978
174.356578961,95.8496682732
175.496332271,94.5666574701
176.914625948,92.4085252946
177.532763449,91.3053745109
178.26168614,90.2059667893
178.687860203,89.6890949554
178.9963522,89.3200641916
178.83244396,88.7611946832
178.10275565,88.1251547015
177.776203083,87.7835256063
177.267753577,87.3594737981
176.981681127,86.7367538038
176.623320579,86.3422593655
176.62086032,85.5790016661
176.845246757,85.1506385651
177.247312522,84.7250886802
177.64018644,84.6456981643
178.068107787,84.6857072891
178.077221525,84.4543652707
178.059706361,84.4798224424
177.779364778,84.6723627044
177.170724159,84.9624647266
176.111558735,84.4418084596
175.504876488,84.4112577258
175.20520119,84.7339886441
174.762410021,84.9489607627
174.854205761,84.9594441946
175.027197728,85.0031269368
175.28068438,85.0380225436
175.396796587,84.8516600114
174.983249294,84.1866242563
174.28874993,83.8703074379
173.222742932,82.9438201776
173.018739258,82.5440603349
172.916121536,82.4023249683
172.85507347,82.2699679271
173.087820223,82.2973116005
173.940238031,82.7060432162
175.021149163,83.1059407344
176.548873146,83.5418055332
178.867088197,84.4475169968
180.405243824,84.1306760184
182.331755434,82.8811947983
183.310255597,83.336012784
183.844116346,84.4724912987
184.303678781,85.4454644323
184.478800676,85.6721993873
185.06784087,85.2569380994
186.326040727,85.6580344999
187.226391437,87.2566039669
188.451670338,90.8919978012
189.121239116,92.3561095622
189.425946241,92.7180209665
189.311209653,93.5107837737
188.735952952,93.983593991
187.433989288,93.6177983041
186.881866383,92.7880025127
186.618167649,91.8427874093
186.881786817,90.7486255119
187.456351943,90.3819634177
188.65244371,90.2685719804
189.59209523,89.6908745854
190.423992392,89.0470713221
191.239277604,89.0098941532
191.445171661,89.117081847
191.261290085,88.7792249088
190.986758128,88.1597943211
190.868950161,87.5824141976
190.83083767,87.4503640489
190.819648612,87.4472300688
191.041088418,87.1666579621
191.365737808,87.0509914473
191.933978178,87.2273342427
192.938315282,87.8285361178
193.783428411,88.3221810019
194.865789741,89.2961052512
195.551525051,89.5167439325
196.23940778,89.0562667297
196.902214397,88.3664037626
197.052837793,87.8092392925
197.072482872,87.4457876156
196.869126118,87.4674162864
196.697391438,87.5933551136
196.609187685,87.7919344508
196.590033851,87.9081149291
196.711398874,88.164296696
196.825974523,88.4959563225
196.871981841,88.9152887388
196.806451488,89.3877581013
196.735142091,89.5722949123
196.726715748,89.4905958208
197.273821418,88.9797989298
197.832541786,88.855628258
198.724383791,88.7591948859
199.402753707,88.4769075083
200.142624722,88.2026336765
200.86529697,88.1231820916
201.05630476,88.22382608
201.012216469,88.5875457589
200.720777376,88.6186559095
200.32822861,88.5942414306
199.470040727,88.7191931325
198.755858731,88.7546362106
197.70342804,89.0492670449
196.732414978,89.5036609387
195.253784586,90.1943261318
191.428653035,92.1413793144
187.235376182,94.1037701199
178.528173581,97.5887820985
171.400052001,99.7839484648
164.387315638,100.860955871
154.588233827,101.947817928
149.444422018,101.978395063
143.606703208,102.470238071
140.203182072,103.122259148
137.712151631,103.327899894
135.590716358,103.903412921
135.053888745,104.403148732
134.947143352,104.808569179
135.231314631,104.924354419
135.388785114,104.953022487
135.64763197,104.855635557
135.814350866,104.555898072
136.024148763,104.28534375
136.190124762,103.901678372
136.344648002,103.534865879
136.843516433,102.852836923
137.715402721,102.440984719
139.419426319,102.045473389
144.159660706,101.409582636
149.651791314,100.865603096
160.20707134,100.535250542
167.911520333,100.395729669
175.755237405,100.235827801
186.737051214,100.079083162
193.008464283,100.001813786
200.623881829,99.6426146162
204.323346197,99.5597978282
207.158230988,100.065858171
209.975432727,100.949722165
210.936602596,101.426954087
211.574288026,101.898635565
211.236954358,102.042244889
210.214503773,102.233574673
207.903895907,102.225317805
206.461993399,102.139718863
205.577049644,101.917621684
205.79159462,101.971112841
205.847873801,102.062556584
205.90403371,102.170738504
205.933635205,102.249293452
205.499900644,102.474699595
203.627808475,102.987439016
201.199518788,103.544826831
196.510104281,104.325390419
193.29849029,104.512195091
189.995864971,104.701761659
185.149735657,105.059879021
182.041240846,105.271471943
177.770929656,105.618830315
175.118418106,105.687201351
172.502060377,105.529535924
168.451008132,105.411380592
165.596577771,105.44588342
161.109984752,105.724729899
158.122914976,105.745839178
155.268478853,105.661910709
151.875705436,105.595090002
150.234369688,105.693864566
148.247314166,106.10580671
147.163133148,106.143429964
146.227998499,106.00339477
144.957938321,106.091282026
144.45535388,106.204158441
144.189955353,106.312323468
144.043387155,106.37425509
143.771067978,106.24219001
143.319139498,105.815324772
143.103320108,105.544075924
142.869291622,104.963382632
142.818874151,104.333805829
142.874912734,103.335185268
142.622113723,101.282838848
142.533861715,99.9582262589
143.260759871,98.1125317132
144.227879781,97.1737901637
145.341509396,96.7384829446
147.090232373,96.4919422155
148.302359041,96.54951168
149.722657628,96.4081088144
151.883930266,96.183893907
153.459838864,96.1544432647
156.950077334,96.0463462032
160.566072918,96.0790445795
168.200400375,96.8294335504
175.138928759,97.6001496224
183.029464769,98.38945132
195.139261673,99.2168613024
202.78865729,99.831787133
210.092375168,100.530868092
220.994821935,101.14169669
228.249550252,101.566903357
238.878474286,102.209718776
245.585449404,102.683063723
251.535003153,103.342715726
259.313376329,104.095742962
263.819376758,104.382025681
270.428067844,104.475400968
274.850732473,104.412063567
279.465863206,104.360153119
286.179478711,104.2286279
290.631603355,104.240214746
297.280291734,103.944191396
301.605344178,103.725118485
305.94628463,103.254917594
313.02281347,102.447115513
317.714278786,101.697680266
324.082777609,100.951299139
327.201034398,100.399348487
329.670233252,99.5169017688
332.742235017,98.9738232866
334.531429864,98.5593020382
336.24278437,97.9416365567
338.753032771,97.4852016628
340.009030599,97.2349748809
342.124194678,97.0684736765
343.523232966,96.9840165204
345.028219246,96.4385538719
345.589854144,95.7002720824
345.92135503,95.4565326139
346.440029575,94.8154033694
347.275384226,94.6553002423
348.657539547,94.8485339548
350.765957328,95.0355316575
351.674599296,94.8021400099
352.332867058,94.9345303055
352.096935607,94.9011800741
351.782920307,95.0561815407
350.826547906,95.4714757706
350.437297032,95.4708902273
349.942936105,94.9526365095
349.852448422,94.7755366031
349.61512598,94.4681122694
349.613788103,93.7436394392
349.665946278,93.4269952262
350.154595607,93.0335453574
350.490486871,92.7193047646
350.753304361,92.5492534453
350.950531937,92.4326974252
351.06627649,92.3251545818
351.177230286,92.3768189849
351.209401182,92.4752968755
351.23456118,92.6231530562
351.348835829,92.8008340275
351.495451658,92.963620273
352.067551136,93.4978380554
352.731066912,93.9400744803
353.58726064,94.3364656079
354.963240334,94.8237329751
355.774254177,95.0997299437
356.606046704,95.3033470799
356.87689332,95.3090404739
357.048155944,95.2401570797
357.204327778,95.1138296875
357.290657932,94.9737396454
357.382507309,94.6270465782
357.621476926,94.0311251566
357.715163674,93.7478649943
357.849895828,93.2637075521
357.927487066,92.9056698258
358.096650694,92.6465183785
358.434445147,92.4919588712
358.756339216,92.3158156391
359.346778699,92.1791204824
359.53037076,92.197033512
359.623289329,92.1744993217
359.681590704,91.9710409854
359.745003173,91.8226711054
359.936586132,91.655382125
0.102524973884,91.5062480781
0.288372011415,91.4768156109
0.595382548474,91.7774973865
0.675445688332,92.0782266817
0.702545733178,92.1651996529
0.709224300552,92.0793690359
0.747739067278,91.9576031127
0.951134024186,91.782670143
1.17184449905,91.7997026378
1.6990880618,91.971663354
2.07379712272,92.1802200831
2.45795037245,92.3798771252
2.8811693285,92.3742361826
3.09559877072,92.3217633755
3.23465367381,92.1920202175
3.27695295684,91.9536031125
3.21633071729,91.9153782068
2.91144224173,91.9280399608
2.65658579015,91.8588182868
2.43263776054,91.7719177687
2.33762606529,91.7379739588
2.3293350016,91.7338240326
2.42609022346,91.8178778526
2.52289763834,91.8734839013
2.58067650149,91.9242927216
2.59995569993,91.9796205696
2.59392918431,92.0061378867
2.49206239167,92.0457397912
2.42494784359,92.0494446011
2.3136784033,92.0644095535
2.20565466922,92.0785041117
2.14266097397,92.0984888949
2.08173765599,92.12719217
2.05418261619,92.1403501911
2.02559707398,92.159573446
1.99266985699,92.2127932057
1.96082873708,92.2358777153
1.90722359588,92.2366778882
1.90745610559,92.2751022146
1.93669338786,92.340115286
1.98829871499,92.4262624739
2.00336333273,92.4712738935
1.99969418721,92.5179505319
1.98917938436,92.5448242662
1.97696513196,92.5722748851
1.95415590559,92.6097521508
1.94923090018,92.6153054594
1.96714463478,92.5911102019
2.00418535699,92.5716066857
2.0749457209,92.5589545508
2.18083408654,92.5442629059
2.25481880997,92.5267766419
2.31767862904,92.5157005498
2.35549739757,92.493648826
2.36959632645,92.4777203776
2.3895352795,92.3943912043
2.41201552725,92.3721189819
2.44644618378,92.3576935091
2.46147672829,92.3444407388
2.43370970556,92.3370837532
2.37405054676,92.3466633552
2.33971625372,92.3478831864
2.3230124129,92.3550056074
2.30528407083,92.3817839207
2.29333932804,92.3889176521
2.23478318977,92.3894205401
2.15022827566,92.398370815
2.04878104283,92.4341490932
1.83218990533,92.5229520072
1.71995891638,92.5681802334
1.57922737491,92.6289742304
1.49241939479,92.6755609154
1.44795097721,92.7215296125
1.34643436091,92.7233255218
1.29028253346,92.7362227238
1.23605828672,92.7895737852
1.19696656123,92.8226599615
1.15375704652,92.8587946846
1.10671439258,92.8986193589
1.08765067383,92.913199752
1.11753427885,92.9798619004
1.62074749721,93.0652116295
2.32754557304,92.81941946
2.96654420538,92.4703983072
3.8493279605,91.9973041484
4.64928202728,91.8189781914
5.20648323266,91.7144545281
5.82426323994,91.5147344698
7.23311571588,90.7211389163
8.69278975795,89.9433413017
11.7001963914,88.8701018314
13.9046888839,88.0921530073
16.0317779508,87.2628192214
18.3306713203,86.8813735261
19.334775496,86.7836051678
19.7749511925,86.4894046737
19.636314159,86.2007041476
19.2859858915,86.1372329239
18.6738849628,86.1962276841
18.4284613475,86.309748329
18.4054177739,86.6171901666
18.5401294134,87.2581172887
18.6953320004,87.5465587471
18.8522837003,87.8700018613
18.6936478551,88.2609913005
18.3570272872,88.630851665
17.6419615971,89.2443946702
17.1236254459,89.6680130551
16.652564624,90.0555722985
16.101631582,90.4333224443
15.7412849516,90.5404309623
15.2076698478,90.60507331
14.8585418352,90.5750814306
14.5770420079,90.6027151893
14.5269579949,90.5797131784
14.4322612855,90.5437807908
14.2370056031,90.4641252145
14.0224534752,90.344008095
13.7750868895,90.1839914639
13.2974253881,90.0708024195
13.1580515182,90.0473977736
12.9898578529,89.9921198697
12.9510336214,89.9235132651
12.9562342143,89.825425061
13.0040285654,89.6799467696
12.9627734985,89.5781736781
12.7730274769,89.5244168145
12.5109206782,89.5938728797
12.2269680042,89.6535743866
11.8209790212,89.5625065122
11.5832499844,89.443303121
11.2764194684,89.528848546
11.0915403348,89.60674013
10.9043134373,89.6729013378
10.5665748671,89.782357608
10.2941570941,89.844764946
9.77900489691,89.8289481574
9.3716211112,89.848837217
8.9072209179,89.9161388273
8.05500831715,90.0448833139
7.35744776712,90.1231167791
6.31643699227,90.1096989669
5.65960456326,89.9395166603
5.00859503099,89.8020359392
4.25160116265,89.6132472861
3.83802952098,89.6938898944
3.29428493071,89.8119228713
2.85960504144,89.9081271801
2.49721239073,89.9487101166
2.05231907326,89.838082393
1.88651819146,89.8156454206
1.76494630423,89.8551530881
1.53685116485,89.9577504348
1.26360534636,90.0692151531
0.692830306716,89.9479611913
0.352570007221,89.7642298634
359.691110083,89.643390551
359.242183581,89.6590904191
358.846075864,89.7009992794
358.29810461,89.6995900781
357.996914451,89.8138237327
357.526913693,90.0001281589
357.216017584,89.9178106771
356.970937662,89.8197881027
356.606884456,89.7951867814
356.360111765,89.8641450982
356.290131711,89.9664047984
356.248127765,90.1391027345
356.19487355,90.2557401886
355.871632121,90.5996715415
355.572102457,90.7430500162
355.302777732,90.880278534
354.993182948,91.0615580222
354.945360074,91.0498234497
354.889494094,91.1265880936
354.888751448,91.1711911683
354.88591944,91.1689583643
354.981652256,90.9796025445
355.269890061,90.7870639986
355.738678117,90.3661094725
355.798095273,90.0715348721
355.643371121,89.8297594297
355.557687439,89.634282252
355.545119066,89.4909919004
355.609346309,89.316567302
355.788403819,89.1732659674
356.066285515,88.988224717
356.577804756,88.76650322
356.976007568,88.6475356175
357.490542008,88.5316530767
357.742509492,88.5583640791
357.99094774,88.5764578057
358.177011365,88.636934234
358.305316794,88.7100570851
358.47896543,88.793959435
358.65846984,88.8889551161
358.906983915,89.0488709099
359.247677086,89.35928229
359.36900175,89.5151915043
359.533422051,89.6930409788
359.72961183,89.9093752269
359.898510259,90.0892447009
0.045871724712,90.2745068692
0.109657147361,90.4435014125
0.194635206275,90.6340084682
0.333107733292,90.9244165136
0.39584807863,91.0826254344
0.526199273822,91.2895087631
0.616119773819,91.3654525777
0.712334662104,91.4481243159
0.879024348114,91.554303889
0.996529446803,91.6284746387
1.22723450749,91.7447799387
1.33741163927,91.7883483642
1.4734057726,91.85873025
1.61585095062,91.9611539779
1.6824981101,91.9830459872
1.78839593184,91.9746715384
1.85606410783,91.9705928863
1.92894339399,91.9907324748
2.00820229534,92.0276439998
2.05511656777,92.0728558111
2.07640492121,92.1117420229
2.08279582023,92.1097700711
2.07779579861,92.0968937061
2.05970769806,92.0546956595
2.05503750074,92.0116919541
2.09002103518,91.903138346
2.13272012414,91.8278544495
2.16742444765,91.7601596416
2.19058226441,91.6871872662
2.19314517625,91.6441830636
2.1648452747,91.5904025198
2.13815791818,91.553077537
2.1346737263,91.5715644463
2.13842185462,91.6974215624
2.15314357259,91.7045916702
2.17921231346,91.6570478134
2.2490621483,91.5684436749
2.31636018611,91.5437386819
2.47647717876,91.4647169681
2.64111740046,91.3685954348
2.90453870534,91.2106353279
3.34807837049,90.91538081
3.73142104135,90.769184981
4.13331330334,90.7242520258
4.45106548699,90.7429084315
4.73758972442,90.7610055892
5.36729943721,90.5362853947
5.76009478011,90.3339904344
6.44301478482,90.0819343625
6.93861138129,90.0287937685
7.52835367422,90.0948281972
8.53956898502,90.2648875248
9.30776032111,90.4582364606
10.4689922232,90.683026441
11.2081285033,90.65386273
11.8934649879,90.6670119337
12.6508230489,90.7050046471
13.0520134679,90.6875971307
13.6103762793,90.6220890614
13.7926717303,90.5348689777
14.0260281331,90.4064776647
14.4118544843,90.1929395917
14.7385724284,89.9743401536
15.1470359909,89.8031390862
15.7908871873,89.6399934701
16.3330846248,89.6983390073
17.0806456839,89.5556246899
17.3474819725,89.4257416183
17.4687714912,89.2601837652
17.3546683621,89.1428307201
17.3251703972,89.2641456671
17.3975383506,89.5139638066
17.4119345821,89.759489931
17.5507041436,89.9475741321
18.0181025924,90.0843647885
18.3007335914,90.1222568267
18.7453793733,90.1230705169
19.0803384639,90.1792558361
19.4751330129,90.3107081585
20.0653625131,90.4117098564
20.4834220822,90.455238951
21.1612605282,90.4495461342
21.5467620324,90.4733238312
21.9674184978,90.4423719375
22.6954024031,90.4019246709
23.205181959,90.3219088359
24.109849895,90.1669881372
24.7910308812,90.0083099461
25.4670088467,89.711218141
26.5170404416,89.1975561751
27.1184422371,88.7858016308
27.7902508026,88.2813181536
28.0500773336,87.7661900367
28.216485958,87.1453392226
28.6866793757,86.5106726518
29.0544575501,86.4439372826
29.5768833909,86.3088636476
30.3839387293,86.2350403615
31.1445362644,86.325949182
32.3595225986,86.4836801784
33.3013834052,86.660350579
34.3183514248,86.80925286
36.1196286907,87.152097401
37.3269188055,87.5745945559
39.3086336613,88.4666379525
40.6554833255,89.0766648381
41.837798618,89.5374743792
43.3081898167,89.8393058505
44.2323362642,89.5558676554
45.8060519324,89.3164520044
46.9536929203,89.173175217
48.2709052677,88.9173227971
50.6159597257,88.5212285151
52.9276634334,88.1299372253
57.6870779676,87.8073984405
60.844905716,87.3810364676
63.2792781997,87.1469050438
65.8177701266,87.1138750773
67.1429848747,87.1805563789
69.1796464885,87.3523622176
70.7635176754,87.5621463023
72.6155720889,87.8236621169
75.5307110308,88.1613358244
77.6676446539,88.4573461295
81.1870063377,89.0946485994
83.7581405336,89.4370183254
86.4734425871,89.7055934675
90.8922610182,90.0705595812
94.0092356256,90.3663567618
98.7651332538,90.8070473302
102.245025729,91.2083887915
106.041079378,91.7906565785
112.152486861,92.9282992652
115.977655662,93.7030478984
119.49569174,94.5711445064
123.697990148,95.8028740478
125.985158524,96.656792133
128.434416482,97.8152788358
129.596155548,98.6039903426
130.525935437,99.3231632293
131.810858805,100.330118084
132.871601475,100.910305417
135.043092479,101.815325664
136.712910647,102.381798374
138.257355027,102.81511361
140.164700852,103.407940143
141.277679424,103.721414333
142.922948293,104.106517084
144.224250196,104.28158149
145.693553052,104.364298489
148.035017649,104.224794249
149.352990628,103.989882861
150.665744702,103.478951216
151.353241049,103.094151671
152.092307575,102.698017054
153.456883686,102.238832813
154.495864978,102.044216884
155.439935714,101.918963183
156.687327938,101.702345214
157.436044118,101.514987945
158.439509872,101.172852157
158.985894786,100.969933716
159.449923305,100.768978379
159.82855922,100.526880831
159.83390957,100.52161975
159.699031037,100.477438072
159.511829469,100.533064623
159.167707982,100.401404189
158.363808915,100.13526474
156.762395482,99.853569514
153.513682958,99.5789195639
151.391683436,99.4887372354
149.713527126,99.5622437545
148.061013536,99.6197421515
147.472601663,99.6078084397
146.825343478,99.5614838119
146.254819925,99.4868622446
145.670166031,99.4260869847
144.815315276,99.3351708883
144.284442558,99.3291583192
143.434536104,99.4463635018
142.872172254,99.5499558966
142.341579427,99.7708331353
141.6020946,100.107278954
141.073073841,100.356412726
140.05242781,100.37936798
139.234312232,100.190135678
138.408377967,99.9557064551
137.186465347,99.6389097766
136.326233969,99.4043778588
134.983225662,99.1106414493
134.04405624,98.9211174874
133.123952377,98.6829694728
131.942450239,98.0857162198
131.641177795,97.458815282
131.528095176,96.6997527949
131.389480576,94.9255609964
131.355954101,93.7882806229
131.684695525,92.4582378063
132.084686269,91.7705237922
133.041940832,91.1557444641
133.597893847,90.9092159262
133.886384405,90.4078952797
134.007909206,88.9978471261
134.01162903,88.2041935784
134.08606484,87.0320121814
134.087271649,86.5208147589
133.9638459,86.3056268031
133.440874137,86.0257082687
132.836437755,85.8617397107
132.14539356,85.7445140647
131.291721971,85.7967575087
130.733163432,85.9816649085
129.953094825,86.0367234566
129.33492511,86.0677787142
128.700985806,85.7332680952
127.95745682,85.1088142462
128.080091486,85.6594111976
128.56597507,87.6189338714
128.896363041,89.0040159924
129.103069501,90.0714974417
129.006180024,91.0578693709
128.724161125,91.5149082956
127.623713245,92.123933397
126.258132423,92.5653938615
124.169502828,93.2006757338
119.600147744,94.6030747589
115.397633705,95.7979023593
106.25577599,96.8893193545
98.2490587997,96.945359378
89.1283459692,96.6185869259
72.7200776421,95.0764906992
60.8655752733,93.7475572602
44.3305388015,91.5865035372
34.4017165285,90.4956290948
25.7426418354,89.907773277
15.3977724245,90.5443722942
10.2712824102,91.2610002071
5.09157789788,92.479435414
2.89141932,93.0984255508
1.38818039875,93.4971693234
359.241852251,93.9684624726
358.147769955,94.208667669
357.133471284,94.6323862613
355.571870419,95.2424018858
354.151212368,95.4704818388
351.828004671,95.4830769982
350.408927027,95.2773565137
349.103500281,95.0928914807
347.449240113,95.1442091996
346.552958796,95.1889011572
345.202545124,95.296202167
344.382959819,95.2852146425
343.906877335,95.2108000835
344.406920847,95.3297028795
346.124990155,95.7594528654
349.988331652,96.3231307352
352.355373401,96.6673399712
353.812867899,97.2173485039
354.3363346,97.1547472041
354.203940028,96.8012817567
353.97950217,96.5487100254
354.110773615,96.3785139156
354.391144989,96.4632505909
355.408934043,96.5182737124
356.313076443,96.6825184819
358.184499334,96.7602270243
359.966716037,96.8367525863
2.24513535741,96.9588782019
6.78234455559,96.9371091341
10.42427883,97.2134232104
14.712003249,97.5616363522
22.8125944148,98.3258537523
29.5241930656,98.7332313233
40.9408828416,99.4083540972
49.0006696423,99.7927941698
61.2280085049,100.221853312
69.5580415009,100.211808545
77.6783387708,100.387856617
89.4033663469,100.885648538
96.6723837753,101.202950663
103.0979961,101.476948646
111.367811778,101.836577865
116.116213352,101.841297623
122.194341969,102.156204976
125.430277051,102.520426746
128.230555186,102.66862457
131.970508955,102.460345837
134.456298412,102.070187369
138.321976393,101.55151782
140.700831557,101.35302983
142.956207499,101.230882788
145.955725583,101.071675393
148.069542767,100.736721254
150.996361625,100.368503039
153.186107215,99.8695153064
155.36596364,99.565017235
158.319861728,99.3762211829
159.830968174,99.3241114861
161.068654643,99.2045682356
162.566626682,99.1690271105
163.327055155,99.4174686528
164.470318186,99.8959165867
165.406592854,99.9710369763
166.296878059,99.9464716835
167.675084766,99.6993636817
168.778365116,99.548573291
170.764609492,99.2986473661
172.394015137,99.2262729541
174.238644458,99.077758986
176.868139561,98.3600732454
178.479880875,97.8283894919
180.56611323,97.4100140035
182.175928927,97.221025943
184.017923329,97.3019713799
187.051465588,97.6410240599
188.69939083,97.9175185708
190.413848955,97.7794092385
190.91686868,97.5039869757
190.937638657,97.268115327
189.85363141,96.9894465833
187.932205127,96.732905923
182.613722089,96.0287316768
177.693639556,95.3566768923
172.110548107,94.6772177807
163.091654158,93.8323702628
156.932935542,93.3315843035
148.252265148,92.6411099394
143.144992681,92.2689714047
139.015806586,91.7124750958
134.954511421,90.6675426725
133.200942426,90.1046505263
132.140154241,89.1585869987
130.977345917,87.691282042
130.330483293,86.2303732113
129.461341574,83.7008915538
128.825596263,82.1118761468
127.953038604,80.2432775592
127.580579702,79.8627496987
127.510304655,79.8338958411
127.697790848,80.106587082
127.907887973,80.1511706333
128.119759303,80.0666522833
128.489925182,79.9849062345
128.58497948,79.9083397031
128.727125167,79.9220609235
128.738552293,80.0095251487
128.736000249,80.2234057788
128.715443269,81.1844987306
128.725761721,81.9431380514
128.471063075,82.57897448
128.166855725,82.7731751575
127.812700748,82.7707379004
127.441621387,82.5513798099
127.263531985,82.4777140354
127.085886246,82.5473078259
127.026453519,82.6967289093
127.02030061,83.1121034937
127.380421185,84.1539804956
127.815602993,84.7982198134
128.83682191,84.8497908173
129.664780646,85.0583930601
130.422358208,85.3880751201
131.533334838,85.8924962715
132.272491914,86.2335032198
133.353627365,86.553771344
134.035240465,86.5249327367
134.634144944,86.1842428667
135.269914008,85.6176752737
135.577016917,85.4247953103
135.986396636,85.174296446
136.223071234,85.0548926509
136.470863732,85.0424226389
136.83460315,85.1606898656
137.018415398,85.263373668
137.154901123,85.3641861429
137.14596595,85.368751008
137.12543218,85.3910605856
137.02928931,85.40102723
136.937818302,85.428975663
136.650463431,85.5290309131
136.343571981,85.5795865312
135.93976664,85.657077423
135.420833643,85.6851249525
135.120767601,85.74682788
134.938177266,85.8516574847
134.717098647,85.9896651224
134.647926378,86.1063422936
134.476563535,86.1804003115
134.304323014,86.2312635035
134.050867808,86.3086415703
133.535141739,86.4170563321
133.187494135,86.5183172682
132.779199968,86.5780623041
132.519562236,86.6087010755
132.268397933,86.5856463953
131.829014027,86.4052472519
131.395295293,86.2213542793
130.580923911,85.9164594271
129.968782403,85.7885042799
129.407227352,85.6424753742
128.620768768,85.3776921824
128.120720782,85.3044720766
127.276552557,85.0965727413
126.595840526,84.8587781201
125.922944183,84.5962178618
125.1231121,84.2723337533
124.863792111,84.0780396116
124.824859376,83.9583760944
124.340038848,83.5280738057
123.768904307,83.1435364069
122.367562001,82.5114227859
120.879059291,82.3000852304
118.031534812,81.9894142674
115.958005736,81.9094604402
113.96042662,81.9435414279
111.374650217,81.9659955076
110.029427316,82.0753592552
109.04547914,82.1476618528
108.306152931,82.5012063753
108.029771861,82.8035158267
107.723522784,82.9352495841
107.544266932,82.9547694787
107.450257888,83.1053042843
107.900772612,83.5759059017
108.268790755,84.1047296226
108.164423497,84.8736202336
107.65277421,85.4285080561
106.546647285,86.1056934393
105.769732362,86.3579402479
105.433766363,86.8296029
106.45395539,87.9297323356
108.696691264,89.2451761808
111.785859717,90.5494750661
116.961997971,92.1922551682
120.124763012,93.1458721002
123.877296828,94.3069021096
125.577357575,94.8912593421
126.744584007,95.569184649
127.520496103,96.2750045954
128.037697105,96.739168731
128.284661968,97.3908932114
128.661102438,97.940071032
129.073731812,97.9822065073
129.65105082,98.0305976578
129.945895997,98.2785619022
130.265521065,98.6073462796
130.735449402,99.0728956934
130.80024421,99.3603374273
130.759836378,99.5085027482
130.898997016,99.5988489903
130.721245602,100.067643431
130.258164429,100.26347326
129.56055076,100.377676588
127.907403313,100.78847517
126.676274427,101.046658047
125.353220324,101.524128566
123.667709998,102.01055717
122.848345807,102.128460063
122.10788301,102.568831818
121.756617882,102.945277435
121.458283142,103.240541486
121.071277744,103.457466071
120.755672339,103.552083541
120.039649857,103.481716067
119.679811156,103.218575314
119.320912613,103.166800747
118.395742164,103.155654208
117.791353222,102.977560087
116.789798595,102.93272819
115.908150049,102.866191171
114.961901088,102.612817543
113.800439713,101.918288115
113.838767822,101.37884949
114.121340588,101.175543969
114.157969303,101.148470134
113.477692519,101.161776089
110.74995594,101.300590609
107.829687507,101.224003438
102.372222108,101.004800314
97.5817730691,100.449718909
91.4927770038,99.6347249666
79.6260487425,98.3395877144
70.8421828516,97.2180776692
56.8200827676,95.7849150157
47.1569213585,94.8276763717
37.4977398999,94.2892256943
23.8650336774,94.0296667785
16.0175944699,94.0581742938
9.4878027427,94.200163274
2.61978567869,94.6858589032
359.844808508,95.1288047668
357.735113038,95.5545532921
357.079791748,95.7940606219
356.787705234,95.9302933153
356.572578364,96.1147939122
356.170136198,96.0860944822
354.842963572,96.0047560829
353.933763094,96.0576487217
353.269117545,96.2037499544
352.535920962,96.5901284957
352.032155953,96.7251842092
351.854168641,97.0224816233
352.267009919,97.4045482269
352.924222066,97.911090511
353.879130866,98.7309921096
354.190111538,99.1352304848
354.295752944,99.268886343
354.375921053,99.2221212477
354.414551858,99.2808085658
354.361229099,99.3732705249
354.427773175,99.5672543036
354.393784589,100.147434465
354.064690577,100.489409005
353.627378227,100.377557096
352.621310456,100.089831156
351.896182041,99.9456375161
351.255033679,99.8085294505
350.651041589,99.6188069749
350.549700625,99.5104003547
350.691419792,99.4141728
350.79916615,99.360720538
350.83969471,99.2644460852
350.692427674,98.6529679149
350.621208657,98.1532367633
350.342647278,97.6603778678
350.139449678,97.2765131582
349.982363836,96.9143047677
349.725452134,96.4382565137
349.651923131,96.1371248057
349.617073033,95.6866486998
349.578776065,95.465781754
349.517392141,95.2985510566
349.392099451,94.7680560668
349.308087005,94.3891096646
349.281783193,93.6581838483
349.289816009,93.2435335107
349.336845606,92.9127955431
349.468877128,92.42979335
349.590214233,92.2340526952
349.692295218,92.0817475567
349.799481171,91.9682423956
349.889778192,91.8428440201
349.95732829,91.7614759994
349.994789836,91.7176622828
350.015647268,91.6913163187
349.982830591,91.7218829889
349.937104309,91.7609622051
349.848267708,91.8433973484
349.809892373,91.9047895638
349.83260236,91.9889399192
349.865309088,92.0414796787
349.894010788,92.0972688463
350.018846001,92.2236607095
350.157343495,92.3338578301
350.400427465,92.5337818149
350.529059225,92.6759172002
350.659270825,92.812668023
350.720786801,93.0417450943
350.709662846,93.2857613138
350.611468049,93.5972878168
350.449635668,94.0512823371
350.277806231,94.2187812024
349.810714255,94.5620023645
349.242235421,94.7980720442
348.424833665,94.8920336154
346.672503908,94.851112691
345.135211355,94.7682378566
342.455480551,94.6982168729
340.695292843,94.7027185593
339.156916677,94.6428528947
337.419876124,94.5078033529
336.635554873,94.4003615072
335.935735751,94.1967926794
335.75075647,94.0372850692
335.837026577,93.940652998
336.408734261,93.7567013992
337.407723849,93.7044718523
338.961426383,93.594256808
339.858645205,93.4310372131
340.712359916,93.283924551
341.863977301,93.125385273
342.582161924,93.0320319137
