179.237994169,89.5027353098
179.28906367,89.7227031681
179.330074623,89.6012070373
179.40446646,89.5445417984
179.575322737,89.4646965726
179.644692141,89.4139797309
179.669422685,89.363057184
179.510080737,89.2580052529
179.289736978,89.2232900624
178.673270478,89.2705000798
178.193928911,89.2687389574
177.6830317,89.3092675401
176.79608865,89.3110518822
176.087779345,89.3428926361
175.375885018,89.3414808054
174.06618199,89.2654908467
173.098199727,89.2125553198
171.54120547,89.1303318811
170.582064347,89.0810584805
169.72877464,89.1377191795
168.670412812,89.2850141686
168.184450474,89.4605072732
167.662691804,89.6390955433
167.352041169,89.7328684279
167.090823977,89.8069611128
166.804703081,89.8386762321
166.673905443,89.8539882836
166.511030926,89.8821107345
166.488030406,89.9241935043
166.529738728,89.9942359983
166.668184619,90.1218048917
166.715653008,90.1829825407
166.728442262,90.2373674025
166.65573799,90.2500069601
166.5409938,90.2770206442
166.371301466,90.3314349825
166.263201718,90.3817536646
166.129691631,90.425473777
166.033498301,90.4426043155
165.9729673,90.4353133855
165.815005018,90.4194333576
165.70401488,90.3945981731
165.515701256,90.3741947314
165.158817065,90.3541620537
164.712804383,90.3536269124
163.811652204,90.3676582965
162.992663471,90.3269985818
161.886568346,90.3132343004
159.773721271,90.2310556811
158.259525365,90.0645253311
156.005721066,89.868996848
154.715008675,89.7791054045
153.547248244,89.6812730272
152.143228467,89.5748854603
151.404766507,89.5919969671
150.635431418,89.6572886073
150.259052134,89.7284251735
150.121571573,89.7680996175
149.957796708,89.8805358961
149.913264277,89.9353953119
149.919538469,89.9849467072
149.962091445,90.0027468536
149.980823145,90.0069281392
149.966313671,90.0173371749
149.914476184,90.0503790235
149.897873613,90.0525771976
149.972359984,90.1039481733
150.066511423,90.1507121794
150.272843307,90.2065969151
150.379760762,90.2257406291
150.544810556,90.2433042188
150.64865157,90.2345790236
150.776940341,90.2320922458
150.949026218,90.2271414657
151.070698806,90.220718774
151.213448233,90.2519490031
151.272970171,90.2769648283
151.293149957,90.2972881842
151.290485592,90.3276221764
151.268847984,90.3340464444
151.244062695,90.3501503268
151.17891723,90.3625379965
151.137601864,90.3655874036
151.074961936,90.3769174533
151.059126455,90.3839127713
151.082122426,90.3835301438
151.188838185,90.3955749668
151.429972825,90.3746566668
152.883846548,90.2229175974
154.319720322,90.4587264039
155.954940219,90.7682513087
158.357799029,91.2379858659
159.687418548,91.3336581604
161.369036065,91.3031969684
162.154985909,91.2685225798
162.722406129,91.1092063374
163.271556458,90.8569224858
163.684644794,90.717719642
164.345849347,90.7180170224
164.685830541,90.7865324203
164.737608717,90.889022611
164.724408203,91.0297929632
164.629654493,91.1033124745
164.447980516,91.1479177401
164.37141932,91.1291731594
164.303877576,91.0904620499
164.270504113,91.0180753531
164.267958316,90.9660260462
164.291984331,90.934350506
164.279675163,90.9362923399
164.276952902,90.9427883282
164.334627002,90.8645539507
164.419819821,90.7458868994
164.530557577,90.6659928891
164.673155935,90.7301890366
164.69390967,90.8060596583
164.754440565,90.8851717872
164.706512949,90.9084648903
164.651591593,90.9208423547
164.542694143,90.8991556798
164.463461136,90.8772053726
164.347059043,90.8448165443
164.288460506,90.8202561483
164.258692688,90.7991430353
164.317689546,90.7921608691
164.41134446,90.7787355399
164.669050342,90.6936201694
164.984391117,90.396419058
165.415634105,89.8415234354
166.762895754,88.7317840026
168.030160793,88.2272268324
170.081341198,87.7895765598
171.291909506,87.7261618473
172.062491247,87.7080478536
172.130696978,88.0190506028
171.76509561,88.0639974441
170.969722301,88.0207483498
170.652976055,87.9474890383
170.441973889,87.8896409942
170.504272776,87.9032123763
170.631960348,87.9339870619
170.734744851,88.019400687
170.73880337,88.1279333122
170.643128998,88.231639102
170.397247461,88.3248414827
170.227816175,88.3612875125
170.327482698,88.3394865367
170.688458342,88.3874730539
171.257937661,88.5489131817
172.265545057,88.6345190336
173.003482638,88.7380687536
173.556966288,88.8415399551
173.985938728,88.9542906092
173.811468424,88.9571106909
173.405022758,88.9367192308
172.833794986,88.8962147849
172.365206387,88.8105250774
171.813466905,88.7274708537
171.673027122,88.7157969154
171.69451171,88.7898223608
171.782197191,88.9417377722
171.858421589,89.085958822
171.916713642,89.2045788686
171.89460386,89.2728641114
171.682491,89.3589031592
171.459537798,89.4241140482
171.201594208,89.4726975907
170.851547131,89.478021269
170.644675019,89.5133729602
170.493016018,89.5823827915
170.413270818,89.6687396718
170.391609591,89.8440540288
170.416552467,90.2028761797
170.427289386,90.6127536524
170.273374056,90.8244151186
169.901752778,90.960557932
169.409424879,91.0314523593
168.909052793,91.0738019378
168.322119116,91.1188002378
167.038750607,91.1197013251
166.381856344,91.0117858153
165.745479889,90.8569503347
164.855536459,90.5744421033
164.279151997,90.3391880967
163.766271682,90.0859588906
163.013571537,89.7745892745
162.426314103,89.661824323
161.376262498,89.6860573263
160.389466992,89.9935988254
159.149861463,90.3597689132
157.104899787,90.7947204127
155.698284523,90.939134142
153.689586835,91.0481930033
152.441831883,91.0785969432
151.250559745,91.0964264349
149.447865007,91.0920835017
148.293625013,91.0479717106
146.556801316,91.0785962498
145.234868911,91.1602937098
143.693351683,91.2199849797
141.130923394,91.1419652643
139.378725725,91.0741475637
136.92755939,90.9029632134
135.531405853,90.8042509189
134.389035856,90.7426809702
133.106203656,90.6967205611
132.405718464,90.6924219479
131.410559141,90.6999623713
130.727758367,90.7162210761
129.960618008,90.7621513447
128.783424328,90.898327137
127.884636702,91.0202864021
126.295781867,91.2588202337
124.91537432,91.4001084204
123.276346346,91.5441391802
120.462555643,91.6480925733
118.591514939,91.4500994466
115.859401328,90.8872178316
114.144734804,90.4686627445
112.458017604,89.9795747658
110.307662345,89.5880643053
109.227867951,89.4990768059
108.361121415,89.5103590334
107.661275156,89.7227717994
107.41026923,89.9061262091
107.378443722,89.9767538755
107.307572493,90.0463632915
107.233351928,90.0224348391
107.006862404,89.7950479759
106.890758579,89.5900782395
106.498009335,89.2932110865
106.102923663,88.9594999374
105.606368104,88.5676460739
104.667304008,87.895181795
104.03986067,87.4654162451
103.414359478,86.9290402275
103.400422699,86.7101667756
103.67445698,86.5840706805
104.701486647,86.508535435
105.997791551,86.6785496271
108.811193312,86.8354015523
111.229724117,86.8470596024
114.116064082,86.8995606607
118.9763373,86.6992796745
122.753890417,86.4302602079
129.001165673,85.7497227807
133.19898516,85.2444391976
137.27506519,84.7684241877
143.410530049,84.0324106496
147.062173245,83.74532072
152.192596867,83.2268958662
155.235240915,82.9942271311
157.951525384,82.6484051279
161.810841885,82.4835358837
164.336805216,82.4268505485
166.982620714,82.4402529579
171.499906548,82.7774532125
174.674502546,83.0950308357
178.603611282,83.5222934303
180.404496669,83.652447427
181.581888841,83.7010205146
182.886797616,83.2694429326
184.003448755,82.8754283602
186.071495181,82.7597762427
187.678359884,82.7588786403
189.456044099,82.7953244327
191.986807318,83.0163830524
193.366376563,83.1262500987
195.052195698,83.3447494897
195.849203552,83.4983794294
196.491978062,83.5784701597
197.185198817,83.7892197044
197.611591252,83.95331717
198.202003132,84.2029980703
198.594015096,84.3550858854
199.006736296,84.5238402326
199.837474147,84.8241631272
200.547330509,85.0949260768
201.762281796,85.5071806538
202.555395761,85.7511258468
203.279800364,85.8709122736
204.066684118,85.9492792059
204.38027753,85.9239693411
204.61481345,85.8704767769
205.022813922,85.7796343016
205.683272869,85.8497280191
206.923897441,86.063820525
207.798939293,86.2022716984
208.532336901,86.3358045037
209.261225378,86.4233961742
209.445334829,86.4233963395
209.253148364,86.351945844
209.026260546,86.3163096364
208.671229064,86.3335653549
208.321325811,86.4178101125
208.230840856,86.5058630313
208.06803529,86.6496435771
207.805596266,86.8096877673
207.275836801,86.9144425478
206.331269488,86.8497961689
205.485903616,86.7455416379
204.325212424,86.650238329
203.647970531,86.6699557168
203.052970527,86.6952875392
202.244216696,86.8441339926
201.830118798,86.9624672237
201.177515819,87.0379734912
200.594168586,86.9752491025
199.810285882,87.0002683884
198.105920384,87.300647295
195.999357541,87.8761583516
190.617123755,88.1080509329
186.836860929,88.023178872
183.706481022,87.7151389961
180.43453958,87.6549637766
178.899194241,87.7559276245
177.531567036,88.026498279
176.889245546,88.170090438
176.386272325,88.3296152113
175.531777309,88.5158424085
174.790612742,88.6275355107
173.977446226,88.7179640484
172.336924204,88.8910081196
171.122428325,88.9296617915
169.361595184,89.049627342
168.234758324,89.1967665308
167.110112008,89.3657709036
165.710223351,89.6106890465
164.880847778,89.5973539694
164.38666002,89.111143123
164.59254811,88.9327328406
164.594363898,88.8988697303
164.563209846,88.8961634561
164.385642941,88.9601278611
163.844980456,89.1106629687
163.301465672,89.1904387775
162.879139265,89.2211721749
162.390064502,89.2606249882
162.261080178,89.291386539
162.124987313,89.3294479365
162.114326594,89.3689536322
162.246003335,89.3941942688
162.540624036,89.385078456
162.791669655,89.3233974329
163.239501386,89.2386884186
163.683030117,89.205296148
164.193469046,89.1699916921
164.993486936,89.0444393901
165.328008091,88.9517357364
165.642502601,88.8488255322
165.770424088,88.7795625492
165.783100299,88.7767072684
165.825547828,88.8262600605
165.848287633,88.8838556987
165.858127076,88.9926169648
165.821096026,89.0387833668
165.766237801,89.0690712914
165.706655589,89.0623888259
165.669286485,89.0208746181
165.769797787,89.064598004
166.124068273,89.1318733189
166.491142308,89.0799948069
167.412585759,88.9868413342
167.997207296,88.9986700995
168.517975283,88.8704140956
169.08464867,88.4579422491
169.26675589,88.2859295042
169.327886363,88.1030100605
169.298373856,88.1868502119
169.230827992,88.210002506
169.100088939,88.2794914761
169.038141605,88.3468466617
168.950063587,88.5091548186
168.926508304,88.6043519225
168.875754758,88.7371826574
168.804938965,88.970370857
168.807474557,89.0626615239
168.781662547,89.2192887886
168.770523743,89.2727848823
168.732458016,89.3384211164
168.698186042,89.3889208501
168.632855749,89.45663135
168.563182151,89.6117627728
168.421504428,89.8009324323
168.28863433,89.8941108648
167.943884947,89.9939647788
167.740256084,90.0386931377
167.569168992,90.1070422377
167.460782046,90.163419237
167.385448837,90.2120826227
167.274816783,90.3164623395
167.178198897,90.3952507921
167.065237255,90.4613693269
166.878926176,90.5203145142
166.789835186,90.540262531
166.630323517,90.5690190043
166.561808936,90.5892497819
166.487975507,90.6315607581
166.368709072,90.6766667965
166.290510969,90.7268779404
166.096102181,90.948184564
165.893914037,91.2706944935
165.503669019,91.6317362167
164.296614171,92.4348446072
163.116257003,93.0366602826
160.76182772,93.8281570445
158.894166542,94.3030154472
156.855529579,94.6119938294
153.84313734,94.6524183934
151.999159797,94.5153538716
149.777120849,94.4200527663
148.750279386,94.5798979648
148.060716276,94.6215076342
147.509317687,94.5162470781
147.303991178,94.4103372313
147.305005491,94.1068662525
147.392496446,93.9420977717
147.527047408,93.7343491222
147.755695943,93.4060905888
147.909111231,93.177112653
148.071688069,92.9089036808
148.452305582,92.5852237664
148.999995216,92.3347092995
150.773501179,92.1024313926
152.646192637,92.0154462428
156.312663576,91.8592545178
158.624360825,91.7231931083
160.810324575,91.4532872301
163.356715872,90.9695133115
164.771679195,90.5335527267
165.771491832,90.1195661655
166.67720492,89.7154567292
167.051722206,89.5578468941
167.523269392,89.3822084797
167.897288358,89.2462507011
168.243954243,89.1125483693
168.610689237,88.8724462889
168.793218697,88.7485809445
169.103706144,88.6024964652
169.28065195,88.5610782678
169.397459813,88.5315842904
169.602752236,88.4926282922
169.674148878,88.4500266821
169.839703159,88.370429464
169.908034749,88.3496466962
169.942113492,88.3370714558
169.940447981,88.320044804
169.922108136,88.3017484047
169.870576773,88.3115642027
169.814470371,88.3209277791
169.737296571,88.3322479351
169.652614515,88.3376743641
169.560724214,88.327887992
169.416159158,88.2946145994
169.306054575,88.2672297823
169.203243848,88.2474431754
168.976772413,88.2041399759
168.827937163,88.1512830656
168.588265323,88.0528502687
168.307116364,87.9225290101
168.002336429,87.7305519561
167.460340271,87.4551233322
167.089512737,87.34534294
166.673329223,87.268211349
166.071098152,87.2315546166
165.615157948,87.2360546177
164.835166945,87.2275551473
164.167274226,87.2723931454
163.448947943,87.3037013237
162.317764924,87.3848972818
161.539703859,87.3824788407
160.214765704,87.4931193574
158.953341441,87.6502243839
157.121891397,87.8913295439
152.959726489,88.3327132087
149.252224297,88.7167208276
142.814941759,89.2722877817
138.215841448,89.5730875664
133.752403855,89.911162581
127.594773903,90.2456426516
123.921086049,90.5420665416
118.808202894,90.974263681
115.528275655,91.2017998791
112.247342575,91.3403082935
107.480803756,91.5245329018
104.292438683,91.7063517936
99.6454159313,91.9443618843
96.7422085335,92.0143920271
94.1126126823,92.0567282628
90.5484472757,92.0842094063
88.5178116962,92.0171161974
85.9271595372,91.9081043717
84.5713037316,91.8881373427
83.4800059235,91.9708777788
82.2800274521,92.1705252881
81.86663432,92.3272727188
81.6107884482,92.4182327656
81.2976653854,92.5313663215
81.0094921032,92.4867093906
80.3169632863,92.5512647046
79.8128523623,92.6138603893
79.2224518652,92.6776289193
78.3587551912,92.8538400674
77.9274516001,92.9589276137
77.486629036,93.0729370401
77.5184761794,93.0789218529
77.517835435,93.0885807048
77.6416507058,93.0935919548
77.7476215779,93.0640068728
77.9485889923,92.9904347913
78.0899984363,92.9742383127
78.3042235972,92.9315224293
78.6808004691,92.7652277999
79.1100315148,92.612715591
79.5723550524,92.6020461023
79.7480644972,92.5719279401
79.7887803627,92.5189685981
79.8014382311,92.366392143
79.7937676148,92.245647944
79.8689659992,92.0760645422
80.1167298859,91.9067356135
80.797516001,91.7761548506
82.323744078,91.6606948892
84.1640537063,91.6474804437
88.3699383115,91.4464111142
92.1716756424,91.2319592293
96.8840277465,90.8908956974
105.376578872,90.183956535
111.583024497,89.7741640838
117.716112765,89.43362996
126.736006356,88.7940614654
132.074273488,88.6812193888
139.471924076,87.8886071136
143.813225034,87.3827958996
147.715434421,86.952244255
153.275131565,86.2260756735
156.810865588,86.1104547852
162.204474518,86.239306504
165.502714178,86.3923143699
168.449149786,86.3938379262
172.335046328,86.4127971051
174.430354846,86.3518807415
177.200271036,86.3065170969
178.840478173,86.385521241
180.414258721,86.544477701
182.34322379,86.8180154891
183.416304161,86.9798902639
184.621891469,87.0191071798
185.337397263,87.0162692941
186.05417174,87.0508228756
187.132609207,87.1003516744
187.884933159,87.1454791579
189.140860366,87.283025389
190.042850009,87.3536422322
191.053479351,87.4475820218
192.912891262,87.5021963224
194.283379081,87.5137355794
196.645180029,87.5382492827
198.253836181,87.5839672218
199.761995128,87.533328094
202.056090129,87.429389561
203.50063678,87.3262567348
205.735019029,87.0245697521
207.128509536,87.0137240977
208.200945694,87.0858598164
209.455888509,87.1849392501
209.900381925,87.2480034233
210.098683258,87.3084171756
210.558055657,87.3924432162
210.894974115,87.4817812709
211.404699978,87.5066441081
211.7376266,87.530723845
211.982907221,87.5154999162
212.39226132,87.4756079862
212.700736619,87.422766165
213.4159102,87.2659583722
213.99797197,87.1786187086
214.780409345,87.1020404948
216.679295274,87.140673801
218.412505528,87.181086952
221.773348513,87.3904837351
224.59620837,87.5853519663
227.787066554,87.999506377
232.508198327,88.689876482
235.472825973,89.1688532935
239.39392377,89.6283859962
241.750639732,89.8278010432
243.959337139,89.8950595137
247.134553523,89.8375052101
249.401990486,89.68981519
253.111676411,89.1783394326
255.966462781,88.7680649403
258.941968326,88.5166952712
263.421846362,88.4769781682
265.990882908,88.5122502271
268.826752049,88.6751322559
269.962198692,88.7697753391
270.672894541,88.7034184592
271.170443063,88.3661030549
271.377230222,88.096441985
271.758108751,87.8001000645
272.6911985,87.4448044722
273.425642077,87.3926076213
274.65938131,87.4610818162
275.423321923,87.5603925735
276.172680752,87.6325866568
277.318279191,87.760197311
278.202452475,87.8288973165
279.735320992,87.9742349487
280.652797254,88.0709513474
281.344590765,88.050366972
282.05485892,88.0019543843
282.495940027,87.9317896927
283.497882005,87.903532731
284.563028264,87.8952112592
285.934258506,87.9565356446
287.98938692,87.9343705344
289.056345096,87.923760764
290.364914879,87.9024277374
291.161256549,87.8755631483
291.874203241,87.8429501256
293.056417329,87.7647395614
293.969829008,87.7841003355
295.464585224,87.8080238989
296.449151948,87.7710978527
297.416748404,87.7196261271
298.600281876,87.5759445433
299.217156439,87.504753225
300.123282224,87.3114010355
300.697314448,87.1226553697
301.294009693,86.9864202803
302.227123523,86.7858501321
302.78462382,86.7574932532
303.403237158,86.6930749549
303.721336422,86.6946002676
304.122250586,86.6038307481
305.222712465,86.6409224023
306.320414012,86.5901867005
307.178890119,86.6376269798
307.224397267,86.8371595566
306.292421851,86.8809182591
304.84143502,86.8648030763
304.199801615,87.128239764
304.065929922,87.451652881
304.234213812,87.7750275984
304.369693279,87.9495575341
304.385391902,88.0938605915
304.337440132,88.2115664756
304.243871607,88.4349848339
304.26854034,88.7828282612
304.580807404,88.9001360108
305.309107063,88.9451913863
305.931929584,88.940223676
306.686751818,88.9492796628
307.973997699,89.136217227
308.913086032,89.2562747871
310.394307667,89.3924053067
311.341448733,89.4782693438
312.208891563,89.3971541278
313.492464628,89.0057347617
314.252448838,88.6668537774
315.445237454,88.3535255123
316.42865235,88.1798872504
317.50107151,88.1203886615
319.147713724,87.9670025196
320.155582474,87.7796069918
321.840697319,87.4233881252
322.873739072,87.2478042778
323.740109479,87.075266418
324.688123851,86.7293865768
325.031629544,86.526400546
325.196136914,86.3140625787
325.283960137,86.2410324302
325.556791928,86.1952827633
326.338548248,86.1275075282
326.683591998,86.0140155317
326.65556602,85.9074923663
326.393496536,85.7506026757
325.677674206,85.7179022729
324.811155717,85.899528694
324.346291017,86.1407022907
323.717149888,86.2682994934
322.366603861,86.6205244039
321.152689774,86.91852971
319.034559607,87.4585253643
317.81946685,87.7811064725
316.701688813,88.0678713306
315.720577259,88.238086587
315.25040242,88.3176712833
314.741938234,88.3617695486
314.546927932,88.3781326573
314.393332694,88.4101553113
313.884511821,88.4072775994
313.404817985,88.4018322828
312.481085682,88.3821229363
311.861436218,88.4079951217
311.38677601,88.4478393968
311.042552247,88.3674585078
311.079434658,88.3688396503
310.973803936,88.2983274963
310.929314137,88.2467748776
310.842355436,88.2193480274
310.55038046,88.2116295402
310.303816804,88.251142338
310.061119656,88.3033935324
309.992762167,88.3167113337
310.008621339,88.3013023303
310.234769299,88.2477181687
310.368800581,88.1936998025
310.455029433,88.1734642139
310.510531711,88.1563140253
310.495282647,88.1653073554
310.474274964,88.2155307996
310.557038214,88.2678602395
310.789733748,88.3539419679
312.024766853,88.318015079
313.297137321,88.2159805465
316.072520821,87.893615896
318.537967134,87.6216127105
321.257803196,87.4673472851
324.29413672,87.4075382703
325.218929064,87.2583193856
325.529951528,86.787600761
325.488094954,86.5598790516
325.533416045,86.5033840935
326.261704391,86.3329031498
326.836918287,86.3806778392
327.566843231,86.5081763567
327.669455919,86.6345280314
327.623677179,86.6338983544
327.587598846,86.7123047398
327.498397198,86.7552310764
327.424587517,86.8195689661
327.286506738,87.0250942927
327.169146221,87.1160375207
326.791451231,87.5017872521
326.503291068,87.7421871352
326.259239785,88.1103962632
326.200633344,88.3185994877
326.174567402,88.5920905165
325.996949757,88.8146532593
325.801703888,88.9288810444
325.468473969,89.054564406
324.889102599,89.125606863
324.394130371,89.1563908102
323.686910564,89.0766193827
323.129198503,89.052290985
322.327615652,89.1116711678
320.5678966,89.1979072892
318.95570204,89.0928857485
316.524481527,88.8262079763
314.821495365,88.6613952602
313.489446979,88.4002720809
311.804491378,88.2496269862
310.916477409,88.2096100208
309.501567408,88.3722648241
308.430796583,88.5511819245
307.261663429,88.7307108175
304.958097625,88.8107426024
303.051504971,88.8041212469
299.148606854,88.8604513525
295.420982886,88.8439267733
290.821921951,88.8207789603
282.441572762,89.0944202361
276.211692005,89.2936681771
267.653460663,89.5169531512
262.684812305,89.4210050065
258.551697445,89.1948240744
253.627679268,89.4032512542
251.317749309,89.8670565099
248.183466159,90.8018971342
246.139950039,91.304345864
244.01020597,91.663246332
240.392100486,91.7992592385
238.078219975,91.5910491862
235.807154896,91.2855283522
232.663394529,90.9417947956
230.760502992,90.8732775809
227.933385977,90.9934717754
225.972391372,91.1463858129
223.9658491,91.2846418856
221.058041186,91.4535460278
219.11136806,91.6070811897
216.162823055,91.8187928073
214.350118332,92.0234425224
212.542715397,92.316632302
209.645102364,92.661422232
207.648788148,92.7556283813
204.642983446,92.8548373367
202.752477062,92.8337875852
200.943942633,92.8150477739
198.362400427,92.7816557539
196.717797547,92.8087937146
194.227064538,92.9723751068
192.615749766,93.0732159847
190.962382814,93.146818011
188.542655984,93.1518988685
186.979113099,93.0626470317
184.700536179,92.8802063169
183.277228403,92.7710551817
181.890649017,92.6808015043
180.013321403,92.4994815307
178.858504585,92.4146248462
177.201949329,92.4041177548
176.063959237,92.4537364896
174.968172448,92.4190208348
173.26655239,92.3536470198
172.249898231,92.2260837891
170.83161168,92.0644331325
170.071629443,91.8799096961
169.411327333,91.6700984404
168.599971892,91.3896424467
168.064104482,91.2618678265
167.513935894,91.1756704979
166.641411234,91.1270151505
165.972020955,91.1178617226
164.779485989,91.2566918989
163.798860953,91.3113263313
162.778833693,91.343330614
161.148628267,91.3680109678
160.021549948,91.3893937517
158.215296266,91.3217353849
157.002752534,91.2934763809
155.855584299,91.2126215864
154.369446748,91.1629930814
153.653748104,91.126626469
152.979369507,91.2007045739
152.846143038,91.2556636474
152.893697326,91.2778888022
152.856025174,91.2962625978
152.835475527,91.2927958833
152.717701824,91.2064040112
152.562554029,91.1268806536
152.353075173,91.0965724926
151.902460086,91.0704538887
151.620019227,91.069570487
151.089105927,91.0892469969
150.612398573,91.1739795285
150.160238124,91.351085704
149.418293972,91.8432700236
148.840126854,92.2610953917
148.179615058,92.6234664426
147.188973026,92.8264202028
146.692958262,92.8207968996
146.280594468,92.77102258
146.139644516,92.7934694939
145.985209579,92.8045532437
145.75096789,92.7685218686
145.502356403,92.7217182518
144.879407367,92.5878333727
144.371195225,92.5432772014
143.924455417,92.4766184672
143.20714919,92.2052054096
142.762656407,92.016011451
142.048095125,91.6582471392
141.625803783,91.474445403
141.169297883,91.2947618852
140.450806572,91.1523597112
139.905116928,91.0975034274
138.993334014,91.1324365856
138.368482719,91.0978964157
137.681965231,91.0806019834
136.805487432,91.0554873755
136.291746877,90.9924992464
135.593451968,90.8693537608
135.1747601,90.7884284812
134.773074446,90.6907190185
134.132273244,90.5320372666
133.715573451,90.4476448232
133.309022045,90.3433274377
132.722095348,90.2423415609
132.462051381,90.1826227844
132.053121679,90.1113854032
131.791838685,90.0849289692
131.376297337,90.063209001
131.124710121,90.0935140142
130.838413306,90.1132757825
130.576909008,90.1084445796
130.576961045,90.1044802961
130.890276348,90.1803413662
131.672356665,90.2510596976
132.622682275,90.2616788112
134.575693443,90.1916532823
136.017899095,90.0539357842
137.689561869,89.8671778088
140.336809897,89.544887836
142.52578224,89.238598234
147.577945732,88.4708927759
152.481711078,88.2629428453
157.04896184,88.4790955451
161.782459811,88.2391103758
163.259168214,87.9638938678
164.133278261,86.9944754101
164.132531092,86.582861413
164.036357339,86.4099499392
164.155947178,86.1842740233
164.472248988,86.1728369558
165.018033274,86.2107390368
165.454049869,86.259075897
165.822342356,86.3452921562
166.236833401,86.5334960422
166.444598259,86.7019793979
166.697434928,86.8414947384
166.912357998,86.8640319572
167.221816348,86.8576439937
168.001919027,86.8590892023
168.599035848,86.8338847767
169.654712812,86.7175115863
170.40900112,86.5613451962
171.189359979,86.3289428545
172.210471052,86.015943807
172.848532689,85.8638668834
173.72817496,85.7716721647
174.269064954,85.7438730276
174.956371672,85.7661476142
176.360165629,85.8185131246
177.567937341,85.8759778934
178.729279275,85.9291878787
180.440825238,86.0194138594
181.414603457,85.974272085
182.592152402,85.827098905
183.142383027,85.7491304721
183.58145365,85.635055962
184.195131383,85.4932024669
184.533973058,85.3906435756
185.006508343,85.2156156821
185.320343629,85.1283461818
185.622789735,85.0682284107
186.114814898,85.0614570183
186.386443762,85.0820441137
186.670093241,85.1282652656
186.872071144,85.1556220475
187.059727892,85.1773835553
187.348536868,85.1546804429
187.53839792,85.1143977553
187.921468999,85.0872992587
188.168047956,85.039300884
188.453213022,85.0206189093
188.781610689,84.9952948776
189.058434422,84.9841147404
189.429316241,84.9829495567
189.7599046,84.9992856489
190.166693477,85.0583138469
190.731014741,85.2105492916
191.093486219,85.3276923466
191.498931325,85.4684955024
191.723434222,85.5735775152
191.927405263,85.6837771843
192.166014365,85.8277025873
192.376984866,85.9611320579
192.744585962,86.1433748145
193.571650661,86.4030923919
194.383493166,86.5256325803
195.713630603,86.740114877
196.670453807,86.8873157425
197.604963362,87.0590072418
199.032537379,87.2687582432
200.005742904,87.4042247153
201.489686284,87.4875754598
202.61740535,87.5177062418
203.751952301,87.4669468582
205.558544523,87.3676453009
206.757032266,87.2832189741
208.516751141,87.1937256701
209.560773001,87.1636084146
210.460168922,87.24009387
211.602373232,87.4007609221
212.23330577,87.4911572038
213.165513874,87.549672347
213.845745325,87.4592903838
214.615131615,87.3224210238
215.773787206,87.1510774161
216.683419003,87.0791226252
218.231265413,86.9530897439
219.502409966,86.9237411411
220.987837194,86.9384886686
223.793969828,86.7904401439
226.027391731,86.5931471696
229.489940885,86.2946683878
231.739875897,86.1611731036
233.888678402,86.084691825
236.888961886,86.1754946131
238.681305143,86.2609707527
241.078309317,86.4187814635
242.400488446,86.570981048
243.511892162,86.6895325011
244.919067916,87.0648008259
245.640691925,87.3543676349
246.331514533,87.5626686409
247.206162631,87.9779091325
247.685747856,88.298597921
248.366729345,88.7627484396
248.786422125,88.9676792282
249.37194763,89.1114513898
250.063835949,89.3280632404
250.593821929,89.441703943
251.305485184,89.6526394586
251.738902873,89.7124516155
252.0673682,89.7953337691
252.449338931,90.0516484165
252.507892034,90.3462989113
251.83446972,90.8862332851
250.798270276,91.3336441684
249.556969454,91.7462180471
247.520121089,92.079594671
246.13682632,92.30981508
244.207851295,92.5219660527
243.076244941,92.6914588795
242.220642367,92.825535018
241.31242855,92.81854458
241.05087919,92.7161274232
240.980030854,92.5911217611
240.964038717,92.4846852384
241.035708743,92.3758866703
241.100888489,92.2998305354
241.12243215,92.2750367255
241.112081661,92.2873191921
241.074855697,92.3180233772
241.044013833,92.3219063551
240.952933468,92.3110467946
240.930484204,92.2946893097
240.924821997,92.3034028757
240.935551695,92.3621608162
240.981182659,92.3987785216
241.168978617,92.3977260388
241.383563635,92.3856095163
241.732097981,92.3258178087
242.403522493,92.1838877134
242.973403755,92.0509159596
244.012453579,91.8939246478
244.953146061,91.7576500945
246.140437804,91.6245078924
248.423650293,91.4074893419
250.196313315,91.1963318279
253.005692221,90.8165827428
254.976764491,90.6166200064
257.072766452,90.4640925236
259.388461513,90.4880357783
263.260330194,90.6962869215
267.178966552,90.8377207628
269.749020866,90.7987911168
272.032938247,90.6913061665
274.887416363,89.9909815755
276.428337875,89.433759535
278.267075482,88.604862381
279.296138385,88.0795582364
280.306068693,87.7154289455
281.946926295,87.4573616614
283.448561336,87.5569829938
286.690436717,87.9292587839
289.459960066,88.3824518989
292.53859366,88.8800211694
297.173221375,89.5457137909
300.228703829,89.9645785562
303.015445437,90.3508378157
306.621579769,90.723558059
308.578469502,90.8990833269
311.026324311,91.0334484225
312.566098974,91.0246458039
314.100838764,90.9867995528
316.239757642,90.9419717976
317.578753964,90.927641152
319.547889327,90.8197316457
320.930104245,90.7511504793
322.247872247,90.6689072167
324.162429506,90.495424324
325.393443929,90.3441861965
326.909216947,89.8717824751
327.592453076,89.5788595775
328.074041533,89.3839658959
328.560511128,89.1758216225
328.846321137,89.1681407188
329.267565154,89.2503806733
329.501564676,89.4469022084
329.768203842,89.7186774941
330.065852685,90.2273217288
330.01285717,90.5348466555
329.572741249,90.9796824332
328.90619775,91.1621583072
327.783475299,91.2826370792
324.705833186,91.5204422545
321.435568437,91.5457038848
315.123832108,91.4327878893
310.423381969,91.2673564982
305.462080703,91.1956625017
297.62804451,91.2797445017
292.486314343,91.6993806394
285.203155347,92.5053036276
281.151386714,93.1262124647
277.423047932,93.6974963376
272.317619044,94.120710908
268.886901534,94.238231111
265.248502604,94.234386526
260.010079381,93.9415017289
256.565227167,93.7102426749
251.507544764,93.4000719334
248.219434371,93.2689550267
245.188843617,93.1139707724
241.17131403,92.9667038897
238.806684429,93.0028743013
235.582600434,92.9881170026
233.82908052,92.9419473403
232.345560279,92.9367946894
230.314875442,92.9062428633
229.009994359,92.7606600599
227.076889511,92.4539582004
225.729575174,92.2128483211
224.309166973,91.9683064614
222.048072279,91.6914893119
220.412692683,91.563098279
217.743679083,91.4853040415
215.824804388,91.5356362029
213.702329251,91.6497328534
210.027603579,91.8280468048
207.320085232,91.9353734681
202.838597217,92.2075758764
199.798641646,92.3631307828
196.736495192,92.5878688326
192.148582454,93.0447021879
189.055706938,93.2656148396
184.604147726,93.5004121239
181.594322374,93.6520486871
178.581258526,93.7879905851
174.202708156,93.786869234
171.291947765,93.7889133157
167.061954673,93.8074521281
164.474936352,93.7453869712
162.055795854,93.7731465402
158.815768743,93.623772594
157.056067102,93.5444380391
155.503761895,93.4475061385
153.497132967,93.3443682857
152.325009813,93.2211178724
150.776997711,93.0312950362
149.750944657,92.8894868151
148.714187951,92.7414515208
147.245050215,92.5801609155
146.227939213,92.4991391171
144.673192819,92.451800052
143.689673234,92.4346239639
142.737987514,92.3963849176
141.530774553,92.3253013684
140.783877029,92.250896933
139.722444971,92.0594200772
139.092411959,91.9123074655
138.541564901,91.7963535007
137.915670894,91.5734029612
137.538072461,91.4923386435
137.0608901,91.3699211653
136.782039039,91.2336116244
136.609757052,90.9414057752
136.747960703,90.3909963692
137.229108742,89.9877651692
138.409317033,89.4134055315
139.058567883,89.123955962
139.695091979,88.7640071842
140.51222288,88.1752583759
140.878535687,87.7482169776
140.973248585,87.3035549405
140.773532058,87.1476217453
140.462859925,87.0627645754
139.849833191,86.917182695
139.460423019,86.8369635482
139.154431863,86.7476272793
138.793953787,86.6014704578
138.624741597,86.5217734233
138.465749843,86.4776364519
138.373836056,86.5540651092
138.360167186,86.6394547958
138.352725959,86.8132174721
138.391864431,86.9243302417
138.174553021,87.0961602004
137.955333872,87.1951927521
137.796633226,87.3194665998
137.697065187,87.4970611843
137.625703491,87.5729424236
137.585000471,87.6010932309
137.55526469,87.5809886739
137.510147877,87.5765925224
137.348516576,87.5834998158
137.240638345,87.600150331
137.264057327,87.703192985
137.407841874,87.8049272643
137.620779012,87.917276747
137.882253891,88.0581573047
138.009652733,88.1285419447
138.055191668,88.1904176869
138.104789486,88.2463845606
138.104021238,88.3309533987
138.465818867,88.290919806
138.68045504,88.6908605363
138.678820947,89.3155649933
138.6428062,89.5793220724
138.542197116,89.7885422149
138.262394605,89.8552167549
138.09100466,89.8593690181
137.88650793,89.6651580005
137.796029275,89.485745841
137.730353409,89.5172288901
137.575445884,89.5883128195
137.581053862,89.6230753731
137.57928284,89.624620394
137.701113718,89.5665206295
137.812380292,89.5342714538
138.187031586,89.4646609048
138.602099042,89.4552027058
139.05051124,89.4544432537
140.112275824,89.41408895
141.172503301,89.3668810593
143.218849238,89.2674266161
144.530576906,89.2817339735
145.623753887,89.3959165746
147.048715962,89.3260941465
147.743298117,89.3998675384
148.670442903,89.5685483608
149.248031012,89.7364987411
149.730131485,89.844823651
150.245128695,89.9406758671
150.450154059,89.9369133485
150.585736615,89.7049784602
150.67869786,89.6104632276
150.751050303,89.525319309
150.914034416,89.4827922419
151.078554996,89.4870494938
151.366593909,89.4586770958
151.635634113,89.4346281126
151.948995217,89.5157961054
152.500872702,89.6003273031
152.881603738,89.6466082088
153.254316872,89.6796671551
153.848447927,89.7587480186
154.208013691,89.7401912943
154.782256687,89.7513737632
155.119860964,89.7710511029
155.408447264,89.7423709649
155.847174541,89.7934547442
155.914636357,89.9212985487
156.111772416,90.2011279181
156.411278073,90.4719270146
157.065500518,90.5883440597
158.223352215,90.7550992158
159.066792205,90.5895705155
160.2088445,90.110852006
160.722204744,89.7028357345
160.928337507,89.2319636065
160.443554147,88.9234789607
159.6139072,88.5281929457
158.161390588,87.9165452233
157.080083083,87.7232769477
156.080642314,87.6444480492
154.969923838,87.601685808
154.593270873,87.6462388431
154.549361613,87.7314927822
154.509913391,87.7812188336
154.487226118,87.8582212457
154.287527596,88.0541443963
154.147524636,88.1976655341
153.508295693,88.7366099854
153.051248911,89.0579867326
152.458804644,89.3624604055
151.410547618,89.6858903777
150.574834278,89.8978057217
149.388062768,90.1793042871
148.594847267,90.3477847147
147.860204612,90.5542643622
146.983414218,90.7687504444
146.620072062,90.8372781168
146.462097585,90.8606848909
146.476053116,90.8836673978
146.556242506,90.8762912227
146.618693421,90.8443926
146.571273135,90.8230719158
146.477175633,90.7954822841
146.23463286,90.7922965754
146.058093157,90.7959189826
145.760655561,90.7879779556
145.527985506,90.7676573154
145.297629152,90.7346449097
144.993769583,90.6587612613
144.78599738,90.6278946925
144.342193528,90.4131335611
144.233658677,90.1909985185
144.192924439,89.8984040183
144.313003471,89.4903155222
144.576821381,89.2067936201
145.025004671,88.6686878401
145.296699553,88.3901841156
145.569354005,88.1400297503
145.720157411,87.7288270064
145.730684435,87.5963223994
145.581197036,87.4629130072
145.465850392,87.416966128
145.322655335,87.4014143513
145.085980879,87.3937250439
144.954648942,87.4257105573
144.868732173,87.4843632303
144.88046456,87.5994578987
144.975973566,87.7289149386
145.179824647,88.0260115642
145.277256189,88.2706847464
145.349797004,88.6532695077
145.303150947,88.8874347835
145.261742034,88.9903510768
145.166239688,89.108317455
145.112619259,89.0659330977
145.100344377,88.9953877792
145.128419726,88.9110715851
145.207780567,88.8656409224
145.338393551,88.858263701
145.419979858,88.9002806366
145.411937206,88.9526974573
145.25493723,89.0303374098
145.083679785,89.0643290936
144.747761957,89.0692283075
144.544129227,89.0754658806
144.291761155,89.0312251238
143.746774878,88.9540490938
143.285572001,88.9050911903
142.494685216,88.794962879
141.932582685,88.7541735999
141.358941604,88.7331134573
140.533105689,88.7040078823
139.934224826,88.7094700496
138.909475421,88.5876885719
138.146675033,88.4629417813
137.377354842,88.3271484652
136.2369635,88.1352539208
135.569763871,88.0142233962
134.597511182,87.9049565083
133.916545482,87.868683009
133.210405125,87.8345298884
132.16958386,87.8777199497
131.471518364,87.8796581148
130.830487718,87.9667525853
130.345928937,88.0693525736
130.42358444,88.1869248632
130.874702783,88.4697944794
131.25447502,88.5971083666
131.593229092,88.7538278167
131.527663482,88.798858883
131.331802107,88.8078273773
130.811933277,88.7992125553
130.354209148,88.730315261
129.909498792,88.5535860164
129.173705478,88.2602561663
128.570363773,87.9988015105
127.549456682,87.6199193579
126.7246215,87.4990150315
125.852953922,87.4726005698
124.564246303,87.6279862707
123.7035666,87.822421585
122.327537299,88.1219769834
121.54353629,88.2482538722
120.923035758,88.3719239414
120.448628081,88.5201785236
120.561601824,88.5464833824
121.182172843,88.6558558194
122.050872446,88.6307456375
123.166000001,88.6016947544
125.206092091,88.3318446463
126.744251543,88.1646690262
129.001893175,87.8199707429
130.460796657,87.6726621264
131.750263981,87.4974018526
133.633300962,87.2245922633
134.771398589,87.1232026191
135.942281973,87.1410904513
137.47040401,87.2962808618
138.487353726,87.385131283
140.233674327,87.4762133682
141.724823321,87.5214406675
143.46064798,87.5987382834
146.276603397,87.6796639645
148.101767655,87.7839253249
150.570115783,87.5797217806
152.061014283,87.2449340788
153.270266919,86.9161141811
154.823088273,86.6052685543
155.696514914,86.5141198918
157.040116982,86.4395086679
157.893279732,86.3794145686
158.805678365,86.356614919
160.239218463,86.3406147732
161.330813582,86.3032251634
163.090669861,86.3558348138
164.360200528,86.36883787
165.748961088,86.435516875
167.903324658,86.5699576177
169.400097224,86.6400207552
171.740563965,86.6250159836
173.375575851,86.6194554917
175.070134928,86.6620813092
177.698531552,86.7810834717
179.565079069,86.859556205
182.733761745,86.9180203799
185.158651869,86.9961473569
187.554834829,87.0196948043
191.122260186,86.9375613179
193.37024462,86.8056075006
196.582831572,86.5063757639
198.526901091,86.3980660031
200.330678685,86.3389362682
202.719046298,86.3153582311
204.16833744,86.2695046736
206.306511697,86.2420506289
207.755032767,86.2416618041
209.32318211,86.2870318569
211.902046853,86.3241251903
213.827755894,86.4068696396
215.877641899,86.5027183455
219.312680456,86.7290494952
221.862155361,86.934216578
226.073262863,87.3477771932
229.085520638,87.5857035314
232.128668854,87.7914435734
236.457045527,88.0557459787
239.107903202,88.0754596685
242.914529151,87.9719829454
245.410201957,87.9207486491
247.893587504,87.8400827314
251.712150334,87.7391031461
254.349863877,87.6727508446
258.40730812,87.4997432932
261.059406174,87.4200188041
263.644170831,87.4912672381
267.338137515,87.6246406279
269.719525363,87.7188899842
273.019537167,87.7966741104
274.969189177,87.6811670629
276.836131057,87.4744605016
279.610393647,87.1146161135
281.487830743,86.9103622794
284.3236184,86.6922066327
286.267628071,86.6193537799
288.247310665,86.6328957035
291.564425093,86.8905478305
294.044893281,87.0820860813
296.692096745,87.3882682636
300.626301247,87.7472167946
303.141577822,87.9530587272
306.68162072,88.0928494613
308.889087787,88.0858630413
311.959318715,88.0092501284
313.953206275,88.0767341936
315.94337258,88.2171146559
318.797873693,88.6435967879
320.576562895,88.8777425017
322.243213469,89.078563589
324.356378164,89.3143676082
325.576934406,89.443213654
327.335153806,89.5142085383
328.378281689,89.5626174733
329.270097626,89.6138772038
330.571922519,89.5837849505
331.29301064,89.6011283668
332.11084369,89.6429860352
332.453300831,89.6158551046
332.572866325,89.6348502373
332.835912953,89.5856638224
332.99593797,89.5488182672
333.166423171,89.4987446851
333.230376044,89.4900789386
333.250031583,89.5035188868
333.161298708,89.6351093215
333.01462668,89.8037751541
332.747288163,90.0346988441
332.586351471,90.1458887192
332.444927539,90.2282152968
332.247146821,90.2798837435
332.121355216,90.3240005456
331.958899211,90.3929071078
331.798323889,90.4876953397
331.565632335,90.5776251845
331.161426336,90.7720314309
330.768618349,90.8806864378
330.262293152,91.1609237947
329.981052893,91.2656588552
329.859458906,91.3181987674
329.753187519,91.4541219544
329.740335482,91.5519662363
329.700856392,91.6317564086
329.506180189,91.76060407
329.278401682,91.8290247149
328.822863492,91.8961712603
328.532184174,91.8956258073
328.278646417,91.8996393317
327.909382011,91.9562613496
327.597948026,92.0504729193
327.115953433,92.181557637
326.900345665,92.2295523964
326.701258707,92.2109393711
326.592739065,92.183419902
326.582645525,92.1364702163
326.628509843,92.0621922105
326.665203178,92.0558183195
326.668738839,92.0743343481
326.51452811,92.1425144305
326.241834242,92.2086503078
325.480103951,92.2255951837
324.95902737,92.2057280615
324.455434602,92.149231393
323.782328612,92.0851860886
