177.091574535,83.9782499214
177.957242613,81.5780413771
178.368582458,81.0719538239
179.181982562,80.7234671055
179.961590478,80.5856707245
180.314933078,80.0427779823
180.344014056,79.6624684214
180.556661838,79.3942575998
180.849688423,78.7699154369
180.68044519,78.5709498086
180.271439395,77.8935758787
180.011863092,77.3782311226
179.803968738,77.2218895231
179.394107973,77.1384194149
178.859656774,77.1876325542
178.195495478,77.3095203896
177.886527287,77.7295928851
177.72284588,78.0632089239
177.826889223,78.0311273697
177.997282476,77.8495058675
178.483822655,77.4928634033
178.903012972,77.1513475419
179.204787252,76.5953646892
179.725238803,75.1323092218
180.257776413,74.6234563779
180.42387522,74.7277387157
181.088245708,74.7323698642
181.995279103,74.1968541053
183.576605367,74.2211729364
184.619543772,74.4249810306
185.14986333,74.6402297726
184.838792863,74.5096763251
184.815753226,74.5584935204
184.693005176,74.743741238
184.551580563,74.5296472335
184.50325262,74.4197307286
183.48129895,74.7932206595
182.727049639,74.7099955179
182.026724452,74.6906697437
181.896455589,74.7227790705
182.151693078,74.5588509384
183.072622542,74.4141869574
183.638267561,74.4386299927
184.268287822,74.428944785
184.006110119,74.4302341905
183.674908813,74.4336432982
182.727587492,74.4927097181
182.262144442,74.5221381228
181.818482309,74.5577149461
181.855684561,74.6100993465
181.889285718,74.6780153731
181.923385843,74.9064738634
181.843173011,75.1237711936
181.393696596,75.9165785903
180.852457667,76.0528661628
180.083814285,76.4562093698
178.887894504,76.6718947862
178.268175581,76.7480534065
177.764553157,77.7130792544
177.585448114,78.1229959138
177.582420372,78.7036792616
177.830786012,79.3089876844
178.113472401,79.2842322059
178.560555308,79.1944277905
178.823096092,79.0987389789
179.263409467,79.259107398
180.295256442,79.7569786633
181.024628059,79.6929121649
181.763959028,78.9142967954
182.735057577,77.075019503
183.277957232,76.3335745938
183.680105366,75.7699958759
183.826555832,75.6259313047
183.961227473,75.4190102778
184.247165155,75.6511977684
184.323399912,75.7847271028
184.486229903,76.0293869157
184.470928918,76.0336016256
184.372664769,76.0891436077
184.280990398,76.5809094184
184.504605974,76.5991699877
185.450131578,75.26380239
186.568567838,74.1406385116
187.761346472,73.1332418137
188.981667621,70.7202409804
189.608972774,69.0274894947
190.238940606,67.1654045353
190.836747088,66.5075549289
191.399582618,66.4669759952
192.111275184,66.930048326
192.370485793,67.5328473734
192.193308094,67.6635302756
191.93779675,67.959765276
191.528496263,68.3203059743
190.974582349,68.6675017451
190.593741141,68.8903271586
190.19092944,68.7694852361
189.853120796,68.7964057462
189.612004759,68.9407984231
189.364700628,69.0444454653
189.259127371,69.1674932092
189.253393523,69.254165325
189.305799878,69.4436441109
189.38695066,69.6562775359
189.39883879,70.3940033906
189.292968127,70.9454044075
189.099585839,71.4186037852
189.006788224,71.5998933825
188.937356378,71.4519635967
188.776812474,70.8826441114
188.749916902,70.7456864763
188.736429761,70.7982317002
188.684330032,70.7924740058
188.68519342,70.7271467746
188.742745324,70.405732975
188.864764737,69.8805173567
189.065345979,69.4470399006
189.414198893,69.2361470293
189.701673261,69.0897529154
190.350499914,68.6302132238
190.987514215,68.1164143409
191.906892337,67.2459104855
193.462396975,65.5414868719
194.544531296,64.763794547
195.635853974,64.2968999104
197.094277183,63.9407485311
197.872357476,63.459434662
198.463109599,62.9653728835
198.619866407,62.7612004431
198.461502806,62.8172485176
198.365499792,62.8973583016
198.25359916,63.1094013282
198.238677374,63.2538409883
198.293950192,63.2321859229
198.511901173,63.1114779887
199.098361243,62.902683745
199.556193908,62.9371318688
200.442841447,63.2795078276
201.002177353,63.8552910035
201.455867019,64.2933441896
201.731766352,64.7575287042
201.783335801,65.0013308227
201.514528216,65.1858641202
201.110408474,65.3577602113
200.598745981,65.6413854781
199.675715763,65.9167696544
199.014484911,66.1609445956
198.073770465,66.5513078494
197.553535962,66.8391168345
197.140731905,67.2268376449
196.708574308,67.6929323712
196.527071579,68.1124116795
196.201159825,68.6128282713
195.986755389,68.9345562934
195.76750339,69.2786283107
195.292984578,69.3680369031
195.073153822,69.4432099425
194.765099307,69.5781156534
194.593952118,69.7751110294
194.419080934,69.9211577167
194.262304826,70.104403499
194.162091107,70.2688231083
193.952635674,70.5553127699
193.816081653,70.6756611222
193.683464101,70.7520955535
193.496809457,70.8146103798
193.384313531,70.7452776163
193.25083836,70.6944582985
193.222220319,70.7082323694
193.170624571,70.7693664448
193.111171671,70.9937496241
193.013662497,71.2525263646
192.923138537,71.3402970869
192.778985689,71.4377442122
192.64087136,71.5671660344
192.296051562,72.0103454027
192.063039094,72.3847434036
191.82689278,72.7493700078
190.933746972,73.8337814259
188.958000657,75.0592546224
183.832623968,76.6935888532
180.264455422,77.579586465
177.172206528,78.0415621971
173.212145259,77.9431700362
170.847504025,77.7376891093
167.345054521,77.6287504051
165.124445917,77.7983223739
162.882750727,78.0118349749
159.433196648,78.0515390259
157.224097918,77.8545328351
154.005408969,77.8496038184
151.732755305,77.643385586
149.169032436,77.7371100974
144.466793278,77.8827193087
140.965025289,77.7619424859
136.466571879,77.7984924657
134.06142354,77.6293130927
132.165035545,77.5865586256
129.933711127,77.7350086771
128.564131617,77.6151209486
126.750995158,76.9741926006
125.635686864,76.6110825249
124.596061396,76.3816035238
122.942278997,76.4117443662
121.670515352,76.3557615647
119.57681618,76.469814815
118.428988381,76.4497945006
117.555923821,76.5321013202
116.604761766,76.9594116743
115.413837296,78.1271601146
113.614034631,79.617129045
109.679050505,81.2705328053
106.022664657,80.4796282292
100.201143247,78.21055746
96.5521046189,76.0933458056
92.8756326331,73.4130636574
88.3253845799,70.8315855536
86.3122589012,70.070509787
84.4501511858,69.7402402032
83.5622309334,69.4136627329
82.8830899767,68.8847440634
82.3668590592,68.274990329
82.4911449129,68.2219094244
83.1695354175,68.6298931158
83.5432501532,68.9332372869
83.8188308789,69.2591695319
83.9509318511,69.9135640849
83.6576113768,70.189976744
83.1278146884,70.5715629773
82.877684364,70.7855172879
82.7326606341,71.0028954546
82.4841040626,70.8717794387
82.600878549,71.0290456599
83.1535262336,71.2855153107
83.4521362124,71.3816712314
83.4099215845,71.2092494678
83.02722285,70.9018326519
82.5630346207,70.5290259692
82.1572893396,70.1490738986
82.019759979,69.9114774424
82.0209389142,69.8870803875
82.0094339904,69.7550271401
82.1309762357,69.6881513125
82.5264373054,69.6911930158
83.3836017793,69.6282005452
84.108268169,69.5999634103
85.2789300127,69.3074277517
85.9654325564,69.0349738179
86.6522559083,68.6557539541
87.6285182714,68.0916022668
88.2723705484,67.8207236594
89.3545727649,67.958385936
89.9994490074,68.2005935705
90.6623246119,68.5288474868
91.838698646,69.0522536871
92.6546879193,69.5118167697
93.9555237435,70.1275176022
94.852113634,70.5902202393
95.8980504353,70.8356150741
97.8262083649,71.0301505486
99.260521603,70.9804439819
101.480877795,70.9494041018
103.004006778,70.9097435442
104.543134761,70.8378233638
107.010048547,70.0419089642
108.902171409,68.5122268179
111.601127163,64.75974956
113.202881636,63.0667269427
114.781101943,61.8672114903
116.388706566,61.2483247684
117.032066575,60.6806404298
117.011397386,60.5568738014
116.821379595,60.7857789557
116.532219785,61.3602934077
116.131243951,61.728079096
115.919172136,61.9230739772
115.873952173,61.965589234
116.055045913,62.6665463276
116.463373919,63.2112080101
117.186568191,64.349345421
117.608891426,64.8019779593
118.057117944,65.5678082033
118.727287002,67.1180409336
119.04696436,68.3140143279
118.907798709,70.738052276
118.43385723,72.8082630344
117.838218777,74.3412334593
117.222145949,75.2989673777
117.31526766,76.0386066658
117.969061346,77.2449389427
118.226090953,78.0786937538
118.250988804,78.5468565818
117.620176904,79.2884421735
116.950422696,80.2568576709
115.596224083,82.8094328065
114.47282799,84.543267676
113.211215995,86.0441193998
111.393850239,88.5477537953
110.117707649,90.2682422871
107.995242455,92.7657102424
106.526101981,94.3454715655
104.871312955,95.6455544156
102.42219916,97.0738542831
100.85307579,98.5780623063
98.626476958,101.631173422
97.1515537348,102.997478967
95.8849846742,103.581598227
94.3825561348,103.157020474
93.7669736051,102.283141308
93.3335276607,101.122175651
92.2226975134,99.9279542411
91.2158268224,99.6417529486
89.3029597366,100.21838141
88.1904660511,101.423665546
87.9703099908,103.02277899
90.8396501238,106.311067559
93.3638315182,109.39590678
96.9527689309,112.838897354
99.3589828824,114.622273776
101.634771692,116.130797981
106.167568735,118.702554184
109.133349183,120.860246555
112.972520266,123.473194236
114.820085187,125.781810571
116.576642885,127.890016554
118.580653869,130.708875493
119.299453386,132.303972261
120.082729633,134.1692569
120.453940235,135.336244046
120.785746926,136.410511313
121.417526869,137.779851398
121.843016702,138.354332793
122.540868053,139.026718832
122.832014679,139.767784868
123.494930705,140.594826843
124.456217208,142.866464515
125.294745744,144.633847261
125.28120052,146.659912777
124.926706198,147.875139943
123.806486426,148.79496847
121.330790651,149.308086562
120.170730464,149.494159595
119.11528576,149.093691754
117.665794797,147.872026859
116.830416854,145.97449764
115.344438338,140.368799842
113.474195005,135.519366322
110.771235842,130.703935712
105.173705002,123.870895125
100.865700466,119.88040921
94.5734676614,113.743793048
90.3034350309,109.717593805
85.9945258297,105.777298899
79.5365244646,100.624481927
75.4527539675,98.0120006072
69.6926868841,94.553017898
66.3608256921,92.4273671941
63.726245292,90.2671253847
60.7502358027,87.1469591763
59.3035371525,84.8321786028
57.6326006981,82.4040773656
56.4427342946,80.4208648305
55.3580748925,78.7017699077
53.6718140843,77.1678334986
52.4750207769,76.1827855552
51.1097452787,76.0228257147
50.0010522182,76.5499377094
48.2250643263,76.5221966207
45.4138738238,76.564457065
43.3822305135,76.3263124813
40.2877895043,76.0771872364
38.1516751764,75.7514199911
36.2463860659,75.4692792058
33.9245478699,75.0724697622
32.9096212015,74.8098972421
32.1371441783,74.7083824754
31.1650288625,74.5138509104
30.6567560234,74.644265224
29.4918756499,74.2314281246
28.6706680266,73.7145586151
27.6129897685,72.9255842411
27.1812958923,72.409509737
26.9208615133,71.9495837726
26.855143512,71.6494227338
27.0547268505,71.8316029674
27.1603491151,72.1957859949
27.3422473487,72.8008308054
27.4830077266,73.3561127372
27.7070134181,74.5134706168
27.748080399,75.7868467108
27.570500126,77.0928355268
27.2350774971,78.0258460064
27.387990924,77.9677152994
27.5732049852,77.9420211751
27.7059036401,78.1898617836
27.6768498728,78.626484874
27.4386197208,79.4709335758
27.2300396826,79.8816388485
27.1012154234,80.3310032169
27.1251267352,80.3538111809
27.291085912,80.2371811889
28.1785343503,80.2880010812
29.0616164761,80.232750072
30.6829016988,79.8808251337
31.8772216001,79.4525274502
32.8671850692,79.4516641036
34.0565616975,79.1113214265
34.798406466,78.9225744859
36.3064428999,78.3753284065
37.5209923384,78.1287121701
38.8911165772,77.7587553326
41.1889038494,77.2369701829
42.8429845014,76.526808042
45.2510115205,75.4741367074
46.5515026045,74.8053737754
47.6095905698,74.2842958825
48.7122618548,73.8055039388
49.1870817537,73.6813038069
49.4828203746,73.5409774665
49.5698145769,73.5794577446
49.6922597853,73.6540550435
50.4376037756,74.1468911916
51.1335733398,74.2857825427
51.9637598701,74.2256754245
53.3687718386,74.1479607323
54.0575922893,74.0862162727
54.3060413356,74.1247929485
54.3063293781,74.1180768696
54.267792439,74.1700354787
54.2646655087,74.1946612728
54.3526185352,74.193420049
54.6061658728,74.1763165916
54.8167542689,74.2106477922
54.9595774885,74.2957462355
55.0652491587,74.335411917
55.1106314571,74.3498625067
55.1559451937,74.2686740526
55.2093137801,74.091131139
55.2500656417,73.6533832299
55.2688773146,72.186909825
55.2728262995,71.0951055285
55.4580254123,70.9386146601
55.4105875928,70.9550681879
55.4148219423,70.9915704623
55.3974393287,70.9904849721
55.3942448678,70.997053853
55.4376326389,70.9519477481
55.4641168011,70.8978190436
55.4839880781,70.8200889933
55.4910506005,70.7703565273
55.4865126676,70.7573423539
55.4619158336,70.8538557576
55.361327386,70.8742591944
55.2639874183,70.8672618211
55.1655777521,70.8651187662
55.1031116651,70.9129352974
55.074915937,70.9597941911
54.9193333644,71.124266253
54.8093580553,71.2164058625
54.4831350413,71.4106857465
54.1201339639,71.4760808759
53.4434743006,71.4921118674
52.3719610976,71.5807625924
51.5316759621,71.6443909748
50.651599145,71.4740216695
50.4540380139,71.210617325
50.6289897519,71.2521575198
50.7427368669,71.1828983413
50.8450313931,71.1940115705
50.8899263864,71.1878438153
50.8067008444,71.1825115346
50.5814669296,71.1815231191
50.1421756107,71.1819034379
49.9707983135,71.2213276231
49.7422112417,71.2202231329
49.6611826616,71.2398154728
49.631741576,71.2076644126
49.6324528681,71.1164462118
49.6513020933,71.0310054193
49.6288867416,71.0211921863
49.5752354022,71.0546491074
49.5209761999,71.103098836
49.4628753161,71.1410376983
49.4525908687,71.1216564725
49.4358747087,71.0381278935
49.4252054834,70.9471350108
49.4155899372,70.9326077916
49.4103843389,71.0088997007
49.3898474781,71.0226211833
49.3612583205,71.012002325
49.3263820816,70.9679603161
49.2294009264,70.8924199173
49.0397042083,70.8003030936
48.8746620017,70.7999730585
48.7799866533,70.7873710819
48.7252726721,70.7914756804
48.7350224703,70.7912601433
48.8104930623,70.7304718897
48.8967154057,70.7603479825
48.9843425287,70.751701592
49.1036113782,70.7471003326
49.1447303029,70.7490063769
49.1691654276,70.69294057
49.1637004141,70.658032334
49.1206501175,70.6110936506
48.7807492499,70.3335117582
48.3469944863,70.084681588
47.6997325593,69.9929803588
47.4915650072,70.0847285729
47.3700357234,70.0368417415
47.3671148114,69.9822535289
47.4732353063,69.9150212612
47.7707937363,69.8637430832
47.8149556009,69.8378122751
47.5944832495,69.8537984759
47.0593901346,69.9530432357
46.8412252946,69.9655675166
46.7538657928,69.8720008396
46.7335836042,69.7520431525
46.8146911407,69.6616539808
46.9786521685,69.5847949524
47.0417957209,69.5774822338
47.0790024696,69.5997403771
47.0851251333,69.692790105
47.076817954,69.7632919354
47.0614203126,69.8320038813
47.0663409618,69.8793583401
47.1081816918,69.9201695373
47.1771639053,69.9464188273
47.2173132226,69.9605299964
47.2578607003,69.9911267746
47.2880959765,70.0077415214
47.3708217727,70.0617119678
47.4430861314,70.0757782818
47.5035340497,70.1241414431
47.4959366872,70.1810752454
47.4503932776,70.2264570357
47.4246215764,70.2672399255
47.4078762734,70.3029846689
47.4219174946,70.3123826871
47.5101558329,70.3508828611
47.5746679076,70.3675594752
47.6102316953,70.3603267395
47.643017685,70.3183509693
47.6316670015,70.2391112903
47.5490099797,70.1639342885
47.4513185013,70.2063563968
47.3681579653,70.2528131652
47.2903928475,70.3367327881
47.2929362787,70.3894251357
47.3544768625,70.422389311
47.3994184487,70.4210153937
47.4266354714,70.4418800036
47.4317779029,70.4942113587
47.4409613884,70.5646430724
47.4354004864,70.6504097949
47.4414559908,70.697016559
47.457262967,70.7470462456
47.5086120887,70.843093146
47.5519746908,70.905617934
47.6117375464,70.9925830315
47.6705181391,71.086211011
47.7134435831,71.1476855974
47.7602978422,71.2066119669
47.7817597543,71.2390913176
47.79454014,71.2748889079
47.7776905553,71.2898335778
47.7811375491,71.310696447
47.8040366582,71.3011563266
47.8209294697,71.306605835
47.8354408147,71.3166503437
47.8480047748,71.3710273006
47.8535133211,71.4006683044
47.8821098761,71.4614230025
47.9255080326,71.4843226951
47.9519611691,71.4941046769
47.9651666041,71.4818486736
47.9563245063,71.4747104612
47.9304934375,71.4622526779
47.9232077749,71.4542771564
47.9263323579,71.4548101723
47.9612408091,71.4657023997
48.0066713987,71.4648894561
48.079045308,71.462292067
48.1689769033,71.5154224158
48.254124407,71.5343145086
48.3413003968,71.5689725843
48.3772274214,71.5713621643
48.3856571758,71.5411460826
48.3612755379,71.5168722498
48.3104603505,71.4981415822
48.2909630723,71.4766581659
48.4107886007,71.5157944599
48.6905414047,71.5505920179
49.2835169042,71.5438498652
49.6104708691,71.4784090907
49.7495320924,71.4919793043
49.7772893554,71.4862370819
49.7895058578,71.4944671484
49.850441338,71.5294169607
50.2815026997,71.575652116
51.9648314089,71.6383357487
53.9372966037,71.6173157051
56.480273104,71.349627516
60.7952454299,70.6110509378
64.2477886071,69.9474921916
70.4010690668,68.9041442399
74.1653394825,68.0739853309
77.5906877813,67.4164042923
81.7427735815,66.9704943577
83.6894498388,66.9215896738
85.4581231733,67.2175082455
85.8828338686,67.5392032371
85.7244237991,67.7435825306
85.5805682924,67.9845697659
85.5600540931,67.8046993653
85.7570714041,67.6453681031
86.0583628243,67.695096178
86.3508122916,67.7635462883
86.9492269299,67.8843839957
87.3423238817,67.9190408659
87.7381786995,68.1399989747
87.9037259151,68.2214376683
88.0648644291,68.3934738467
88.1651196759,68.774090627
88.1606512715,68.9130898652
88.1068023642,69.1231903029
88.1111675251,69.1779533741
88.1404737394,69.1579405042
88.0932675203,69.0473668967
87.9545761624,68.8847447257
87.7581486616,68.7792499712
87.3366003491,68.5805875191
87.0965129504,68.6026058663
86.7380335378,68.6242326135
86.4710055094,68.6045229248
86.3344508372,68.5587821644
86.1793431578,68.5245495398
86.0621537463,68.4725490181
85.8789908269,68.4318833291
85.7746467877,68.4490124962
85.6178193228,68.5431992745
84.9393983838,68.8943202101
84.2789348089,69.0662079319
83.1885846536,69.3234068184
82.6800694821,69.5500295309
82.3673744634,69.7082574016
82.402606551,69.736425045
82.3793348182,69.7702019254
82.4510241644,69.8621617381
82.4923186061,69.8420093365
82.5049576316,69.8171688944
82.4544855869,69.7900850951
82.3400801103,69.802498827
82.0337486239,69.9106320428
81.3854753283,70.010774313
80.136135849,70.237553741
76.1077467488,71.0560596616
72.9204196323,71.4290699618
69.7695193511,71.5483100203
66.0181850148,71.408114372
64.2605522865,71.2958455532
63.0480834354,71.407390389
62.7699346761,71.3316461812
62.7009083495,71.2174272349
62.7631141304,70.8822299578
62.7727210633,70.8783491256
62.7423932475,70.713043189
62.6765755309,70.6693574807
62.5930677493,70.549719209
62.4410976619,70.4287829777
62.322172453,70.3734004074
62.084332232,70.363970511
61.959002895,70.3595081437
61.8042468478,70.3283927607
61.6850197314,70.2289262761
61.6096111024,70.1319491176
61.6042647014,70.0102004548
61.6117113124,69.9257688624
61.6434436889,69.8253324114
61.7035323764,69.6039500122
61.8249641021,69.395633567
62.1128201336,68.9767139533
62.3457697633,68.5640055459
62.5667505499,68.1736310619
62.9890158951,67.5711409977
63.4265225776,66.7659790052
64.452562356,64.754178838
65.3653284127,62.8974457585
66.3156134682,60.9561617028
67.9034419755,58.6942764818
68.7158309253,57.8015310515
69.3714050714,57.187594404
70.1209838677,56.514132429
70.4672697575,56.1928973022
70.678292568,55.3537116546
70.685371033,54.7156511596
70.7121905669,54.2102545314
70.9139458137,53.3669179711
71.3023473037,53.1085890421
72.2833007192,52.7395562284
73.1329832552,52.5635469063
74.0965217183,52.2518903654
75.8167066608,51.7990102988
77.0923579802,51.4917694083
79.3331238079,51.4739646882
80.876840463,51.2133493441
82.2448190013,50.8929291659
83.883219158,50.275748716
84.6720149233,49.8087187745
85.4290630462,49.021078263
85.0709000146,48.8877264828
85.0470468242,48.7240347251
84.7099979571,48.539334043
84.8949398445,48.0808914131
86.0674054963,47.4808874291
86.9317749912,47.1100343884
87.4518242673,46.4941651124
88.4528569911,45.9197557668
88.9573723173,45.4585917223
89.714593423,45.0580756206
90.7116854577,44.4121648933
91.1039101856,44.1318009992
91.1704237829,43.4846554871
91.4206372893,42.8388653039
91.6390941899,42.2681971276
92.1478288949,41.7756703511
92.4265318579,41.4904278075
93.0192867177,40.9470423425
93.3357538979,40.6023161437
93.4781700562,40.4653334121
93.5606565955,40.2226712334
93.6981561972,40.1078903619
94.1593147856,39.6206906869
94.7425205875,39.4158882116
94.8560107618,39.3969547233
94.953670979,39.3720126864
94.8819589678,39.3247768019
94.8278441938,39.0809271473
94.7527841111,38.9006747862
95.104982428,38.6127218566
94.7179941441,38.632572944
94.3999492851,38.6128189388
93.8993315941,38.0495796174
93.7967939665,37.5533181607
93.4749193085,36.7268063269
93.2840009293,36.8050521635
92.5670403188,36.8776322047
92.4473180413,36.6665484743
92.4232699851,36.4029192604
92.4804486314,36.2894386637
92.2178149264,35.9852915291
91.9361158266,35.7151014809
91.5673735001,35.231248287
91.4966835739,35.1196353319
91.4600940307,35.0214243102
91.3335145239,34.8648713505
91.30116814,34.6787580837
91.3864770889,34.511147773
91.4350591733,34.411911185
91.2968095165,34.352767414
91.0254234297,34.2882817212
90.7856030545,34.2256815412
90.4817228437,34.2405519688
90.1941393145,34.4780296602
90.0166775853,34.651716656
89.8834847469,34.8413291168
89.7049340393,35.0047957438
89.5272409286,35.2613663993
89.3129154753,35.3152517664
88.9441383112,35.3525520505
88.6885240387,35.5430324713
88.3285581886,35.5294547541
88.0757919947,35.583881916
87.7590246935,35.6814833786
87.626920574,35.7147683376
87.5116169035,35.7095215894
87.5048351246,35.7003076846
87.4975015422,35.6938001348
87.4464178204,35.7100749342
87.4436228022,35.7540387393
87.4160696165,35.7731614985
87.4199195691,35.8031040887
87.3774450395,35.7567326882
87.3291848503,35.7916515654
87.2537190355,35.8418394826
87.1878600958,35.8487903262
87.188984192,35.8322801416
87.2115555716,35.8091425865
87.2138291277,35.8069513742
87.2350690473,35.8114035202
87.2392002472,35.7910086919
87.2362883886,35.7915931762
87.1720634488,35.7682146214
87.0954857602,35.7493676931
87.06755824,35.7413567544
87.023596713,35.714148273
87.0112589504,35.7235944777
87.0073898947,35.7443914413
87.0179543713,35.7654483109
87.0055892843,35.7914920726
87.0098407973,35.7952367979
87.0044099223,35.7806527778
87.0151252788,35.7795142427
87.1216917732,35.7179206354
87.2561482345,35.67034862
87.4384300152,35.6539006647
87.6507022581,35.5324771374
87.6837231755,35.4766692867
87.73511276,35.5019874802
87.6813327836,35.5327247895
87.5787106595,35.540626096
87.557403336,35.5405882852
87.5377999391,35.5397463251
87.527257805,35.5615815933
87.4988113254,35.5629146364
87.4748531995,35.5550119749
87.419711378,35.5579062003
87.3737180997,35.5533099282
87.3165591712,35.5510999625
87.2856434944,35.546047249
87.292662024,35.5101918162
87.2716943327,35.5185817098
87.2131599966,35.5431224982
87.1720374503,35.5575465763
87.1638255694,35.5695192943
87.16845192,35.5565387254
87.1743264883,35.5674655633
87.1749336523,35.605201387
87.2102346179,35.6455461712
87.2595837198,35.6349991223
87.322031145,35.6334071759
87.3611944186,35.6297714382
87.3890686962,35.6314152972
87.4527091066,35.6058208336
87.5388082096,35.5694768413
87.648139972,35.5382473967
87.8812279154,35.5211196135
88.7126395682,35.3413187792
89.2202920802,35.2698157118
89.4855308392,35.3239436209
89.7226290793,35.3976434715
89.8921363162,35.5476204953
89.8588250009,35.7914012358
90.1698125068,36.165457056
91.0919317735,36.6557550176
91.8610807822,37.1549572482
92.663735222,38.1935666739
93.1042892997,38.9314323825
93.4397836492,39.8064280539
94.1917979219,41.087310365
94.8073932136,42.1819453715
95.8626135835,42.9638298821
96.4252021019,43.2542633622
96.6764217962,43.6746610034
97.0574618436,44.6940518031
97.3626833022,45.7306141537
97.9718057877,47.7452519144
98.4260189513,49.1650828023
98.7221862827,50.3342778812
99.1752289576,51.7864599918
99.5423049149,52.2384200949
100.282435288,52.636417539
100.640641124,52.9277556221
100.914778461,53.2533619137
101.021617116,53.6156609414
100.924417395,54.0661444294
100.331521221,55.0246841292
99.6096300508,56.1673674682
99.0945428935,57.6746806838
98.9792966305,59.2859312108
99.1194993067,59.4903639276
99.4333821253,59.5463875627
99.81590858,59.5243877187
99.9423401061,59.661210554
99.6741570762,59.9641687596
99.3836894075,60.2657860215
98.9314688473,60.5295359305
98.0455504693,61.1032166057
97.4910923429,61.8759175527
96.7192818616,62.6002105142
96.3240030991,63.2230047273
95.9463101977,63.5737008297
95.6358272499,64.0560810915
95.5753419639,63.9718580808
95.337411411,64.1779542265
95.1374627729,64.1869599802
95.0279049282,64.2231471183
94.8746610794,64.1464703052
94.8002680474,64.1621432746
94.6459712803,63.9767493414
94.5422502817,63.7653128073
94.4612282391,63.5994107741
94.3316347347,63.3579333194
94.2732609695,63.177331398
94.2649231227,62.9744563273
94.2784753295,62.8832575916
94.3153361659,62.7651776271
94.4105514204,62.6286287137
94.4809176902,62.5256892558
94.5204006393,62.4459406894
94.4669965123,62.3927562326
94.3917283268,62.3635294392
94.3826009761,62.3809144929
94.36266942,62.3730152141
94.3603725038,62.3876454162
94.3512543039,62.439671388
94.3376964661,62.5349666433
94.3320461299,62.6838749693
94.3186167366,62.7411463067
94.277372812,62.7675528349
94.1787020421,62.7605212356
93.9911483364,62.734937874
93.3794532732,62.630002108
93.0138370691,62.6238075434
92.6135167804,62.6128632144
92.3300494379,62.5774269292
92.2601250939,62.5559815412
92.2598580915,62.5130770116
92.3656852,62.5259242333
92.4732401818,62.5341600758
92.6422895366,62.4812476304
92.7356249178,62.4650767063
92.8153306408,62.4455570818
92.8086884695,62.4176716802
92.7865565268,62.3980496013
92.7665084797,62.4072928768
92.7802012915,62.4254580891
92.8461036144,62.4603894659
92.9018106513,62.4927272787
92.9486930363,62.5370184414
92.9542360237,62.5814200572
92.9407659223,62.620242734
92.9280126467,62.6547051469
92.9232344566,62.6841410803
92.9465895055,62.6968645127
93.0684896075,62.7883035488
93.2213926507,62.8164895771
93.4828148606,62.8928753775
93.6412031473,62.9632078714
93.7318794875,63.0079227972
93.8454500375,63.0913096689
93.89044228,63.1282238094
93.9617011063,63.1751843573
94.3083396785,63.3546595053
94.7386901423,63.5095019231
95.7139236795,63.8207652529
96.4416524364,64.1304986645
97.2893076163,64.5345836017
98.4969730161,64.8767604235
99.3226253711,65.1870459678
100.279415176,65.3622908838
100.88509023,65.4041506137
101.490005335,65.3973992474
102.505496102,65.6605679277
103.161656021,65.8478154228
104.073234291,66.2504857682
104.542216619,66.419523832
104.9781783,66.5147494314
105.456501231,66.3388883424
105.752880509,66.00452964
106.224943067,65.6259949407
106.652974452,65.4133436756
107.217591991,65.3646066417
108.43924983,65.2568019045
109.421894416,65.0552168473
111.00054916,64.3955242393
112.073900733,63.9753050915
113.093731858,63.5762390965
114.537360647,63.1904147901
115.392992711,62.976152761
116.398927637,62.8187882536
116.900076718,62.6614499694
117.395523178,62.476722054
118.298187013,62.3419296633
118.858219736,62.2221824698
119.705937503,62.1081064102
120.297932839,62.0304538519
120.845448382,61.951607254
121.651731349,62.03591258
122.149795676,62.0088267249
122.70564788,62.0532895424
123.480031996,62.0825115601
123.972626946,62.1197539138
124.592302103,61.954417921
124.996981699,61.8755618375
125.327342741,61.7224009629
125.737104959,61.5122217032
125.948890632,61.3645114077
126.262269576,61.2703395169
126.479504258,61.2866849417
126.664572327,61.2803258625
126.90136739,61.3486352364
127.003629896,61.3673254141
127.18383298,61.42024327
127.277642706,61.4485545507
127.361663712,61.4213775735
127.493707484,61.3812377972
127.611898306,61.3646114238
127.754140944,61.3103163568
127.802337822,61.3102181424
127.828684526,61.2754875155
127.78401335,61.2514778422
127.735931675,61.2868318326
127.65131009,61.2893259334
127.596925443,61.3030781421
127.540003988,61.3229885729
127.503108404,61.4702542232
127.501420716,61.5754717373
127.507264615,61.7026593107
127.503586464,61.7393480181
127.4894018,61.7584191388
127.457807374,61.7657068995
127.433195895,61.767526756
127.411592801,61.7547478115
127.391854942,61.753537922
127.377125658,61.7439059042
127.326758003,61.7193829849
127.26576409,61.7519737081
127.212931283,61.7999543514
127.175525571,61.8403073941
127.168875651,61.8359211337
127.192954307,61.7888256362
127.202695848,61.7600261682
127.202141778,61.7462994055
127.179397039,61.7448225543
127.166702931,61.7585041849
127.159061528,61.7610908545
127.153410522,61.7795797972
127.135349436,61.8078254807
127.101609982,61.8186944598
127.089015343,61.8244990828
127.090822224,61.8016965324
127.114022036,61.8010821926
127.140530312,61.8019423146
127.160997996,61.7955825214
127.16809718,61.800047591
127.17019524,61.8211112763
127.169553405,61.7942186726
127.177424881,61.7994603808
127.186450007,61.8247694882
127.158140013,61.8180365094
127.133693089,61.8081914505
127.134975159,61.7978539917
127.152717567,61.7920613503
127.150052102,61.799651079
127.137925756,61.8200131838
127.113466043,61.8242320149
127.105569214,61.823250299
127.114949204,61.8204290138
127.128272586,61.8217244272
127.108864001,61.8085452172
127.072746736,61.7790010058
127.005977435,61.7851020382
126.92170027,61.8176681123
126.725602426,61.8661032021
126.625918586,61.8640118295
126.540583097,61.8718344885
126.483639385,61.88858137
126.496662035,61.8673397677
126.598399634,61.8271025787
126.649860836,61.8156800047
126.690776546,61.8061059486
126.756046321,61.8150101973
126.803424031,61.8322623593
126.883075948,61.854435882
127.054948906,61.9274346116
127.499607656,62.0529262084
129.664904503,62.5307308149
132.084118991,62.8020992965
136.620669275,63.2265312383
139.991387801,63.4333635979
143.344571829,63.4235323953
148.323397912,63.0578836011
151.393090246,62.8332180942
155.462525457,63.0136151674
157.853013322,63.1826242893
160.17732639,63.4571297468
163.702362543,63.8815108908
166.234529646,64.3443768753
170.529427994,64.7773588241
173.670842254,65.2695446398
176.853259395,65.7862752019
181.763118724,66.3682886945
184.851170186,66.7737783771
187.783477054,66.9409603201
191.934918033,67.0536344079
194.609981614,67.1023552242
199.235245743,67.0723126391
202.149198826,67.1545758823
204.770883173,66.9033323737
207.937055214,67.1543135473
209.832466514,67.2270163841
212.442250452,67.3021491305
214.072430409,67.376529049
215.734922021,67.252171494
218.395097364,67.3652237482
220.407966429,67.3908279195
223.318286116,67.2057422688
224.938688355,67.2321029326
226.347523909,67.0824485966
228.364062483,67.0343338632
229.676332951,66.9589982724
231.754292219,66.9423372874
233.147223164,67.0167828214
234.540441706,67.1360992108
236.740762062,67.5528786153
238.249869819,67.8889760993
240.48623104,68.4821486085
241.986491531,68.6762299669
243.474784399,68.8904547063
245.729540874,69.1089908268
247.15042538,69.0816911055
249.451498263,68.8503621709
250.971479363,68.6654484557
252.32834286,68.5232368299
254.240997363,68.197126706
255.454912385,68.1689911334
256.656820746,67.8397733237
258.872617767,67.9876892985
260.800337589,67.8515590121
263.82918139,67.9084276346
265.628794529,67.8946374225
267.404522633,68.0034902414
270.201720331,68.2484477355
272.063573743,68.1400187076
274.945660056,68.1408287734
276.741943789,67.916077898
278.665995126,67.9822692549
281.76098608,68.1431537894
284.109599056,68.1514005757
288.022649834,68.1963980217
291.268226491,68.2028076018
294.488967464,68.0554810039
298.658250841,67.6602007788
300.677762501,67.7869525227
303.082750266,68.5667023717
304.526258503,68.9822612295
305.920350506,69.1971054141
307.719593193,69.3114126184
308.801587393,69.4088372739
310.225182774,69.4716996641
310.967054782,69.4930360759
311.61250587,69.4624458812
312.55500875,69.5058854521
313.049007676,69.3562079487
313.703194396,69.3472812918
314.025633249,69.1989959916
314.119951971,69.0978602975
314.373200834,69.2596240211
314.599411486,69.2608522713
314.997894651,69.2975895357
315.255899998,69.4565464235
315.497234884,69.7063940262
315.691674531,69.8657873419
315.76142706,70.022531929
315.771358464,70.1226536076
315.768417586,70.2638408901
315.819787111,70.3370977969
315.982497185,70.3613794308
316.057836519,70.3239478041
316.0378356,70.2590461087
315.267849667,70.4496010448
314.222118678,70.9104412783
312.667833876,70.9349910561
311.943841722,70.8841702428
311.538332853,70.9050237243
311.38146193,71.1877520869
311.032768381,71.8609474099
310.460274536,72.4793672427
310.292527628,72.5986887601
310.297499802,72.5263023598
310.267818708,72.4507665959
310.286262483,72.3870008036
310.432327772,72.3668252815
310.554436616,72.2921181232
310.654071674,72.2301992202
310.767128791,72.12815717
310.791060605,72.1371309121
310.683844581,72.1991789254
310.258950772,72.4737714713
310.09011473,72.5596663421
310.048616254,72.5973693007
310.075661752,72.5779558235
310.164128151,72.4421142151
310.246994095,72.3085801945
310.338567093,72.1781467704
310.464248185,72.0123428744
310.577075468,71.8122748026
310.62148887,71.742005505
310.660116448,71.6881559645
310.679238249,71.6999818526
310.757583925,71.7402506342
310.847519227,71.7520507337
311.002781177,71.7663746251
311.191376863,71.7436648082
311.327956499,71.7075099373
311.517362226,71.6254486115
311.651276087,71.5301407653
311.757027122,71.4133551335
311.885215967,71.1647425458
311.92860629,70.9401000045
312.145331561,70.4729426346
312.37871664,70.2288886882
312.689427896,70.1287602652
313.159686094,69.7130292937
313.315733803,69.6462252796
313.519456831,69.634025166
313.626263827,69.6514993757
313.656103683,69.6404413833
313.671673848,69.6503880757
313.674331561,69.6330841003
313.646412236,69.5591166607
313.59228082,69.5495301925
313.541917361,69.5736561122
313.482214784,69.6162933935
313.45695476,69.6396983087
313.393921724,69.7309017762
313.328694599,69.8317204802
313.22559569,69.9681297329
313.104147715,70.1036975411
313.036949307,70.1759454029
312.971977896,70.1710018739
312.904074391,70.1844687324
312.832604377,70.257956662
312.759570091,70.3324417219
312.70519664,70.3660727657
312.667114546,70.3816962867
312.616399269,70.4462889965
312.572373196,70.4707430949
312.493249208,70.5383390986
312.454840788,70.5793488386
312.412273274,70.6232130773
312.11297677,70.8659788409
311.517427466,71.2938024659
310.196592425,71.9014145281
309.504937677,72.1534867462
309.021050441,72.2307735246
309.090774459,72.1633360355
309.120603369,72.0562402299
309.176905763,71.9977322276
309.147006133,71.9420789798
308.788546718,71.8151019463
307.50968478,71.5398426048
306.179256431,71.5227259829
304.01553416,71.5462161401
302.686966831,71.6046432354
301.747164624,71.8287269487
300.854848714,71.8339986064
300.694896278,71.832158357
300.846785249,71.756647389
300.958940594,71.5908748336
301.070430303,71.4918813307
301.156087109,71.4348540537
301.162251076,71.4137622121
301.037415837,71.3883469788
300.92598794,71.442605025
300.775095071,71.5045360868
300.411381452,71.5635114355
299.853693564,71.5144770588
299.366502421,71.2639399138
298.601369829,70.1876571945
298.111616549,69.428175266
297.45615178,68.199242519
296.829818115,67.8541001186
296.240381972,67.5719969005
295.277395408,67.0014013567
294.692726143,66.6339638685
294.073566761,66.5582474843
293.98060811,66.5115298942
294.045437896,66.4697945487
294.25501332,66.1850226791
294.628066501,65.8439900415
295.212504059,65.1318894489
295.651004736,64.4002541722
296.040216275,63.3839995991
296.400551621,61.3975467913
296.492377256,60.0099230707
296.72942874,58.6824027521
296.951841963,58.202707746
297.320202162,57.958668419
297.907025325,57.6855049562
298.241633572,57.5294861797
298.37252493,57.2975451304
298.471095195,57.1943035784
298.547820567,56.9894399184
298.711083301,56.6223346616
298.829824365,56.3192362857
299.216265828,55.8412285883
299.460056751,55.3696679244
299.72434286,54.8915189726
300.126800878,54.2968493098
300.360707476,54.0651019485
300.672013217,53.8229019673
300.808902902,53.6753437714
300.855687418,53.7870214819
300.876796718,53.8439033777
300.84521052,53.8647417016
300.719745315,53.8321551716
300.628015074,53.6771630909
300.676527715,53.5222822905
300.807572128,53.382849829
300.90994773,53.3074142371
300.969708616,53.277106272
301.052524934,53.3368403683
301.223925539,53.7052061157
301.742107591,55.1236396583
302.168840606,56.3497386851
302.583426136,57.6143073745
303.202015965,59.0387461907
303.55168734,60.1899258564
303.993581242,61.4683072518
304.202424088,62.0717525409
304.361337911,62.3771871024
304.469921518,62.4472644365
304.598241695,62.4774309373
304.884989798,62.7114103351
305.139280317,63.0438708811
305.229168403,63.240157437
305.289988574,63.3245197671
305.197280822,63.0811063096
304.394815638,61.5354465017
303.310441386,59.6515702264
301.469405748,57.1130726833
297.268491381,52.9982218337
293.482511065,50.3999834584
286.468176959,46.7144493367
281.281676116,44.3924585274
276.207424146,42.38225353
269.537797385,40.1173174017
266.599268285,38.9996163628
264.01156262,37.64303665
260.200051904,34.8392305507
257.942500437,32.9778348115
254.420320687,30.6176063109
251.382702201,29.3020817184
247.862581037,28.0423720141
242.234840385,26.8714069073
239.181702133,26.4535346765
235.341198893,25.820114006
232.982477318,25.2808915396
230.753655659,24.7987123988
228.520400928,24.4537367529
227.232700097,24.3236162065
225.675531696,24.2521776863
224.778372941,24.3375573262
223.685167284,24.336279361
222.154760992,24.2834057729
221.118423957,24.0944336912
220.177629122,23.7674159028
219.533576077,23.3698721418
219.567640167,23.2334501116
218.099430916,22.7828457078
216.342464845,22.5603072065
212.803766157,22.0498137486
210.355843496,21.6751374351
207.263367001,21.1401166584
202.160661951,20.4592768176
198.300580117,19.8176199333
195.202463892,19.3833899918
192.568718029,18.6153995811
187.965417278,17.6272677481
177.099752366,16.0604092359
167.938327567,15.2603536817
161.745893959,15.1713373607
150.944698919,15.2537785309
147.375049701,15.4722863916
140.013549719,15.7849335173
135.672140234,16.0181395897
130.236064405,16.1595304578
124.071019168,16.5394630105
119.512554247,17.017612511
113.49401517,17.6979677767
109.94818262,17.9741405598
106.612597251,18.4169934938
102.017287647,19.0090876381
98.7192371096,19.2764737336
96.2359594369,19.5285190709
94.2360828245,19.7013183422
94.0044065746,19.931821873
91.8938174248,20.6185769656
90.6708904908,20.936888788
88.5677463186,21.0681415123
87.6210443956,21.0116248379
86.5936364278,20.7582695839
86.329298768,20.1860496146
86.6254604208,19.8061774218
88.1021459408,19.5697562947
90.8702927942,19.6537708391
92.9866360817,19.4846091255
96.1048909484,19.496458935
95.5403145799,19.2791278563
95.2369704714,19.0846281883
93.1311640645,18.5688102508
92.1647449054,18.1179914921
93.1284073817,17.4932531633
95.4669373384,17.3827828158
100.899880986,17.6539123723
103.889089077,18.2321766367
106.164895533,18.7247990808
110.852849794,19.3455756797
114.124659575,19.7947146546
118.053305145,20.4414806385
120.796419685,21.0076477648
121.237256998,20.9072714554
122.188353994,20.6184115589
123.986365143,20.6301807498
127.447776796,21.1155739144
131.558089411,22.5197896847
133.2264337,23.4204697416
135.020566594,23.7065182069
136.321413458,23.7434026773
138.138462176,23.7456636203
141.950691546,24.4023076161
144.376563991,24.9009263019
147.307717193,24.759691723
149.496102503,24.4134540568
151.79942322,23.8569609132
158.060680912,24.4275875665
162.077817764,24.7491443658
168.025701046,26.6747328209
170.726780598,28.2016238542
172.328963529,29.3800729799
175.202312738,31.9929918969
176.669237727,33.2892142256
178.250190932,34.8663098642
179.162268652,35.8986123027
179.892817086,36.6897555234
180.888531523,38.2685004044
181.097331334,38.8205802841
181.466267321,39.8859231571
182.232687997,42.2643397599
182.725764985,43.7401466618
183.297087998,47.0076864064
183.321951838,51.0805098022
183.012163933,54.5963771714
182.912889253,56.15069697
183.254771859,56.9870811231
184.360748186,57.9209705685
185.216821256,58.6413206337
185.977947339,59.8179716743
186.344595383,62.0461377658
186.786546597,63.6119090928
187.49496135,65.8104112699
188.112700804,67.1999677694
188.672339937,68.7165691815
189.627979881,71.084726606
190.401714447,72.1470372366
192.000767609,73.1594590285
192.84091877,74.0192991228
193.6693487,74.7886090241
195.418227228,75.3559924067
197.186383516,75.4577556176
200.545936551,74.8175910799
202.725618971,74.3372584731
204.868445884,73.746480767
207.176171654,73.7271151879
208.321162462,73.9229644271
209.013731773,74.4970720338
209.703879686,75.1436234905
210.147395397,75.808646269
211.250343961,77.0311286532
212.165001809,77.4623698708
213.757359171,77.8037116353
214.941247901,77.9340898549
216.142950787,77.9089168836
217.832501528,77.6179361454
218.840777875,77.3376743755
220.195800619,76.935858323
221.150187716,76.6693907511
222.054473975,76.3333251708
223.397121785,75.4944697935
224.12789637,74.8973521041
224.722053056,74.5860884968
225.246731269,74.2050489538
225.395861401,73.9905034532
225.203076033,73.2366651649
224.965810156,73.2298593198
224.705332111,73.2217203789
224.406316852,73.1875370964
224.119685557,73.0387246098
223.933109665,72.8386829176
223.783701204,72.5749893688
223.676995689,72.4558739187
223.485958338,72.3199273952
223.254637409,72.2629705498
223.031089019,72.0566413941
222.908394295,72.0184763832
222.870665537,72.0318732715
222.7640461,72.0487194087
222.60317787,72.1699183882
222.004334064,72.3809833368
221.318547956,72.367188183
220.384824085,72.4139172062
219.014728883,72.6456405339
218.071964182,72.7204429675
216.844916444,72.9272560124
216.401707096,72.9053665247
215.987507125,72.759750679
215.567043593,72.5220515732
