179.963056395,89.7783816391
179.864374497,89.7472922112
179.817171527,89.6794478943
179.750816939,89.5904368208
179.652263891,89.467418643
179.592333252,89.4069135472
179.492512592,89.3603851698
179.427514559,89.3548226144
179.341281055,89.3531704777
179.210564748,89.3565621714
179.142032811,89.3266458905
179.091227755,89.3376291845
179.063485175,89.3609589254
178.742781073,89.465956382
176.157520565,89.6018520557
173.591740248,89.7297549499
168.70803803,89.7682772999
165.160285377,89.5998592368
161.359096377,89.2679981036
156.381452128,89.0960752274
153.283451327,89.3548628905
149.686922566,89.8611617398
147.97149137,90.2126361616
146.863810794,90.582604479
145.372657659,90.9763305143
143.921290678,90.8821289976
140.304367916,90.2912112386
136.153206872,89.6642871355
131.59508441,88.9509580298
125.660971974,88.1288925376
122.897677029,87.9665405645
120.359130981,88.0037249644
119.652419989,88.0132488725
119.189432924,88.1915762535
118.589704943,88.4499531582
118.109250065,88.5482904463
117.392711957,88.757926106
117.122167603,88.8481826492
117.003489429,88.9482479966
116.912264023,88.9532907585
117.037749655,88.9701665026
117.739092004,89.0444145948
119.456389126,89.1344969236
121.627452606,88.9822493131
128.157176539,89.1314980492
134.159871983,89.7216390061
140.962562995,90.387848958
151.998146326,90.9924173206
158.968226581,91.0253222132
167.42459911,89.8740527584
171.924026864,89.0212385608
175.314752159,88.1499336372
179.011722267,87.2058190881
180.362349464,86.8032069475
181.565749885,86.325553801
181.819539869,86.1944408457
181.662514165,86.250256448
181.404733964,86.3560667605
180.967436114,86.4824950788
180.305533996,86.6939154306
180.006233948,86.879674454
179.763613508,87.0190571941
179.506652367,87.1617991014
179.326718618,87.1669770382
179.150576226,87.1261951009
178.997131811,87.0446190913
178.901606833,86.973856819
178.497158053,86.8991776096
178.068048511,86.7640148264
177.526328899,86.6854651481
177.193021063,86.7571334865
176.909974237,86.8122524211
176.512921199,86.9947383319
176.331274192,87.1198882978
176.115443184,87.1861335379
175.77238671,86.9880925229
175.330832321,86.75552012
174.702070779,86.6096881852
174.302792337,86.5268684958
173.940669775,86.5035153283
173.460575436,86.517403934
173.133188573,86.5526386592
172.351071037,86.6616580661
171.418718161,86.6572361513
169.674929542,86.4881718846
163.158562332,85.9489703768
156.638582123,85.9474227827
146.815169788,85.868907849
140.784044071,86.1072772895
135.283213714,86.5185619441
128.363796382,86.3830891357
124.858879026,86.2292220289
121.067870838,86.1213506316
119.275979205,86.0829495163
117.886725064,86.3487249934
116.031365419,86.572875888
114.926521944,86.5674674644
113.688243443,86.3786273654
113.158941417,86.3359678051
112.74177712,86.2433007735
111.787323616,86.26486701
110.969251744,86.2922161337
109.392731146,86.4523932588
108.340458693,86.6353924586
107.138625597,86.8163037647
105.149821631,86.8167691394
103.341399472,86.7901203822
100.886444559,86.9922915887
99.5319600674,87.2409010952
98.5041808619,87.7177195863
97.4607564055,88.2971656096
96.9369916127,88.6009824489
96.4324994362,88.702446123
95.621096053,88.7607305462
95.1691526273,88.7233072155
94.5912943671,88.734100524
94.1508235476,88.8449563817
93.7078595796,89.0127021578
93.2769610805,89.5793381626
93.0969693525,89.9260379979
93.0017006341,90.2051615423
93.0520226687,90.3889580579
93.2178280276,90.4983787854
93.6168689961,90.5657281355
93.7351123045,90.5902482642
93.991685867,90.5477749903
94.0982809773,90.4563926369
94.1265556343,90.4035298816
92.6613443877,89.9425255878
90.9457418774,89.648433994
88.1417123045,89.5586444602
86.3885773465,89.7213855495
84.9966599497,90.0565356628
84.1977164515,90.6696050684
84.1444051116,90.7490921503
84.2753581703,90.6339901533
84.274649763,90.577233933
84.1978224344,90.4903380319
83.7116177994,90.3412574635
83.1113218244,90.3808012707
82.246895303,90.7186381322
81.6531073596,90.8355399252
81.1324798087,90.8975581917
80.175800907,90.8928249172
79.5412546557,90.9034070037
79.0294091687,91.0123805272
78.2686901173,91.3240351045
77.7586306807,91.5030588076
76.9008895637,91.528041345
76.4501190051,91.5181301253
76.1160675713,91.5630076518
75.7717732805,91.8254522265
75.4902651442,91.9821632628
74.9265415712,92.3691077017
74.6603190716,92.6408368022
74.3535862346,92.9585411068
73.8440958448,93.1944291822
73.4339814459,93.361926588
72.8444003547,93.578953418
72.3286428659,93.5756889731
71.7842032481,93.5857242546
71.4352286576,93.6138860811
70.9669808596,93.6979242493
70.1418320991,93.70821951
70.0848040364,93.8387510327
70.2016526584,93.8042292848
70.6726697499,94.0973242187
70.8086393096,94.0663605496
70.6625659652,93.788399946
70.422438056,93.7212268512
70.2175404337,93.7008895833
69.6531014106,93.6289740591
69.1321609313,93.5247034734
68.2287227427,93.2343172509
67.6710261087,92.972290877
67.1614827781,92.8008013015
66.146923504,92.7702676841
65.1073256018,92.6606912273
63.9278718273,92.3516737194
62.1808979601,91.8065746682
61.1310116433,91.5774410121
59.9774421333,91.4786914579
59.5835959892,91.4320511388
59.0489240687,91.3489104999
58.0841591752,91.1691271946
57.2185916175,90.8953580647
56.2535161287,90.5805335133
55.8628069698,90.583438173
55.4109333013,90.520812702
54.8434684416,90.6209680986
54.8026002903,90.5696461743
54.6645595609,90.7053888123
54.6886849847,90.6899446981
54.8011582489,90.6738832579
55.6103754601,90.5177703133
56.2189246836,90.4949837523
58.6461766025,90.3970533971
62.3620444135,90.214520363
67.8077693551,90.1982791169
77.7044255799,89.7849896561
84.0963370466,89.9812277239
90.0149922065,90.2756784692
98.2056613072,90.3527359976
103.293709817,90.4338575908
110.324695433,91.0002015309
114.083355465,91.5782519405
118.37404028,91.9398986077
119.853309952,91.803692427
120.534510277,91.5237971106
120.712129775,91.0759749796
120.599510489,90.7949647683
120.493737508,90.5475867296
120.634829958,90.5440976628
121.034980983,90.5923109992
121.893558947,91.0108346787
122.508002688,91.2948888794
123.084711561,91.4820548785
123.94733703,91.6438877024
124.470393046,91.6589961473
125.265019455,91.6816168817
125.794127438,91.6894207807
126.314467513,91.6601145384
127.359754087,91.7559282231
128.131146837,91.706669674
129.226320073,91.6330742135
129.908087051,91.6368768244
130.559508185,91.6609149207
131.377021472,91.5684618996
131.786562775,91.5926623687
132.164126548,91.486101319
132.369961423,91.3986960306
132.682497609,91.3527451882
133.571366549,91.3466095969
134.318279486,91.3709132115
135.504609677,91.4369743861
136.316148606,91.4431786585
137.241285924,91.3879069617
139.325549583,91.1731133876
141.945558598,91.3543347141
147.268167102,92.1069138383
151.826881882,92.5297280023
156.942629745,92.6232581398
165.591041506,92.5527810631
171.447872138,92.5318666347
180.147850614,92.556971059
185.553159145,92.6952893676
190.666512621,93.0351666203
197.311040552,93.3108281968
200.852309961,93.0854820655
203.387622442,92.9560331004
205.330795122,92.6922365974
205.536516346,92.3179486723
204.878389256,91.673319152
204.107715963,91.2431514311
203.26014543,90.9056239482
202.44585638,90.6073692181
202.205814983,90.3919710627
202.455507163,90.342845415
202.946037208,90.2063083031
203.658786236,90.0391610473
204.650899852,89.9470898973
205.294292026,89.7856129583
206.158161585,89.4950023206
206.65927787,89.320160857
207.096517972,89.1707344553
208.179336566,89.4586920395
208.880786757,89.9349751131
209.479357445,90.415370986
209.640990798,90.5811674547
209.482479672,90.5446219306
209.048240232,90.5284150259
208.696759101,90.4414073273
208.363380343,90.4301742571
208.270547965,90.4924287682
208.167255566,90.5578909117
208.019800567,90.6439388838
207.926623099,90.7265812086
207.848322425,90.7541643186
207.836791153,90.734193261
207.885812334,90.6684184531
208.200543919,90.4912819778
208.913629745,90.4733233563
211.339164556,90.4074147039
213.358911455,90.2383332701
215.569142358,90.0875578045
219.563223048,89.6361305122
222.755377974,89.1806604419
226.548131823,88.763157714
233.155113412,88.0081225885
237.852993425,87.4700720938
244.444307587,86.8813905579
248.096248946,86.504837564
251.102459211,86.2253509453
253.943216567,86.8285814678
255.447445096,87.2913881257
257.327613894,87.6823377762
258.560860771,87.694344096
259.631139164,87.5087556696
261.244706802,87.1510739076
262.284505286,86.9815820569
263.542338407,86.6378503572
264.156828564,86.4760650812
264.737732571,86.4220986859
265.70934896,86.3662345839
266.322072992,86.1111223271
266.531152462,85.8630497633
266.857255803,85.8817497701
267.413062276,86.3674275685
268.49999513,87.3445386189
268.914424149,87.9695868812
269.364240383,88.5855543194
269.722559024,88.8993600761
270.421698765,89.2018060056
272.14745146,89.685225763
273.51484942,89.8341764273
275.447438451,89.7813640976
276.431398614,89.5307717455
277.419934924,89.6262396956
279.355337751,89.6447936408
280.792215587,89.9505937057
281.784340084,90.4345998652
282.655330912,90.968792455
283.279688314,91.0500636161
284.963302229,90.828036047
286.880276723,90.1418003006
288.875309885,89.8413682476
291.985375921,89.4475730873
293.792137152,89.409125095
295.833695285,88.9563737963
296.664254596,88.7506584348
297.354696733,88.3286765614
298.290802233,87.9592909016
298.684004152,87.7701950907
299.355698685,87.9640688484
300.03096942,87.8417562297
300.793707966,87.9491195132
302.165170346,87.78598158
302.882140722,87.5569187233
303.881688913,86.9920024774
304.713668552,86.8324066089
305.426691032,86.9490784976
306.152805103,86.9589890729
306.550346984,86.9214781061
307.145631458,86.7788429539
307.363995103,86.7560971217
307.565460517,86.7765503205
308.073515457,86.9509823587
308.291558261,86.9915890814
308.64826451,87.1329945725
308.860647469,87.1712662026
309.124126327,87.3140754831
309.232594819,87.4023468625
309.155552513,87.5817159707
308.91753979,87.7873666976
308.307087098,88.2556506404
308.003797813,88.5499100638
307.956441318,88.772823447
307.963138847,88.8957083092
307.974420919,89.0173887985
307.718437836,88.9897547178
307.17841971,88.9773337718
306.024361408,88.681120657
305.578441669,88.7582664541
305.490291233,88.7552586181
305.295706839,88.9504589762
305.015770076,89.0643496375
304.605749686,89.2446689661
304.281246741,89.3396642003
303.893418791,89.4409340257
303.490832647,89.4156944866
303.305442178,89.4467472901
303.195931705,89.4442449762
302.972942118,89.4634469417
302.800050095,89.5040998969
302.542938454,89.6666426636
302.081876472,89.8892315646
301.197590804,90.1493617556
300.725322551,90.2536902732
300.248717956,90.3410689204
299.425922992,90.3115864413
298.832287826,90.3482884521
297.670724565,90.2964964834
296.523602591,90.3767141004
295.443102644,90.3711244447
293.920215411,90.5634993006
293.085858424,90.7563361903
291.599367358,91.1151129743
290.389052676,91.2470148668
289.041102184,91.3613728941
287.072977742,91.6334253564
285.917862799,91.8652341743
284.752359609,91.9033676731
283.168060818,92.0299480621
282.122064177,92.0036947367
280.454216474,91.900343116
279.331356435,91.8656122452
278.150033482,91.8888981709
276.158480385,91.7389147404
274.586063894,91.614859835
271.946639169,91.6640282176
270.295270903,91.650059272
268.735059027,91.6647698618
266.462819086,91.583838588
265.101474713,91.464646787
263.42793847,91.2966760191
262.525007835,91.3399892945
261.754827424,91.2299366037
260.583324704,91.1793533645
259.728969209,91.0140065918
258.343009259,90.6969944926
257.403923502,90.4837728039
256.567147531,90.1831133113
255.417270632,89.8778648214
254.672129617,89.5692727865
253.52516253,89.2756729657
252.690556039,89.168766973
251.933093809,89.1679991105
251.187574339,89.1415692774
251.057493711,89.2864260625
250.922400866,89.5975026288
250.697387126,89.7974015032
250.214873208,90.0179437626
249.500655142,90.1241230634
249.152400044,90.0312027881
249.047398362,90.0090570721
249.047158781,90.0528936015
249.098362239,90.0748219953
249.353571937,90.0191766733
249.489202066,89.9309418465
249.638147575,89.7914991043
249.930771382,89.6235842596
250.11729224,89.5761389583
250.294790739,89.6023206601
250.34191974,89.6582285407
250.41039214,89.6968111954
250.604591811,89.747102503
250.78436088,89.7726857782
251.044144463,89.7447908374
251.208917018,89.7775481073
251.30458036,89.8632300151
251.092507013,90.0505961917
249.782457732,90.3545621729
246.286549464,90.5498798627
243.477594518,90.4636304306
240.449509229,90.2456185631
235.590459341,89.9000220524
232.251518752,89.5526313761
227.322400428,89.258271863
224.022674671,89.2624845424
220.615843545,89.4031232302
215.665023208,89.587386034
212.698410788,89.5468809724
208.670285947,89.5291370751
206.331458932,89.6005462539
204.336147718,89.7776972459
202.193543379,89.9632888074
201.368653261,90.0696856309
200.86688202,90.2241240255
201.036987031,90.3269222129
201.210430888,90.4753807532
201.907957878,90.7326642117
202.404998398,90.7980480889
202.851366374,90.8110326395
203.300866559,90.7183152431
203.498245066,90.6491789852
203.632061574,90.6420533456
203.661865239,90.6356986362
203.657013992,90.6447629919
203.508878397,90.6240720994
203.422078018,90.5898498511
203.345907361,90.5409869113
203.333101943,90.5244650927
203.337184626,90.5203043119
203.382275023,90.5418532774
203.369275367,90.5926958659
203.111615409,90.8227193617
202.753686477,91.022867946
202.329248007,91.1882521172
201.589074022,91.3466878143
201.042164172,91.4118710656
200.115282855,91.5483352605
199.482243401,91.6182341187
198.85274307,91.7546583604
197.614240373,91.9286749928
196.56038252,92.0078602068
194.769716335,92.2149372653
193.582506132,92.3077242812
192.413186063,92.4148556792
190.571982793,92.6191472294
189.30853317,92.6812143037
187.523059461,92.6471035249
186.432711702,92.5417142257
185.515815949,92.3490580408
184.139977644,91.9439599446
183.172729553,91.6419095867
182.166591989,91.3339967292
180.558955177,91.0013207216
179.486503238,91.0208469916
178.510029102,91.0952081845
178.59442778,91.0612276013
179.387262911,91.1388268592
181.537611883,91.3342389452
183.379792607,91.4699652397
186.253490017,91.6464990233
188.149433626,91.6012608518
190.371525299,91.2570217646
193.428777528,90.9426267086
195.163729608,90.7596365886
197.492972426,90.4041104971
198.749295889,90.2413174999
199.701977289,90.1649436986
200.94480397,90.0337165035
201.537164725,90.0194847143
202.236070077,90.0018529646
202.718243719,90.0104779071
203.075886115,90.0098532905
203.543076486,89.9837201764
203.844368512,89.8770323288
204.156996446,89.811246416
204.271808612,89.794982419
204.29337416,89.7568672811
204.332293241,89.6805412527
204.303305601,89.6665707383
204.220382771,89.6525687003
204.205097762,89.6495636697
204.252500702,89.679401758
204.656405559,89.7205325223
205.143885503,89.7539959098
205.820361473,89.7897336009
206.303368721,89.7861018696
206.786934893,89.7932676214
207.67735368,89.8064148729
208.338202953,89.8159137771
208.980341569,89.8166330688
210.112063624,89.76622972
210.916426719,89.812030918
212.307939092,89.8039256229
213.274464277,89.8561499469
214.094966861,89.9070172692
215.342657679,89.9300336769
216.116479393,89.9699518429
217.640470033,90.3252011636
218.969124608,90.7684482288
220.909345156,91.0271969181
223.958787377,91.3357394956
225.7355699,91.3912220609
227.685612031,91.236998072
228.455251251,90.9333440631
228.757010013,90.6275907907
228.634239399,90.0368682208
228.248583635,89.786050951
227.393646385,89.4637267596
226.731912908,89.3493563715
225.93054887,89.2816767257
224.455817893,89.3103651396
223.443598732,89.2798404669
222.31612219,89.2770508977
221.797304584,89.3137839577
221.373809907,89.3503567181
220.877566235,89.3688790985
220.555947708,89.3425004515
220.028643824,89.4179867159
219.780215787,89.4236960102
219.510954846,89.4835450883
219.124503996,89.5413987205
218.878717519,89.5673739888
218.434341817,89.5701918638
217.796458454,89.632873116
217.305291073,89.6885748823
216.485604879,89.7635669288
215.921640674,89.8345959269
215.340066689,89.8518366383
214.370662619,89.8694170619
213.718599431,89.8618251556
212.600624346,89.8610789465
211.779460128,89.9059600777
210.933184487,89.9109770104
209.494666863,89.9216310595
208.195788734,89.8939646608
205.033369233,89.8190749444
201.219218708,89.5715261562
195.509565896,89.2607479675
185.429783373,88.6693980334
178.165620362,88.3263858074
167.302114818,88.0813571967
159.917199836,88.4188104557
151.669947918,89.0123159532
139.103287168,89.5505974924
131.213116318,89.5970484315
120.973595199,89.1909755338
115.507439025,89.1715427247
110.756566407,89.2192195696
105.870999728,88.9669063194
103.526821714,88.7935280665
100.877919571,88.2980601313
99.5204918427,87.9958091553
98.2804237831,87.8256312765
97.0015084114,87.7293901556
96.3202425845,87.7666974682
95.2781838389,87.8605977947
94.5665601607,87.858613895
93.8166980046,87.9698066644
92.8251579184,88.0444592656
92.4335823482,88.1233247113
92.3032961196,88.2216007967
92.156035508,88.363674553
91.6566745135,88.5630529228
89.6516943225,88.5361447879
87.5728955475,88.2219046532
85.1907056913,87.8865601282
81.3996203465,87.2652649803
78.443664137,87.1042597095
74.7249852846,87.0855286563
73.0752687398,87.4851922957
71.7744054836,87.9136341958
69.0546278997,87.3047107925
67.1719390682,86.83957294
65.6691222954,86.5915310702
64.7403341226,86.566384097
63.5464539847,86.5524600899
61.7070263945,86.472853997
60.3967722758,86.3552981847
58.957904304,86.3247608792
58.9592476448,86.7552572441
59.1631901482,87.2990569453
59.6570084544,87.5831619194
59.6987768256,87.3685214089
60.065103624,87.0667286075
59.9672346908,86.9887005263
60.2448047088,86.9472862023
61.2138723137,87.0016465513
62.4143555157,87.1814482436
64.4343158819,87.2857594367
66.2731043881,87.3189513232
69.2765027125,87.1222895776
77.3113512673,86.7487106041
83.5714210808,86.7520209056
89.519574716,86.8717834785
97.78479933,87.3756430508
102.810131246,87.9391517947
109.819190715,88.3036929312
115.056787971,88.2469131282
121.173594921,88.2444673536
131.771457312,88.9204480429
139.684373973,89.6282337122
152.271362871,90.8069808422
160.387287716,91.6590845562
168.143338476,92.712832285
178.45984198,93.7248635866
185.176970313,94.4246198152
194.139067486,95.2443015348
199.033980707,95.3077138767
202.656013751,95.1821177026
206.222802718,94.7319026582
207.726523349,94.060326737
210.282275091,93.390233162
211.858352005,93.183959661
213.373133053,92.9801250433
214.789749281,92.648608658
215.584945495,92.3574613122
216.549605319,92.0470162224
217.010696745,91.9628603461
217.470278804,91.8722415949
217.904209745,91.6428682287
218.275455755,91.406941913
219.05597973,91.1516766991
219.67611993,91.0058623582
220.344161451,90.8427622347
221.366401594,90.6234216946
222.01099752,90.5430415803
222.549992282,90.5167582641
223.224984399,90.5824944053
223.592449513,90.664719295
223.941020065,90.831350615
224.123223558,90.9760023245
224.275255633,91.0961187615
224.35159453,91.3054278907
224.329095809,91.4400736754
224.208288303,91.5566508378
224.071190589,91.6283988955
223.855824473,91.6758413409
223.419732131,91.7927110628
223.191332564,91.8301621731
222.876672629,91.8299848788
222.636453745,91.8208708084
222.447631267,91.7641487357
222.060663898,91.6019498207
221.790452601,91.5217591978
221.440824485,91.4421491891
221.189078678,91.3828205155
220.957042139,91.3209567982
220.604062713,91.1988529239
220.392436075,91.119170713
220.09808018,90.9568391895
219.912096615,90.921587978
219.778698506,90.8733213521
219.577060342,90.8417983402
219.466870886,90.8053936206
219.357115711,90.7443200723
219.302856203,90.7012709656
219.266892262,90.6691381335
219.238162317,90.6481362263
219.174405824,90.6707267447
219.115850666,90.6688877231
219.076883687,90.680537646
218.997572005,90.773095391
218.817236861,90.9638426278
218.765476162,91.0244603062
218.744029643,91.0844433884
218.830884666,91.1041884923
218.932049666,91.0832129303
219.099022287,91.0593413151
219.217033372,91.0455726693
219.312752402,91.0640806501
219.204149462,91.1863641447
219.015786591,91.2709200521
218.750145368,91.3934497024
218.67792858,91.4298185334
218.63283949,91.4737210716
218.57429536,91.5594819031
218.541462604,91.614849979
218.470566763,91.7104431787
218.419231284,91.775533537
218.338410027,91.8628328284
218.238548281,91.9551590644
218.16123296,92.0136088462
218.068743677,92.0800308715
218.021727995,92.0930441943
217.949997011,92.1104791953
217.817513754,92.1468106425
217.694893046,92.1753560583
217.387705431,92.2331019945
217.080659749,92.151095069
216.818139055,92.0534326086
216.547414446,91.902838986
216.51429419,91.9010974794
217.493700153,92.0497661273
218.388867033,92.2039816691
219.153565577,92.3567390344
219.648829184,92.4049191889
219.511478034,92.3756404492
219.376117855,92.3045574049
218.91731756,92.1571642943
218.752553467,92.1735180923
218.558669646,92.1591714565
218.573945116,92.1295727675
218.660527668,92.1028497586
219.309354478,91.8641622549
220.178253462,91.6070365368
221.913463168,91.1771527508
223.223204598,90.7435229578
224.555109197,90.3419405674
226.756694442,89.8132123202
228.246379914,89.4213185725
230.730296047,88.8864194207
232.426942245,88.5897313438
234.063029938,88.2356197313
236.345746613,87.7520668653
238.010603984,87.557924357
240.495404299,87.5897093909
242.304605266,87.9326156725
244.258272277,87.9425038342
246.453355671,87.6908978312
247.411128988,87.4097122659
248.197084548,86.8142157786
248.108584156,86.5124402359
247.464546504,86.2315860842
246.004599395,85.9502984157
244.451815173,85.9658894117
241.386606386,86.0774646752
239.140167598,85.7980018686
237.092436974,85.3915155987
234.074123389,84.5171035781
232.532882397,83.7556443706
230.078007309,82.3846948295
227.506222278,81.1136635863
224.100871518,79.5787235537
218.310211402,77.2185127895
214.187501237,75.9205808123
209.994854106,74.9145916635
204.475994029,73.5454273345
201.543251289,72.8308791339
198.722808332,72.3395178108
197.574753212,72.6793002255
196.557227544,73.3139857215
195.099565939,74.3776623037
194.114497263,74.9933161786
192.708184867,75.5043004642
191.664925103,75.5842286869
190.650197054,75.365792847
189.351126916,74.9049940363
188.765260534,74.7034357061
188.017315167,74.8119217338
187.786349539,75.1688258301
187.376861764,75.6719100004
186.8569953,76.502134613
186.396348518,77.1955316704
185.943058278,78.4954413585
185.630641999,79.5676142036
185.780314058,80.7615786154
186.518972376,83.1181287449
187.651490514,85.0951206312
190.556962639,88.5664144597
193.051668615,91.1276130973
195.707975998,92.9520098363
199.605387299,94.8388329703
202.231009948,95.3714278916
205.994866644,95.4406437959
208.412729243,94.9481339486
210.676363564,94.454155533
213.78328538,93.9323914469
215.392072502,93.5451534944
216.755587631,93.154351802
217.979238153,92.5784748877
218.535154795,92.1867048557
218.864328582,91.6508191971
219.060423783,91.0850719871
219.276897162,90.5265383068
219.834319563,89.5937199873
220.381612742,89.01992537
221.288719351,88.4405675395
221.893664734,88.2143603245
222.472016203,88.0148483446
223.283360486,87.7216028921
223.781320203,87.5018124495
224.247096938,87.4108919647
224.274089369,87.3303192056
223.915824978,87.2787880473
222.875238421,87.2085396605
221.7335675,87.2362202255
219.665408467,87.0771115817
218.181177975,87.1305289426
216.74573569,87.3140723676
215.194256034,87.9948455799
214.428945507,88.6222081702
213.800779379,89.1963072748
213.954890206,89.2082395349
214.135958211,89.2291905043
214.237975047,89.2403195978
214.155537946,89.3082103823
213.846776081,89.6047788523
213.718146258,89.7014604224
213.728724639,89.6673039529
213.944990087,89.5291660254
214.365941987,89.2895730878
214.750277914,89.2284401137
215.057578706,89.1432441742
215.105170218,89.0512594624
215.192206968,88.671571815
215.367914415,88.4461613822
215.589757685,88.1819943736
216.090987324,88.0492633513
216.495830546,87.9520001616
217.126972904,87.9123558193
217.549419615,87.8735329068
217.987331398,87.945237426
218.536749059,88.0893782274
218.757740544,88.1445405495
219.205539192,88.1323160111
219.691284015,87.9866577149
220.550420105,87.781256309
222.451569749,87.4661450577
223.726207675,87.4683606366
225.140409552,87.3810971453
225.543659262,87.4583146661
225.467268839,87.2794972415
225.167441261,87.0468925169
225.022659135,86.8503097318
225.061831743,86.6768255597
225.238449699,86.6224034464
225.319675747,86.6046493447
225.581601756,86.5600554038
225.829390425,86.4913374853
226.001763131,86.3727063827
226.149744002,86.276168382
226.251438697,86.1823217595
226.192798853,86.0050597875
225.956394249,85.8747949467
224.844272815,85.6708291821
223.793416762,85.4001784431
222.573724129,85.1257245689
221.160047432,84.7049217612
220.562932592,84.6308082509
220.143619327,84.6848629836
219.785954563,84.7894448405
219.517638127,84.8859177209
218.924803931,85.1570867769
218.392513904,85.3767958017
217.74995134,85.5896954588
216.443321748,85.9549477307
215.337150293,86.1831286792
213.253889908,86.5213770669
211.598053164,86.7158793232
209.792734962,86.8957192308
206.621351753,87.2566135814
203.753014524,87.4286465623
198.722820278,87.4243802144
194.805368405,87.4101067665
190.769743284,87.3421786271
184.639025324,87.3171677004
180.742839304,87.2957519242
175.504632079,87.426572226
172.382572646,87.6150897472
169.102204536,87.8698907015
164.703664157,87.6615208407
161.715753015,87.3889959503
156.969546915,87.0223231055
153.4934043,86.9966631603
150.360030808,87.0828351805
146.682760006,87.2735603779
144.556643705,87.4817866584
141.41152319,87.839797265
139.046072617,88.0037380019
136.433441473,88.0868763162
132.470531477,88.2804223572
129.833188041,88.5130814663
127.444888017,88.6915272102
124.044505475,89.0670235696
121.92047242,89.3238542992
118.838498157,89.7856360608
116.931645369,90.0011817919
115.175914346,90.1524624501
112.420056384,90.4242787169
110.667083253,90.4393689631
108.974086102,90.5016793485
106.362229345,90.783877143
104.660741185,91.0169603286
102.367950073,91.3679131716
100.965118634,91.7179097727
99.0172899025,92.1645789576
97.8034126294,92.3713627167
96.7065676073,92.4632891147
95.1666567825,92.5323530813
94.2139328113,92.5014067358
92.8262076527,92.4297734516
91.9601311716,92.3985927931
91.0829484083,92.4629567639
89.70492382,92.5476342224
88.6372152127,92.6625630791
86.7075028268,92.7734271346
85.1187464888,92.8438481062
83.3065484858,92.7145793652
80.1551673348,92.2815907197
77.8401064611,91.9547921498
74.5162934062,91.5771588894
72.7118756905,91.4363529899
71.2283547806,91.3532855475
69.5604917956,91.3918640053
68.550102824,91.2342197997
66.5145325223,91.3141320146
64.8717864687,91.3132228033
63.1473607751,91.2415290688
61.034385067,91.1371878292
60.0969882847,91.1588668616
59.2099550173,91.2683042523
57.5023121358,91.4866494826
56.0855687293,91.3674354216
53.6640855947,91.3895149909
52.2690239115,91.3109481826
51.1908479033,91.1849375252
50.1360091209,91.3043594241
49.5736154231,91.3442547567
48.8741819084,91.299037824
48.5224529682,91.1737080005
48.3149372118,90.9516826198
47.7783894378,90.587950095
47.65988354,90.4195219943
47.5300259571,90.3319235312
47.5549131146,90.3360960263
47.5848888501,90.3082628891
47.6323109098,90.230454255
47.7282261412,90.1199957938
47.9587780067,90.0316921376
48.0772733959,89.8167292096
48.2552865116,89.7424214796
49.0085696531,89.6677086455
49.5290331353,89.646511824
50.2354791211,89.7010427064
50.8534143312,89.6486887885
51.4981403745,89.4964823889
52.5195529492,89.1701149863
53.2408055127,89.0807131456
54.1906850251,88.9778705595
54.8021385889,88.6227513606
55.2327379701,88.6003142347
56.1195604388,88.3083411888
56.8907402214,88.2385851441
57.7939311438,88.1390620507
60.3241617699,87.8192645624
62.7319543254,87.8895209057
66.7287238198,88.053926268
69.8589297542,88.1670891731
73.3716091704,88.3824129234
79.7266684581,88.723383933
84.3671236506,89.1862607128
91.3799000542,90.0118338956
95.343960518,90.845533593
99.0392570871,91.6825579774
103.95758853,92.85110228
106.961893545,93.3360237286
110.923667147,93.5772139034
113.255221455,93.3771898516
115.110172379,92.8306709484
117.301287419,91.8077365481
118.457741904,91.2054884671
120.219077248,90.6015510421
121.416475867,90.4230445641
122.538011084,90.4777375963
124.13428701,90.63568058
125.137075193,90.6856408734
126.432942845,90.5810748281
127.096277517,89.9979294027
127.450444449,89.0620842008
127.26902304,88.0481245973
126.986821427,87.454918777
126.567773577,86.8563941646
126.345782828,86.6124912609
126.097040192,86.6446163084
125.801384983,86.691979916
125.581286226,86.7564813637
125.369297074,86.8613045988
125.327166736,86.8518595517
125.244498519,86.8354588633
125.337048591,86.7815067841
125.523971696,86.7250860565
126.132195138,86.5745279568
126.790788435,86.6815838412
127.103678146,86.6554600428
127.364886941,86.8633474108
127.346242073,87.0261902168
127.063962381,87.3539476182
125.891371141,88.0252693701
124.395366663,88.4724957509
122.150083593,88.544122276
120.746776485,88.7578474777
119.371378391,89.0658759971
117.478638943,89.5372419433
116.346710588,89.7955810547
115.118657052,90.1844573772
114.628820033,90.3282728402
114.397738348,90.4814056493
114.080968169,90.6765753186
113.75891439,90.7910464664
113.175832897,90.7763361464
113.144035785,90.6902483889
113.213727062,90.6747212907
113.051842539,90.8164142246
112.831019453,90.759033248
112.413961469,90.6827907735
111.737119345,90.5478148185
111.573733374,90.5251119977
111.077176547,90.5795989552
110.882309823,90.5475415441
110.623658926,90.5308512583
110.282623934,90.4854596259
110.014313657,90.509036108
109.547472533,90.5141602807
109.368096538,90.4861576866
109.151137197,90.5159676803
109.014329155,90.4269335442
108.94945644,90.3904959912
108.988506125,90.281503596
109.11105555,90.2310466764
109.32485087,90.1263230123
109.849011102,89.942864072
110.375568979,89.8150970885
111.101058198,89.7855834359
111.570383202,89.7891130704
112.067125068,89.8105644605
112.540669744,89.8172229035
112.709876048,89.7965897327
112.882733942,89.8055026514
113.057905153,89.7561871356
113.352117655,89.7145216039
113.941798125,89.6966879287
114.428350606,89.6887186117
115.09799398,89.8115427638
115.608797304,89.8744747749
116.156878341,89.9427010711
117.010198235,90.0198408092
117.673902592,90.0166273993
118.662553623,89.5861675549
119.113941976,89.236297976
119.493908054,89.0681402759
120.039374442,88.9108269487
120.635081152,88.8984499146
121.569913605,89.0747876586
122.436701943,89.110731792
123.244572658,89.3404599423
124.353042893,89.5808946271
125.086896971,89.8075296524
125.702946243,89.951031598
126.52508265,90.0856638067
126.766760683,90.1388291962
127.135832552,90.1621737421
127.332282374,90.191494383
127.548255038,90.2401658352
127.813334688,90.3904844596
127.958275533,90.5064683438
128.071467152,90.6307758408
128.082481584,90.6520300818
128.05403206,90.6640061181
127.971371442,90.628475399
127.919058864,90.5909967931
127.88546923,90.5386992186
127.872135475,90.5115716511
127.87478086,90.4698626959
127.804460602,90.4282022674
127.749256416,90.3920116329
127.687493578,90.3309639689
127.684969042,90.2976782523
127.72272082,90.2592219107
128.086482382,90.2424201462
128.57583286,90.2969493737
129.214079531,90.3861321356
130.552909668,90.5699763747
131.929472412,90.5766971853
134.563846853,90.6021455037
136.541335611,90.7092416913
141.10860845,90.8632701146
145.034302744,90.9486442767
149.879339722,91.1847202017
158.890633264,91.4856446796
166.019295251,91.7561205637
177.556264752,92.2099124583
185.158494084,92.334020265
192.414684799,91.92651735
201.979825741,91.3183807298
207.248719027,90.8197364171
211.78593495,90.6043347419
216.179318005,90.8757443408
217.800689147,90.7530406408
219.484696421,90.2125340423
220.592003421,89.9057623953
221.908639279,89.7293382504
224.680323063,89.4746330184
226.522875253,89.312038906
229.033911571,88.8422729523
230.391677931,88.247293007
231.644483156,87.5224578352
233.111677104,86.2764396728
233.872947936,85.4748259068
234.843152325,84.3627444431
235.261316151,83.8051151054
235.631825303,83.3216185916
235.915306242,82.933655314
235.851909715,83.0012691245
235.830063559,82.9773862545
235.824952741,82.9741699064
235.798936123,82.9923980604
235.677174493,82.9411689979
235.561433901,82.8844401912
235.309664272,82.7889510479
235.160080477,82.7618721616
234.977406448,82.7820239654
234.87540339,82.7771141834
234.794117762,82.7975797256
234.855206647,83.0117682504
234.83313054,83.0771901474
234.760337714,83.1969253899
234.35842612,83.3159879379
233.988212669,83.3261556662
233.658854036,83.32393801
232.851683686,83.4467112228
231.98171871,83.723698766
230.512744363,84.0472609535
229.731841636,84.310087123
229.25845209,84.7013279491
228.928714688,85.3092945605
228.831338193,85.6100222547
228.538638223,86.0270273811
228.266534566,86.2074074719
227.931609825,86.313148562
227.343500909,86.5797723647
226.865615164,86.6548795419
226.751476712,86.7026811403
226.834184481,86.7910203469
227.045599956,86.9206809207
227.344940802,87.0573595937
227.454060884,87.1155144884
227.539994951,87.2037188973
227.566546727,87.2592820854
227.610254502,87.299569782
227.714527319,87.3814325349
227.788290474,87.4266150783
227.896024809,87.4909057719
227.913755533,87.5539186928
227.906787111,87.6433734984
227.861658098,87.8206389429
227.824229619,87.9267537202
227.756770993,88.0767559494
227.71666652,88.1483255629
227.680958405,88.1954935945
227.607277415,88.2273869866
227.583636864,88.2135149703
227.537866636,88.1930023235
227.505829498,88.2028260996
227.483973717,88.2150058705
227.45834388,88.245331766
227.428399422,88.274897823
227.401950953,88.3024681999
227.353296577,88.3416758677
227.324775445,88.3697069744
227.295774044,88.4167096813
227.268455502,88.431567655
227.24892351,88.4307077731
227.25513119,88.41231484
227.283161983,88.3827286344
227.337277013,88.3478040713
227.35843462,88.322390232
227.377042214,88.3053192421
227.370672575,88.2807482343
227.356094295,88.255703484
227.334089092,88.2160179686
227.327472419,88.2185338779
227.335712431,88.2148232669
227.341065372,88.2022281785
227.339095562,88.1839099039
227.33982639,88.159885894
227.375245801,88.112573564
227.393986791,88.0995203839
227.432015547,88.0783946844
227.481014187,88.0647675276
227.610122692,88.0700185588
227.979640977,88.148486724
228.642558883,88.199572355
229.483480942,88.1600450101
230.041115651,87.9459938566
231.005418657,87.5397985087
231.806823311,87.1636560318
232.699467431,86.6874853218
233.904417098,85.8201764733
234.594046679,85.3732291568
235.274570128,84.9144402539
236.048317486,84.306076912
236.444390365,83.9343678615
236.816645959,83.455709534
237.11130593,83.161264509
237.322547768,82.9302071681
237.565475258,82.7233195226
237.652782164,82.603503866
237.832485601,82.2967093625
237.915469155,82.1057788948
238.000176427,81.957340724
238.165902224,81.7052296302
238.218673088,81.5926405244
238.217629553,81.4627565667
238.198182237,81.3731708102
238.179109142,81.319461389
238.189267439,81.2450084234
238.175020809,81.2043739716
238.170837711,81.192146184
238.144176746,81.1960475837
238.113994474,81.1905412648
238.045496345,81.1906041509
237.99139205,81.2011368296
237.844004333,81.2463133678
237.672135401,81.3115902326
237.555746457,81.3642028443
237.33555523,81.4125128353
237.125016767,81.445268271
236.862710774,81.4431046957
236.68919172,81.4932163124
236.506069061,81.578403541
236.288307657,81.6988578636
236.132821416,81.7976799161
235.961511872,81.8567862194
235.714789065,81.8704343362
235.58632432,81.8891826663
235.367370115,81.9565965213
235.158775135,82.0069539459
234.953429689,82.0425176968
234.622728468,82.1432724464
234.406478151,82.2832341044
234.242825908,82.4655303732
234.121698574,82.6041792016
234.009367874,82.7722813027
233.829715897,82.9922215542
233.730021316,83.092069126
233.54614135,83.2087814779
233.365020742,83.2793923712
233.099165921,83.3580959386
232.240591132,83.5994205883
231.640499865,83.7702149352
230.462453426,84.0973615072
229.497485003,84.244210687
228.847076466,84.2780857431
228.228286273,84.4996465675
228.069159596,84.6661584465
227.932992667,84.7962812556
227.803203259,84.8987167761
227.661074906,84.9913369914
227.429006655,85.1078575984
227.233706489,85.1963245135
226.955379604,85.3227689365
226.628128557,85.4513181626
226.148992139,85.5855832779
225.292718497,85.8480544882
224.465108571,86.0946581867
223.075088586,86.3964752162
222.27669316,86.4815456414
221.424068422,86.5905993957
220.140275031,86.9551138483
219.433367228,87.363711726
218.686805815,87.7313992595
217.719850978,88.1897220686
217.189821514,88.4233599232
216.325060078,88.6936226854
215.931642012,88.8617568369
215.441643598,89.0801020074
214.691403458,89.3790613187
214.064521194,89.5336961141
213.127812894,89.7937973356
212.469324804,89.9188448424
211.860982487,90.0275290843
210.853012615,90.2030179183
210.279013474,90.3171737107
209.289428091,90.5227313828
208.790184004,90.6331150031
208.399960951,90.7794523021
207.880871936,90.9621474405
207.505485584,91.0275630956
206.68687476,91.1210516779
205.853302704,91.1303794911
204.724618849,91.1202810866
201.884072982,91.2611597568
198.021980642,91.4991219676
189.707042948,91.5299435156
183.216444093,91.7970428001
175.793098882,91.9131713996
164.762565658,91.5277351598
157.676757613,91.2933425761
147.973749757,90.3816450259
142.296324547,89.3057575063
137.140366624,88.508272213
130.627219254,88.327434681
127.294106701,88.4278576841
124.785138667,88.690497882
122.417662078,89.1174873032
121.860570953,89.356553126
121.964213972,89.7170525477
122.546880644,89.7440657796
122.970466936,89.8776570254
123.401477494,89.7867875598
123.48748639,89.8485478144
123.435406031,90.0189520542
123.328814144,90.0699028198
123.271205975,90.1263107235
123.172166167,90.2050860122
123.16009137,90.2248695821
123.209381785,90.2813005213
123.325832755,90.2798531449
123.562323461,90.2805337708
123.797960868,90.2661061649
123.945618153,90.2135150259
124.083815557,90.2075011436
124.1453725,90.192519165
124.285773827,90.1470999342
124.568228811,90.1146749207
124.790813446,90.1341419527
125.126673145,90.3758801206
125.166182365,90.4973604142
125.269247635,90.6184516388
125.407303932,90.7481709583
125.555928617,90.8036693336
125.801887365,90.834501283
125.981839587,90.8531978225
126.155901027,90.8622659381
126.47959657,90.8197056629
126.619594724,90.8300172468
126.782824892,90.8599018168
126.876749088,90.8630851348
126.944625374,90.8779135192
127.024992381,90.8532638895
127.089653283,90.8080195918
127.16637044,90.7476155178
127.292026526,90.6555390316
127.381340787,90.5967196322
127.469663653,90.5792109982
127.519279803,90.5575412502
127.556835431,90.5486648426
127.58390517,90.54046119
127.612606511,90.5424273722
127.683727037,90.5679734172
127.725653242,90.5905658326
127.781365692,90.6383363015
127.906205197,90.6827277803
127.976067838,90.7081279423
128.12869865,90.7435915305
128.156683544,90.7697548234
128.166295559,90.7878131259
128.118217092,90.8220139296
128.10089841,90.8392334933
128.109291677,90.8682171993
128.133291394,90.8958650224
128.148610299,90.9267922737
128.131458061,90.9329490691
128.128602559,90.9209998983
128.156883919,90.8839494205
128.168290205,90.8498491366
128.143206708,90.815299562
127.987170384,90.746463918
127.820553128,90.683791206
127.476404497,90.6203244562
127.026147965,90.5648434032
126.465108152,90.5449598691
125.413016102,90.5426569609
124.563774992,90.5271214225
123.553241502,90.538505988
121.893527673,90.5704925642
120.653606125,90.5629181317
118.551662568,90.5395218654
117.049189122,90.5874426763
115.440129807,90.6737059129
112.787094496,90.9224955655
110.741506641,90.9695634903
107.424463209,90.9144373479
105.116835155,90.8489545767
102.882078772,90.8666286327
99.1632165193,91.4554581858
96.5824239457,91.6834628813
92.6717552921,91.8622077336
90.2712354342,91.8309324169
87.9233791937,91.7819664837
84.1100198826,91.8072426304
81.3087019076,91.6046630915
77.3105556357,91.3931307319
75.1542226277,91.1156170137
73.206731688,91.002716973
70.3282124486,90.6844271486
68.2569149453,90.3799064697
65.4938620775,89.8229553596
63.9532584144,89.3906263844
62.6810041939,89.1692369325
61.0602347037,89.187672694
60.063549508,89.3051126884
58.4941322334,89.5385821294
57.4617757465,89.5881988278
56.4611695721,89.5176197127
55.0019626402,89.6889090164
53.8941137654,89.8872248495
52.4200477889,89.9932465018
51.5378528643,90.043963732
50.8440236371,90.0238546378
50.1143491304,90.0174425453
49.7633455044,90.1253124991
49.5967997426,90.1017885876
49.5141094594,90.0230575939
49.5657168612,89.9379083247
49.9238551829,89.8682422687
50.1028319746,89.8092685134
50.2393564365,89.769688133
50.3614140516,89.7065763449
50.4561794947,89.7062025377
50.9869821257,89.8137509756
51.8316359418,89.9630706135
52.6797669872,90.0971449926
54.201488067,90.3841780361
55.1062697523,90.5825356512
57.1591927116,90.8097806752
59.5299122336,91.016823605
62.667606225,91.0750585033
69.4294878869,91.2005463903
75.1018340672,91.3826350469
84.680223139,92.1647785276
91.2993000632,92.6969200117
98.0408543004,93.1670403906
107.906381833,93.6967599546
114.207900524,93.7372409231
123.440218351,93.7320894605
129.306287987,93.6236681199
134.727520943,93.0966342476
142.116578474,92.6710901531
146.397603272,92.2162142284
152.545735934,91.6048679401
156.502152042,91.1716615783
160.291389397,90.6163886776
165.792843198,89.5859934605
169.09275083,88.9079181108
172.305191024,88.0754311501
177.005364848,87.1540335664
180.197842412,86.7057462196
184.906196372,86.3112530034
187.72398044,86.0965367658
190.302314808,85.9494003475
193.695673094,85.7904407884
195.689188346,85.5861231853
198.225308353,85.2410625025
199.798578832,84.9045523167
201.324133978,84.7106382496
203.609928963,84.3554760502
204.976557137,84.2820722545
206.469539931,84.2627511705
208.916761483,84.3321246405
210.64075491,84.4535426227
213.376117554,84.634065988
215.123144429,84.8031624291
217.572978138,85.1015223438
218.882397213,85.4539120604
220.09846807,85.8208595807
