180.47891218,80.7863229597
180.580805936,80.8764816055
180.503423557,80.6708517508
180.470680952,80.0412918773
180.424247,79.6297640558
180.507447942,79.7028177764
180.948348836,79.7645765819
181.460240866,80.0529064943
181.856978441,80.0428845341
181.916452829,79.9529105737
181.960640497,79.9960129009
181.961248344,80.32265577
181.829283669,80.8007552085
181.43013096,82.0452756574
181.017628644,82.8907271055
180.579279883,83.1437361126
180.188179782,84.2216257786
180.060993171,85.323179665
180.258942736,86.2263634023
180.798886186,86.8683939868
181.507991301,87.5232302743
181.57817544,87.4610370642
181.953329367,86.3550803662
181.775021126,86.1327837628
180.541327755,86.908999762
180.139726176,87.2477811509
180.036085316,87.8366301404
180.16351043,87.6219188738
181.264975772,86.7315806849
181.588291006,86.6585912677
181.284618199,86.7511356557
181.10057835,86.5947364121
181.095534989,86.6060885767
181.169433038,86.4977629917
181.215824039,86.2616179689
181.027670872,86.0460508365
180.74081964,85.9814380935
180.74479838,85.9991601349
180.894795108,85.8898334796
181.379657812,84.9345154913
181.671106472,84.3111700357
182.119778912,83.222836114
182.274045644,83.0311257235
182.205427708,82.9392784891
182.147683696,82.8522887891
182.079268672,82.4199186812
182.079818647,82.0553193345
182.151230504,81.9886528593
182.326810187,81.9409991257
182.385514756,81.9988813572
182.517354682,81.892933569
182.642392074,80.9390420057
182.697855938,80.3610322478
182.71411707,79.9956160774
182.839766589,79.6506887481
182.937622283,79.7437270023
183.283988247,80.1967999309
183.591591417,80.7040263616
183.792062865,81.0845442387
184.02503603,81.4341274299
184.309871669,81.5099644454
185.035046827,81.7374344387
185.433105807,82.2804893893
185.659351345,83.0560524868
186.134526297,84.2719046935
186.377808945,85.3066217503
186.814940496,86.3947938281
186.834794816,87.6146103867
186.486512262,88.0740051
185.755712361,88.3240651608
185.303493014,88.2349961674
185.087234911,87.8488658103
185.017986436,87.4516277113
185.000136355,87.3468793413
184.714179392,87.1822361414
184.337895758,86.7292335722
184.059154565,86.8576048214
183.274223856,86.6657333018
183.045031504,86.6651154142
183.091280781,86.9125583747
182.73218142,87.2314533002
182.829673587,86.9873096113
183.416927407,87.3939924671
184.109666434,87.8291973427
184.660548916,88.0641238911
184.643170752,87.8868812816
184.651354126,87.8143936093
184.688488601,87.6437563278
185.228331226,87.4712503198
185.80609788,87.1341146076
186.039093491,87.2191889409
185.600000625,87.3928638524
185.179131682,86.9773089826
185.168977067,87.2617027687
185.140662181,87.4608347629
185.173151107,87.663586016
185.255316579,87.943032441
185.167900643,88.6013037817
185.018277991,88.6523050035
184.844234664,88.6241461872
184.992842433,88.8693640844
185.049824201,88.9747730203
185.595668477,89.1925337558
185.954454064,89.1561753791
186.559830675,88.8337987331
187.726299991,88.2735503249
188.653488973,87.8989692688
189.982196497,88.2872550354
191.157484372,88.9419285317
191.819380618,88.8634313747
192.295838706,88.9564920874
192.394855946,88.7589366856
192.492956426,87.6611959563
192.847170248,87.0063734282
192.858827465,87.1520346224
192.928658633,87.3554973901
192.555067396,87.6217730946
191.021391963,87.6805423916
190.464185121,87.306022649
190.268299896,87.0673282514
189.551604816,87.191020753
188.594196966,86.868262671
186.982926072,86.4672740035
185.90417968,86.1008285226
184.838721437,85.7293474995
183.647516797,85.4859931223
183.057550383,85.1946009894
182.999510857,85.1975929226
183.08755721,85.0529159885
182.794477753,84.9176303863
182.77637378,85.1848158697
183.076769758,85.3635389144
183.232608684,85.5147025684
183.225085679,85.4787958103
183.278810409,85.4132911908
183.305556149,85.435120736
183.651327086,85.8163202588
184.18290853,85.7805000699
185.079538498,86.0735526078
185.44047294,86.2595641179
185.92422067,85.9777627883
185.673570654,86.1154848136
185.225417656,86.1056514309
184.546894381,85.7939251508
184.158295778,85.9284576658
183.296085573,86.0005948394
182.864560226,85.9739934552
182.762952339,86.0087252865
182.638351109,86.583326971
182.890050623,86.8064704079
183.644728523,87.0200768666
184.114017602,87.2947356014
184.478545373,87.3672210199
184.606810236,87.2622973966
184.590038322,87.2220019343
184.55592737,86.8413057511
184.436772975,86.3698143436
184.494050145,85.8223028611
184.705096677,85.2976061182
185.170693088,85.1097335466
185.814945374,85.2284762471
185.800660724,85.3717142729
185.755035568,85.4404890127
185.59315975,85.8005630568
185.369309685,86.195688313
185.111312936,86.4481667173
184.665425244,86.7040313704
184.356855862,86.7558370267
183.891749982,86.6572858496
183.578805004,86.7821023337
182.870789181,86.8338721469
181.953619734,86.4577448264
181.247794618,86.5814937823
179.799657138,87.3043483578
178.384536416,88.1081511605
176.734006694,88.9705184502
174.59197704,89.8320453807
173.483100149,90.4289251323
171.705002602,91.2931860348
170.178743846,91.9093836954
168.086431739,92.2327956145
163.508493432,92.3705766332
160.147834756,92.0695565384
155.270863245,91.4999708277
152.105099464,91.3442405414
149.218255679,91.3298277502
145.336237595,91.1899428646
143.156656471,91.2639827194
140.354444685,91.4364836186
138.647579204,91.615757058
136.920709947,91.6887771576
134.446260432,91.4841611385
133.119698865,91.3542073061
132.200702277,91.3179173769
131.043537959,91.3368557587
130.167150391,91.3039838704
128.342088879,91.3436943377
126.810254858,91.4227327092
124.182536089,91.5152098829
122.383561447,91.5392790522
120.500059692,91.4722782833
117.615741625,91.1631430757
115.811948992,90.8646844957
113.892066246,90.5255421662
110.88741861,90.5344431243
109.121720218,90.5526947642
107.48774382,90.7425468657
106.999002293,90.8337473169
106.871907873,90.9775416546
107.041020034,91.0653404192
107.073049841,91.1034552563
106.97745012,91.2288391431
106.706222338,91.2611263212
106.455662637,91.2314897629
106.339273596,91.1350505552
106.380085183,90.9761186282
106.894628482,90.5748142226
107.363084211,90.4660127002
107.757377294,90.3076815457
108.427069622,90.1131700556
108.462590004,89.9313063775
108.319919273,89.6463189673
107.985939387,89.320621005
107.58512784,89.1292949423
106.843796075,89.00112651
106.291781699,88.9436568905
105.465172059,88.9428458992
104.954808256,88.9905624886
104.401920813,89.0370083076
103.557924709,89.0964787126
103.00276825,89.1228463039
102.159441184,89.0485617712
101.547381967,88.9819777513
100.944277131,88.8226785744
100.134227171,88.6182718149
99.6501427099,88.5081102786
98.9908344048,88.2872304297
98.5888498828,88.2599086447
98.1485437927,88.30809679
97.3254318621,88.3561963146
96.5766861177,88.4000034359
95.6430581337,88.5102596183
94.0325970521,88.7934412734
93.0337973826,88.8984802205
91.7540028714,89.096811507
90.9936788577,89.1314763465
90.297747806,89.1114230315
89.356921913,89.0398792659
88.8032516838,88.9205336298
88.089528643,88.7984092128
87.7080584205,88.7036770403
87.1159254348,88.6120116661
86.6800337014,88.5359021304
86.2666348954,88.4744472011
85.7575701708,88.4684630815
84.9497758939,88.5390562288
84.4559036374,88.5222239666
83.910583003,88.4121297455
83.6619635047,88.2737441986
83.6493833058,88.1715354436
83.4847525397,88.1193451326
82.6809613906,88.2070463801
81.4524018116,88.2057447932
80.9360082314,88.1827504481
81.1358433294,88.0229527631
81.8759233346,87.8533430823
82.8687446811,87.7985410539
84.8690148256,87.4858462909
86.810825323,87.498637176
88.917007286,87.7190901406
92.503113104,88.2864355466
94.9576301226,88.8057338085
98.6285702651,89.018645369
101.060790954,88.9866158316
103.821178905,88.6954044923
109.108138174,87.862907759
113.912730895,87.0803226694
120.413828032,86.9524910537
131.070979196,87.675100825
132.918587023,87.8014445772
137.477289688,87.3658760318
139.709221524,86.6780895804
142.446649917,85.5633114432
143.964091868,85.141239736
145.491631304,84.9773612101
147.58473836,85.0234724968
149.032520368,84.9718492494
151.470714208,85.007592364
153.117080669,85.0354361937
154.808536396,84.9696998748
157.145027965,84.8150228381
158.643249781,84.5709058644
160.779720571,84.5065811533
162.054454365,84.6066053642
163.40697946,84.5365908154
165.219899356,84.3146834067
166.253181975,84.0739011077
167.361592937,83.762761472
167.781014487,83.8100062788
168.11108132,83.92519435
168.732988304,84.2583422913
169.184394342,84.3491893083
169.655237068,84.4667432603
170.67551378,84.4622990097
171.729150061,84.4685155236
173.913738175,84.4706234899
175.594164162,84.586647618
177.628079305,84.6626862434
180.660475964,85.0173217907
182.586273176,85.2554842723
185.362829845,85.4761333467
186.901533831,85.6069040175
188.387590745,85.49354964
190.354233,85.1953997753
191.620313579,84.9285574879
193.574111113,84.4117351729
195.266306505,84.1854041756
197.076685789,83.9973448928
200.061000461,83.7590443845
202.223730571,83.7059960919
206.172772907,83.7405188514
209.35626359,83.9411106569
212.707473525,84.2016392924
217.961627863,84.7408677067
221.065654207,85.2862701084
223.488150826,85.5173462233
225.934258704,85.5271413097
226.802397098,85.3252506117
227.562435678,84.8675817651
227.944448234,84.3212620326
228.657813917,83.7684532924
229.277361102,83.4397875227
230.026959656,83.2075808639
231.3535881,83.1357844944
232.346332798,83.1990191469
234.027564874,83.1914158479
235.155734823,83.4165935571
236.189632888,83.6042196914
237.500765597,83.8188271733
238.223865383,83.8777034785
239.241911552,83.8751477677
239.996575727,83.8311980572
240.821005904,83.7393361338
242.214806257,83.5422454639
243.153507626,83.4778748547
244.147994537,83.4557953723
245.619270013,83.4569741121
246.614193012,83.4162786054
248.090868926,83.3626025015
249.169063637,83.3912274201
250.196899684,83.4635843896
251.708600258,83.5935068995
252.806342302,83.6532206054
254.545207472,83.7786847881
255.658192691,83.8680084263
256.673334455,83.9319128509
257.788930992,83.9790528736
258.303239983,83.9244348307
258.865335168,83.7371453641
259.184103853,83.59293029
259.531614448,83.5752481626
260.319412396,83.4609918025
261.089003013,83.3122533724
262.55195452,83.232919843
263.740365934,83.3518649582
264.850045112,83.3880436377
266.552272814,83.5913915823
267.559464979,83.7115603594
268.709760077,83.9999216179
269.14123545,84.189420794
269.343912875,84.2612223163
269.355847501,84.2605242711
269.404956,84.261060351
269.605137031,84.2671400084
270.698102692,84.3932822599
271.770095628,84.5093408909
274.032656787,84.5388078153
275.670653235,84.4653738248
277.161782018,84.4198312125
279.269301289,84.3974430817
280.584351737,84.3577842229
282.451088752,84.2788631203
283.359874239,84.279244461
284.033227935,84.3968951238
284.736328816,84.6403670196
285.265283797,84.8382814028
286.286513474,85.106297872
287.096673736,85.1531584653
288.005692255,85.1797549234
289.588577015,85.1246767879
290.582212672,85.1011788742
291.930765983,84.9868296468
292.668148142,84.8646228324
293.327611419,84.7807020517
294.159055252,84.7481348098
294.660133827,84.6989810967
295.233661729,84.5921504266
295.163106939,84.5686146839
295.053458092,84.4760556119
294.289689756,84.3968491638
293.785535693,84.4152661172
292.785644713,84.4625456275
292.038040992,84.4875853967
290.898474426,84.5848986224
287.685894451,84.8668623979
284.198343628,85.0971139139
277.576518938,85.4336674477
273.136520772,85.5377171665
269.32210305,85.6183067533
264.810308123,85.6200644634
262.320474323,85.5655734291
260.115479283,85.4404246721
256.884178654,85.4168866271
254.879507727,85.4558077074
252.381899463,85.496448206
251.350375316,85.756468567
250.303780358,86.2537884885
248.645589429,86.4962861716
247.249379481,86.841157812
245.018327546,87.3330666956
243.613770388,87.7568489364
242.343477603,87.9275025335
240.749654121,88.1474117692
239.716735327,88.1558640275
238.339232225,88.5267875188
237.303485472,88.8023043049
236.06448652,89.0721099771
233.931461071,89.6962083505
232.352215349,89.9786318835
229.804825163,90.0793167181
228.142224177,90.015674088
226.589862091,89.8589007818
224.346685913,89.5980952456
223.082518875,89.5143535144
221.370661337,89.3933482373
220.44151259,89.2282765194
219.448775307,89.1096867078
217.649628927,88.9695795141
216.3125166,88.8711981472
214.144343177,88.7387434883
212.703653105,88.7159460533
211.275574498,88.7892627122
209.333276457,88.8100643541
208.241414024,88.7698993257
207.272799626,88.7972440311
206.046642754,88.8363926818
205.405187751,88.7586121446
204.733459332,88.6631589731
204.487434105,88.3070033584
204.427066996,87.4943431592
204.219926011,86.4665585456
203.894358502,86.4121889735
203.134157948,86.491496495
202.483321193,86.6946942848
201.863224303,86.8438599908
201.055229971,86.9011345636
200.640048301,86.8300527128
200.121085819,86.6774256877
199.862682198,86.5671102398
199.479234597,86.4514986053
198.929578201,86.4064498818
198.500552029,86.3370934928
197.900920238,86.2586874319
197.426770826,86.1318138956
196.933947984,86.0832656669
196.162101541,85.9492331285
195.597256376,85.8682793148
194.768111691,85.7652118474
194.531660987,85.7615830826
194.025031869,85.7708141107
193.338440932,85.8208420635
192.820641519,85.7977853102
191.606302233,85.7239805768
190.793820047,85.6358658482
189.962945506,85.5843259814
188.876117268,85.3859990169
188.162639376,85.4805794326
187.255734709,85.3696377294
186.70314647,85.3167927009
186.205086048,85.3054558699
185.451471839,85.2451385037
184.99083231,85.2417736751
184.59800668,85.2759891228
184.088954313,85.2500428444
183.719915358,85.1188100723
183.29691531,84.9566344582
182.883970514,84.8049848906
182.471261363,84.7260470397
181.796376266,84.638106933
181.358713977,84.6127763921
180.813981794,84.6380722463
180.453181935,84.6009183219
180.157973334,84.5991443674
179.71686522,84.6017205502
179.350322949,84.6071155435
178.61516703,84.6830727069
178.141040595,84.703378841
177.694552996,84.7867270309
176.857503499,84.7951315936
176.265569291,84.854104194
175.314695319,84.9436398526
174.810114669,84.972714171
174.259367064,85.0020308839
173.610359142,84.9653870394
173.218161922,84.900228662
172.638083292,84.8868046881
172.267033219,84.8873333693
171.818200166,84.9560824828
171.182560223,85.0510579594
170.73960954,85.1344001757
170.099821638,85.2265551023
169.646647042,85.3062444692
169.252420615,85.3755741542
168.63825805,85.4490854932
168.248490917,85.5247286074
167.96758818,85.6497780912
167.46543492,85.8926344269
167.201797163,86.1262776366
166.725228141,86.5038690724
166.414084467,86.7814011972
166.200294523,86.9490828245
166.293869715,87.0837460338
166.56789831,87.2080551459
167.519100633,87.3495095337
168.156358185,87.4137187224
168.823771898,87.4415953459
170.052645665,87.4741903841
171.153710541,87.5236024163
173.544063051,87.7218230407
175.19981345,87.6940334299
177.074856823,87.6303919371
179.384514546,87.6426187731
181.169152434,87.4958351421
183.960520728,87.4463156436
186.021212808,87.4267359073
188.079144942,87.592113239
190.689960665,87.7757218623
192.287498768,87.8031257484
194.426778957,87.7419984283
195.540170704,87.6230603578
196.578064428,87.4521021036
197.785927026,87.2752308284
198.333730322,87.1971124604
199.040961618,87.0666897649
199.434969877,87.038217145
199.898220915,87.0632608701
200.609160647,87.0671253422
201.10288587,87.0066967919
201.81272474,86.9238188683
202.302288904,86.896153005
202.796772983,86.8388617288
203.486224848,86.7788549918
203.973892535,86.7877974651
204.444374959,86.8370908609
205.170863852,86.9205235828
205.601983693,86.9876341339
206.154289249,86.9978862067
206.469121731,86.9809330546
206.618988299,86.9887384951
206.766445207,86.9123031319
206.841936176,86.7062899821
206.986113173,86.5722785645
207.086842875,86.5478463564
207.202605619,86.5365532101
207.307792571,86.516265455
207.350656621,86.4781053699
207.326888204,86.4417565303
207.252475049,86.4241829053
207.026799786,86.432067944
206.697870732,86.4031564245
206.533900611,86.3818700397
206.399898638,86.3262599788
206.386044831,86.2773846732
206.392662463,86.2467183103
206.451926955,86.2358305091
206.493120933,86.2436788522
206.538491234,86.2635477422
206.56191721,86.2840881598
206.588208783,86.321065889
206.633786887,86.3499893783
206.672574794,86.3495857609
206.758147233,86.3289730114
206.824247254,86.2970051803
206.918551074,86.2123601078
206.992670328,86.1162093335
207.022160406,86.0647701364
207.036308008,86.0537673383
207.04581443,86.0944324523
207.035045384,86.1070563434
207.004539153,86.0914994945
206.970028033,86.0459588323
206.923599519,86.0073975229
206.822314642,85.9905815796
206.746072441,86.0002605584
206.663680644,85.9899623282
206.630828832,85.9633247922
206.608525012,85.9191745092
206.613029615,85.8642532081
206.616688854,85.8399846113
206.618029183,85.834924647
206.609221561,85.8460411772
206.611530872,85.868612053
206.615368757,85.9078454328
206.630764397,85.9383696485
206.643009838,85.9908756939
206.638357776,86.066840666
206.597007402,86.1772916031
206.454320953,86.3408884142
206.391376182,86.4041295709
206.303770298,86.5245069094
206.273548954,86.6326858472
206.244181782,86.7080892976
206.20463593,86.8911890707
206.183068048,86.98973619
206.181702843,87.1663702083
206.184798637,87.2350807418
206.219108538,87.2814851469
206.288611612,87.31815958
206.329238438,87.3148279388
206.383601764,87.3168963745
206.43365995,87.3266666832
206.470183089,87.3495306569
206.527596269,87.3839016782
206.547614935,87.4133875625
206.57092374,87.4536542463
206.580514946,87.5016872836
206.594932236,87.546137828
206.623450415,87.6072192533
206.656329223,87.6248576557
206.691040584,87.6489177631
206.74406053,87.6640371158
206.786636725,87.6695803587
206.837280127,87.6733094294
206.861837502,87.6611101052
206.88384634,87.6440060065
206.90613519,87.6079133292
206.927255271,87.5839021421
206.975856191,87.5473373963
207.008082038,87.5269101712
207.037372907,87.4912438585
207.088004352,87.4529053844
207.1567078,87.4764142578
207.390745449,87.51909992
207.755030495,87.5576931075
208.123795788,87.5573051105
208.674186651,87.4827393327
208.941498472,87.3852309852
209.26893901,87.2461535339
209.448375443,87.2080952329
209.564232621,87.1652107461
209.744527999,87.0493654789
209.857468015,86.9513097713
210.070225692,86.791951789
210.2287553,86.7222081229
210.502444896,86.6350810941
210.877424441,86.566592086
211.166586341,86.5489761172
211.401290528,86.5506760655
211.615779935,86.5121958568
211.789833835,86.4968845526
212.13293816,86.559508923
212.367764224,86.6418812555
212.70418226,86.7026566472
213.285741693,86.8598950107
213.70113004,86.8990323416
214.237128977,86.9685030958
214.36825709,87.0086671316
214.58988655,87.05419849
214.661904214,87.0592838068
214.663660457,87.052473188
214.398984222,87.0672023652
213.920416649,87.1339194667
213.194020346,87.2571424316
211.99275155,87.5324049759
211.159169471,87.7528300329
209.638269718,87.8476172586
208.313932569,87.6871403874
206.534910122,87.4259354042
203.431194483,87.2819231337
200.799096869,87.2400055278
197.080653205,87.3960089238
195.045550752,87.4794467599
193.279440128,87.6122965406
190.912792913,87.7617431352
189.41800911,87.6480771177
187.647703745,87.5369335527
186.518926681,87.5457098453
185.344988353,87.5522748234
183.48809812,87.639059045
181.954458765,87.7218723637
180.12209495,87.7231736672
176.878256762,87.6994605022
174.703078615,87.6176166143
171.848787731,87.4093270354
170.000263206,87.3432800562
168.217176263,87.2586924099
165.683506777,87.2282243381
163.96507904,87.2305791418
161.529320143,87.2467730291
159.923726388,87.2045970337
158.371037702,87.20274496
156.228799575,87.1239874011
154.828413885,87.0829148849
152.843741069,87.1454127637
151.558869024,87.2470902485
150.373523412,87.2974550747
148.639645965,87.3732601398
147.461712259,87.44726361
145.766381322,87.4679124973
144.564455352,87.463137523
143.345116102,87.4129512358
141.439335274,87.3313852007
140.007770446,87.2174500575
137.675390627,87.088172355
136.046912569,87.1080800304
134.442214027,87.1126538437
132.213986846,87.1061414737
130.919381546,87.1261106785
129.421024937,87.1313567698
128.680116787,87.1199306521
128.128264203,87.1067945799
127.56230646,87.0403910376
127.285599316,87.0143877172
126.660695506,87.0213884124
126.132084038,87.0223427829
125.475162772,86.9980446976
124.550363819,87.0185552897
123.946910216,87.0599995735
123.38951813,87.0188247112
122.755148846,86.9727066956
122.371325134,86.9376305728
121.853384031,86.8558597074
121.496337291,86.8646578835
121.292654708,86.9010517114
120.907999515,87.1449012923
120.566306157,87.3586631487
120.021333948,87.796381768
119.509066911,87.9834245349
118.97057423,88.0593670428
118.200399862,88.0559502985
117.709482969,88.0532765815
117.14514091,88.0284165081
116.933501564,87.9718057221
116.682120691,87.9477972632
116.257674825,87.8890868658
115.998754738,87.85575714
115.463782011,87.8097926333
115.031260015,87.8137010532
114.545194887,87.8397783972
113.909010367,87.8753851076
113.447226706,87.9162324618
113.084518466,87.9215079367
112.515158172,87.8739636374
112.189425018,87.8435290636
111.615428094,87.859424784
111.354258402,87.8961458793
110.919788161,88.0275529685
110.708433674,88.1204224113
110.587759835,88.2253753581
110.362620315,88.4067717236
110.262547407,88.5039204265
110.164194076,88.5554822406
109.992841136,88.5881410424
109.893411748,88.5639671328
109.804609767,88.4564382635
109.801308258,88.3531302975
109.827425017,88.2661779512
109.909188193,88.1353505291
109.945778955,88.0277096576
109.924830378,87.8345482692
109.903813035,87.720814976
109.878609432,87.5966422283
109.839318572,87.4694258292
109.808771909,87.4459754702
109.808624644,87.4347960768
109.814868714,87.3791904253
109.815829988,87.3014581392
109.794201793,87.1062041786
109.749742448,87.0052282192
109.593326208,86.8904783969
109.454871105,86.8795547545
109.340613464,86.9252087412
109.102919425,87.0227746369
108.956277437,87.0324646905
108.746554002,86.9912655666
108.628340801,86.9663880219
108.512886192,86.9462803814
108.332005035,86.9501044853
108.18505849,86.9575928984
107.97369542,86.9797803111
107.785172214,86.9580346503
107.555292521,86.922641517
107.290546676,86.8244064123
106.978204088,86.7268426798
106.601158299,86.6190388105
106.373609514,86.6091425309
106.077041536,86.5796765835
105.622185203,86.5956069244
105.186422953,86.5928112013
104.690017503,86.5857861847
103.873929048,86.4942942876
103.324315056,86.3824120874
102.250163711,86.0167670556
101.61719565,85.787311127
101.202415678,85.6332109264
101.067377191,85.4522231977
101.124042855,85.3966999918
101.299230423,85.3007017431
101.402809486,85.2539269307
101.445911915,85.2244057801
101.398540942,85.1427876452
101.349420864,85.0513629885
101.354541417,84.9412967453
101.388930464,84.8628487988
101.406725304,84.8101769087
101.380226816,84.7161814969
101.362376875,84.6397182118
101.331235933,84.4790616242
101.266849602,84.3883329024
101.222947258,84.3611358078
101.214625161,84.4056945599
101.255184907,84.4640590216
101.438353511,84.5466117839
101.608006062,84.6000395652
101.917663479,84.6783313964
102.41701309,84.7693802294
102.700829124,84.7848939531
103.077514956,84.7945071766
103.338094915,84.8499347018
103.511281618,84.8783125415
103.651213574,84.8970844364
103.706341004,84.888622904
103.739533565,84.8470943599
103.774145351,84.8151888374
103.810620387,84.7775893161
103.939492179,84.7569527417
104.014885643,84.7792937433
104.086798038,84.8507385403
104.129578193,84.9841331085
104.122358173,85.0257816701
104.059602978,85.0888409639
104.005447609,85.0958169731
103.941257045,85.0796874874
103.843431872,85.0345197708
103.790895622,85.0117299327
103.71446615,84.9752851002
103.67457758,84.9525110633
103.643702652,84.9346999596
103.584725455,84.9117404003
103.553857666,84.9175068758
103.516980687,84.9305100245
103.486717372,84.9128566377
103.457520771,84.8791046252
103.414210579,84.833766964
103.396833134,84.8036342752
103.360673997,84.7919142033
103.303113497,84.7994345869
103.228274112,84.8147486018
103.04731666,84.8582792669
102.924477132,84.8898158938
102.726065412,84.9589823999
102.623864155,85.0007785883
102.552619915,85.0447976336
102.479724588,85.1240941002
102.437959432,85.1761394691
102.414513004,85.2370139756
102.397369892,85.2753137575
102.400983769,85.3338828261
102.412938593,85.5767050189
102.456172623,85.8174848712
102.498671225,86.1271434418
102.502982387,86.522733644
102.460805067,86.6978037811
102.41044502,86.8988652446
102.374624042,86.9655132053
102.360731862,87.0254985664
102.377496488,87.1344299704
102.43558215,87.224852364
102.53825588,87.4194026618
102.624523415,87.6343754233
102.714983099,87.8527580259
102.799042629,88.1266545853
102.834434148,88.2630360371
102.883741125,88.4370406149
102.902044206,88.4998693843
102.914205423,88.5409636076
102.902236299,88.5366637464
102.911588183,88.4826543581
103.011097812,88.3656308923
103.136744864,88.2389461595
103.321186647,88.059130122
103.680569116,87.7390837322
103.846855451,87.6977738389
103.962276646,87.6401197845
104.015208226,87.6111396621
104.056390142,87.5790594124
104.110721227,87.4727083213
104.152474148,87.4228291518
104.230358371,87.3508767194
104.273230991,87.3050053048
104.310425379,87.2456981347
104.355372812,87.147623029
104.361848414,87.088785761
104.385926748,87.0199989403
104.415718467,86.9498530283
104.446738044,86.8998127675
104.492389403,86.8362725347
104.52607273,86.7974052462
104.538007883,86.7685689373
104.549980242,86.7236643123
104.561929926,86.694147602
104.568132579,86.6332863483
104.572810467,86.5989852531
104.584499309,86.5794267195
104.606401775,86.5638111253
104.616636074,86.5608895986
104.609020615,86.5768603856
104.595934707,86.5936548018
104.580045647,86.5985880269
104.565357922,86.6195422862
104.563767901,86.6205086987
104.599487884,86.5691626075
104.626370254,86.5224661596
104.660382044,86.5004011694
104.611530986,86.4994004697
104.554924689,86.5198247952
104.397634242,86.5329217564
104.304845106,86.5029570119
104.2324546,86.4685919343
104.213625852,86.3429021951
104.222517952,86.2364981072
104.19158081,86.1368056344
104.113755272,86.0834979905
104.020938884,86.0486762906
103.858901334,86.0603274087
103.758135981,86.0745134222
103.666375515,86.0697991263
103.535253156,86.0355743389
103.428923282,86.004461098
103.220223176,85.9542892989
103.022442784,85.9095851985
102.75238188,85.8768422799
102.282496674,85.8681245509
101.942419667,85.8817383382
101.434991478,85.9337899635
101.039300237,85.993323412
100.666171433,86.009942774
100.023625381,86.0619915644
99.5170074543,86.1348435942
98.531115621,86.3905511848
97.6880508335,86.5766823812
96.8656969353,86.7341850985
95.5799239166,86.991559184
94.7727556402,87.1113887099
93.6050736257,87.2471311424
92.9861958456,87.3370711858
92.5371077597,87.430828418
92.0905579084,87.5871599982
91.8870970418,87.6841485388
91.4941222291,87.728613202
91.1980156587,87.7079039604
90.8691619084,87.6703132573
90.2029993327,87.6965912131
89.8268381842,87.7815435547
89.2200715212,87.9719515106
88.7209184926,88.3070904292
88.1656459342,88.6460401985
87.193533792,89.0788372803
86.5529857838,89.3228256821
85.783973865,89.5659636332
85.4099748902,89.6655221494
85.1605434964,89.649531946
85.1747868536,89.6210819447
85.1777510324,89.6170035829
85.2667921138,89.5975804482
85.4815997185,89.5894651475
85.5395463477,89.656977542
85.3678003516,89.8611332784
84.9579667433,89.9527676206
84.6204466242,89.9555002795
84.3519372129,89.9615164457
84.1341039344,90.0250646297
83.8387220863,90.0786898925
83.7684180615,90.0808613966
83.6830079385,90.0987244688
83.6316538734,90.1136332585
83.6354232871,90.1086767207
83.5228399125,90.1298752197
83.396901915,90.1569629698
83.3264696164,90.1568389744
83.4870917035,90.0866401554
83.9160726268,90.0423433427
84.6129578853,89.8703285475
86.008241848,89.7126628798
87.2358920112,89.6021720617
89.5788209046,89.0185334578
91.2169983303,88.546874264
93.9625684177,87.9073125758
95.461072092,87.8300315148
96.8936440937,87.7072949845
98.5167882401,87.6892814219
99.5217105996,87.5330988165
100.529678568,87.476208404
101.029917298,87.3567182315
101.37290778,87.3109323046
101.910653441,87.2053140904
102.319058356,87.1647279562
102.807831794,87.0988954393
103.794320767,86.9985759641
104.462100621,86.8840018967
105.469473141,86.7809758928
106.121913343,86.7072055286
106.717272812,86.618426618
107.491350856,86.5597224068
107.981420982,86.5611866644
108.698745127,86.5388636933
109.147270791,86.5192371258
109.631428387,86.5161190561
110.302187856,86.5868047139
110.728609336,86.5704858718
111.390566016,86.5975248063
111.736516013,86.5813345996
111.990591933,86.5536813024
112.293609881,86.5329140541
112.493672527,86.5515691641
112.645224512,86.5690646373
112.993280136,86.601148213
113.301095399,86.6129544929
113.763658803,86.5897172551
114.123913173,86.6019576984
114.675060548,86.5329223566
114.9367589,86.4721168738
115.23380748,86.4204049823
115.805492458,86.3703899611
116.286620979,86.3773319662
116.871909283,86.4141583618
117.89680186,86.4892813124
118.674581339,86.4792999341
119.948389276,86.4542592664
120.840944126,86.3784289114
121.732250881,86.2701915869
123.031224025,86.0860182219
123.937888231,86.0011937278
125.284605394,85.8408467809
126.224640395,85.7533507593
127.272159822,85.6526601181
129.235949574,85.285280955
130.924260117,84.8664287239
133.782141362,84.3809605601
135.616769145,84.1875551913
137.49134612,83.9943886369
139.970863,83.8425552781
141.593748252,83.7101698794
144.165137104,83.3835159164
146.114589931,83.0387036331
148.074794197,82.7481386883
150.757966757,82.3769589139
152.31078901,82.1404924182
154.34748947,81.8112794876
155.574506476,81.7342797893
156.779707854,81.7088120415
158.42271902,81.7845547836
159.46247759,81.9224791287
160.661624764,82.241270069
161.456116899,82.4285904458
162.195155395,82.5998974723
163.375314881,82.9270700146
164.236179976,83.0890116808
165.779609005,83.4081448346
166.886906523,83.6550146472
168.115761605,83.8832393777
170.04303382,84.2444955218
171.268493376,84.4721627219
173.092384821,84.7774180551
174.192876645,84.8676262484
175.36096056,84.943157597
177.064027255,84.9951365177
178.103792037,85.0768522259
179.094025435,85.1389309035
180.513402543,85.314148845
181.417543989,85.4070044294
182.824053529,85.6110831765
183.632852591,85.6951835741
184.389161938,85.7766630405
185.536713162,85.9064102349
186.328125054,85.9881116453
187.537994633,86.0943574342
188.545438279,86.1026494299
189.740298774,86.1318198877
191.526245133,86.1359514817
192.69554636,86.1575775258
194.34914292,86.1739466338
195.302047505,86.1805253336
196.176322937,86.212573375
197.209255678,86.2185418478
197.766569989,86.2192204105
198.481147096,86.2360451035
198.884792341,86.2274731423
199.184367842,86.2973697351
199.423939193,86.3020903774
199.546545023,86.3233654557
199.744028491,86.3679330981
199.877116829,86.4146958824
200.033013423,86.4900900924
200.373839579,86.6054148823
200.715653968,86.693929766
201.489253679,86.8136077373
202.299277929,86.947806424
203.37907244,87.1250452888
205.115363312,87.4588014876
206.31141365,87.6451827077
207.519226754,87.8035514251
209.114118606,88.0514710221
209.855221748,88.1518692974
210.56072234,88.1274691929
210.794337502,87.9851622858
210.886949041,87.8151881148
211.133295837,87.6442888971
211.536105076,87.5511401945
212.268384895,87.5979879177
212.813682325,87.6650604136
213.343749864,87.7374147302
214.242160534,87.8544369613
214.838236415,87.9501495887
215.674410303,88.0831298747
216.299000852,88.2076712356
217.044939709,88.3650399704
218.168613618,88.6141882497
218.950965351,88.8119007098
220.027148996,89.0386618354
220.547122543,89.116377546
220.93230648,89.1043449929
221.406827562,89.0560306962
221.66261026,89.0235761194
222.046709634,88.9643266059
222.41540574,88.8964076969
222.748539683,88.8220203456
223.387158914,88.6944718175
223.780049302,88.6565463509
224.334366234,88.6609896142
224.572431196,88.6807507908
224.722875547,88.6428800698
224.915556412,88.5726672803
225.018802431,88.5252865487
225.140871338,88.467682461
225.3288623,88.4663922799
225.49214891,88.4941788845
225.718011907,88.500700705
225.799889117,88.4863816181
225.8548781,88.4377382905
225.922876281,88.299630086
225.984915541,88.1876130344
226.160964925,88.0797889111
226.297517221,88.0432548052
226.459051063,88.0273693281
226.564547557,87.9901935289
226.587730552,87.9503562962
226.5346518,87.8836011588
226.47469024,87.8599018605
226.419772362,87.8409073031
226.364722408,87.8175986835
226.357998538,87.8022196338
226.389341161,87.7703895769
226.427536137,87.7576526513
226.460406369,87.7658918798
226.472569617,87.795242411
226.446168002,87.8008807919
226.398846405,87.8383661326
226.354237324,87.8680885995
226.309827642,87.9133695032
226.228152016,87.9883642781
226.187814059,88.0305834341
226.0987147,88.0773814697
226.026089076,88.1022227401
225.975917586,88.1082888779
225.890012995,88.1333971762
225.837143868,88.1494508396
225.764057939,88.1677681267
225.713822759,88.176943934
225.663439824,88.1896790564
225.557995982,88.2089837688
225.471797079,88.2024100958
225.385724972,88.2073324229
225.283956603,88.2103464307
225.204772931,88.2217314774
225.104213332,88.251660734
225.038440578,88.2680538387
224.990028407,88.278133343
224.920796455,88.2890198257
224.894563935,88.2892597742
224.879636631,88.2826627937
224.863731781,88.2675957087
224.850675538,88.2388760621
224.829170667,88.1891615478
224.819464504,88.1537136481
224.809093488,88.1131500425
224.800425791,88.070852175
224.778156764,88.0284478216
224.731502187,87.9610287747
224.70431423,87.9416746171
224.654364103,87.9383680509
224.631850422,87.943997652
224.605416958,87.9538811661
224.57404441,87.968679275
224.538928834,87.9683823327
224.472338757,87.944839125
224.409187376,87.9236202537
224.34148076,87.8936214485
224.229273265,87.8597312619
224.128840958,87.8485014356
223.964133072,87.8482726836
223.895938234,87.8460912166
223.809472628,87.8436828474
223.721773284,87.8258497519
223.679644002,87.8276354074
223.621164922,87.8447658842
223.588685438,87.8540176475
223.554520255,87.8582649666
223.50293189,87.8603186989
223.465149915,87.8579280566
223.424725556,87.8577388019
223.355614055,87.880252865
223.31276903,87.8950792929
223.250097063,87.9110789833
223.221067374,87.9262745649
223.19845237,87.9499334222
223.152419179,87.9659848273
223.12038087,87.983482536
223.070979113,88.0156113074
223.033908942,88.051251139
223.001319923,88.0719581991
222.958524562,88.1008707609
222.923000104,88.1191184019
222.830826324,88.1555950048
222.762883809,88.1890217185
222.695110653,88.2216191034
222.594990348,88.270984463
222.53386261,88.2926289069
222.475215447,88.3292189167
222.456265709,88.3566044506
222.444830836,88.3873848049
222.424914864,88.400629509
222.402006658,88.3959057648
222.344851011,88.3727671509
222.299576968,88.3717183513
222.254367484,88.385975472
222.1989213,88.4052325291
222.160782536,88.4113572996
222.119402684,88.4091588595
222.08760806,88.39660359
222.058187948,88.3850692807
221.985721872,88.3583684298
221.92086328,88.3343398953
221.861121436,88.2961858073
221.815973629,88.2771652435
221.78642438,88.2692531937
221.754228356,88.2530966382
221.727204806,88.2324468843
221.697610005,88.1998192781
221.660824343,88.1574018585
221.632561914,88.139368821
221.562118352,88.0988352043
221.497641278,88.0624421857
221.442334169,88.0409922003
221.38826004,88.0334499207
221.353342929,88.0434401566
221.306467242,88.0587421995
221.27935388,88.0697538296
221.244163944,88.06666013
221.186966764,88.0644373789
221.141453934,88.0690739183
221.089700533,88.0762671139
221.065159827,88.0844016446
221.036034017,88.0875572691
221.008924189,88.1057819487
220.990699884,88.1255351649
220.974891412,88.1449844955
220.954710523,88.1383083981
220.927115301,88.1136226323
220.908182731,88.0786910342
220.901095696,88.0723007414
220.896397294,88.0732407802
220.890383423,88.0749728071
220.890366415,88.0731923778
220.867087514,88.0724758809
220.836289823,88.0690551168
220.811871764,88.0421203385
220.757751197,88.0038950885
220.726471134,87.9682643512
220.614164358,87.9036691862
220.469145315,87.8465140601
220.319436407,87.7957500879
220.057002556,87.7156984306
219.940193396,87.6850067519
219.856995568,87.6369910959
219.902892784,87.646617809
220.051499695,87.6862275834
220.254477973,87.7284358598
220.342383597,87.7389845207
220.407701282,87.7450649721
220.411517282,87.7288781299
220.401310819,87.6997739917
220.393311809,87.6616407779
220.395957066,87.6507386073
220.406259613,87.6672749466
220.399065108,87.6829757639
220.380967452,87.6858550479
220.346942233,87.6836158877
220.335054669,87.6868196814
220.337555117,87.7017925569
220.33248821,87.7249677941
220.321266521,87.742953905
220.309993369,87.768202986
220.302308843,87.7812606161
220.295761778,87.809514788
220.267628627,87.8171850371
220.226422765,87.8091115457
220.161458993,87.809460021
220.120114863,87.8212068414
220.092002182,87.8520908384
220.044494379,87.9117245618
220.010051529,87.9545376395
219.962286987,87.9958661563
219.938132658,88.0118662829
219.916007818,88.0276050184
219.901344955,88.0391209411
219.889999295,88.0438497077
219.867819432,88.0458694353
219.855434349,88.0393654415
219.838658157,88.0358291861
219.763117374,88.0289775759
219.590114403,88.0325804225
218.840485841,88.0944674727
218.142451557,88.1545416821
217.386830114,88.2557289747
216.357146222,88.3621753273
215.854809022,88.4529160684
215.229833758,88.4909074323
214.90642978,88.5157603283
214.501357056,88.4844042406
213.824821442,88.5487907853
213.230535684,88.5209408298
212.454907054,88.5393796779
212.046922739,88.488171738
211.9335683,88.3842148702
212.260861596,88.0134342147
212.804908876,87.749569614
213.484719987,87.443767364
213.771837116,87.3513903761
213.811013668,87.323234142
213.810899362,87.2793191144
213.798729797,87.2345944793
213.768036454,87.1295968937
213.737857068,86.9914867659
213.700891595,86.8263096404
213.629394916,86.6375049957
213.547114131,86.5545654473
213.436879828,86.491467085
213.373023443,86.5019505889
213.365850079,86.5327648062
213.495247557,86.5527648809
213.56711256,86.5435531861
213.621572917,86.5167440072
213.591945326,86.4746250055
213.482532259,86.4394698909
213.330980631,86.4113931254
213.27324195,86.3961803838
213.281896371,86.3846912283
213.409278999,86.3398632285
213.511746591,86.294883054
213.636484389,86.2409987675
213.644756368,86.2070627445
213.578609585,86.1692149947
213.404797316,86.138967493
213.271326271,86.1442634074
213.037531195,86.1373556311
212.91820445,86.1618751848
212.77493072,86.1638132815
212.567590498,86.187076383
212.418700467,86.2041658062
212.205027068,86.1767757512
212.044397905,86.1510762243
211.921074893,86.133829736
211.591697313,86.0854786304
211.317942279,86.056829055
210.696914028,86.0140126175
210.419069962,86.0154434538
210.093247687,86.0580552056
209.515669764,86.1900810865
209.146470512,86.296509094
208.859047493,86.4241919372
208.330711945,86.6403516839
207.862271838,86.7902696943
207.223464716,87.0334639357
206.740053678,87.1275639174
206.321433309,87.2445980802
205.697263503,87.3464999241
205.413545201,87.4055024567
205.134464333,87.4626557651
204.908937421,87.4617376823
204.634951829,87.469396137
204.272133303,87.4714180496
203.93982175,87.465472654
203.520165697,87.4705154887
203.189299931,87.4596447105
202.853097954,87.4455015511
202.348765553,87.4392949509
202.019798963,87.475505147
201.392781396,87.5242822229
201.128404631,87.5639406062
200.694638013,87.5981478892
200.078310052,87.6384783335
199.635604807,87.671192794
199.056783449,87.737697424
198.707184638,87.7939414951
198.356839243,87.8143656168
197.734664439,87.8112944091
197.243534711,87.8159241489
196.666379881,87.779349248
195.328788964,87.6970400462
193.994698524,87.6129848212
190.989349723,87.2487614071
188.37918398,86.9832478506
183.849022183,86.5291215261
180.578614104,86.4040968802
177.102571292,86.399413844
172.05254547,86.5713628606
168.902150765,86.8543331328
166.055612359,87.1186745439
162.287543953,87.6154790989
160.116108028,87.8721775556
157.402598254,88.372001501
155.711639862,88.6922975876
154.063386994,88.9944379784
151.528527457,89.5384534614
149.778553551,89.7834437257
147.190965405,90.0540526115
145.58923852,90.2027821218
144.115689532,90.328988757
141.968671472,90.5812670848
140.617614912,90.7219878257
138.71727837,90.8303406856
137.547543319,90.8410065127
136.46517546,90.8865036939
135.054976524,90.956125783
134.21581541,91.0380321222
133.104859868,91.1290017544
132.530232309,91.0968896083
132.125125877,91.0820563268
131.604774248,90.9774931837
131.401904613,90.8713421412
130.823633886,90.6660520968
130.384492614,90.5600785128
129.945201727,90.4436970796
129.150342509,90.3069964977
128.66286206,90.224277255
127.986087851,90.1572186325
127.534392132,90.1297470659
127.156368341,90.1099245518
126.477535969,90.0955056251
126.009370263,90.0714609729
125.533090561,90.0395558588
124.829124521,89.9912129107
124.445852115,89.969700982
123.891851759,89.9247551065
123.699890647,89.8494963608
123.398357965,89.7259287773
122.983402619,89.5398973416
122.685902961,89.4617025056
122.253265053,89.2859727209
121.9569997,89.170003336
121.691344534,89.0662408624
121.229682413,88.8579119851
120.937801666,88.7745335691
120.70283422,88.6661037811
120.546516007,88.5966094242
120.329617772,88.5040202291
120.06367025,88.4055146667
119.840693556,88.3678823366
119.465329597,88.3130676132
119.236240115,88.2751872034
119.023426475,88.1951778422
118.749030667,88.1220595862
118.611511605,88.0517008102
118.434033268,87.9751013464
118.370658236,87.9431171331
118.351217128,87.9151753668
118.364017009,87.8596449615
118.444976237,87.8057591733
118.658936205,87.6647536143
118.891979993,87.5620899967
119.218380077,87.4374816243
119.616634428,87.3003865053
119.917960182,87.1860845611
120.441533354,87.1266645896
120.821790069,87.0528217467
121.134830393,87.0183707911
121.588032078,87.003372197
121.816763731,86.9920822502
122.029659184,87.003516562
