168.564913982,75.4389414162
166.663351416,73.9625235509
165.941269773,73.8361667621
166.081116174,73.4655206284
167.783420426,74.1382935478
168.643773065,74.2975752455
169.308202864,74.9140342991
169.347128221,75.852585224
168.577789697,76.7407851047
167.785097876,77.6719913001
167.430865304,78.6121560573
167.408516446,80.0562485846
167.813192504,81.0500499784
168.372529277,81.8191418527
168.781834974,82.6483643637
169.367324925,82.8012449737
170.157331168,82.4170746508
170.303860954,82.1735017589
168.857837905,82.3809894395
163.378096375,82.5998391348
158.639964118,82.5828981514
150.8633803,82.0460664823
146.85073413,81.8932832611
144.286223291,82.1576616048
142.074563439,82.7340171611
141.374473571,83.0584988778
137.487212277,84.110848818
134.268979155,84.6600389885
130.95461651,84.984564039
126.391294894,84.5289539072
124.185927759,84.3987946673
121.853738637,83.8277468192
120.616096626,83.495698917
119.30145435,83.1076564892
117.121892039,82.6924031831
114.779010295,82.851406565
111.031188596,82.6523872462
108.56560104,82.2998856249
106.332891697,81.9011491169
103.056817036,81.5642533357
101.147832556,81.3030511738
98.3586783473,81.3022189685
96.7144672194,81.3141348285
94.9193866496,81.1443436048
92.2128326217,80.5040315854
90.446117072,79.9951886885
88.9244334767,79.6351928315
86.8588754269,79.6305503966
85.6683436172,79.9034869387
83.7757529388,80.2325127738
82.1335301687,80.5715424587
80.1915568693,80.8476917086
76.7958111352,81.5489819822
74.5352227457,81.8749436826
71.3628596396,81.9181670528
69.3745079547,81.7662090058
67.1041484225,81.8286627393
63.4318477986,81.9380815623
61.0546783744,82.0650468545
58.069907576,82.2828171443
56.2764859764,82.4089928818
54.3968361657,82.5930604903
51.2506036278,82.8163250369
49.2980238569,83.071117775
47.3164790676,83.6058219437
46.4790376413,83.9756021206
45.9235623057,84.3408116056
44.66442105,84.8272556376
43.5963918321,85.1260478986
41.5638020288,85.3549416321
39.7689964886,85.3984934352
37.8097870288,85.2589319133
35.5394209609,84.9067834407
34.6799847764,84.6478998982
34.0683817097,84.4468769595
33.4441916419,84.1806901714
32.9013479963,83.9805586273
31.6855697478,83.5450414529
30.4094246689,83.2008950322
27.9840943806,82.7552044921
25.6837520999,82.422641566
22.6571260762,81.5118366476
17.4306686954,79.6849403494
14.329078532,78.5449340161
11.3605532328,77.7811956855
6.68014238268,76.8912817322
4.10974085536,76.8099320396
1.22472386946,76.1711148498
359.218991521,75.055707343
357.911285501,74.135180536
357.114625652,73.4073200706
357.234819228,73.1584145636
357.689491071,72.7702680185
358.394227729,73.0988283152
359.811163057,73.7294649306
4.73291130859,75.6479229477
9.74044864575,76.9016726157
20.6631159615,79.1858330118
29.612720185,80.3626025322
39.0017622355,81.356321891
52.2859305015,83.3188491004
59.6965458093,85.5284710383
67.6273633947,87.7008467533
71.2421546753,87.4956449303
73.9759904107,86.3781534377
76.3266193314,85.642929157
77.4971058512,85.4898511326
78.745684972,85.3507582028
81.1854678142,85.1326616769
83.7314306352,85.0067876102
88.7481976045,84.9949191227
92.4835048381,85.000850416
96.7424725169,85.11977446
104.152591397,85.1393793809
110.064609235,85.2300977497
119.392001659,85.8213536742
125.007493088,85.4615937941
130.757944893,85.0820458095
140.134597561,85.359531827
146.367658632,85.9544429061
154.386567755,87.1098495525
158.412134437,87.927813427
161.551660827,88.5154291656
164.783339435,89.0312195531
166.388667397,89.356363702
169.015971235,89.6302087634
170.872305769,89.7122828117
172.589447095,89.7135075953
174.861940262,89.4862007831
176.514207193,89.4138339397
179.267589104,89.543928886
181.457457686,89.6633966682
183.714153975,89.7295544997
187.300915258,89.8230007678
189.469328597,89.8878197141
192.050307434,89.9559068104
193.13650832,89.9169711511
193.687036247,89.8603064385
193.407503701,89.2926222106
193.22138346,89.0425736346
192.744477163,89.0479656295
192.841086999,89.0476407359
192.870399183,89.0178822779
192.871505935,88.8482609975
192.868750554,88.7640245706
192.590535046,88.4796716358
192.568054004,88.3971753896
192.631149177,88.2141859267
193.985344716,87.6388009277
195.158739551,87.3281942401
196.158024567,87.2758528412
196.784664988,87.2598719385
196.633250181,87.3588450315
196.440471941,87.3526508208
196.232260498,87.2944575594
195.978887124,87.1997772566
196.009259452,87.0239913058
196.662290289,86.8651484439
198.364782163,86.9840567839
199.203073234,87.2531714894
199.612502921,87.4185984818
199.632828952,87.5616766924
199.180064669,87.6683697603
198.036314573,87.3280893607
197.518599164,86.9782189457
197.204498252,86.8634105246
197.317884689,86.703256987
197.488544842,86.5597111784
197.836593865,86.3896700949
198.132749467,86.1366939543
198.46681209,85.9788709611
199.719745016,85.8621693688
200.879457125,85.8483282967
202.918117173,85.6568638321
204.513697763,85.4636514617
206.154111828,85.3639110045
208.787654438,85.1778070694
210.529744284,85.2540062629
213.079415552,85.2173941528
214.604337441,85.2628316412
216.05018861,85.3717107299
217.91659728,85.5150694681
219.177944364,85.5759756906
220.520060614,85.5555917385
222.777714936,85.6549646956
224.341143053,85.7440355966
226.82367432,85.8246086417
228.655792083,85.7297449065
230.750587144,85.7826911866
234.489790078,86.2006204895
237.279923735,86.8760058913
241.854030728,88.3522695597
244.909635469,89.2008963571
247.890642265,89.8594592592
251.788089609,90.4366568294
254.353510032,90.5202421741
258.430109449,90.929036257
261.177295689,91.2751438009
263.940931109,91.6849992576
268.030777531,92.6972883629
271.106366904,93.2421309944
275.994628746,94.0183216582
279.209190966,94.5131203428
282.264339391,95.084834129
286.554617387,95.7257349499
289.04689433,96.0297872478
292.09892026,96.3093907369
293.729217795,96.4419389253
295.166117161,96.2220023929
297.107183371,95.9000643824
298.432422812,95.690950339
300.159720466,95.5032000885
301.065668004,95.3741003215
301.984531463,95.3410372201
303.085835562,95.0773138714
303.755349101,94.7028030295
304.188064111,94.3139346444
304.833150334,93.9536818552
305.088923822,93.8793205159
305.32712742,93.7497977477
305.35907176,93.6041388051
305.479577105,93.3666058487
305.652555591,93.2320665451
305.792451087,93.1028411651
305.922751387,92.9349423377
305.891809088,92.881329286
305.462260566,92.9378155033
305.039336928,92.922267534
304.735479097,92.7310361499
304.660601597,92.3522606812
304.597847779,92.0485301036
304.732483245,91.902046075
304.991286161,91.8652022119
305.141530063,91.8747132942
305.134168557,91.9119961955
304.323662808,91.8982449092
303.454294998,91.7355077059
302.461167556,91.528222205
302.135982672,91.2443844147
301.87991774,90.9892905845
301.638278878,90.860230224
301.193932386,90.6140270544
300.662644608,90.5470196164
300.333987432,90.606231203
300.219912664,90.6497762481
300.15803857,90.6586877151
300.12356076,90.6227265077
300.095811371,90.3890417781
300.120362122,90.2088830283
300.169492217,90.0455200039
300.236079542,89.9545518622
300.303672853,89.8856482144
300.514197935,89.8983966282
300.747110401,89.8470540222
301.020931268,89.8155403768
301.576504857,89.7315509852
301.872325006,89.6979367958
302.230710383,89.4524948003
302.529679141,89.1661833836
302.78279985,88.8849341478
303.218318359,88.5620107765
303.430341844,88.485533498
303.927083851,88.3845465884
304.336839561,88.32334916
304.765036036,88.2700833698
305.458886864,88.2144985124
305.688996619,88.1094081858
305.210308792,88.0593050582
303.185404415,87.6519517088
298.626352429,86.7760294035
290.468286883,85.4418132466
285.438424224,85.0221380816
278.819940839,84.4938360077
275.405339071,84.2854758088
272.36030949,84.1507631299
268.884563115,84.1991407328
267.107462523,84.2300614467
264.04948904,84.0853971429
261.974005771,83.789349011
259.27280256,83.7221995318
253.792464116,83.2313140384
249.793350901,83.235232192
246.186832512,83.1998983912
241.328661183,83.6784305593
238.262983262,83.8362688215
234.275629258,83.9498708161
231.694860873,83.9153785783
229.246736829,83.8268162197
225.497267179,83.7289820178
223.130528985,83.6976848968
219.244024122,83.5924892857
216.399235867,83.5448984228
213.550726237,83.5532810607
209.185513689,83.2111999706
206.755412666,82.8856847566
204.011131685,82.3144400281
203.005461391,81.9809463467
202.210683755,81.8982354219
201.442750437,81.9442289787
201.085546687,81.9050401113
200.50460682,81.9387243143
200.083440137,81.8828502494
199.565915532,81.8318806476
198.834035722,81.6813625883
198.368363369,81.8410934807
197.445071768,81.9799737122
196.948077932,82.0977913966
196.500230334,82.0928629305
196.097710138,82.2029852343
195.708857668,82.371826586
194.418023856,82.8996902847
193.663047184,82.987272941
193.279623496,82.9179148045
192.729999377,82.7637093727
192.295868181,82.579488916
191.599480594,82.4384222545
191.364423706,82.4513782486
191.371155385,82.4943680535
191.442143831,82.5195950655
191.660396027,82.4880618522
191.936290397,82.409443264
192.039372491,82.3875435856
192.095829419,82.3731566871
192.226638884,82.384470962
192.305629239,82.3836585049
192.386366984,82.3867662026
192.509503878,82.3792545532
192.685103203,82.3764336361
193.043623889,82.3634078747
193.3186464,82.3355982139
193.661730705,82.2952429229
193.902378149,82.2484748891
194.096462487,82.2361801424
194.321003251,82.1811822628
194.455817284,82.1423645396
194.547716296,82.1041496862
194.7480256,82.0874232679
194.911003343,82.0750575693
195.226831227,82.0435388385
195.469989711,82.0150900652
195.669691131,81.9957598685
196.009598013,81.9328570073
196.24461991,81.921497234
196.404172913,81.9359284858
196.468929812,81.9716114494
196.494423326,82.0109578785
196.494251123,82.0444220845
196.435006358,82.0228572932
196.305305944,81.9371641606
195.961049387,81.8623921691
195.7495396,81.8412132829
195.553416918,81.8301180743
195.529402414,81.8252900408
195.58616882,81.8249073133
195.705579076,81.8352435079
195.991777877,81.8808277152
196.773313931,82.055732736
197.405663649,82.0957766587
198.223308779,82.277648744
199.391145389,82.3680136966
200.046014235,82.3933845467
200.554618378,82.3282947952
200.715236741,82.2725616924
200.821686575,82.2166125091
201.111098443,82.0768037376
201.34106235,82.0366010629
201.749208563,82.0116556721
201.920188751,82.0357791411
202.148777142,82.0281924684
202.361696758,82.0744625333
202.478732397,82.0864169793
202.724075251,82.0788858347
202.91556712,82.0441387047
203.141249114,82.0073016022
203.492472478,81.9915534751
203.638357188,81.9456196104
203.834844729,81.9129396941
203.923390156,81.9234641441
203.980358879,81.9366822082
203.99831798,81.9796659156
203.993403961,82.0063815067
203.978559824,82.0406305443
203.982929528,82.0469209257
203.996290698,82.0608979018
204.041328792,82.0443342488
204.078496156,82.0378659026
204.119482794,82.0155668995
204.121820274,82.0169883271
204.109244604,82.0232700026
204.152460795,82.0331928458
204.242346655,82.0291458514
204.377864867,82.0257490306
204.68294371,82.035518195
205.036855624,82.0893804846
205.637296163,82.1426646082
206.053253814,82.1804617277
206.436256197,82.2085637781
207.431686216,82.2723577837
208.245676578,82.3225580525
210.201694828,82.3991057479
211.773666859,82.502367751
213.241133982,82.5863988921
214.997359084,82.6224811956
215.79252485,82.5321783344
216.652520908,82.3287587946
217.726458608,82.3087609803
219.324193346,82.391221984
223.240457703,82.5601863622
226.821152776,82.7059272993
233.092136372,83.0850473123
238.414275819,83.6317438679
244.57215214,84.6214116885
255.103877788,85.8580594139
262.529470649,86.7722977098
274.101997797,87.9029270792
281.619839082,88.8193527034
289.350662477,89.9151477625
300.98764917,91.5882301608
308.835421747,92.7511896334
319.17209052,94.3801101719
325.073290455,95.1258632118
329.312702358,95.4460503476
333.152784029,95.1948088172
334.993594163,94.8127655524
336.929405241,94.4808306137
340.233625747,94.2660950392
342.313413953,94.2088539663
345.280397262,94.0917073004
347.309799539,93.779697258
349.550701156,93.4575503953
352.956086451,93.0548122193
355.219351635,92.8817859406
358.211875667,92.857724184
359.998551616,92.7560205816
1.73000671279,92.627409522
4.2894609309,92.4390405521
5.84522443162,92.3256736206
7.90393037487,92.4782923125
9.12866008679,92.4669102903
10.496798152,92.3881496385
12.3512458898,92.3680457571
13.4439097495,92.3041224035
14.6688441592,92.2936132986
15.280128458,92.2622434951
15.762309081,92.1934953596
16.313589321,91.9069495697
16.6892007097,91.7628926003
17.4415497902,91.3732457608
18.1561299891,91.1412682202
19.0413682513,90.8327592336
20.7600607035,90.5058339098
21.7921550358,90.5639939017
23.290404624,90.6379205032
24.5224113726,90.7500786193
26.155877026,91.1587146914
29.5522517961,91.6871629273
31.7933549762,92.0637294287
34.2522969552,92.2631811408
35.2187160404,92.2833627187
35.8428046774,92.1855306286
36.6297139253,91.84649824
37.3957088202,91.5613900308
38.5542140041,91.362701812
40.9198139711,91.0388073468
42.8441091052,90.8363955751
45.9373906163,90.5895261983
47.8404264608,90.3963679799
49.4213579761,90.1082314126
51.0706869332,89.796693622
51.7804986467,89.5879437599
52.4355105482,89.3303142605
52.9040273917,89.2096512805
53.5295516993,89.1202914278
54.4346648636,88.7966604344
55.1690567524,88.3179778201
55.8139383962,87.7400460906
56.2575362768,87.5367095516
56.8123319148,87.3423329635
57.8153055182,87.4057966911
58.753586064,87.5268760808
60.3604365518,87.4915057163
61.2583109398,87.7230291334
62.1704431436,87.9922695396
63.7925930862,88.3194216238
65.1861704999,88.5876494935
67.6669030505,88.8358099222
69.4164409572,88.9837235182
71.0376216529,89.1144250889
73.3575090732,89.1333246349
74.9769387555,89.2885931697
77.5425542174,90.0709299403
78.8564321338,90.6953410382
79.6226118918,91.152942573
80.0620907977,91.1835323211
80.1854580195,91.340941176
80.9055441577,91.6683906221
81.5015273843,92.1213045488
82.1539671166,92.4445959073
82.8253844132,92.5817326274
83.3715370602,92.260691706
83.9857301088,91.8148409024
84.8174088155,91.2107604199
85.2728217097,90.8892867833
85.9575524329,90.3992852076
86.3966276069,90.1428487273
86.8381367348,89.7779591538
87.2725577188,89.1739854155
87.3224651279,88.9257244895
87.6958067351,88.4449183432
87.9159931501,88.1957706759
88.2276773789,88.0747339128
88.540923489,87.6844812397
88.6563634427,87.4642083576
88.6387476868,87.1847937977
88.5738142963,87.0359891412
88.497094741,86.9071466934
88.1390890465,86.8050281546
88.0236058122,86.7889743651
87.7308040027,86.8280914457
87.5426399835,86.8068180203
87.2512885961,86.7861083337
86.8642786751,86.7719831186
86.54570361,86.8144864909
86.2818918883,86.8373210501
85.9639667309,86.9101017939
85.7375178139,86.9401565696
84.8892235088,86.9062342614
84.3757258831,86.8609516085
83.8410641309,86.7811869413
83.7703220724,86.8689595537
83.7959477657,86.8590854197
83.7600087731,86.8378262239
83.7627058917,86.7940623207
83.7206408138,86.714134869
83.4412659214,86.657593827
83.0964205558,86.6932671953
82.4984492476,86.8929836931
81.9868906772,87.0466305312
81.4229280731,87.1999618732
80.4030151896,87.4697377117
79.4876324163,87.6604386153
78.00437396,87.6818931364
76.7920138099,87.6785542066
75.8966416478,87.7190501577
74.5722460506,87.5375204309
73.6284982849,87.4329026022
72.0444990928,87.2572596808
70.9826195661,87.1360751704
69.7354609739,87.1393666908
68.3136067792,87.1473299694
67.645843521,87.2179858787
66.7418748439,87.3417742476
66.0632503525,87.4715567364
65.2933183081,87.6248219517
64.1647131531,87.7313268978
63.5961931046,87.7725324572
63.3081530415,87.8868339276
63.4508780498,87.8729942178
63.5522422301,87.9403152756
64.0708310556,88.0662699982
64.2684303221,88.0757190622
64.4519361693,88.0554623491
64.7803371168,87.9884473272
65.0164705274,87.8954257486
65.5312311389,87.7714290598
65.7320470169,87.7268447936
65.8893425258,87.6663456406
65.962549396,87.6446044922
65.9589150273,87.6166992464
65.9159020572,87.5903067992
65.9004141606,87.5910916602
65.8706766535,87.6009594403
65.7812188461,87.6370078947
65.4518065588,87.7083877399
64.5207917081,87.7630541419
63.3734581046,87.828090527
61.2932078035,87.7771880618
56.5941427173,87.4344954685
53.8344417425,87.0534762995
50.8345587382,86.9075610662
49.2269397335,86.8518164989
47.9806071538,86.8226767638
46.8158934692,86.4470920222
46.765256404,86.2096600816
46.8826373038,86.3407776442
46.7538838049,86.3978737542
46.5949717081,86.5230250946
46.1914536978,86.863855617
45.8717937819,87.1000401692
45.575411283,87.2918812427
45.3472384833,87.4632573205
45.2594210082,87.651641402
45.1346338744,88.0381260961
45.1818479836,88.4049211024
45.2822062449,88.9090768796
45.3780341036,89.255950586
45.4589998978,89.5495856579
45.6409672742,89.8747570927
45.650368301,89.9070116758
45.6083818134,89.8496447952
45.0636695455,89.7234300944
44.5421686872,89.8472078752
43.5387823147,90.7621375375
42.5583959503,91.8629168834
41.44633715,92.9332593356
40.5907589465,93.3844040164
40.3124252485,93.3847650159
40.0333087572,93.0533549705
39.9680687368,92.9666451103
39.9643983983,92.8941756435
40.0184426876,92.768398284
40.0962031135,92.7418062267
40.0964912638,92.7708663339
39.9962616986,92.8268230353
39.7471320301,92.8165951053
39.3904893363,92.820668562
39.168715159,92.7649002023
38.871739065,92.6899798417
38.6425604355,92.5906429115
38.363583056,92.51799422
37.882625883,92.4905236914
37.5235544303,92.4861481004
37.0629125932,92.4357872341
36.6877385134,92.444677619
36.2754801105,92.6187901542
35.4816127634,93.7452089132
34.8767922909,94.1618283683
34.252730588,93.6539882687
34.0163567643,93.3168221894
33.8211009272,93.0736466077
33.6461174514,92.8692536659
33.5720803625,92.8268049342
33.3731531242,92.7971973635
33.3008176816,92.7637950604
33.2707764398,92.6888614418
33.2194714915,92.562314524
33.1901770275,92.4985817994
33.1798149173,92.4299655081
33.1621573974,92.3520495437
33.1729152937,92.3046809573
33.203267467,92.2575523702
33.2473408858,92.2092337741
33.2736632258,92.1752920323
33.2845137366,92.0895134414
33.2923575312,92.0340754558
33.3050481791,91.9347010459
33.311643349,91.850241471
33.3092586763,91.754651051
33.3113586594,91.643777608
33.3210390604,91.6011352895
33.3537886204,91.5513735473
33.4253868904,91.5024869479
33.4802246122,91.4577900117
33.5241864165,91.4216728124
33.5298206646,91.4066961108
33.498209279,91.3881390374
33.4698572967,91.3734039921
33.4627282779,91.360315191
33.4949853514,91.3663671068
33.5064401746,91.374745376
33.5386711476,91.3923167098
33.5443491645,91.4108394557
33.5343993691,91.4343442025
33.4799312383,91.452386989
33.4305225895,91.4644402092
33.3662829471,91.4893808762
33.3483118463,91.5114422702
33.3268845082,91.5276850643
33.30102957,91.5347093448
33.2967812191,91.5060383302
33.292149803,91.4739108891
33.298805471,91.443758776
33.2999140492,91.4164471974
33.2781742497,91.3601094054
33.2757860338,91.3103936174
33.2705380785,91.2638554049
33.2785726771,91.1554352478
33.290605464,91.0592567361
33.2974051501,90.9361945289
33.2597948672,90.7991486276
33.1636749495,90.5386570636
32.2942969818,89.5434626136
31.6053005019,89.0362542195
30.971513579,88.5545874171
30.9461687228,88.4935717457
31.0273185584,88.5537573345
31.1248760599,88.5336764949
31.338957837,88.582778587
31.5168937151,88.6463920015
31.5875079203,88.7132665208
31.6179518575,88.7884732637
31.6423661145,88.9276933713
31.6659645616,89.0154900446
31.690226813,89.1221198526
31.7047397308,89.1591202828
31.7165431833,89.1853434889
31.7245443934,89.2177556
31.7066598355,89.2398327735
31.6737953941,89.2738899501
31.648308988,89.3111954699
31.5956145186,89.3650489794
31.5511989369,89.4140907191
31.4929727415,89.4970856708
31.4704103631,89.4961133348
31.4397663571,89.4705075973
31.4127446236,89.4599931651
31.3959101197,89.4569272579
31.4031957949,89.466092524
31.4335008047,89.4997557684
31.5048589721,89.5251755929
31.5741599054,89.5368822676
31.7442336835,89.590095062
31.9598066532,89.6832820491
32.5752093377,89.90327175
33.9907014589,90.2044613087
35.407689272,90.4070557569
38.3195151376,90.5040962482
40.4165325204,90.4725932462
42.2875704098,90.6410874435
44.6853200729,90.8782547899
46.237275656,90.9302943927
49.061432551,91.0719025597
51.8471772043,91.2041513716
55.0334211555,91.4694357917
59.5579006392,92.1281717747
62.1004422221,92.4869463095
64.1344268808,92.6638281553
66.3529754312,92.644847826
67.4256109084,92.4441606099
68.7644357738,92.0363920138
69.6810143238,91.7539015974
71.1368182623,91.6134811588
72.2495616268,91.6154880216
73.5033466862,91.6323227573
75.1290378215,91.6681360006
76.3571369635,91.6134621371
78.670028631,91.6583728862
80.3503098557,91.8453500613
82.0502027468,92.1402640937
84.3059906564,92.4495599201
85.4592454854,92.7360986825
86.8289862333,93.0693547822
88.0164435916,93.2479354107
87.8260987328,93.1984003876
87.4437147241,93.0293259157
87.403969248,93.0514408069
87.5445729775,93.1060579858
87.699516493,93.1156452436
87.6389132579,93.0259966271
87.401574022,92.7626846376
87.3606100338,92.6912996611
87.3529422473,92.636602045
87.3711723262,92.6784503102
87.3208372282,92.6688292298
87.2467467087,92.6027844564
87.2475978925,92.5485144151
87.4036475626,92.4918138468
87.8314561822,92.391950645
88.0452334317,92.3193983469
88.4392317539,92.2084702883
88.5967698028,92.1571793286
88.8165920699,92.0983426131
88.9154040269,92.0001783981
88.9827944931,91.9565241845
89.0629105553,91.8561035844
89.1397099334,91.780209572
89.2044111064,91.7186558407
89.3229304407,91.6640686253
89.4005928375,91.6280909945
89.4810548494,91.558186922
89.4518770843,91.4844103936
89.3133990271,91.3824723127
88.8988532735,91.2124149212
88.5081100305,91.0831800976
88.1056426885,91.0731772761
87.9096867641,91.2023981466
88.1215538645,91.2485826494
88.6034031156,91.3232257621
88.5742569675,91.3439147756
88.2741504252,91.3413272765
87.3896817238,91.3896747487
87.0790840194,91.3533494673
87.178998805,91.1903175377
87.2017170331,91.0340758321
87.12825752,90.9237125472
86.7079272997,90.7622667257
86.2234329231,90.6985941734
85.6630218311,90.565755075
85.5297872229,90.4897503551
85.3778114529,90.4027840028
85.1690751147,90.2902544962
85.0537272817,90.2353770333
84.9331090914,90.1778276379
84.8453730875,90.1599465936
84.7012408272,90.1469494268
84.4815847838,90.1691275319
84.2528676729,90.2065914812
83.9532769227,90.2350130542
83.7080484854,90.2290677731
83.4859159144,90.2076761203
83.090297008,90.1613473423
82.6516366211,90.1019170083
82.3426241059,90.0422732104
82.1910280447,89.9829801876
82.1792467639,89.9443634712
82.2609806046,89.8407539761
82.4590454182,89.7877703736
82.8694656035,89.6080963859
83.3905996113,89.4237558616
83.9715093817,89.1914628887
84.8142100522,88.6541433125
85.2350819153,88.1134342897
86.193238579,86.2586166358
87.1612835974,85.0157820888
88.0668804109,84.1871605082
89.2534487284,83.4328578112
89.6451586594,83.1912472137
89.8872894858,82.9905446609
89.7413552893,82.8418871355
89.5556356644,82.6746640192
89.0599871373,82.4482111844
88.6779724892,82.3727558266
88.1727363133,82.3361716273
87.5516876162,82.2077256775
87.16912912,82.0733211951
86.4358052646,81.7755372575
85.3308675746,81.5372311463
82.4946035692,80.9190257498
74.5247195349,79.8405931345
68.3440548508,79.326654477
59.5352765911,78.7950239335
55.2783824403,78.7605854994
51.6875121562,78.6334557487
48.0840049945,79.201387175
45.3465023156,79.548085494
40.6301665259,79.8613094095
37.1432712091,79.7715167739
33.1050375372,79.8397154107
25.3953473193,80.2423804143
18.9757578796,80.3929950148
12.5357070982,80.794924324
3.34724608626,81.3563765081
357.247103704,81.8940493928
347.940352352,82.6596469282
341.34913059,83.2920239108
332.082147098,83.7417624559
326.40125699,84.1768526211
321.738228479,84.2331173959
315.887068086,84.5295222472
312.319367378,84.7608653572
308.786938808,84.8621990356
303.689567061,84.9025203029
300.298918459,84.9865522561
295.498895896,85.1692980526
292.419071146,85.2341732051
289.495972889,85.3074319267
285.358011485,85.3118469315
282.67195636,85.2698196345
278.901928045,85.0361277857
276.310012068,84.8958388132
273.773924529,84.7593176466
270.233507364,84.3744390584
267.970285247,84.0472082459
264.878053207,83.7933544971
262.858633826,83.8507434657
260.866574892,83.9383457835
257.962348836,83.9604405888
256.108020024,83.9858276423
253.597658072,83.8395155433
252.168498177,83.6663625669
250.773997834,83.4899529631
248.755603747,83.2233207964
247.26353805,82.9685787152
245.585906433,82.7261962402
243.014378329,82.3581365545
241.147795534,82.0831712435
238.401319597,81.5076207739
236.826442892,81.1263093935
235.394901096,80.5950149281
233.542702958,79.4307052273
232.541455857,78.9376430038
231.681146436,78.7362365588
231.385259467,78.6572861245
231.264026465,78.5580593994
230.54356715,78.3935100757
229.312116754,78.2439797969
226.000822402,77.5156083256
223.046194571,76.5964524532
220.281534391,75.7795872898
216.978953555,75.2059288193
215.208477157,75.4383470947
211.808850471,75.6536801139
209.29260956,75.7686361103
206.725163113,75.6616579864
202.62045882,75.5845842428
200.757971589,75.4963694415
199.266433009,75.7334530053
198.733878642,76.128882578
198.746926387,76.4778534902
197.681373908,76.8572385662
197.111475351,76.8652545564
196.907878464,76.7235330506
197.554212422,77.0146719907
199.038795802,77.7743910761
202.989761925,79.5081565921
205.836053599,80.4177321617
208.904276215,81.1019269755
213.13182529,82.0318907628
215.375693565,82.1871596905
218.035600925,82.1369594128
219.624221056,81.9082894423
221.336620424,81.5845917266
222.159942181,81.6090797747
222.743721414,81.650753501
223.449690446,81.666712445
223.919938945,81.7613807595
224.510458483,81.8041795714
225.305551277,81.8133238805
225.721169195,81.8236050129
226.000087322,81.7920470311
226.238612892,81.7360170293
226.848886836,81.725703581
228.400495545,82.0862066962
229.609378064,82.4587058614
231.40187752,82.8780296034
232.453980832,83.0623600847
233.301306733,83.1622258796
233.857231933,83.1822579426
233.743940291,83.1029312874
233.012068709,82.7185091218
231.841320671,82.3248134168
230.539473641,81.984930361
228.927225355,81.751636513
228.070961839,81.6987954609
227.234470039,81.7818636714
226.922723677,81.8147248467
226.842167012,81.8410373284
226.861351787,81.8708897843
226.940717979,81.8643358693
227.053843743,81.841490374
227.06661375,81.7975234525
227.037922787,81.7687855547
226.96433385,81.7280855852
227.023621698,81.6978092579
227.123220202,81.6806327929
227.25877304,81.782842216
227.399650735,81.9298544168
228.244218306,82.4274296411
229.593686293,83.034057974
232.441126138,84.0296444245
234.397667121,84.5922782898
236.28700232,84.972011091
238.822887389,85.4085444129
240.004226725,85.5215009001
241.057101551,85.5816721462
242.282688253,85.5781145128
243.004500475,85.6711329199
243.617397257,85.7817078132
243.892137131,85.8244239065
243.994518291,85.8345324689
244.134950282,85.9189929208
244.21802448,85.8895372361
244.281083303,85.8206998228
243.95531381,85.8792156681
242.827388235,85.9289020181
241.513869477,85.8835024775
241.454768846,85.8863692346
241.684639926,85.8900306726
241.75191858,85.8475836366
241.777617708,85.808344954
241.716364278,85.7498051312
241.563433234,85.6870041496
241.259415025,85.6295864786
241.09036086,85.6282595391
240.96525939,85.6515010239
240.861966644,85.6837193325
240.741047567,85.7109677484
240.569284616,85.7269240384
240.311973433,85.7849035215
240.041684689,85.7860469415
239.520612067,85.7337439325
239.043617463,85.6593549695
238.217045579,85.572712038
237.102613238,85.5053830039
235.826484838,85.1798128009
234.597404533,84.9905803494
234.09792865,85.005319363
233.729466813,85.0188938891
233.803258558,85.0357586321
233.77104791,85.0364466269
233.841058085,85.0275372079
233.896186145,85.0163171666
233.935288312,85.0034048123
233.970379499,84.9578158929
233.948788681,84.9212302962
233.834263259,84.8717813414
233.68936351,84.8780223105
233.582005672,84.9171153134
233.498989349,84.9433774182
233.480215084,84.9489374246
233.506135769,84.9676821748
233.51249389,84.9886542455
233.517009591,84.9929109721
233.630553997,84.9974339843
233.778654078,84.9898416974
234.25210793,84.9932557461
235.004665999,85.0953134615
235.958118216,85.2849776647
239.088662462,86.0204786135
241.960919924,86.4510823215
246.564617906,86.7352278075
249.37093485,86.9833939653
251.292347939,87.2839664961
253.40649769,87.0542169711
254.087003851,86.7495761587
254.59947805,86.4382390629
255.103768269,86.132896542
255.372902232,86.0626420468
255.474051322,86.0539528064
255.805813618,86.050032221
256.942592641,86.3167211724
259.370729032,87.1620664765
265.088049467,88.4397281136
274.762468165,89.6075827493
280.000614677,89.7753175989
284.874737442,89.7834600714
290.958714754,90.140481546
294.543836743,90.4051617542
299.190040317,90.9170109045
302.279332478,91.3759108495
305.213702291,91.7229196941
309.034538869,92.2910517468
311.212566141,92.6712336873
314.072146535,93.2922265108
315.77846278,93.8638391454
317.311198361,94.4531244762
319.042619085,94.8324043309
319.721717115,94.8325047412
320.073440739,94.5453595633
319.877116583,94.2161179055
319.410021098,93.779085403
318.358531407,93.3221054097
317.552125248,93.1507124019
316.35623894,92.885549405
315.823614532,92.759328058
315.349135019,92.6555950684
314.890750381,92.5854660476
314.82114007,92.5470576324
314.668257015,92.4595623751
314.461765642,92.3450884404
314.331329847,92.2564846807
313.910938887,91.9162590941
313.575585208,91.4603736086
313.051410253,90.9412457643
312.764720438,90.7577810456
312.586215642,90.5203587506
312.56806907,90.3221901478
312.595884502,90.1876951925
312.718708097,89.9870080742
313.034865155,89.7149284032
313.224644407,89.6376552706
313.749369655,89.48926079
314.259936021,89.3531424986
314.766217349,89.1868228903
315.679426601,88.6258658817
316.394356126,88.1125364191
317.784951717,86.9607083602
319.215925821,86.4517446421
320.923227082,86.0186731679
324.07114812,85.9576954725
326.142168076,86.0477827905
329.216027019,86.2678190992
331.14796468,86.5762182359
333.06972299,86.8216530439
336.131239786,87.1888636899
338.161852481,87.3802206045
341.08047109,87.633183848
343.004629778,87.7558856602
345.0791352,87.9161513491
348.532615295,88.2719428621
350.964637257,88.6445662345
354.538393764,89.4243487808
356.734557454,89.9686937273
358.898064344,90.3660386178
1.68381070083,90.6593168566
2.29332169928,90.6591126526
358.849901755,90.0673180911
353.337351034,89.7343208262
345.726120901,89.1338888862
333.916045818,88.5239986228
327.41249657,88.4204342467
322.593485996,88.413079632
318.312476656,88.4368831889
316.47516874,88.5353089087
315.634394319,88.7839485869
315.331719405,88.8971000467
315.07595203,88.7799299913
314.534377587,88.8410787818
313.923998369,88.7463294937
311.672875409,88.5440189278
309.617789534,88.5744977576
306.579358841,88.8714391523
300.799507062,89.8967409706
295.619962466,90.4505978983
289.411473093,90.7015622487
286.145641062,90.6231126216
283.428179005,90.4693747716
279.761506833,90.5273558462
277.107604024,90.4626499777
272.563055202,90.4569381247
268.913196376,90.3537818555
265.589932237,90.1814837804
261.044400075,89.9563573787
258.422243552,89.8968850227
254.755231822,89.9499143979
252.237208018,90.0670835892
249.607169927,90.1270493618
245.007146621,90.1690426551
241.653457832,90.0329189385
237.190647677,89.781024228
235.157076208,89.5539667624
233.892046103,89.3195064055
231.515540549,89.0231781581
229.217034098,88.9777345085
226.888036744,88.9047615433
224.04276985,88.7970423514
222.645166603,88.7769947227
220.984246054,88.6888416844
219.8414698,88.5993704908
218.494725549,88.4904479877
216.480431848,88.3095250249
215.303326973,88.239845333
213.978341647,88.2733651549
213.104767384,88.3589506694
212.164088584,88.3986369655
210.56373614,88.4416686243
209.475014196,88.3748262532
208.055376224,88.3034913751
207.129635727,88.2334836658
206.271712769,88.1866431856
205.019074278,88.127994228
204.425121397,87.9512340847
203.890474541,87.7258853561
203.539028544,87.4903921262
203.02147368,87.3130240996
202.034230922,87.0312604698
201.14122908,86.7537917986
199.56755602,86.2973472034
198.215007012,86.1628507478
196.509243189,86.1555595604
193.696074336,86.2617155546
191.752766969,86.3622568132
189.947052463,86.421736053
187.244796226,86.4600870244
185.421024009,86.4849012923
182.780351115,86.6218090942
181.328919275,86.4445383989
179.598556845,86.2608100095
178.606544579,85.9870276662
177.556978846,85.6449290344
175.853890808,85.3955828893
174.483167256,85.3233917459
172.992622587,85.2342515815
170.863917442,85.3711875301
169.507297213,85.2712808251
167.353964131,84.9311211952
165.916410559,84.7355281762
164.360063236,84.4387201741
162.025496333,84.1793580916
160.595655615,84.1350404271
158.396299367,84.0545541907
157.084534451,84.0988398007
155.914072315,84.0230227129
154.342540805,83.6499838698
153.156333983,83.2280470252
151.166520511,82.7986140152
149.786940994,82.5095780349
148.553299129,82.1830211449
146.938449737,81.7151020923
145.831375195,81.4920404012
144.215122399,81.3285028826
143.149124844,81.1603907477
142.254539763,81.0232490045
140.886531089,80.9549139559
139.900811915,81.079457033
138.161058632,81.1047504543
136.831553044,81.0134691652
135.49071554,80.9713182225
133.366903967,81.1103299525
132.025777215,81.1718020917
130.736352521,81.2478228252
128.933963761,81.3404138467
127.705357149,81.4611155133
125.751356087,81.6174150923
124.398249918,81.690855883
122.98977719,81.7955665431
121.092871008,81.895484065
119.899562817,81.9111165235
118.098248955,82.0133831649
116.826655506,82.0665861733
115.649265602,82.1853412001
113.90256651,82.3484533013
112.663514488,82.4366162564
110.776588543,82.5720564581
109.503944731,82.687906741
108.194595479,82.7986768856
106.144973999,82.82872054
104.644037225,82.7923638309
102.238636558,82.5894993162
100.645474937,82.4611922112
99.0703819605,82.3911606486
96.5686696246,82.2937394748
94.6441719224,82.2261436699
90.9216667214,82.2320769194
88.2076788085,82.192260096
85.4393716559,82.19212346
81.1779038998,82.4228465277
78.609819364,82.4680840888
75.1789984967,82.4554715643
73.2199782814,82.3754320397
71.4704581393,82.417467535
68.2905025638,82.9842489892
66.1700920357,83.4723623072
63.4442419202,83.7078381921
61.6450050539,83.8424151975
60.2581913629,83.8392674074
58.3102515595,84.1764802324
57.4181820739,84.4880714632
56.4801503174,85.369271424
55.8015709561,85.9018324547
54.990160306,85.9556734441
53.6461041205,85.7893368086
52.8884802971,85.6291025273
52.4197934959,85.8096481687
51.5436130571,85.9590333412
50.5252984772,85.7958076926
48.6140093206,85.273208391
47.2843757559,85.00119544
45.9162701378,85.0736640682
44.2091407921,85.4930108033
43.0701663197,85.8602558287
41.8395665239,86.1125112997
41.0522583863,86.3156110132
40.2849546449,86.3621113004
39.2177205033,86.4006406751
38.9462407722,86.5595119319
38.8068118285,86.9733657993
38.7708702789,87.1230746007
38.6751757514,87.197776132
38.6070723326,87.1418144141
38.7310076994,87.0557542395
38.9978230888,86.8847206713
39.2486225563,86.8142785056
39.8609801002,86.9597786762
41.5672431973,87.3187273919
43.4345029096,87.6720272459
47.6241529425,88.5189734203
50.5956021278,88.9898733872
53.3746107828,89.5081709156
56.9028541821,89.5354913521
59.2868522863,89.2366891403
63.6021069131,88.4715183132
66.8869582038,88.4866388353
70.0792708489,88.471133505
75.3220673909,88.6161822837
78.4170699314,88.8391318273
81.5898399315,88.8166418132
85.4696843106,88.9316475674
87.6787415808,88.7448074356
90.6864491884,88.3596938869
92.7526325305,87.9467526073
94.5444139307,87.4689952566
97.084032287,86.8951171448
98.4869080574,86.7000825201
100.294576213,86.3415570448
101.245742227,86.1559833032
102.130876975,86.024534388
102.951662415,85.8667733036
103.322559524,85.5835486535
103.87619557,85.3704444332
104.22498093,85.359648029
104.685130496,85.3015701237
105.51205491,85.1104315858
106.096193633,84.9096415645
106.969360714,84.5730227001
107.548636189,84.4297282889
108.041013651,84.3618559523
108.443498805,84.394638082
108.708158586,84.1934079178
109.308153376,83.8471881848
109.979902428,83.5802957309
110.808599423,83.3607408071
111.973763334,83.2241575276
112.651051174,83.2901759274
113.808715676,83.4261666664
114.51025287,83.3230059371
115.069582028,83.0770167311
115.598600514,82.8254936344
115.776360598,82.717324059
115.867886068,82.6449917355
115.992843775,82.6269271146
116.09120604,82.6430891493
116.168448203,82.7964783263
116.175576089,82.9006193203
116.170836952,82.9996868213
116.175825704,83.1174052929
116.158838568,83.2043975501
115.883739415,83.4692462487
115.362052432,83.6779392558
114.860515852,83.7139394375
114.34101377,83.6224003829
114.169668851,83.5474465493
114.079084725,83.4602036384
114.063545138,83.4365236511
114.108687681,83.4555952612
114.34388415,83.5090303453
114.511712343,83.5292573357
114.670626761,83.5441248619
114.794285964,83.5918429437
115.112080893,83.677079197
116.528210916,83.9131413964
118.08108428,84.2435791824
120.185607544,84.5813059613
121.110715576,84.6743256608
121.569848335,84.746020794
121.603820966,84.6527940258
121.560305264,84.6268601754
121.462706108,84.5621763175
121.317832561,84.4459000969
121.283431195,84.406608432
121.393898183,84.3818008347
121.545491337,84.397283507
121.74546347,84.4369181009
121.810557944,84.4455107616
121.875664994,84.4410104071
121.914905635,84.4030264133
121.935556574,84.3891171803
121.998997952,84.3889752801
122.066063374,84.3964727298
122.176197134,84.4125469018
122.288561634,84.4232641879
122.336150434,84.4167381902
122.372029457,84.398485621
122.400140131,84.3860529876
122.387266212,84.3744143814
122.356683378,84.3701610945
122.349770412,84.3648563343
122.368332106,84.349876915
122.395298321,84.3325451387
122.388979207,84.3267970062
122.350628859,84.3403824378
122.33041728,84.3250372164
122.335537679,84.2911682621
122.387727129,84.2500667653
122.435157366,84.2431032774
122.471858259,84.2263652946
122.480498143,84.2087282838
122.464753198,84.1772446791
122.482648216,84.1226190452
122.528602064,84.0848993529
122.580682796,84.0588790359
122.60231767,84.0551858938
122.588379765,84.0459326541
122.551818254,84.0249134447
122.539373393,84.0054543802
122.544612326,83.9772288599
122.571780422,83.931965665
122.601799956,83.8966714109
122.672482035,83.8367391897
122.74021966,83.76619702
122.813526778,83.6562605054
122.853775733,83.5996287568
122.858377369,83.5696913903
122.800595668,83.5252149687
122.751061863,83.5204567678
122.710476513,83.5052965846
122.690211096,83.4646689077
122.710739396,83.4302950385
122.775403761,83.3925430341
122.808427326,83.3994096208
122.82417043,83.4087016834
122.853693287,83.4258758887
122.859797773,83.4185891505
122.888726978,83.3790988793
122.908326738,83.3512680012
122.906914939,83.3345205262
122.892681656,83.3308669121
122.901227537,83.3147765695
122.919871355,83.3104375541
122.949857614,83.3293551388
122.983603543,83.3723317262
122.995349687,83.4050350384
122.970100081,83.4126799544
122.959700597,83.3793859099
122.983406699,83.3402694934
123.020833436,83.3141817665
123.068428301,83.2727140742
123.086968954,83.2512666738
123.089608956,83.2209436161
123.083825506,83.1866656687
123.089054019,83.1615277872
123.108266824,83.0964945752
123.141993636,83.0570024229
123.171619966,83.0269526637
123.185432704,83.0135666732
123.208478927,83.0058534116
123.259227523,82.989311504
123.285757329,82.991467469
123.30189622,83.0341043934
123.282262644,83.056478957
123.256929044,83.0729279838
123.216912127,83.074904694
123.212160419,83.0651268777
123.223485861,83.0546438242
123.252588366,83.0525679648
123.258497005,83.0485364424
123.226149764,83.046123049
123.217099405,83.03836762
123.210805564,83.0224655378
123.212021598,82.9907324209
123.205938225,82.9692191871
123.191084242,82.9571346032
123.189443768,82.9459881607
123.198772439,82.9284270087
123.238598163,82.9064852225
123.266686055,82.9031570045
123.277830928,82.9171536164
123.252830263,82.9285000677
123.234242504,82.9312548907
123.247147546,82.9335426997
123.261835384,82.9245564591
123.285015024,82.9169165531
123.303453709,82.9199165348
123.316620129,82.9270321183
123.31169405,82.9353285713
123.29495467,82.9196505264
123.292560558,82.8496797059
123.285459376,82.7933075553
123.284634814,82.7421575969
123.278262444,82.722168577
123.311350252,82.700085329
123.384353855,82.6828093039
123.447772373,82.6798957065
123.491856695,82.6904419286
123.506873206,82.7183825869
123.496792642,82.7361209204
123.482397689,82.7475668916
123.485051817,82.7634624838
123.519150607,82.770040364
123.588137245,82.7938062691
123.627616185,82.8267608843
123.648255818,82.865588375
123.657859574,82.9056346517
123.676234512,82.9318624431
123.702334193,82.9372921777
123.731332682,82.9278352226
123.752881401,82.9162274247
123.746735257,82.9026415956
123.745180457,82.8892955056
123.794967468,82.8587983969
123.845377948,82.8446698417
123.922947431,82.8617938963
124.007525397,82.9090618852
124.034084814,82.9379225814
124.049816368,82.9753174357
124.045641643,82.9838392356
124.047819206,82.9806845768
124.09210533,82.9758871479
124.154407419,82.9873822704
124.189198611,82.9928986594
124.217507365,83.0044261573
124.226256092,83.0045562383
124.249981798,82.9870241674
124.271008351,82.9627165302
124.289454745,82.9301702363
124.330523402,82.9024128138
124.349605882,82.8909718688
124.391390826,82.8570772016
124.447169289,82.837551708
124.486373974,82.8279782956
124.522612879,82.825465435
124.541832575,82.8196204767
124.568950516,82.8053863536
124.599069809,82.7875411102
124.647146,82.7608135535
124.747695738,82.7382172768
124.823578935,82.7312778919
124.902267715,82.7435872322
124.925541376,82.7489096525
124.936480423,82.7488297782
124.976188643,82.7190306718
125.024579735,82.6816375437
125.095391542,82.6318445472
125.120754707,82.6206855422
125.150665677,82.6140143444
125.184126617,82.5924622401
125.209329442,82.5797050524
125.264141471,82.5754220128
125.281134585,82.5819328986
125.288928752,82.5936903764
