178.189342083,97.1531462237
179.143976654,97.5626439273
179.061934562,97.3882148373
178.996062227,97.403043721
178.883370876,97.6940877907
178.760806148,97.7604448024
178.63214317,97.8197199431
178.5471075,97.7772453561
178.528287138,97.7413618403
178.51798819,97.7121938488
178.527930573,97.7303539396
178.51218293,97.8237573164
178.413397374,97.8484639963
178.257997313,97.8104628907
178.07272033,97.8131391307
177.991211038,97.817661834
177.915018816,97.8305762749
177.911949466,97.8362488344
177.928905018,97.8328780353
177.97120327,97.8399986945
178.001716145,97.8493851929
178.020706138,97.8469544515
178.033396654,97.8316882746
178.058932356,97.8457404236
178.170895433,97.8606883276
178.326059117,97.9125236513
178.48181653,97.9668578659
178.725720798,98.0345287753
178.950251133,98.0984966404
179.542426585,98.2778212844
180.174264461,98.3524050882
180.815603632,98.552804193
181.822657336,98.8419292212
182.363328917,98.9543136032
182.672882746,98.9712366991
182.625631602,98.9135921197
182.537386512,98.8723024251
182.097002819,98.7328348291
181.722905496,98.5982444578
180.975885956,98.3532069529
180.35750655,98.2778521657
179.665630417,98.1952904157
178.28247816,98.1196032779
177.065946467,98.090013552
174.314311814,97.7602086141
171.575068122,97.4049920584
168.337874551,97.1221971305
163.474604078,96.6402010366
160.574815333,96.3423166592
156.911788937,95.8630701678
154.679386421,95.5509784597
152.493410641,95.1240903003
148.855331883,94.5816076672
146.771834933,94.4384204624
144.772888146,94.2002996143
142.102104214,93.9314191373
140.32958552,93.8029620159
137.128373801,93.3929376737
135.075988279,93.2357374177
133.082326711,93.1102922409
130.452258824,93.0710387689
128.917528294,93.0910965129
126.844615034,93.0612358055
125.699658879,93.0661850744
124.485598485,93.0501595476
122.715236468,93.1503348387
121.743075568,93.3712418273
120.630386738,93.6091286225
119.951993395,93.6067560678
119.27734012,93.6529929605
118.13437259,93.6015621129
117.233368627,93.5092960714
115.660307855,93.4234248892
114.442195917,93.3401948166
113.070950725,93.2732871072
110.961594809,93.2406738167
109.501381559,93.1398627451
107.434085365,93.0919736229
106.122007216,93.1205184684
104.905651462,93.1717829208
103.059176774,93.2964534239
101.731344034,93.3332822381
100.382908287,93.3977905058
98.4682552931,93.5551127009
97.2623557756,93.5388864188
95.8644901212,93.522041313
95.2356004628,93.640076737
94.4742761336,93.623651119
94.0624207985,93.6549672142
93.499526237,93.5873905843
92.5911602778,93.5247000521
92.0062822682,93.510336812
91.3937777337,93.4113291613
90.604431525,93.174971395
90.107977248,93.1377172258
89.3962858044,93.2439035415
89.0732020066,93.3539693464
89.027438422,93.4003699847
88.9289574627,93.4333067751
88.7670502663,93.3841906209
88.1511485883,93.2560537165
87.3243646709,93.2673755118
85.9412431469,93.2500268459
82.789929708,93.3076156204
80.520071707,93.3063367576
77.7102336857,93.4185702094
76.4347892099,93.4782488405
75.410007323,93.3890937087
73.4876539784,93.2701734635
72.0365339184,93.1425875992
70.134937098,93.2936669502
69.0537040185,93.3326651639
68.1869493174,93.3319021746
66.8887977266,93.1217055115
66.0650806868,93.0005087733
64.8801504676,92.821498732
64.2191895265,92.7693834927
63.5186792505,92.5914274189
62.465575362,92.3858499556
61.8276093681,92.1687722507
61.0411134926,92.0389198301
60.6085581045,91.9529552964
60.3443534489,91.803054402
59.7692847036,91.7046965518
59.3540714003,91.7502000023
58.9151940744,91.7791830286
58.5796386585,91.7386405456
58.4236368814,91.712181108
58.2378499425,91.6760753991
58.1056825943,91.6647168086
57.9560097588,91.7054919563
57.7235283571,91.7646152103
57.6437341545,91.7762349657
57.6023622512,91.7633319651
57.6793444841,91.7492077841
57.867729594,91.7830909327
58.1768085849,91.85818902
58.2923941392,91.8706419242
58.5804386995,91.9440752312
58.811806689,91.9514651286
59.0090766159,91.9607594786
59.577637007,91.9283686982
60.1043930302,91.8828908771
61.0706908208,91.8744717698
61.90066274,91.8296429477
63.0975456993,91.8938048262
65.5471916919,91.9291743701
68.0076496749,92.1710539827
73.5820407687,92.7939066382
78.0920195369,93.3495458989
82.8678164379,93.4287922105
90.7670912671,93.5912641249
96.1522298725,93.3995496007
105.411592269,94.0152333606
112.204604186,94.2619597069
119.279082314,94.4607094064
130.508294481,94.7527047942
137.948088038,94.9091102268
148.434999456,94.9558166283
154.683506911,95.2546394689
160.220865707,95.4204141855
167.418240411,96.1586403836
171.454284572,96.5326667106
175.028249241,96.6498353428
179.988195592,96.8237064095
182.845816048,96.8637636106
186.920828675,96.6892660213
189.590588316,96.4562850435
192.180071766,96.3525449926
196.037464187,96.2413434264
198.952955033,96.2122665267
203.336292222,96.3925910896
206.344798014,96.3207102246
209.961035067,96.0637963379
218.2919363,95.0363194971
225.432336112,94.7441307556
235.282519511,95.1709832795
239.838759122,95.9302461864
242.708914975,96.5861963208
245.349739528,96.7350410424
246.921512824,96.5432137229
249.301465484,96.4461277593
250.645692819,96.4748273137
251.869315455,96.6822107015
253.707726208,97.1679537869
254.969817586,97.3450985689
256.474855691,97.2031791109
257.207288066,97.4476657668
257.542629025,97.8450909124
257.39307136,98.3881561984
257.200124524,98.6196951641
257.042406065,98.711920411
256.902969999,98.8178538916
256.659206707,98.8364950851
255.99264421,98.8178743787
255.318852351,98.8323827234
254.381170391,98.7642804403
252.552087687,98.9139351559
250.859801659,98.7045737093
248.150476547,98.2827035858
245.828737751,97.8731412694
243.207105937,97.5085741145
238.270692568,97.2632642266
234.664056771,96.8547749753
228.021807588,96.5797652866
223.131673987,96.4881556033
218.113726387,97.1164006138
210.316541984,97.5784492662
204.998910198,98.2439515998
198.019716486,98.5111646479
194.288983622,98.475435171
190.802279876,98.4524420213
186.639657815,98.6712067622
184.985943809,98.5029515454
183.180243586,98.6308199272
181.937853322,98.4306377241
180.531335524,98.4472792446
177.896310224,97.8340446265
175.806197714,97.6985592508
172.232489831,97.4212142216
169.519487806,97.1992917895
166.369826342,97.00068826
161.692940071,96.6624099759
158.354145219,96.5343462721
152.726563687,96.1473363817
148.146583052,95.673268621
142.130959687,95.6177862014
131.926650106,95.4052947768
126.379297968,94.8030809417
122.309352631,94.0318356663
118.994765312,93.9094711022
117.864358693,93.9554357112
117.149949243,93.956102629
116.700323932,93.8687073277
116.208447759,93.84504355
115.029023885,93.7573408537
114.427422127,93.8430390177
113.904566645,94.1367067
113.68444327,94.2404681662
113.829859839,94.3441487501
114.148012023,94.6288903103
114.189430671,94.6381089972
113.973794046,94.7184071593
113.238358379,94.814789442
112.369765931,94.8799876273
111.010731407,94.9624545349
110.453405219,95.2032158909
109.633071945,95.5323098115
108.861444538,95.7394036528
107.881196113,96.0456457612
106.488925529,96.4449050738
105.473804348,96.7113305523
104.19522009,96.8039818291
103.34430785,96.7091074711
102.499675218,96.8560427472
101.154638911,96.9276540946
100.266191128,97.0706596471
98.8981848048,97.2379991926
97.9886755559,97.2289809788
97.0513531882,97.1854802794
95.5885461413,97.1676396659
94.5804995329,97.168991575
93.6242327241,97.175584464
92.1210094246,97.0191408845
91.141096238,96.910592756
89.6559950005,96.7240009341
88.7737297584,96.8184353442
88.0300311557,96.9141221268
87.4336557619,97.1748428698
87.0877434056,97.2046132858
85.9865347237,97.1095354287
85.0651356587,97.1701886371
84.1314802243,97.2410969681
82.9711495155,97.2697366837
82.3495291222,97.2140394629
81.3817467333,97.3090156447
80.5790819992,97.4903585302
79.7444781401,97.7126198767
78.5659562861,98.1231376915
77.8725039179,98.3133219611
76.9657365809,98.484126018
76.4254763859,98.4662397198
76.0215735371,98.4190492636
75.3130016447,98.4273645645
74.8473126911,98.47425997
74.1471649238,98.4355777648
73.7311960067,98.3939280284
73.2499844198,98.3511482067
72.5101420482,98.2689527252
71.9540673913,98.1326642674
71.0654595666,97.8042636632
70.5258669574,97.7636887779
69.9889920314,97.8759773911
68.8072996833,98.4592020459
67.7920163744,98.7048499537
66.7340756415,98.979600839
65.3435217749,98.9000693667
64.7240215002,97.9974612052
63.7764192532,96.3948686416
63.4558052479,95.9375537202
63.3936040931,95.846590954
63.1648996337,95.9946909396
62.6520825867,95.8719121208
61.5783542768,94.6916893831
60.6726027951,93.915524033
59.7863160735,93.4002385632
58.0637471739,92.7756742749
57.0067810548,92.7295878872
55.30326283,92.8658677147
53.7279902235,92.6494255695
52.1478944973,92.9612886698
50.4478216276,93.0442685608
49.8030006376,92.8769584193
48.8574310736,92.9786557444
48.2742776704,93.2674011222
47.7812948867,93.5476938786
47.2379349494,93.732666426
47.0402568783,93.4103484144
46.5932574923,92.8332067066
46.569918284,92.9714155008
46.4687103561,93.0379941664
46.3876658375,93.2238809347
46.298370729,93.2623423618
46.1947062331,93.3700580448
46.2123975358,93.3935155809
46.3051537529,93.3405255511
46.5226890309,93.0417566842
46.6576011632,92.8277797514
46.8037483533,92.8192651499
47.0566726726,92.7390468806
47.3282334325,92.7604926254
47.6612090011,92.7771540436
48.0460965982,92.8302266666
48.5786602649,93.139112463
49.4441285404,93.5449862305
49.7547614823,93.5550271713
50.1282731806,93.7791812909
50.5087684208,93.9578901319
50.9141474317,93.8980120443
51.8548132271,93.5284714462
52.5311402598,93.2933633403
54.0767231507,93.2315214439
55.4285697352,93.1041095577
57.7385923813,92.6366660399
63.3958144468,91.6448277472
68.856196447,91.2186148385
77.7387459145,90.5589296937
83.8294067774,90.175829296
89.9386512331,89.9308728155
98.5334473885,90.005555683
103.823013971,90.1213692695
111.127940208,90.5546668113
115.08411154,90.3903869399
118.830642684,90.9307452072
123.673170246,91.5316725974
126.544810008,91.9405290717
129.876757723,92.4493863622
131.637152717,92.9749397026
132.893694037,93.3082731138
134.101505746,93.7712775776
135.287214818,94.085595132
136.575241756,94.3406010668
139.09178676,94.6900918821
141.202197982,94.9575751216
144.433625425,95.3161055325
146.508682209,95.6859268977
148.714874213,95.9866270618
152.009097205,96.5403638703
154.180665732,96.785886282
157.429018933,97.53522384
159.616662136,98.0249606203
162.008743476,98.4235292441
165.627409527,98.769408804
167.967342993,99.0451891987
171.380134471,99.3080118466
173.557291184,99.5693538946
175.687757888,99.5651727928
178.642776345,99.595824038
180.314371783,99.6193171921
182.650809721,99.4889921897
184.035186184,99.4091339516
185.345406484,99.256806605
187.219918238,99.1918246654
188.447056432,99.1782643616
190.29566385,99.1681920479
191.530642326,99.1370463269
192.725247883,99.213142218
194.24727395,99.4165256711
195.065967701,99.5522936674
195.920025362,99.7361499344
196.407456733,99.775151755
196.879070297,99.8441495818
197.837361637,100.119172984
198.378422128,100.130389333
198.745881233,100.12458092
198.770582571,100.151911711
198.750737393,100.256709311
198.605685011,100.881911477
198.621472233,101.612343362
198.894572954,102.308402337
199.579077223,103.662078733
199.961141698,104.390945299
200.333246897,105.717169545
200.275621042,106.462592144
200.161989606,107.355850859
199.89437594,109.259921305
199.764807586,110.793778184
199.745843365,113.452044406
199.849582104,115.250940328
199.925537283,116.093268832
200.176321592,117.66495527
200.211291474,118.539061392
200.357676774,120.106453808
200.388552154,120.964300014
200.580152541,121.764884689
200.763530241,122.637086542
200.819979225,122.822200167
200.684417209,122.660972318
200.302340131,122.293754877
199.68141142,121.55180762
198.506495368,120.304613815
198.040027013,119.781659713
197.310595649,118.909695856
196.796927848,118.173821504
196.283088814,117.253572072
195.31105507,115.564439028
194.691805903,114.421685469
194.107515831,112.939625467
193.727412627,111.861317515
193.536118273,110.844593727
193.258338211,108.917224683
192.966492788,107.191359719
192.229059192,104.726216316
191.996913276,103.206819894
191.947084096,101.762774923
191.791150981,99.9405507412
191.843779262,99.0319987312
191.910359964,98.4170754486
192.074413228,97.4338633862
192.168157144,97.0451047678
192.264204598,96.5900357442
192.29029162,96.523537414
192.326712642,96.4884088639
192.415043619,96.4657368729
192.495118088,96.4022614287
192.610398037,96.2424961792
192.66820517,96.1631652616
192.723918455,96.0596883562
192.750225629,95.9145529262
192.767299528,95.8656644292
192.815631319,95.8537933439
192.849263996,95.881679251
192.899486862,95.9292946824
193.009876179,96.105872972
193.069692718,96.1991543416
193.120046094,96.331501476
193.135194552,96.4202017724
193.124155162,96.4587762138
193.078896439,96.489191392
193.025777532,96.4765696773
192.880720433,96.4897301216
192.776506837,96.5278802687
192.682975349,96.5828206376
192.581330319,96.6565354478
192.469568508,96.7203462982
192.232367699,96.891839185
192.074447347,97.019504081
191.951651685,97.1229933747
191.788325718,97.249440343
191.679837786,97.3278732426
191.602063557,97.3548952378
191.488836062,97.3937504634
191.450306369,97.399163926
191.399923427,97.4087997424
191.357742177,97.421848164
191.317565939,97.4327701992
191.272054584,97.4473471411
191.24452519,97.4427419064
191.219560643,97.47301288
191.200811152,97.4817918718
191.17947393,97.4840372653
191.11660848,97.4557153778
191.054991086,97.4593350527
190.962085716,97.445382759
190.906392931,97.427192105
190.830205931,97.378640057
190.731476409,97.3131550061
190.657650406,97.287623715
190.566762622,97.2556607742
190.522754784,97.2408287623
190.49229848,97.2303045489
190.450227181,97.223382358
190.429699189,97.2005523285
190.40349763,97.1846842404
190.398226544,97.1884914102
190.40297606,97.1909333423
190.415918845,97.2071498079
190.417404174,97.237508946
190.408391599,97.2622344486
190.395022538,97.2687824693
190.392114788,97.2725822658
190.387703274,97.2903251607
190.393467299,97.3081691692
190.381737182,97.3128342301
190.388127868,97.3494987778
190.40455631,97.3875067327
190.430423014,97.4309991075
190.423058241,97.4456033362
190.405727805,97.4456899226
190.390871638,97.468897988
190.395419555,97.4719620234
190.422163636,97.4953745729
190.43412207,97.5027764628
190.440601617,97.5084746328
190.441358941,97.5007638616
190.440031828,97.4826183686
190.445225183,97.4636868602
190.449825922,97.4629272895
190.461325026,97.4772135929
190.489534059,97.53054381
190.494005735,97.5638767932
190.496735476,97.6250612288
190.505259785,97.6471037802
190.513408047,97.6617206737
190.534322803,97.6523422718
190.541743431,97.6435851291
190.57515963,97.6639630827
190.606626164,97.6593349132
190.637634311,97.6564524088
190.797056637,97.603571297
191.06150695,97.5449703524
191.812356324,97.4959372371
192.38345666,97.433169947
192.970838047,97.3791369833
193.765310596,97.3498490954
194.252768835,97.2911521185
194.922559983,97.2154308296
195.340040567,97.1523386258
195.749917361,97.1180067713
196.306836475,97.0973654692
196.622766704,97.0447226491
196.965540793,97.0323803951
197.396151614,97.0411159892
197.654119931,97.0420353542
198.038388728,97.0691583149
198.26567658,97.0996434705
198.450607432,97.1168737219
198.766255005,97.1105207939
199.013163284,97.1387915383
199.362996987,97.1798653098
199.569958341,97.1873136831
199.838245298,97.1607117769
200.309820631,97.1053650324
200.63692038,97.1030804644
201.069812516,97.0925240757
201.277959711,97.0738746186
201.427039844,97.0666108413
201.66288096,97.0862425453
201.785606532,97.0941729717
201.900415583,97.0705278096
202.000107359,97.0645080135
202.057818326,97.0597221314
202.183819689,97.0521146635
202.295780085,97.0489064847
202.509290529,97.0254092833
202.685357059,97.0164596088
202.876551145,96.9827594416
203.130917612,96.9215979413
203.320134707,96.8474022839
203.592530416,96.7568426096
203.74468168,96.7186426132
203.857735056,96.7026031941
203.95346731,96.706124108
203.964570521,96.6958674333
203.915908695,96.6920237148
203.865880145,96.6843373422
203.85791681,96.6883532843
203.877517828,96.6972095184
203.892356461,96.7065570557
203.910894069,96.727720825
203.932445015,96.7553242982
203.989977893,96.7947224147
204.069215377,96.8942844025
204.114419088,96.9543171499
204.150190355,97.0005294519
204.208887712,97.0675625166
204.242728084,97.1026287512
204.266457221,97.13995104
204.269364935,97.1529483731
204.259767539,97.135064592
204.245517521,97.1050180707
204.257419066,97.0979637481
204.264436166,97.0850389102
204.262202708,97.0791271509
204.232606734,97.0685928216
204.174347029,97.0627257498
204.149605273,97.0697727749
204.148758942,97.0909638726
204.151494884,97.0930502178
204.152568317,97.0976951879
204.105136855,97.0808642532
204.027188627,97.0427208536
203.917881133,96.9996301628
203.854294093,96.9666130552
203.768830916,96.9542817696
203.61588964,96.938283471
203.478670814,96.925773222
203.191689532,96.9130699801
202.773861068,96.8957502571
201.898533709,96.8819396063
198.689151288,96.7967140028
195.034133719,96.8235955277
190.434468284,96.9764988205
181.93785687,97.1298508075
175.759122771,97.3267481443
165.892897083,97.3250997774
158.701458643,97.4937007273
150.748294251,97.3382081476
139.773694884,97.758192708
133.623813367,98.1696065379
126.136190925,98.3357789775
121.965511132,98.175529718
118.246122926,98.0323210639
113.593919392,98.8809544561
111.829022531,99.7862823182
110.241466668,100.660187447
108.93923699,101.21017521
107.440630091,101.580767962
104.997987114,101.860579856
103.620554605,102.056643018
101.888514306,101.919930717
100.923647995,102.023025186
99.8976343276,101.981570772
98.1017546731,101.967346014
96.9251868567,101.990875657
95.0775531948,101.890653285
93.8568330868,101.851568743
92.5964215493,101.665805434
90.5686694217,101.488866992
89.0874675373,101.384834588
86.546798416,101.201370507
84.7017624709,101.338493599
82.8044169516,101.640788955
80.0705411591,101.665364987
78.3647946533,101.63268648
76.9054014815,101.430642712
75.2139966296,101.144093108
74.3578461833,100.988255533
73.0841027744,100.905110746
72.1453130131,100.940862188
71.1156847094,101.044113083
69.6445864882,101.108539272
68.7544660636,101.090930688
67.4737354619,101.00606683
66.6984327627,100.976867586
65.8714865316,100.946634392
64.7645312366,100.838463192
64.0106412634,100.836583958
62.9434201962,100.870337469
62.2104128255,100.875487039
61.5797898988,100.923192067
60.5731244063,101.100007128
59.9462187375,101.062685071
58.9520765256,100.982526283
58.3701594748,100.869197805
57.9471244669,100.771831523
57.343561506,100.676155743
57.1825121964,100.37708232
56.6356447587,98.9723123063
56.0646661861,98.159801631
55.4161773307,97.6153445015
54.5843622601,96.7209125772
54.1165809408,95.6495813458
53.1487295294,93.1221798465
52.5656133421,92.2393153794
52.2219522413,91.668521015
51.2993366144,91.5184901575
50.339955348,91.7841049565
49.2115077736,92.2590626361
49.0126466082,92.2308422454
49.3014294877,92.0896270199
49.4973989906,91.6852267182
49.2911411195,91.6439654
48.9021450345,91.7497659814
48.8566254502,92.1011334002
48.8586544553,92.1846746526
48.87898186,92.2322559461
49.0337128901,92.1860293217
49.2086681243,92.1619797126
49.2594500853,92.197236969
49.245490192,92.2874410771
49.1619622624,92.4561877003
48.9132790363,92.6949334665
48.4570982715,92.9377187767
47.5242805976,93.2373717242
46.2270027038,93.4751252846
43.3366018615,93.7459089334
41.5060023478,93.859364405
39.9984713596,93.9166061576
38.7964187895,93.8118326449
38.141404037,93.5128195618
37.3647970476,93.302004429
37.2288404516,93.4565889058
36.4761307778,93.4523326742
35.460505652,93.6611890826
34.8556697497,93.5443635474
34.4529054442,93.0959015113
34.4866509108,92.8063887102
34.5037698848,92.633697295
34.3636397525,92.5062057276
34.2553750323,92.3846741258
34.0304651888,92.3762194599
33.9813629516,92.3609878371
34.013009813,92.3593612372
34.3978427093,92.5984111985
34.9597285173,92.9989303371
35.5513680591,93.3520690002
36.2841738575,93.8419631444
36.69821351,94.1029137946
38.4259326499,94.4072091724
40.3417494083,94.5522469329
42.9333706573,94.9972083358
47.8169422163,96.0707455844
51.5152554867,96.5452271638
56.9874905571,96.7206480018
60.5514369791,96.2813080419
63.9169890773,95.5002300175
69.1936008578,94.6195230041
72.6196600018,93.7480309289
77.7916381203,92.9774840206
80.9402846119,92.6417735619
83.9223088025,92.5691167611
87.0074939198,92.1997721164
89.1130398567,92.2153804849
91.8230284377,91.9754408847
93.5460269788,92.0326106802
95.3224500786,92.2174373138
97.7443608053,92.3985342138
99.2906433677,92.729928543
101.603887042,93.1083574167
103.038840704,93.5317449837
104.372801717,93.9979993712
106.200144117,94.4517955982
107.374793429,94.8753610865
109.2060697,95.459777256
110.526227033,95.9919684814
111.909492862,96.5864901627
113.965168284,97.3326160214
115.473990554,98.1334228522
117.080209843,99.1329481355
119.793236982,100.998686588
121.710162474,102.247029144
124.804930083,104.606707201
126.786441543,106.077650165
128.793870336,107.64042695
132.021570289,110.310491706
134.333837195,112.241568726
138.270565483,115.23891187
140.885261345,116.921497705
143.684390595,118.617144084
147.584145323,120.868925764
150.074938571,122.361980961
153.75797461,124.688777618
156.03664255,126.084553833
158.491655005,127.49759086
161.798119051,129.015675371
164.060534825,129.973957266
166.844300346,130.836016661
168.567359984,131.437212024
169.979890874,131.871497608
170.877758734,132.017042415
171.011081358,132.079114451
171.409994338,132.004341616
171.80662504,131.793431189
172.195746715,131.378760048
172.381465826,129.883338968
171.777462786,128.067565268
170.45763659,124.571114631
169.933021026,122.360980281
169.644846303,120.196532022
169.439279871,116.934727238
169.427504569,114.799267267
169.606839732,111.908097875
169.646941196,110.168717849
169.680954998,108.490272658
169.396412045,105.757099793
169.070345675,104.195231633
168.777405664,102.920032707
168.314304474,101.312906138
168.044778903,100.602094663
167.675155478,99.28370606
167.580850989,98.3798462589
167.791672402,97.6948421433
168.330507068,96.6308493983
168.907018283,96.1490673542
170.093716302,95.6888915579
171.246377948,95.473325748
172.976786215,94.9580153486
176.391655122,93.9565112232
178.893668246,93.5788981796
183.282985504,93.2141226393
186.4741203,92.9424080539
189.685502053,92.5464241968
194.392880295,92.0068940774
197.115965495,91.8827103484
200.484206922,91.9597792147
202.522670753,92.2143647244
204.278036605,92.389454937
206.477130421,92.8085627965
207.495437389,93.171739799
208.026091046,93.7560055161
208.198328622,94.2254557607
208.388489569,94.4365946542
209.067182345,94.7176924409
209.52121336,94.8403331702
210.47328438,94.9458218565
211.134471908,95.064087922
211.7734049,95.2235122069
212.78501495,95.4319809734
213.514843309,95.6416748802
214.288849181,95.8667541075
215.330828599,96.286842643
215.963417885,96.5103900775
216.69908771,96.898840114
217.072270579,96.9857775009
217.418452076,97.0184119645
217.981724784,97.0476844657
218.366709412,97.0204731514
218.935257046,97.0406699169
219.376126744,97.0585986981
219.781592237,97.0833465761
220.326105729,97.1436906501
220.711162644,97.1522555214
221.259471987,97.1491986685
221.615709933,97.148626137
222.004893446,97.1148106718
222.450924943,97.1318426757
222.754830417,97.1482723391
223.095234819,97.1432965046
223.289715363,97.0931893471
223.415434253,97.0628291834
223.596357469,97.0584797836
223.722263577,97.1374676271
223.887865976,97.3989737814
223.951113338,97.4785998144
223.998492089,97.5052989239
223.965963158,97.4960998239
223.802975529,97.4455484189
223.308467144,97.3733199941
223.059369347,97.4141639459
222.865659967,97.4794063507
222.786572822,97.5028828832
222.784016495,97.5160079128
222.800961625,97.5719101057
222.797700194,97.6094893247
222.775932726,97.6536695546
222.702556076,97.720482812
222.677764061,97.7573509353
222.650232725,97.806528207
222.649605247,97.8920219594
222.66758784,97.9365054829
222.678246715,97.9953591026
222.659061131,98.0461808953
222.631796828,98.0980673092
222.602615615,98.093112448
222.605884024,98.0747591455
222.578908825,97.9976722395
222.515401445,97.9500027397
222.413134843,97.9144214662
222.15446067,97.8698461986
221.934067935,97.8306862936
221.594786272,97.7836135155
221.381993899,97.7536727849
221.193574121,97.7077936874
220.93785976,97.5815658972
220.74510144,97.4843896378
220.477870243,97.399862133
220.206097565,97.3390090975
220.011971586,97.3050701022
219.765920019,97.2520399231
219.605233808,97.2364003616
219.425366382,97.1940399833
219.301297964,97.1861087778
219.189642277,97.2174048413
219.040614856,97.255185729
218.964385885,97.2773658483
218.849937067,97.2812888208
218.789067461,97.2938742963
218.731450285,97.3216572493
218.700036699,97.3685015546
218.70008026,97.4040642445
218.696803462,97.4310006591
218.682561597,97.4645570072
218.669407358,97.4739427573
218.665632766,97.4634391277
218.678152132,97.4465652417
218.700633057,97.4446913109
218.716023495,97.4552753319
218.713239296,97.4520885592
218.688600785,97.425741749
218.66267304,97.4043343194
218.637721748,97.377536648
218.585494377,97.3291654554
218.548899718,97.3040893676
218.514294226,97.3114808887
218.506127264,97.3197024392
218.510695786,97.3412236486
218.506975577,97.3564949997
218.50441822,97.3706336139
218.496040956,97.4049736799
218.501248853,97.4331555761
218.517901822,97.4691967956
218.528470025,97.5137508397
218.545551477,97.5386132839
218.565064986,97.5680964967
218.582943792,97.5866371503
218.601497359,97.6007841789
218.628582401,97.6244162948
218.631155941,97.6365789434
218.620746238,97.6492380477
218.606835446,97.6496081414
218.598773629,97.6501497706
218.587059224,97.6332515772
218.582432938,97.6262326327
218.573684214,97.6339497673
218.570197246,97.6148248469
218.567598629,97.6089200971
218.544376785,97.5577290103
218.526801077,97.5376458541
218.519244399,97.517988585
218.533374454,97.5185370579
218.554267198,97.5328148979
218.595738906,97.5609232892
218.634152869,97.5949086456
218.678323621,97.6442528568
218.757000314,97.7090851545
218.827125698,97.7533686197
218.908800965,97.786844643
218.945435436,97.8043303336
218.963052307,97.8228427872
218.985528271,97.8515264871
218.992688398,97.8758463474
219.002308132,97.8905454698
219.005273664,97.9011610305
219.005520752,97.9399567723
219.014945161,97.9684383783
219.02775118,97.9843577376
219.022903996,97.9595375226
219.009789851,97.9407760195
219.004679131,97.9326095437
218.998257499,97.9340239378
218.998343912,97.9366204811
218.993621655,97.9218136357
218.977875536,97.9179304216
218.963981668,97.9105342543
218.964533147,97.9137980114
218.977527994,97.9186355458
219.003586433,97.9264135673
218.998924204,97.9324180318
218.986835262,97.9440038783
218.973734159,97.9558820988
218.96736714,97.955218415
218.963075196,97.9484895853
218.950512227,97.9562544717
218.950797433,97.9882031427
218.988659843,98.0067749819
219.004897425,98.0110178775
218.999918772,97.9946356328
218.978544561,97.9914275192
218.975484552,97.9930905921
218.982081406,98.0128243941
218.983257116,98.0209871579
218.967238277,98.0232289616
218.94758422,98.0169853622
218.940926115,98.0068422625
218.944492529,97.9956601389
218.953480938,97.9972362042
218.95507106,98.0029702416
218.953470306,98.0060984774
218.949062818,98.0092419469
218.932695159,98.0082293118
218.935509631,97.9985112561
218.936854099,97.9843281305
218.937573512,97.9568752196
218.933174266,97.9532823754
218.934330839,97.9794946811
218.938808836,97.9787236103
218.947870944,97.9818744097
218.929052907,97.9601782716
218.91725815,97.9555232892
218.922003486,97.959683363
218.929597406,97.9727390125
218.935466329,97.9828138674
218.940137258,97.9848839628
218.936111748,97.9869449176
218.948451324,97.9822370276
218.963689064,97.9838047416
218.981513548,97.9829662191
219.002664192,97.9681485506
219.006762317,97.9508936911
219.016305785,97.9322302686
219.016682304,97.925941372
219.019960373,97.9142822132
219.024735372,97.8958638512
219.031481957,97.8793752482
219.032281052,97.8510391199
219.027252853,97.8277653731
219.025522017,97.8422267711
219.02881177,97.8340189598
219.034797069,97.8158914269
219.007924284,97.7892758437
218.983479425,97.7818938292
218.994806314,97.7841288108
219.041903327,97.8141819121
219.052255133,97.8285648088
219.055696272,97.8507648267
219.053802626,97.8708047518
219.05847344,97.8704597762
219.073985832,97.8705763706
219.093399962,97.877085602
219.097268839,97.8840211282
219.085019499,97.8831509309
219.078581163,97.883570605
219.066999473,97.8770474856
219.070770558,97.8700655021
219.098475616,97.8615454838
219.135703476,97.845058494
219.162373005,97.8223188769
219.227871192,97.8199973572
219.311355315,97.7918741609
219.477195711,97.7407514997
220.132734094,97.4407994564
221.136633487,96.9279777241
223.885656,96.4792376033
229.968384422,96.2598902248
234.214132248,96.3225699842
239.792836482,96.9004906635
242.578875051,97.0330616428
244.659123835,97.0187361335
247.099524982,96.848545171
248.399339787,96.6494214131
250.202244143,96.1800768804
251.312731232,95.9369136366
252.343928664,95.7593834875
253.959970641,95.5497538675
255.171695228,95.4955695519
257.052918839,95.4292164539
258.322410287,95.4739675854
259.609320694,95.5387911843
261.798728479,95.470804698
263.616237972,95.3459862641
266.832716049,95.5981478551
269.901980783,96.3476237697
273.07296812,97.0169321466
276.561882739,96.462540694
277.962860602,95.9236834165
279.090513598,95.2470502841
279.558766411,95.0645619332
280.248808932,94.8764300766
281.798761533,94.9553225856
282.987329197,94.4825661888
284.11821012,93.9926565638
284.617576704,93.4731884578
284.860068694,93.1335049911
285.379713185,92.6134956775
285.661887987,92.7881308203
285.815027801,93.0126298075
286.456781704,93.3938159284
286.851059482,93.1768339597
286.832065389,92.7529054999
286.914375722,92.7643381756
287.204503629,93.1930448964
287.706877404,93.54617005
287.887939471,93.7425556243
288.054817139,93.7785436085
288.225185028,93.6945057339
288.279655038,93.6080706174
288.373976474,94.2797486306
288.740230115,94.9233838724
289.822159739,96.1192482194
290.488751568,96.7647562547
290.980410529,97.4179610278
291.513561818,98.190147367
291.698733781,98.9006021584
291.803395015,99.8821118753
291.826274063,100.588836208
292.126226724,101.49561775
292.90571717,102.9127966
293.434310764,103.841021311
293.744750303,104.770144769
294.162806346,105.800198639
294.364715314,106.409853377
294.72054082,106.645494802
294.886572425,106.834761138
295.176095888,106.955988343
295.451918036,106.758130948
295.674658751,106.371659057
295.98431845,106.150956761
296.521604425,105.620224051
297.178900047,105.489648728
297.814551235,104.77767382
298.184295203,104.722587702
298.335649342,103.820582255
298.364407187,103.050957655
298.576602031,102.339348043
299.417028884,101.358779153
300.390748843,100.947177296
301.809115402,100.396107929
302.8395709,100.353764868
303.633743562,99.9332658281
303.974393698,98.7480483704
303.956147314,98.0243561382
304.341690232,97.1377685865
305.021853223,96.9572329265
305.746022205,96.8735232003
306.366431036,96.7306636334
306.623492855,96.385293508
306.949923616,95.9813388149
307.587242225,95.4459823376
308.383331502,95.4576288667
309.712148739,95.9652199365
310.34880987,96.3058552478
310.642986648,96.4973204731
310.569578874,96.4911214717
310.519174221,96.475107297
310.493881203,96.3936240379
310.13830098,96.3184571406
308.965964023,96.3088903408
308.133140371,96.6113578593
307.221562687,96.2333299101
306.031563471,96.3014802462
304.910024022,95.9684978345
302.529620406,95.4781610836
300.277635975,94.8113385714
298.051798671,94.7188832801
294.63137028,93.8533650523
291.719781631,93.5814926442
288.352203434,93.6977927222
282.374185494,93.8484368196
278.028712485,94.2019444568
271.109660988,94.6161571006
266.033450178,94.3946582458
261.11342368,94.4721765132
253.869859277,93.9672926967
249.058940947,93.7930366557
241.471500831,93.1329654919
236.695291334,93.1837270708
233.035168478,93.5301268012
227.935183223,93.2739444595
224.811896855,93.2911847969
221.108625849,93.3219228932
218.817587294,92.9484089653
216.254189204,92.8759488011
212.402118703,92.8319541859
209.817398797,92.8090362101
206.509370298,92.8056725412
204.406333316,92.9255604703
202.236237308,93.1473689276
198.580265966,93.5166566089
195.510953414,93.8849439641
190.579883682,94.2362541899
187.210902785,94.2994771233
183.968868524,94.2442240622
179.371877649,94.0014327747
176.336141579,93.830074788
171.629248898,93.5974128539
168.196209709,93.4292551573
164.835988983,92.9701055516
160.184373918,92.3968939316
156.775698013,92.0042969062
151.816356752,91.950198631
148.503721509,91.6941134174
145.430152775,91.5723538251
141.08483307,91.3874811024
138.583387927,91.6809259318
136.035347845,92.2543284485
132.902203221,93.2237992506
131.091490066,93.6427855641
128.625924793,93.8221444003
127.287275439,93.8406832469
126.133872996,93.8489961752
124.657647448,93.9136009878
123.749127686,94.2323523559
122.022807056,94.6760978547
121.032938775,95.0367455238
120.075671198,95.2729289253
118.752981305,95.6805950842
117.967418018,95.9845545448
116.768623636,96.5349880705
115.79787026,96.7549284507
114.727641294,96.9635595167
113.091875178,97.3021031686
111.94773543,97.522802119
110.525291292,98.100690719
109.622876994,98.6926834191
108.819035074,99.1235700272
107.596288251,99.5089637084
106.807401047,99.4935766825
105.529212836,99.4618979017
104.568525732,99.4571511835
103.506017819,99.5333488304
102.043320312,99.607417144
101.225324746,99.5398683361
100.653614483,99.497335797
99.8698025836,99.4443502106
99.5396686043,99.4138611462
99.1676151209,99.2615201701
98.9174948673,99.2707070694
98.4782026019,99.2050028689
96.6209417193,98.8233748714
94.4574728663,98.4614683865
90.3641413766,98.1233179825
87.2228443699,97.8236686797
84.3083696975,97.6022483018
81.2063775308,97.8751200032
79.7503803829,97.9396132205
78.1579232463,97.9588057816
77.1217855898,97.7232804523
76.1670500469,97.7812148531
74.9718921839,97.8235010499
74.3956308969,97.8338160305
73.5698046831,97.7105589053
72.9107669207,97.5146175719
72.2923120361,97.4762892282
71.6571258575,97.4365258486
71.0463796537,97.3049405257
70.188604011,97.3442236988
69.5241108068,97.3397858096
68.9107073743,97.4754612158
68.0918729542,97.6624454452
67.6471392725,97.6927637841
67.0922163083,97.828952068
66.7629007746,97.9848786166
66.4347791212,98.0860813924
65.7255297583,98.3089095693
65.3397533569,98.4428010913
65.0441385127,98.4419409052
65.1194830288,98.5945870869
65.0346269125,98.6783712121
64.1754472424,98.5207707408
63.491393101,98.8335589166
62.9409922331,98.7662232623
62.7563821347,98.8408997088
62.795230655,98.8335828754
63.0593390097,98.8119697068
63.2199982404,98.7856327823
63.505738208,98.9031303273
64.5579150663,99.2717100791
66.0383564959,99.392067915
69.173216186,99.6740148917
71.5919146964,99.77492687
74.3653221813,100.096911548
78.663326683,100.256238182
81.3430395089,100.193939478
84.9126546511,100.202750921
87.1707134904,100.474939806
89.3675189852,100.650275357
92.8517093625,101.11644376
94.9813685232,101.106869311
97.6692256491,101.179109777
99.0604213173,101.434436605
100.398760505,101.666346784
102.653385092,101.882224099
104.202780671,101.905097102
107.235605741,102.081600579
109.444671555,101.957772432
111.481731668,101.867644716
114.459019589,101.714561722
116.181003476,101.404173116
118.462511354,101.207406138
119.866023101,101.029933839
121.269688418,100.891374013
123.609313697,100.580603813
125.106823279,100.514027532
127.465013287,100.493602796
128.931457513,100.440791709
130.389354947,100.379581184
133.070168785,100.376790407
135.931581517,100.280081921
139.86123772,100.054054258
147.873895528,99.8525173919
155.285240178,99.8781432252
170.319734929,99.2476772457
180.421585675,98.8441461237
190.059791295,98.6342182708
202.615479269,99.1960283691
209.204614105,99.398419197
216.464097227,99.7106565701
219.723929431,99.9789603475
221.618177203,100.467665603
222.843209013,101.211113158
223.036814275,101.210948793
223.821522603,101.14671655
224.738516598,100.781242817
225.524376962,100.459910686
226.423708938,100.284295463
226.751416477,100.261739317
226.668309941,100.251224991
226.661617521,100.194778587
226.531743553,100.163235391
226.378185606,100.204994459
226.326841436,100.300774351
226.393831046,100.521565948
226.533353941,100.714382459
226.623584985,100.836969281
226.610900324,100.996121894
226.469180665,101.084055643
226.07803,101.109573642
225.78632515,101.0687002
225.57356076,101.011005913
225.433181885,100.973460239
225.414872642,100.962152562
225.471580884,100.981880969
225.534745751,101.009815436
225.572242731,101.066335431
225.516575916,101.165721928
225.423695473,101.226360016
225.315594222,101.28964446
225.129032875,101.358221989
224.998772587,101.422669339
224.790140958,101.474607511
224.616548025,101.509889596
224.457466019,101.521698196
224.194252385,101.596817789
224.004105433,101.660801185
223.807811943,101.756022634
223.687328179,101.798227391
223.613965621,101.857088107
223.522891712,101.962196214
223.463140792,102.021779485
223.371225248,102.127568853
223.326866864,102.180988905
223.272945063,102.223179168
223.193181528,102.241976821
223.145095758,102.248812641
223.085430007,102.227365008
223.051940422,102.209846833
223.03238902,102.194947403
223.012183209,102.164791321
222.995785245,102.14481896
222.948864591,102.106403927
222.862045366,102.104045423
222.771265404,102.077425691
222.585438242,102.055062532
222.472001654,102.026145359
222.344580213,101.975896657
222.262303685,101.95169848
222.202670192,101.926302113
222.134011909,101.933312631
222.077936622,101.953954809
222.033621476,101.996275578
221.996225169,102.036511799
221.98587939,102.063415993
222.000173422,102.111085368
222.010538168,102.151770083
222.008120696,102.203037867
222.001573004,102.279881098
222.001823694,102.325655379
221.99258089,102.365410244
222.001660873,102.420056197
222.010872137,102.448854307
222.025977621,102.48439871
222.022670111,102.492316749
222.0142488,102.507491629
222.012232972,102.514045649
222.012909204,102.521463371
221.994782965,102.519595051
221.970277369,102.505022443
221.921450917,102.47129751
221.89243557,102.445581677
221.872099133,102.426515052
221.847244583,102.395207139
221.832573836,102.384694297
221.814974546,102.377881978
221.802594838,102.396077814
221.784960007,102.410559114
221.740021583,102.434406494
221.710349625,102.483494492
221.698457528,102.530147589
221.702017584,102.547375467
221.702039733,102.546947297
221.711676449,102.564331525
221.733316138,102.577741474
221.757112251,102.603821774
221.791079495,102.647478792
221.796746042,102.686055703
221.78682597,102.727846762
221.779051594,102.749496323
221.786604885,102.756304803
221.826333133,102.770473153
221.843952965,102.775702468
221.852918997,102.795080166
221.848567876,102.804245666
221.841439637,102.803821594
221.818295379,102.788541728
221.798337868,102.799558352
221.786765825,102.813873221
221.778269819,102.813114522
221.762552991,102.802090013
221.727989395,102.764587306
221.72208505,102.753218308
221.745771369,102.747321424
221.762775569,102.751148421
221.769068589,102.756920531
221.739295982,102.769653084
221.719921267,102.773803402
221.719224603,102.786687767
221.741377365,102.800937328
221.760330454,102.821209982
221.771674364,102.854152065
221.772454647,102.869378529
221.775259755,102.882210435
221.773847912,102.87768462
221.7683765,102.880494384
221.775356414,102.930052294
221.781713777,102.941144412
221.795544897,102.952831613
221.788341988,102.935430814
221.784571777,102.928092369
221.781766329,102.915284752
221.779707293,102.920684602
221.777139646,102.934946503
221.762633898,102.94886133
221.747685074,102.946605468
221.731495242,102.919124911
221.732433251,102.9058594
221.733440908,102.89835971
221.733439671,102.88388777
221.728590914,102.884428764
221.723756365,102.872337495
221.704279356,102.861606823
221.668694578,102.836970141
221.629612242,102.831336876
221.61868028,102.822985001
221.607341928,102.812451984
221.584699318,102.790104117
221.565148881,102.768303803
221.546844221,102.757827167
221.546603098,102.769035264
221.550884301,102.803337239
221.556538439,102.813903973
221.552923383,102.825701464
221.541364688,102.830348403
221.53530649,102.832181124
221.545274886,102.833904941
221.552294061,102.83703561
221.547601076,102.848262114
221.538538168,102.865419507
221.539529738,102.870778222
221.536329331,102.877384872
221.52823529,102.890421414
221.512861675,102.916180819
221.513051962,102.916020039
221.514745588,102.908659565
221.505760092,102.883289951
221.487248673,102.846169555
221.483139676,102.834363026
221.490148302,102.838875581
221.482720377,102.851556254
221.470723739,102.861295924
221.456990969,102.867667695
221.449621647,102.860271836
221.459980863,102.853959427
221.465962491,102.865178766
221.475318113,102.873932914
221.468473643,102.883707707
221.453488214,102.897471997
221.438696155,102.909264878
221.427513733,102.915520589
221.413324282,102.909685765
221.414583943,102.949857963
221.417610088,102.948697984
221.430146592,102.941896625
221.419423953,102.927184077
221.40383371,102.925823044
221.398701253,102.932365225
221.397752748,102.950437574
221.388109362,102.98092806
221.370264833,102.991138173
221.353580002,102.995972579
221.338331486,102.994416488
221.342934332,102.996704635
221.35313792,103.004968004
221.359715921,103.020727118
221.356422465,103.03438319
221.340727589,103.059296068
221.324469584,103.070486273
221.314901456,103.078899429
221.305560438,103.080973975
221.310647621,103.100493422
221.302034388,103.109691715
221.293180425,103.103238918
221.275878327,103.080986184
221.251109224,103.046158003
221.249582268,103.02977406
221.247370988,103.045776468
221.29882701,103.092285756
221.380228655,103.14613489
221.489781878,103.204343509
221.513712298,103.217671627
