178.061656196,97.0506254209
178.43922673,97.3405465051
178.546216094,97.4330698537
178.625712933,97.4597515507
178.720713075,97.4906916698
178.813833029,97.4829387966
178.897055762,97.4716448118
179.140673386,97.3969463939
179.325116512,97.2606377634
179.543302215,97.020330072
179.755799379,96.7734942923
179.911151109,96.3510115303
180.05358395,95.7605613135
180.069551587,95.4022536792
180.044095855,94.9969699635
179.85686463,94.4492913501
179.712920257,94.0586644309
179.507430896,93.8768520051
179.36341768,93.8465393511
179.271155042,93.7779660754
179.160514727,93.6964312093
179.123815907,93.6717172318
179.108437292,93.6636845435
179.131809989,93.7409614664
179.184167152,93.9309212158
179.241020024,94.3634973261
179.258791861,94.6328253276
179.313153978,95.2517086158
179.402831609,95.7226697729
179.498677234,96.3288597727
179.671018298,97.2410306649
179.794084714,97.7261731639
179.95149216,98.4134922836
180.028613205,98.7624145029
180.110455475,99.0384979944
180.201207815,99.2713278486
180.236166132,99.3029526275
180.275352788,99.4033858897
180.304202508,99.4451324615
180.33326011,99.4876508813
180.351527126,99.5666015861
180.351431097,99.6279945427
180.344758147,99.69661994
180.334451568,99.7209011075
180.331098652,99.7283371343
180.339180794,99.632429114
180.358354658,99.5820728102
180.391269677,99.4961000958
180.404411465,99.3834556507
180.415327773,99.3338468665
180.433269622,99.2514637318
180.425221777,99.1708942489
180.426985598,99.0862038028
180.431564869,98.9209616182
180.449361535,98.7968643313
180.519134478,98.4506193928
180.572522069,98.2669451795
180.603142808,98.0220272632
180.620291287,97.8434752683
180.611652421,97.7250237096
180.554837657,97.5349405781
180.471152361,97.443943762
180.289682163,97.3849514931
179.521042156,97.3361888076
178.933863779,97.3105969617
177.715946698,97.3297368084
176.761120281,97.375405004
175.730791309,97.3620491988
173.167816076,97.3137999202
170.840964624,97.3589900436
167.106797079,97.4196896987
164.528732205,97.5329198455
161.962966785,97.718304233
158.191705786,97.9083540984
155.677523006,98.0602737249
151.946353672,98.2298136309
149.511362993,98.2475334325
147.20864543,98.2812282472
143.930258782,98.4238467836
141.805439618,98.5653655909
139.597525946,98.6044048223
136.091557443,98.9128457711
133.102041581,99.2458858954
128.423002177,99.5508384343
125.504454894,99.6303499093
122.592792162,99.8232500758
118.505107619,99.9737604854
115.827027216,100.110301887
111.980994783,100.313140086
109.613648905,100.583117108
107.658952287,100.780791584
105.264887361,101.16332052
104.468404755,101.281346215
104.285705629,101.274011615
104.601727266,101.24134528
105.288694398,101.114834456
106.640590129,100.733915093
108.26301531,100.69276899
111.86674041,100.957243902
115.472021792,101.38754997
120.509284007,101.757041371
128.486797351,101.841320151
134.360193722,101.71018286
143.258127806,101.509492281
148.752914583,101.301229655
153.970459895,101.064558185
160.531879351,100.4782099
164.079330884,100.047740468
168.067317087,99.0936956783
170.210519086,98.486308774
171.763413735,98.2010255858
173.345708516,97.7851003957
174.039360334,97.5750166304
174.471148451,97.3391404114
174.809698222,97.0197158917
174.949719134,96.8259211891
175.18993214,96.6508306213
175.458797974,96.5365844723
175.677257977,96.4551253261
175.97919208,96.4114726988
176.150042061,96.4017527283
176.440845571,96.4095886829
176.594354542,96.435489294
176.758858157,96.463025157
176.942884675,96.5036998533
177.036065704,96.544647806
177.122506792,96.6010913607
177.132118979,96.6511490349
177.114216912,96.7071399547
177.085817562,96.7895848161
177.071457323,96.8380114518
177.025600771,96.8810729263
176.976972733,96.8751097246
176.931253823,96.8486518925
176.911900906,96.6283331686
176.913414049,96.4820566136
176.962526298,96.3274176121
177.035490678,96.2611575386
177.136476409,96.1947685331
177.267309885,96.108877097
177.340613136,96.0892564175
177.371517017,96.0954480797
177.38295546,96.1412534847
177.379751468,96.1872642341
177.353824488,96.2432529099
177.322221226,96.2827785096
177.24158626,96.3658904363
177.173022584,96.4415350514
177.046253464,96.5359162121
176.622932309,96.7570442366
176.135623762,97.000225605
175.661677899,97.2385037776
174.647246024,97.5712666369
173.900584723,97.7808460408
172.893745919,98.1200607151
172.320436794,98.30917518
171.853540081,98.4526895738
171.430969887,98.7189832417
171.363436233,98.8192716518
171.350859014,99.0022211965
171.442218646,99.1382338559
171.564914621,99.2503876736
171.90694892,99.5181651557
172.117328101,99.6598823095
172.392713214,99.7888529688
172.574637114,99.8523267365
172.794953425,99.9444922008
173.562750806,99.9409722479
174.159058841,99.9243174132
174.98963858,99.8122838607
175.475153964,99.7334967451
175.999524613,99.7156934921
176.893598911,99.5182355418
177.488953539,99.4010791238
178.52463316,99.1566705807
179.444501503,98.9722370206
180.677422435,98.7750795908
183.149647447,98.5869115977
185.697758837,98.3124989923
190.129534691,97.975577077
193.011084692,97.7543646186
195.861435482,97.6444558678
199.908726249,97.49095043
202.163287412,97.4146512831
204.28992135,97.2277065133
207.109889544,97.024726413
209.063210183,96.877798344
212.101324133,96.9229346878
214.208094714,97.1533260338
216.425173764,97.2707141403
219.934419874,97.3586448628
222.458693693,97.2800387931
225.878015908,97.17137808
228.078549609,97.1023926305
230.190122366,96.9450472493
233.48700971,96.7849172163
235.783457698,96.7335601871
239.638129902,96.3093098876
242.259822919,96.118529426
244.72789981,96.2257191788
247.977367754,96.4318286901
249.960607754,96.3332896496
252.684681769,96.3629362642
254.588201933,96.2755115632
256.570087795,96.1944252943
259.587599822,96.265770937
261.470207549,96.2786799931
264.188320499,96.3991484946
265.975795512,96.5087919638
267.66536337,96.5346169402
270.080530673,96.3390353587
271.424964988,96.3903047233
273.027088458,96.3269182005
273.903423856,96.2418085799
274.745531323,96.2161728731
275.659270603,96.3177084044
275.783635853,96.3532340316
275.297533346,96.2784466715
274.329733021,95.9969148419
272.961566411,95.8620597447
270.265594183,95.7372289719
268.208215622,95.6049524159
266.146984897,95.4660964067
262.966089615,95.2479083988
260.749274301,95.1504290745
257.577586969,94.7995364575
255.319444855,94.6745062355
253.237171514,94.5518199633
249.564877165,94.5151254026
246.295311324,94.7106739213
240.453803505,94.5612660371
236.396614976,94.5067300314
232.112879862,94.465066586
226.657661876,94.3717147106
223.029437053,94.5884337927
218.299890079,94.7518784532
215.012883972,94.8911925371
212.017907105,95.085446188
207.977339599,94.9950027648
204.931403637,94.9929090487
201.157533368,94.9922895667
198.618053409,94.9993079217
196.195368093,94.9325166587
192.536226303,94.7557876898
190.237417718,94.6938392505
187.099755986,94.5916561609
185.338567545,94.514803367
183.964711483,94.4407071117
182.334633223,94.5237154803
181.577776022,94.5253068851
180.840981973,94.3799448549
180.447577623,94.3157748196
180.246062672,94.2646833091
180.104329084,94.1805472339
180.010002039,94.1757139979
179.891028012,94.0964007524
179.652424369,93.9490799852
179.459228272,93.8648311089
179.220559967,93.7817407437
179.137060818,93.7848028724
178.987334808,93.8327686551
178.647379077,94.0690705465
178.064639223,94.3591713989
177.002147589,94.695746925
176.179704961,94.9064205729
175.198145156,95.1077432759
173.485771448,95.3785231774
172.256688254,95.5131341511
170.192227417,95.7343546101
168.066247401,95.9347156858
165.982825344,96.1626612887
162.828247903,96.5456271974
160.860836982,96.807814596
157.736182168,97.0896470125
155.534247902,97.1638990226
153.374547253,97.3564770845
150.145487408,97.691193302
148.197978649,97.8326315601
145.267375183,97.9852845534
142.943146897,98.0662955913
140.04493701,97.9996062417
135.370093341,98.0062251538
131.914663781,98.0457139736
126.40215035,98.1744712772
122.476984035,98.2604121624
118.596250964,98.4508688605
112.692079451,98.5357123803
108.902722483,98.6212370993
103.374191768,98.8273221201
99.8979432527,98.8784080839
96.469659796,99.0409530296
91.4784581944,99.0874412183
88.2365815802,99.0276973966
85.0941434232,99.115844011
80.3773095711,99.2249011718
77.1919189494,99.3133277154
71.963256976,99.5395718557
68.229965428,99.6180829946
64.5416886466,99.5329295374
59.2060868291,99.5218828055
55.7251233931,99.6321965434
50.6009776769,99.7882903208
47.3093963908,99.7912635005
44.1361756585,99.7247158536
39.8557726558,99.5616105245
37.3613479247,99.4627433183
33.8065281795,99.4652635205
31.4302384076,99.7570100151
29.0393122622,100.076379315
25.3858832896,100.216099915
22.8799033113,100.293181066
19.2030793346,100.584682476
16.9195943403,100.792495117
14.784926414,100.782675341
12.0502425488,100.58805494
10.4418131995,100.655602781
8.06983818433,100.752551304
6.81600215741,100.848498422
6.05733810162,100.805636778
5.42163696516,100.786737349
5.18359456569,100.83586486
5.13232873897,100.869730875
5.28483094719,101.199366041
5.51243773688,101.291441751
6.41868184079,101.491608308
7.1974693237,101.501136233
7.94577016808,101.508069631
9.32143925474,101.685961779
10.297554221,101.771920927
12.1151142106,102.059750918
13.4366776161,102.082065831
15.1734062531,102.242890045
18.7320294974,102.656467142
22.5085409392,102.556776722
29.0793625999,102.53123559
33.9330611346,102.718148588
38.9536515006,102.941356746
46.9795215856,103.54868251
52.9303668368,103.962828701
62.5206985841,104.109286402
70.0142904259,104.193057678
77.8518881688,104.134775419
89.0903353859,103.879617753
96.5788237717,103.588047802
107.282588679,103.005528919
114.294545123,102.396818573
120.933805667,101.729646659
129.95028547,100.687889796
135.087103075,100.119071079
141.697292614,99.2069917889
145.74002291,98.7275212106
149.776439183,98.1988907345
156.303642239,97.32699112
160.180924071,97.0369448137
165.179959603,97.166585154
167.866426359,97.3107220906
170.276244687,97.1618012753
173.365643846,97.0470789595
175.112318583,97.0325080693
176.751259095,96.8470818647
178.75913989,96.6901995847
179.972547697,96.5272965793
181.563805606,96.4787216686
182.429830787,96.558602945
183.245267734,96.5436604761
184.356374469,96.5805067085
184.964037221,96.7305158817
185.673536021,97.0512269385
185.914368786,97.3750844112
185.946565865,97.5438501499
185.920941702,97.7123661317
185.792741404,97.7718446073
185.289902761,97.3225728524
184.952681307,96.9677748741
184.601543755,96.6541824447
184.040954784,96.3557661818
183.587353371,95.9836356299
182.970471858,95.5924996935
182.51002586,95.568737993
182.097195766,95.6443448363
181.572135012,95.6590092154
181.361479573,95.6796337257
181.12353607,95.6566793341
180.884051968,95.7144254774
180.654336089,95.8125826544
180.452824806,95.8284004394
180.284126394,95.8332395682
180.122775115,95.8500878202
180.030548149,95.8420400115
179.958392577,95.812083746
179.912328837,95.79936251
179.906249492,95.7750885287
179.928899783,95.7268657742
179.946290671,95.7394080293
179.942793339,95.7983815598
179.912958448,95.8845704105
179.930987986,95.9204344266
179.951937591,95.9186311407
180.001054172,95.8520779518
180.049807321,95.7742494629
180.136048384,95.6827520513
180.165283223,95.6441778859
180.194496094,95.6024803173
180.214630975,95.5792835762
180.234786947,95.6010804723
180.225021312,95.6880989725
180.211412451,95.7565983015
180.190495837,95.8322661393
180.162071798,95.9195787643
180.125744757,95.9681712814
180.060438888,96.0517473585
180.013139782,96.1154087835
179.956149408,96.18921603
179.953677128,96.2888341192
179.976362036,96.3463349475
180.012544846,96.3978865636
180.020591414,96.4131744328
180.015956475,96.4085281673
180.032285642,96.370982832
180.053435459,96.3388634537
180.092699676,96.3025696026
180.138636162,96.2886129908
180.174511025,96.2873041102
180.174616795,96.3262687909
180.126263775,96.3796455237
180.002974347,96.5125814356
179.922768677,96.5769559389
179.840916454,96.6493878516
179.71328977,96.722566484
179.632540858,96.7724005386
179.574499752,96.8330000205
179.505941242,96.8766632911
179.471499479,96.8891882503
179.431920189,96.9067499516
179.415655544,96.9020603578
179.416395731,96.8820096088
179.417042055,96.8698761313
179.438755388,96.8398039888
179.476416668,96.8132821025
179.519858846,96.7813734271
179.545187239,96.745967206
179.572094158,96.7063420236
179.58196136,96.7001064898
179.591637072,96.7049133324
179.598398663,96.698880863
179.584771053,96.7047081285
179.567536852,96.7480838905
179.526937287,96.8282082409
178.450232892,97.025824456
177.110725729,97.2430652442
175.113216564,97.447372164
170.697416957,97.9505027398
167.058032741,98.2549860728
160.922871072,98.7795174621
156.345033202,99.0865946342
151.194597658,99.3059830775
144.181128115,99.7656387282
140.117840009,100.146062726
134.828395495,100.667814855
131.667268069,100.816499429
128.808857741,101.016340825
125.286654401,101.227401543
123.360707477,101.361509174
120.881366921,101.618478683
119.67437587,101.645680981
118.858720263,101.652572052
118.671227329,101.650303754
119.294719929,101.657820174
120.916611495,101.766812591
124.95921716,102.146487207
128.964492255,102.606821482
137.195034768,103.255468362
143.763472773,103.453707283
150.866852653,103.485761185
161.887577907,103.081115108
169.388996966,102.684094322
180.282448944,101.892166304
186.684075578,100.910398902
191.98662568,100.339448723
198.929585704,99.3667894066
202.705189208,98.4703906443
207.534518265,97.4985757875
211.031066073,97.0971681755
214.748100687,96.9592709984
220.13213926,96.2993578768
223.398395249,95.7458982919
228.680403806,95.4652342921
232.070945018,95.1949748548
234.682254692,94.6585592413
237.396981519,94.551488531
239.034983959,94.5371854662
241.064035069,94.8291416629
241.684058105,94.7368421655
241.859573283,94.6796448502
241.826775959,94.7332865764
241.854722775,94.7954670618
241.878933122,94.7910975265
241.906796661,94.826314046
241.948519942,94.9011984068
241.977280086,94.8815996763
241.959738097,94.8892680792
241.880407416,94.813134417
241.820576578,94.6982059396
241.757529385,94.6566333584
241.615685096,94.6025848022
241.554593213,94.5778715724
241.476260508,94.583903806
241.276364889,94.6636027457
240.855609263,94.8209525084
239.796682685,95.122405311
238.890420171,95.2017972624
238.156203183,95.159119875
236.994077318,95.1783656201
236.172236931,95.3503052113
234.419906564,95.8464115582
233.038101144,96.1101747037
231.466569187,96.5227225527
229.349187961,96.6788972292
227.838066856,97.1120551681
224.902403832,97.8339100236
223.006240914,97.8647807828
221.496051977,97.9325976748
219.673855807,98.0371530233
218.918284045,97.9625610111
217.798091522,98.1952864908
217.289595726,98.2394780484
216.929134867,98.3188338521
216.40353908,98.5315542177
216.314205988,98.4574536311
216.056462241,98.4021959327
216.059508231,98.35602583
216.14733664,98.3103583159
216.769511931,98.2575866585
217.362517058,98.1179185154
218.015325579,97.9196009316
218.934130912,98.0018142379
219.513266252,98.0233487794
220.706892596,97.8002087628
221.793351064,97.7353690467
223.155325852,97.6891343812
225.984393162,97.558083195
228.633313721,97.4594339858
232.730855635,97.2259659586
235.437521851,97.2360402283
237.821423115,97.3492455043
240.699299344,97.6179217647
242.201257804,97.6213055314
244.232229698,97.5141656643
245.508291633,97.1945646809
246.933326488,96.7280438809
249.146820945,96.1534946778
250.690087043,95.9386774246
253.079641015,95.5865539498
254.669874897,95.3392882855
256.205079455,95.1885585593
258.371237639,95.1827226036
259.730267354,95.3477477375
261.587062233,94.836827699
262.744231988,94.5826250531
263.881073621,94.2331162177
265.677863843,93.30089814
266.945194306,92.6348766227
268.486275533,91.7473609117
269.401806393,91.2252179151
270.301442075,90.7770893308
271.583013126,90.5593041623
272.332361404,90.9043250754
273.481182956,91.8356704861
274.018938525,92.3981445981
274.344897439,92.8687681861
274.431906234,93.4679435929
274.4850812,93.7943263219
274.519071458,93.815623171
274.767539145,93.8552651307
275.127830144,93.7276088565
275.703326535,93.6361663459
276.076606932,93.3905934336
276.372448899,93.192637565
277.08116316,93.0127251293
277.167815988,93.1954851782
276.896017345,93.1306922557
276.137015721,92.8866217573
275.252945472,92.3590075795
274.378452651,91.7556586391
274.259276636,91.7473035904
274.484560958,91.9345986332
274.543475021,92.1337847265
274.343092357,92.4017919648
274.037323404,92.6154334084
273.68525973,92.8033987323
273.236583291,93.0579432105
273.148386611,93.1087197486
273.123948853,93.2672639119
273.306562755,93.5280001535
273.621200263,93.6801437706
274.157443064,93.7741444345
274.613782818,93.7013813875
275.185268749,93.6822704112
276.256588746,93.683654336
276.964707557,93.7284055557
277.64402732,93.9500065545
277.92216413,94.2418362033
278.056809785,94.5778662729
278.205891857,94.8059511842
278.288062957,95.044949552
278.399853869,95.1605110423
278.699279924,95.2377146799
279.508247783,95.2072611966
281.512932744,95.3972477494
283.931734776,95.5300523963
287.068079424,95.5672328211
292.051216062,95.4616705875
295.391834173,95.6712312327
299.952074944,96.1417318992
302.67213313,96.1424350956
304.9513289,96.0036406443
308.22094056,95.3877810367
310.36089314,94.9337242723
313.591672157,94.5588433775
315.931158838,94.5041373338
318.238563005,94.4768991663
321.886687457,94.5932393599
324.29791926,94.5273773755
328.129209415,94.3712780082
330.583129152,94.3403147108
333.378436847,94.306127327
336.982619684,94.3645655953
339.081909862,94.4084583295
341.401571395,94.0810916215
342.843529956,93.6199617541
343.851205606,93.23548798
344.763693769,92.5893344335
344.949512543,92.4406192077
344.456854005,92.2702906539
343.586797545,92.009825621
342.292897794,92.0397360373
339.552016432,92.105910709
337.737289458,92.0490198945
334.738617961,92.458123404
332.128832085,92.9035044383
329.429698427,92.8682959356
325.568718357,92.6657147281
323.016010574,92.606508747
320.645770322,92.4977610939
317.129525019,92.3506324619
314.63338895,92.3706303849
310.747868079,92.6804021003
308.155732562,92.7381672062
304.915219566,92.8941190375
300.061836774,92.9724857391
296.941264658,93.2353091625
292.467770202,93.3803230917
289.745808457,93.318866316
286.961951171,93.3836144846
283.146734173,92.9900707218
280.687992369,92.8182625831
277.117425197,92.8034452153
274.679825211,92.8980320472
272.322266962,92.993787691
269.22891597,93.232573805
267.366938032,93.3445240222
265.034038642,93.4438797066
263.721890469,93.5548743828
262.645644009,93.6997738384
261.243107189,93.9817367299
260.392533889,94.1356021801
259.248013647,94.3021571083
258.49590578,94.4874869838
257.758033164,94.7410729552
256.685627086,95.0057921578
255.994334557,95.1744077064
253.957296901,95.3382296859
251.625530038,95.5676043123
248.673481675,95.8063230492
243.077410372,95.9124847406
238.658709151,96.0330393838
231.754026728,96.0950838902
227.254135623,96.3119227382
222.894011792,96.5901340625
216.590180411,96.8590609335
212.597883807,97.1668225643
208.762952125,97.4408734472
203.925799508,98.2135488522
201.132102363,98.6224503949
197.404561019,99.2749149813
195.304344953,99.5642681671
193.180573185,99.8666990571
190.080916277,100.502049358
187.798784612,100.792873957
184.030824287,101.188152043
181.654110056,101.295749564
179.319256581,101.47417912
176.014088611,101.680898944
173.851316126,101.779814384
170.371898747,101.846661946
167.723883982,101.824736291
164.618300243,101.834443263
158.911180492,102.146598464
155.104518518,102.220618725
151.49725659,102.33587104
146.653686928,102.654494521
143.670817072,102.791027784
139.680088414,102.856598476
137.17062562,102.991877709
133.684457147,103.406908
131.630964403,103.553085279
129.764720292,103.672607724
127.318796716,103.96146196
125.70981249,104.135121179
123.266815479,104.381367265
121.728642898,104.483120895
120.120606466,104.570505076
117.767210948,104.512033727
116.197692824,104.683638012
114.787204013,104.701883873
112.410109761,104.865934555
110.864543411,104.811984151
108.218735836,104.794734922
106.574033764,104.702603766
105.130015721,104.68897151
103.195572727,104.662395295
101.982735356,104.808114393
100.256123546,105.021982043
99.1301370422,104.984682745
97.989632266,105.063664045
96.4031485261,105.157273487
95.496165824,105.255144916
94.1772075722,105.424165029
93.3245354645,105.414238879
92.4430468415,105.413883037
91.0697219051,105.534024306
90.2067385097,105.604434098
88.9678701772,105.737709699
88.2780396226,105.77936962
87.7373807578,105.907315473
87.1667806565,105.939116163
87.0183071953,106.011979646
86.5456507254,106.041909869
86.4905119114,106.013287328
86.3648749247,106.000800135
86.4813002111,105.587951925
87.1445024795,105.231088754
87.6944896249,104.669233984
87.939375819,104.372567624
88.1825598798,104.061140877
88.5235967451,103.69945855
88.7842043305,103.515784457
89.1027115636,103.320122037
89.6023651957,103.049781806
89.8996254459,102.925918106
90.3639730852,102.523371342
90.5775347146,102.382222931
90.8913490986,102.258456766
91.2482074646,102.055408888
91.5968505864,102.044076392
92.1259694211,102.0918249
92.3377958358,102.180801547
92.5552185683,102.198754296
92.7572890702,102.191626675
92.9366650382,102.263104841
93.0973053012,102.256954231
93.3001106576,102.279502544
93.551194963,102.260897106
93.7596030147,102.112855602
94.060115846,101.976260975
94.309457781,101.838779718
94.4033371341,101.690254067
94.6188376281,101.638149425
94.8806338482,101.492501094
95.004248154,101.373814641
95.0971690799,101.433311152
95.0771325172,101.436319238
94.9741931435,101.43268723
94.6993810945,101.53860679
94.5550655129,101.610717972
94.3494981619,101.796540844
94.2250447634,102.040585498
94.1717667129,102.198517379
94.0317577485,102.554090135
93.8679124703,102.688627456
93.6761043477,102.65852394
93.5625208495,102.735859194
93.4686257493,102.841917861
93.4093196299,102.970840984
93.3515005423,103.133197671
93.2985164793,103.266662648
93.2486387127,103.471518059
93.1818760753,103.616985563
93.0618284581,103.87410267
93.0100982239,104.032416435
92.9095789145,104.132972325
92.7870551032,104.301900547
92.6844528229,104.478276951
92.5418020522,104.579718442
92.4040242084,104.653960373
92.2977839287,104.716522554
92.1747188246,104.817084983
92.1421945156,104.873563471
92.1228796832,104.953243499
92.1763378114,104.992876723
92.2275032141,105.011515564
92.2960757312,105.022061239
92.3200566672,104.993569921
92.3350594381,104.957516742
92.3188921906,104.924975638
92.2858553255,104.907875409
92.2253071351,104.904915461
92.1749465112,104.929798168
92.1003990235,104.978182577
92.0354257779,105.019051165
91.9476073019,105.065159694
91.7782539907,105.110321555
91.6539079622,105.130578417
91.455705331,105.149331399
91.3299509945,105.155793302
91.1754066931,105.179525625
90.9418601073,105.229399954
90.7860352331,105.288274799
90.4883875942,105.392018587
90.2854387136,105.451627282
90.0770042554,105.426031501
89.4837302386,105.347425807
88.8741964765,105.190735745
88.1441035731,105.03659813
86.2895031238,104.765355453
84.2436903392,104.49647067
79.396550669,103.758741642
75.9513047825,102.985512945
72.4940666086,102.398709753
67.4079335681,101.748632525
64.2495151152,101.262705283
59.7005183182,101.040873275
56.884022686,100.994727748
54.432145853,100.904951588
51.0692166118,100.673074158
49.3001392641,100.544112629
46.9515033919,100.309898011
46.0389166509,100.184855332
45.7420891484,100.129953035
46.729363495,100.535342691
48.3399446423,100.70294025
52.0032832483,101.036842631
55.1688738884,101.621134382
58.7513052857,102.028597931
65.686503452,102.833515984
70.6184663216,103.391687709
78.0965772666,103.974921094
82.7887576713,104.08307381
87.2827483032,104.033068809
94.1915846349,104.004172214
98.9336234322,103.874208422
106.224076355,104.315994428
110.861731194,104.686733315
115.241822963,104.477348916
121.091740083,103.720056279
124.384400306,103.212125036
127.501213951,102.467277248
131.617922661,101.602626604
134.211677488,101.091377093
138.562392423,100.333162736
142.283664515,99.5330250472
146.442237569,98.9028312485
151.395311117,98.5355446755
154.43389067,98.1052624729
158.296316778,97.8717857499
160.454640074,97.6711180164
162.216904075,97.5568607024
164.38138559,97.3215305021
165.726140509,97.1180132672
167.588026661,97.0912498067
168.458117852,97.2181509634
169.2277807,97.3997206365
169.86707933,97.6691141611
170.196898057,97.7671358439
170.427518447,97.8219830685
170.486103441,97.8910282378
170.515898461,97.9347553127
170.609831535,97.9801643182
170.662343788,97.965296276
170.713771627,97.9122989562
170.737562288,97.8742422988
170.741160506,97.8077873739
170.723024761,97.730809776
170.665614702,97.7064865833
170.538966617,97.6991179045
170.450225177,97.669531194
170.412297006,97.6165666801
170.406040083,97.5934227993
170.377654903,97.6249393412
170.344811717,97.6355657624
170.276725984,97.6162740541
170.238803629,97.6203832324
170.226691382,97.5919705082
170.223439258,97.5576267241
170.230790409,97.5272053787
170.240603295,97.4848447071
170.28879332,97.472890484
170.39371096,97.4482936642
170.449148807,97.4573663062
170.510467704,97.4654811731
170.562020399,97.4907083624
170.563549679,97.5041696789
170.559970231,97.5307163236
170.558366997,97.5516962235
170.567995811,97.5663017258
170.582326928,97.5672366235
170.594911476,97.55417659
170.605079051,97.5945047806
170.596970471,97.6095373483
170.548257634,97.623102382
170.437343199,97.6555474227
170.376996424,97.6644749117
170.265064742,97.6713218219
170.205190527,97.6845300206
170.089819014,97.7070552009
169.825958359,97.8038229158
169.390050282,97.9698988735
168.357384338,98.1558850331
167.834519513,98.1462231893
167.320993993,98.2666835799
166.71031613,98.3587152468
166.424582074,98.4172911935
166.188085837,98.5216827112
166.040581039,98.5872813218
166.024577454,98.6091910472
166.076408551,98.6931778119
166.180732135,98.7554487543
166.246575689,98.8456376216
166.332264076,98.9400068195
166.373015627,99.0051181197
166.409950519,99.0862104916
166.455122463,99.1229248417
166.509813857,99.1382866565
166.658187067,99.1406258001
166.734431085,99.1174885615
166.847180749,99.1038143181
166.936575835,99.1021042304
166.989795714,99.1121242353
167.052108515,99.1413149519
167.061874258,99.1739009963
167.058842218,99.22268834
167.044832298,99.258018719
167.035963516,99.2850284624
167.012128178,99.3076713246
166.980267615,99.30725228
166.94731574,99.2772163657
166.94154065,99.290874336
166.945713447,99.3270488544
166.942355698,99.3754453433
166.946344945,99.4104368647
166.970032555,99.4412384509
167.027301866,99.4390326398
167.085616381,99.4134228671
167.192996912,99.3894452266
167.267632399,99.3565936249
167.371026861,99.3123507941
167.495162368,99.2651682301
167.571041393,99.2365042478
167.675838017,99.2327384356
167.725654235,99.2435729937
167.767632275,99.2720554196
167.793855886,99.3423447855
167.798113925,99.3680194072
167.800641253,99.3727445554
167.805405953,99.3545216402
167.811058971,99.332844239
167.797013614,99.3351086852
167.792214135,99.3066224838
167.769123422,99.2799232171
167.751500925,99.2654112952
167.7392866,99.265576431
167.750720441,99.2328160455
167.761725221,99.232157078
167.779252666,99.212160776
167.785574595,99.2026609166
167.802253076,99.1833331667
167.836429666,99.1474198042
167.864727666,99.1244669618
167.902771937,99.1156764728
167.918139938,99.1262993773
167.92758984,99.1365401991
167.916423434,99.1517122045
167.914761001,99.1513237828
167.927551418,99.1357394283
167.952910271,99.1340882464
167.97394763,99.1645256796
167.968758144,99.1704527776
167.958105755,99.177887733
167.957999392,99.1846642305
167.984677809,99.1805891345
168.013119881,99.1573117731
168.039259571,99.1567420311
168.047885593,99.1513229694
168.05979982,99.1467036052
168.079633452,99.1163592884
168.103716867,99.1160088482
168.130751005,99.1148646593
168.130547386,99.129492506
168.124367127,99.1597510828
168.108658026,99.2076577768
168.11118183,99.247521676
168.176436357,99.2916771847
168.238405168,99.2991800559
168.32630485,99.3194017126
168.423075164,99.3434389624
168.489153616,99.3332383463
168.58860143,99.3206195214
168.628862464,99.3067535025
168.683575786,99.2837425529
168.776550517,99.2423958859
168.840817621,99.2236018823
168.93926055,99.1835766787
168.976038923,99.1770263816
169.006807047,99.1631585012
169.049726789,99.1371356948
169.071767879,99.1244518988
169.091279922,99.1465721354
169.076028101,99.1976724332
169.043081572,99.2530987072
168.959434354,99.3766361283
168.880051894,99.4569845619
168.385945255,99.6161933718
167.333996208,99.5711952213
165.418934763,99.6938791301
160.092259793,99.8446756216
156.19003165,99.4041691104
150.424846212,99.1801998568
146.008872275,99.1748687872
141.047844611,99.1363517721
134.037809734,98.8931432485
130.433785875,98.9315438313
126.956007751,99.0505046735
123.481671183,99.0508577417
122.011454115,99.3249729691
120.420831773,99.8104632089
120.110747078,100.053779232
120.155076129,100.250378499
120.736685629,100.453108714
121.256539054,100.61187223
121.856036533,100.841607698
122.475715617,100.980308691
123.310694996,101.182667604
124.971610976,101.337126901
126.471574352,101.433419411
129.33515816,101.501398118
131.998256698,101.524521116
135.462653025,101.584719575
140.579506665,101.673598687
143.740746713,101.629921608
147.760661536,101.50136802
150.117436767,101.310785531
152.30481553,101.115780873
155.045201591,100.936450455
156.763030361,100.723952954
159.042480597,100.487913597
160.396613764,100.360500017
161.745170088,100.154117139
163.858701349,99.7801040186
165.052778399,99.663059453
166.384304914,99.5101862723
167.004590297,99.4455512869
167.454498186,99.362225653
168.073981752,99.2321633769
168.53880336,99.095523333
168.912885696,99.0623181531
169.547949524,98.8864207735
169.917981021,98.779307809
170.342345015,98.7393871695
170.511470678,98.7263096413
170.753651124,98.6563883981
170.970875746,98.6274380739
171.125487922,98.6297997252
171.283367273,98.6640455624
171.373361356,98.6727543329
171.413256892,98.6814144243
171.442722063,98.6495213156
171.339817491,98.6381378519
170.781007596,98.703034263
170.226293617,98.8094943113
169.700922939,98.8994904889
168.699704589,99.0653496199
167.871805083,99.2760901023
165.609578349,99.7127961491
162.739008263,99.9270808106
159.38949822,100.008533527
154.411013873,100.021679578
151.360108209,100.006926812
146.984029893,100.003942495
144.721418204,99.9721035339
142.656954461,100.012578903
140.228768728,100.276406712
138.94934349,100.534200209
137.618029488,100.876746757
137.245115403,101.048373281
137.338267017,101.118814462
137.72421242,101.376064805
138.21426588,101.703058536
138.490304468,102.015988351
138.61890242,102.599905132
138.50415376,103.025433056
138.289172208,103.456050696
138.07741671,103.762683246
137.911656956,103.985468133
138.015716451,104.254967382
138.412417335,104.323519381
139.472316277,104.456736537
140.452960029,104.51034836
141.768292445,104.42107938
144.29876817,104.200484198
146.843902676,103.91999625
150.57746664,103.663156965
153.005919308,103.429898592
155.512307592,103.097883895
159.105655459,102.607601168
161.526605623,102.171121396
165.221432435,101.63102795
168.083817295,101.136440201
171.103088549,100.714469258
175.162656375,100.173120047
177.674253939,99.8164737148
180.952716791,99.3317413682
182.931288979,99.0247288145
184.70275528,98.8310244251
187.232687818,98.5292455986
188.712375601,98.4662696928
190.070906993,98.4220837094
192.039315548,98.4283809738
193.248549431,98.4341874184
194.996482455,98.5300187483
196.2256545,98.5019373527
198.01527574,98.4167697789
199.381580213,98.3719641766
200.654480124,98.4882577036
202.536098588,98.5382844743
203.628435364,98.4586834548
204.992632698,98.1748015697
207.706525699,97.6833916728
209.117245621,97.5275466108
211.066318543,97.1266713476
212.247296858,96.9735486862
213.314601705,97.0218178533
214.696952692,97.1376324078
215.493738414,97.094839742
216.524328442,97.1408900239
217.047998242,97.2015008557
217.252413032,97.2977006225
217.154921221,97.2166762718
217.101304388,97.1960508907
217.268041125,96.9556716726
217.77663824,96.8468745801
218.135751419,96.8687438863
218.506307915,96.9200982299
218.797555423,96.9928419468
219.035302838,97.0987251998
219.209577403,97.0990545523
219.278621596,97.1611141662
219.217269695,97.2742920128
218.980325766,97.4301429648
217.650688668,97.8302430514
215.941848241,98.1310151213
212.950258105,98.2299142184
206.855281959,98.5087695909
202.778312961,98.4174130426
196.957533225,98.2395259621
193.487309515,98.0866521423
190.607386663,97.9392463666
186.994287517,98.0003735589
184.868318152,98.133159728
183.331448687,98.0637117147
181.318534136,98.1544458702
180.135508481,98.1409043987
178.482442695,98.0895456339
177.467598238,98.1624699297
176.601559751,98.2573596746
175.366020462,98.4430416838
174.706427676,98.5956066317
174.056063814,98.8542546752
173.740688687,98.9938942756
173.481896133,99.037372882
173.175021953,99.1223845395
172.945525024,99.1227274288
172.591625861,99.0873856461
172.332113775,99.1047445274
172.082733443,99.1526265685
171.628377425,99.2524573839
171.196945299,99.4173892285
170.59959435,99.6499115345
170.185143108,99.8274262569
169.794657888,100.038615054
169.069080235,100.374747315
168.592133229,100.579010961
167.797861945,100.806107952
167.156896354,100.966738829
166.514131843,101.124838618
165.472441863,101.348159659
164.738398517,101.49325241
163.666006424,101.592798749
162.921728435,101.573473692
162.284101635,101.547301756
161.394768382,101.429142646
160.920207549,101.306601019
160.447495187,101.226650896
160.37654187,101.196969453
160.334063502,101.184434758
160.27170396,101.285300311
160.192365354,101.420709966
160.047000883,101.572268373
159.732199537,101.846362066
159.34046878,101.952040396
158.272460708,102.071720338
156.807838321,102.134916617
153.873461231,102.043614598
149.365130783,101.985489921
146.161670881,102.058898748
141.297432728,102.243787449
138.308890299,102.220725794
135.752796086,102.339227884
132.57513328,102.512839152
130.476941733,102.550941618
127.77713295,102.760462582
126.206193218,102.901545059
124.921619222,103.072208062
123.307269258,103.383848044
122.334423088,103.55143677
121.056821895,103.685287875
120.219118853,103.68060354
119.325207401,103.765348257
117.917982465,103.870987755
116.993801055,104.018870623
115.582018894,104.117678074
114.732411321,104.09842073
113.997963212,104.16417577
113.202405842,104.38155834
112.760843311,104.535704393
112.221180729,104.796062277
111.881756646,104.882844183
111.627324847,104.975346469
111.306746795,105.132256443
110.936461066,105.219455665
110.512581891,105.280783894
109.820833359,105.266118167
109.39830101,105.222324718
108.857744483,104.974868941
108.457453977,104.861357169
108.202349391,104.639853522
107.951778559,104.34046849
107.791657252,104.216196094
107.598816461,104.105732786
107.463039766,104.103162534
107.384926682,104.109291706
107.322027003,104.132104538
107.302087466,104.175974061
107.287263691,104.212250761
107.268926618,104.221005132
107.227867513,104.240855404
106.964317562,104.056547683
106.50863936,103.8978374
106.211669861,103.739480114
106.129412398,103.736306906
106.072864473,103.748039059
106.114494767,103.819544735
106.335065193,103.888436927
106.566548908,103.91909314
106.776464445,103.952769138
107.174446679,103.945576529
108.053080599,103.961889947
108.830325979,104.009279284
110.482361524,104.153429272
111.773627287,104.351266067
113.719794616,104.539400164
117.389632567,104.874870194
120.40015732,105.088853378
123.918033561,105.368988782
129.135140649,105.684559606
132.518190637,105.855437763
137.475874692,106.300463611
140.627896479,106.415784648
143.813080824,106.37008842
148.613906559,106.088402995
151.718608512,105.839920066
156.152288337,105.124964215
159.017679944,104.693863108
161.883673811,104.263518744
166.989247855,103.41673056
169.677550762,103.221519986
172.923682801,102.738391211
174.684906731,102.366927255
176.187359236,102.058195491
178.497184856,101.49104281
179.960119925,101.237450828
181.875667656,101.017434034
182.860077222,100.836898852
183.599663797,100.702370446
184.257025884,100.554044699
184.567845446,100.500747911
184.622686471,100.590783639
184.638406366,100.580929894
184.680711422,100.549987021
184.715679129,100.545574181
184.718126441,100.543434445
184.576980918,100.583128837
184.431719918,100.640321503
184.246273013,100.667671719
184.018928109,100.716014884
183.89301265,100.774093805
183.719760814,100.936912916
183.671808723,100.982777652
183.625691146,101.073770994
183.599019318,101.148795936
183.608121447,101.183171177
183.663326893,101.198829261
184.336370193,100.996112499
185.960755302,100.641913086
186.942382629,100.504368485
190.082405326,100.245686992
192.903413521,100.083736784
197.442782917,99.798910381
201.057240606,99.2851169799
208.03684483,97.8212914752
212.304624093,97.2972838507
216.223691663,96.8984330576
221.397264732,96.6651875912
224.798641414,96.7968342823
229.498127039,97.032982571
232.441179827,96.9400688068
235.00259938,97.0263665465
238.450852223,97.2223209751
240.586727834,97.206984275
243.821936575,97.3590314012
245.268902576,97.5967264784
246.053505234,97.7781694715
246.72894929,97.991474613
247.192097552,98.114896539
247.924375217,98.1306373567
248.277427768,98.139650732
248.882873073,98.1019952303
249.703970379,98.19338505
250.221767945,98.2185614502
250.970201349,98.1799918834
251.625945972,98.2109454944
252.191273232,98.1906180884
252.706908448,98.1115736733
252.908320461,98.0654149523
253.17803649,97.9583629748
253.292957172,97.9325943774
253.360899208,97.8768284101
253.444741482,97.7949670959
253.462150109,97.7849592742
253.484428427,97.7169887836
253.493268454,97.7054612078
253.44615019,97.7421879948
253.283143666,97.874722783
253.191999662,97.9321495984
253.050123677,97.9617621341
252.572856663,98.0702026988
252.038380246,98.0983480633
251.159099769,98.2427715361
250.651040992,98.1944830559
250.088859595,98.2182244315
249.177837048,98.3632859867
248.549851339,98.311750564
247.705983609,98.2648825616
247.313633581,98.1777276151
247.018640216,98.1414380373
246.705311521,98.09920736
246.365467519,98.0880891232
245.777875366,98.0670524481
245.375784428,98.056466317
245.035938717,98.0910489615
244.590041844,98.0959465047
244.235649746,98.155969633
243.514645609,98.1542579316
242.965868648,98.26881271
242.302858609,98.1596075187
241.592017633,98.1555373347
240.898808945,98.3305809643
238.232133149,98.8308089876
236.141226058,98.7495184449
233.923694006,98.9486252867
230.018691213,99.1167454598
227.435343253,99.3627433538
224.530893105,99.699018707
220.426254871,100.111713129
217.321672434,100.305006755
213.414662077,100.046864448
211.215595923,99.9428859783
209.487868624,99.7330995444
207.400659165,99.4228945939
206.349584247,99.2971727101
204.957002694,99.2878087824
203.913231196,99.3146332503
202.967994469,99.1888523384
201.712228833,99.0251324081
200.767921204,98.9290946152
199.300902889,98.584065898
198.433177407,98.2502776229
197.607749183,98.0071761608
196.46707805,97.7644779809
195.855767379,97.6080385554
195.023506352,97.455212093
194.440087854,97.3562813188
193.786671483,97.2901450012
192.772205543,97.2031669068
192.141368706,97.1507856509
191.568621954,97.1658286469
190.778893522,97.1684095064
190.310799143,97.1368738053
189.610267218,97.2026244888
189.241018324,97.2081289053
188.729894301,97.26145499
188.420446769,97.3455228899
188.100658555,97.4190280528
187.692517981,97.4921318944
187.499490496,97.5402518839
187.319234386,97.5928132205
187.149650677,97.6448886545
187.081454891,97.6543422876
186.993225735,97.6935824786
186.966051471,97.7007475856
186.907607219,97.7139531319
186.862372707,97.7437322663
186.817795619,97.7613187841
186.770051248,97.7941034505
186.727052405,97.8392397305
186.676258651,97.9089814497
186.604234067,97.9844044459
186.570247866,98.0270912854
186.515395827,98.1286550448
186.481920122,98.2043188949
186.448048318,98.2558782408
186.403447402,98.2591383875
186.359971527,98.2740608939
186.273478992,98.2912065301
186.191387059,98.2780390945
186.12176781,98.2544505166
186.005094241,98.1958216743
185.874046385,98.1561002038
185.686119325,98.0981792097
185.471744484,98.06224634
185.171549579,97.988516785
184.503109047,97.9256469935
183.99569535,97.9596637758
182.966556563,98.0585968067
182.052031527,98.1273633142
180.932004369,98.2462781666
178.401611238,98.3857557289
176.052441344,98.5756039824
173.039976418,98.7295903513
168.016717814,99.0964329409
164.369504427,99.3991145501
158.460683808,99.7098692802
154.218872628,99.9751845256
149.150336408,100.350434731
140.676345781,100.720905087
134.685197508,101.121257371
125.007179621,101.801282646
118.052763049,102.252387391
111.194462786,102.676668849
100.883746699,103.008449435
94.2975796125,103.350850248
85.0958112002,103.713676112
79.6138192431,103.908588155
74.6340545333,103.693568752
67.0392511735,103.565292327
62.5049350679,103.605388216
56.4182146592,103.706451628
52.7726820603,103.820198523
49.5139702186,103.879640023
45.8166191947,103.885207075
43.6244183996,104.04590728
40.5580416865,104.108161968
38.4105863712,104.009374202
36.4626286549,103.999084096
33.5753540096,103.633848894
31.751689094,103.529481131
29.6813467486,103.181718278
28.3218718861,102.933035377
27.2425396988,102.831603925
25.5899607263,102.151877401
24.4252907245,101.90686349
23.1993799014,101.563035466
22.2170702059,101.315893577
21.0483758208,101.332817783
19.5855856125,100.989983643
18.9031614157,100.772524938
18.6348170237,100.838999207
18.5883399496,100.881495998
18.5106305295,100.954628455
18.3824326398,100.969548889
18.3373060822,100.984588078
18.4717471756,100.916581585
19.3077395342,100.874619387
19.8993589698,100.947586275
21.1331545104,100.951769085
22.1002277255,101.105486689
23.1062991707,101.143488496
25.1718043033,101.146272529
27.1004762643,101.312622932
31.1507747709,101.614007384
35.179925469,101.630933592
