179.002003287,93.6558273716
178.961340783,94.2073131024
178.992031393,94.3002688474
179.012112633,94.357876551
179.004880085,94.2910497429
178.99383835,94.1683938166
179.011462516,94.0733070362
179.084290636,93.9988886422
179.132588097,94.0141289311
179.139639386,94.1906282257
179.105122419,94.3365418349
179.086802317,94.4746328361
179.012112245,94.7148409091
178.974672114,94.8455446609
178.890807435,94.9765207539
178.834820357,95.0432148748
178.767656795,95.1021901102
178.709512881,95.2501811818
178.70739552,95.3747809734
178.669151924,95.569162898
178.542022707,95.9486709871
178.481187289,96.2539492034
178.381615978,96.6215269255
178.334677493,96.8200311032
178.307153482,96.9862328797
178.284618983,97.1808654659
178.31169554,97.2932165556
178.345798662,97.404958474
178.383291233,97.4530836335
178.403036489,97.4902492886
178.358755581,97.5723143541
178.328609943,97.603913678
178.310538868,97.6476258179
178.307003671,97.6615617
178.304881724,97.6578618562
178.291674799,97.6728289822
178.285148157,97.6872554285
178.293239085,97.7316882802
178.286657514,97.7477374261
178.277904116,97.747757122
178.260255562,97.744315335
178.250767566,97.7350760649
178.251086268,97.7351332969
178.272155756,97.727630105
178.294459676,97.726793661
178.319142683,97.7375493176
178.335170582,97.7424821665
178.348922948,97.7506621142
178.362364384,97.7548905837
178.37580185,97.7697578816
178.39231882,97.7920845639
178.400819555,97.8174401543
178.402003659,97.8419771531
178.4057619,97.873396951
178.420309184,97.9156783108
178.417132254,97.9964844097
178.382636481,98.1346143349
178.107513064,98.5863503876
177.701062428,99.1015335657
177.423240537,99.4592903832
177.402735643,99.4370586028
177.389027399,99.5119959115
177.375739089,100.171539073
177.398021412,100.901540834
177.40134954,101.824242794
177.174662036,103.699680783
176.93603673,104.500081089
175.860104095,105.401345826
174.480092716,105.913695412
173.064092275,105.942766983
170.457824612,106.251566833
168.741704555,106.180912907
165.866756997,106.460337637
163.724402444,106.640995086
161.651949007,106.76803894
158.063331715,107.082725355
155.137657757,107.423361731
151.418248221,107.777405055
145.351677058,107.498786471
141.157680047,107.679639654
135.733345543,108.253199126
133.38039431,108.663401817
132.278741222,108.437934685
132.821757264,108.637036031
134.563689951,108.526158417
138.196609807,108.486275173
140.165124059,108.29018179
141.969982719,108.316238463
145.476429127,108.458848735
148.577264511,108.37509305
154.906316207,108.000186782
160.712755315,107.112720591
169.503508099,105.21794482
174.732729743,104.271090956
178.971432862,103.62878185
183.875345632,103.033960391
185.656441938,103.04548997
186.74827107,103.527864918
186.866665071,103.705009082
186.634305716,104.18063558
185.894319902,105.177029348
185.400549307,105.208436054
184.628334517,105.108982332
184.147401698,105.25975301
183.632877516,105.467351696
182.908799737,105.420337498
182.518374242,105.404765651
182.254416857,105.16406429
182.168435325,104.791221829
182.365122251,104.240302177
182.611812234,103.516123786
182.791225752,103.101307553
182.871207777,103.250135509
183.289471522,103.298224862
183.47260244,103.299298794
183.583990059,103.715179844
183.536836088,103.875619438
183.445528946,103.923136052
183.281130313,103.853229065
183.054872976,103.675279637
182.697613385,103.583753454
182.346657393,103.474322535
181.988446865,103.367553833
181.445363178,103.192766902
181.082730817,103.125573263
180.408822958,103.20365934
179.947520984,103.220707036
179.387252465,103.218016596
178.464153677,103.444628381
177.84740417,103.515159379
177.068686597,103.50488455
176.535952203,103.6448464
176.006908029,103.675288985
175.162241603,103.656014439
174.551149962,103.730973737
173.652494497,103.791953676
173.066512053,103.807792088
172.459714023,103.879850831
171.573172913,103.96424054
170.914675136,104.042587733
169.863425395,104.231271499
169.146036066,104.224931535
168.402064051,104.369354152
167.306103491,104.43199039
166.71984024,104.119269863
165.574797697,104.223394217
164.658904528,103.984329794
163.610304854,103.846435943
161.987711714,104.168102048
160.953185383,104.239083542
159.340959991,104.614939072
158.118197001,104.924872897
156.829064574,105.308704245
154.944437217,105.773395069
153.966784442,105.55913804
152.416736253,105.724190003
151.4476331,105.542739322
150.536613675,105.345895614
149.215454277,105.261840231
148.51088241,105.094180983
147.594062804,104.965198883
146.992552969,104.861246864
146.237069243,104.682969749
144.838112706,104.769760009
143.604861768,105.037539346
141.646463082,105.242367134
140.078386797,105.356790163
138.118544382,105.380060373
134.955670443,105.202397883
133.013623925,104.947256229
130.764332317,104.785584369
129.482906293,104.463242528
128.025040578,103.948063009
124.37058507,103.045622031
121.045919126,102.248380985
115.133242072,100.692480101
110.648473504,99.2415848554
106.171273941,97.6266941022
99.3981280224,95.163728733
95.4731230165,93.8344635137
91.6316892983,93.1794774587
90.729852973,93.2880467893
90.883158499,93.6630205393
91.4925379572,94.377103098
92.2315687639,95.2609329314
94.7809445232,96.1732443759
98.2559049131,96.7781273624
104.191692886,97.9006222517
116.986599743,99.7818755629
127.46922071,100.780932073
139.370796611,101.561852097
158.571483437,102.223174485
171.034687152,102.675901709
186.961738209,102.677097181
194.300019034,102.36136674
198.7367686,102.380387376
201.789513856,102.394048541
202.349186075,102.041835011
202.772279382,101.207597237
203.480120767,100.846778336
204.453280304,100.755573781
207.075178727,100.079620689
209.282339212,99.8987673213
212.349305048,99.9941974298
214.172677293,100.00741597
215.846093147,99.8752991517
218.20825509,99.6696261294
219.741297136,99.3524318475
222.327219043,98.9651924205
224.299476789,98.7846028837
226.545957412,98.5888903952
230.791499546,98.2468812174
233.930696326,98.2920626588
237.326048762,98.3461108303
242.368328183,98.5997278144
245.7941964,98.8326758804
250.65701735,99.2026893065
253.814446881,99.3014589225
258.626344862,99.3331834745
261.88253421,99.4731012605
265.083237717,99.6775765492
269.151844314,100.165677912
271.057201249,100.480002794
272.669843987,100.636539507
272.807457377,100.577564782
272.349812001,100.312834311
271.229256557,99.5710332652
270.693043069,99.2875397201
270.33450464,99.1679627071
270.290107146,99.2094275527
270.08134562,99.3049644085
268.487031262,99.3373136957
265.477967489,98.9333564544
256.619381784,97.4714751667
248.031976111,96.0043266971
237.488411935,94.5924748172
219.419248989,93.0968290953
207.106159123,92.6495166044
189.755498803,92.6846817209
181.24588096,93.1309377933
176.054059096,94.3482864135
172.575662303,96.256401568
172.77876636,97.1454065655
173.38379643,97.6322579215
173.848889712,98.5245187068
173.719768515,98.6992529952
173.123871728,98.0280288049
172.333538242,97.3022158168
171.723535747,96.7727368971
170.863138908,96.5623206563
170.401613187,96.7286063317
169.565840155,97.3358913244
169.152467876,97.8825976416
168.717479099,98.5354702991
168.564363173,98.6340671156
168.536474962,98.5650347963
168.502867058,98.5141809552
168.59512646,98.427890161
168.810761398,98.3423793431
169.267389912,98.283414688
169.577393244,98.3655671613
170.041287883,98.7342141708
170.252906327,99.0539665154
170.513524497,99.30439435
170.554581643,99.5179367058
170.550124118,99.7067017416
170.525596616,99.7827887938
170.505741555,99.7927134041
170.517901672,99.7696874878
170.644462097,99.7166151222
170.817514903,99.7077507947
171.134261627,99.7428108348
171.370393721,99.7865362602
171.577059296,99.8227793834
171.819863969,99.9148493398
171.871128728,99.9811566532
171.849793111,100.07201488
171.744559072,100.107961201
171.557484122,100.122181611
171.080227916,100.144248883
170.654326069,100.182767004
169.942840287,100.268872795
169.428624228,100.282574801
168.874944515,100.302228583
168.103608838,100.328623821
167.51959029,100.319062865
166.498564915,100.221259637
165.71421408,100.133752945
164.859466545,100.004369741
163.634687993,99.7646912743
162.991298322,99.6726345366
162.189999108,99.6594734924
161.833210112,99.7001970972
161.575380372,99.7231044871
161.434482423,99.6121485202
161.396898936,99.402859966
161.671883304,98.8927217038
161.981738741,98.6363537963
162.38325134,98.6174035414
162.843889879,98.9227700583
163.085778994,99.2822398578
163.209923626,99.9910973607
163.160008829,100.314201066
163.023443716,100.563915388
162.561286666,100.778861921
162.167307657,100.863161337
161.409072912,100.963289228
161.008543047,100.96765987
160.877012123,100.84588976
161.067168203,100.687036218
161.266017371,100.628713252
161.805158214,100.612530453
161.96099987,100.7279606
161.985455545,100.935192781
161.348446276,101.380131106
158.873398165,101.224886147
149.756347068,100.053566741
139.808828013,98.930022728
129.49509991,98.1186663497
115.935491225,96.7710315519
108.210518835,96.2303687041
99.781969755,95.7884565743
96.5691511578,96.0180620578
95.0777288184,96.6694714183
94.3661118868,97.5374480548
94.3358439755,98.0614657217
94.2780520598,98.2177659964
94.2381863382,98.2396392687
94.2514304284,98.1742683571
94.8706955474,98.0242922128
95.4425776097,97.9383545568
96.0441962011,97.9424135107
97.1764019712,98.0761571118
98.186720771,98.2827030925
101.653455057,98.9205112969
105.39659119,99.797368009
110.204359936,100.708372912
119.275491087,101.835515874
125.880733731,102.459034884
136.74153095,103.017283044
144.343084329,103.154747573
156.578186371,102.979614802
165.212769958,102.632365873
173.315956298,102.471222206
183.396286415,102.312476352
188.435997729,102.189237956
193.385754718,101.5663232
195.176518963,101.091699
196.45242467,100.396252916
198.65418459,99.6600303211
200.207054816,99.4520142768
201.857695532,99.1346124489
202.192225149,99.1018365836
201.925177683,98.9520411264
200.643623379,98.2523284354
199.463191867,97.7751838962
197.159247259,97.2192387996
195.435353158,97.1164663641
193.772278453,97.1267034094
191.461035608,97.0400690034
190.282109863,97.2996612928
189.516322274,97.6032963087
189.430357144,97.7912836588
190.271458459,97.8403426356
192.421833174,97.9316646887
194.1316168,98.0777399205
195.772027857,98.1685669398
197.70436415,97.8087704677
198.430284115,97.2251514815
198.876354912,96.29048637
198.9392208,95.7185843705
198.88320486,95.3158172522
198.803938656,94.7216355166
198.945149908,94.6388574177
199.705329025,94.4082097325
200.950245296,94.6005247535
202.999616095,95.1678550727
207.339977154,95.9041514331
211.480399382,96.3498130219
218.770627328,97.104475852
224.060608027,97.4122794673
229.531451564,97.6301170762
238.250949583,97.3992735186
244.109191498,96.97030353
253.173484671,96.2218279113
258.367410901,95.9130890594
262.666519069,95.7397996566
267.792505456,95.356917023
270.447650267,95.1871331354
274.378061872,94.7984036954
277.175794502,94.7723729154
280.4520042,94.5681440372
288.116441326,94.1358919667
294.175589623,94.0211047291
303.895447202,93.3727273357
309.725978334,93.4164765187
314.252433983,93.6950584256
319.358766161,93.8752585186
321.84533573,94.0810061716
324.300327236,94.2922583639
328.354080526,94.7280516575
330.762165374,94.8463616592
333.295321492,94.3719635735
334.34702707,93.8734910342
335.772374681,93.7215445432
336.722583743,94.1114189823
337.710514172,94.5147992415
339.067603618,95.0316940667
340.143286526,95.1364951883
342.347076135,95.1977926534
344.030063435,95.1619327987
345.845169486,94.9850598598
348.442719263,95.2648995616
350.029055931,95.517552525
351.918075203,95.8861936187
352.657845583,95.8996795866
352.813809137,95.8117809153
352.271710171,95.2731621205
351.439853719,94.8150726138
350.520363629,94.5006169604
348.00448382,94.1819090716
344.91817025,93.8067514703
338.121694039,92.7333905568
331.3700382,91.1728023507
322.277825676,89.0785980534
305.049289143,86.8874733433
292.056338244,86.1425238794
271.612681678,86.0364206806
258.193787146,86.4458036552
240.381441504,86.8435644578
231.179842614,87.4588382813
222.917843282,88.4654075533
212.909126103,89.979527428
207.431202229,90.8604761351
202.848165845,91.7286227572
197.027593847,92.8909479179
193.604657918,93.3960157778
188.707324499,94.1664759102
185.703180294,94.61935746
182.850749927,94.8241229515
178.84983804,94.950589424
176.469201386,94.8315444252
173.588138592,94.7431454057
172.036194321,94.9863542689
170.890726238,95.3682926818
169.846284777,96.1281396024
169.550265265,96.5171384235
169.653445063,97.1902542576
169.934635472,97.804870654
170.341621202,98.453625873
170.838500903,99.7087932422
170.896715702,100.430035996
170.808019787,101.048515611
170.401050894,101.270820696
169.953600594,101.240300848
169.246427629,101.256981451
168.608327443,101.46367295
168.38095084,101.797566044
168.483812175,101.899651537
168.627033264,101.973306523
169.160168473,101.56380165
169.382905023,101.119973127
169.743169413,100.268607701
170.146988296,99.7919478896
170.537090679,99.5313822479
170.931099242,99.4287600945
171.100325482,99.4847378344
171.098019747,99.6147612766
171.106274445,99.6583333349
171.137713994,99.7273559257
171.145078744,99.7757960384
171.223813271,99.700410971
171.300617092,99.5100835405
171.3286375,99.2994248967
171.415747232,99.0354288859
171.556880884,98.7318297433
171.75451561,98.5596234098
172.131527202,98.4376940098
172.426665634,98.4052826193
172.646784421,98.3920062288
173.009722128,98.4592907642
173.205909716,98.5025150875
173.470511197,98.5019904088
173.646291854,98.4590315847
173.860505347,98.4289280741
174.117624547,98.2871871136
174.279519122,98.1312867575
174.572058743,97.830803014
174.830088408,97.4023308297
175.192167446,97.0171224648
175.662360755,96.6283149909
175.844957646,96.5092061238
175.945628866,96.4734093538
175.984355835,96.4712893569
175.970812619,96.5089345041
175.886428734,96.5649784574
175.863983344,96.5856422444
175.98202658,96.5869292371
176.087672559,96.5655854126
176.16137158,96.5277998088
176.243869233,96.4968301013
176.268869391,96.5011984647
176.332436503,96.527298078
176.463098852,96.5986124682
176.633717775,96.7285016201
177.019380129,96.9120201692
177.542228889,97.0785018357
178.208265398,97.1770636437
179.766241448,97.4358249343
181.142612641,97.7029094564
183.591401914,98.073009175
185.215475226,98.3623652423
186.873583548,98.6078476802
189.48178079,99.0401551541
191.235224103,99.3452623506
194.08064132,99.6782534784
196.234129591,100.009541183
199.568575586,100.446908138
201.853361479,100.592020856
204.03855689,100.768811545
207.13657602,100.784299521
209.152984248,100.750912336
211.05759256,100.717275241
213.431066624,100.624792788
214.753729673,100.526487583
216.423957988,100.506913144
217.46408535,100.452342859
219.276742781,100.402238473
220.420677902,100.430124746
221.54164946,100.452406621
222.819930359,100.297229963
223.603900438,99.9792062501
224.582129536,99.6984159275
226.448461865,99.2900921991
228.290621904,99.0603216489
231.817883609,98.8415923692
234.638111864,98.7768722244
237.604495701,98.703895524
241.553512853,98.7489641962
243.370504005,98.7261738843
245.159999463,98.2339343581
245.956002309,97.8501548178
246.81980559,97.4879663698
248.78755503,97.0625925428
250.366742422,96.9552647183
252.51343629,96.8146313783
253.459508406,96.7004994563
254.147620473,96.9367704602
254.903371443,97.6675678453
255.541407363,98.0949793963
256.954248422,98.6547846949
258.004383569,99.0759319676
259.238009225,99.3736455265
261.1625649,99.6129020105
262.495162496,99.4911471859
264.553726481,99.2522522677
266.02341902,99.1036325842
267.471884079,98.9801832466
269.649758203,98.880956923
271.032257039,99.063323448
272.808550955,99.2161480345
273.800802445,99.2652922293
274.638039254,99.3267891403
275.797403922,99.2966385355
276.605775378,99.19301902
277.77906748,98.9201980393
278.500946131,98.7916424859
279.188884328,98.6928029541
280.143316054,98.7399653627
280.65167748,98.8041963199
281.442739975,99.0915971064
281.869563888,99.3354455827
282.313733813,99.5749003524
282.643582013,100.145186779
282.575718624,100.223276645
282.306132957,100.60997823
281.817529564,100.858046179
281.252789107,101.071453407
280.321534463,101.474673225
279.486102252,101.688876146
278.028424914,101.852195418
277.065187621,101.870999469
276.238480847,101.817456608
275.282603446,101.73838894
274.813043566,101.776890278
274.503158908,101.830389843
274.186201814,101.928409349
273.787327615,102.06447739
273.332500642,102.327967592
272.965831223,102.455135269
272.526986149,102.676158803
272.245506986,102.75795826
272.033014038,102.750362392
271.891501469,102.630911397
271.84263682,102.580446277
271.809778906,102.447542853
271.868202255,102.350205811
271.970725919,102.27381455
272.166776022,102.110497923
272.244473328,102.005965399
272.265829333,101.881941417
272.163779168,101.81497593
271.900557674,101.800735187
271.420200529,101.772398156
271.14809806,101.825527413
270.912239002,101.919215274
270.842721179,101.989074114
270.786326839,102.091642949
270.69578102,102.3359638
270.663144767,102.509226979
270.550915941,102.762921044
270.462622971,102.906830306
270.357753082,103.001606484
270.213950383,103.103000077
270.140118935,103.141893786
270.072414091,103.156559745
269.9782785,103.199677062
269.957177843,103.209903076
269.958659679,103.207379421
269.968922076,103.192764924
269.98520727,103.179644839
270.015267656,103.186049925
270.013926408,103.201280081
269.85982776,103.283245729
269.551235406,103.340644744
269.309979028,103.377032024
269.083805839,103.367750203
269.054397906,103.357844317
269.127182228,103.344214938
269.270656937,103.310972818
269.374201289,103.276959838
269.470815537,103.222453446
269.477805807,103.173999327
269.452130616,103.098591962
269.461052674,103.059187141
269.462534937,103.041959431
269.480938465,103.033583533
269.487474946,103.061984936
269.431772272,103.085621469
269.360492696,103.117251801
269.268611224,103.153998512
269.163332258,103.187779763
269.099539361,103.171303135
269.010733434,103.096496178
268.980502322,103.080486028
268.939762281,103.064107138
268.860385494,103.038222794
268.73927146,103.047108971
267.984349384,103.059876712
267.195323216,103.057486921
265.840983585,103.039744384
262.845849565,102.771721128
260.086576614,102.485306285
254.946704607,101.889534686
250.811950703,101.633371451
246.351679977,101.583240639
239.39817758,101.657537753
234.68599892,101.78258989
227.750484337,102.03893966
223.304360221,101.894375902
219.107484267,101.587823464
213.662669926,100.964082163
210.542801701,100.462250934
206.224212334,99.7011566911
203.507643669,99.1262195795
200.888991449,98.6469880639
197.195588714,98.0225081689
194.873046451,97.6098844833
191.356968946,97.0888669928
189.044090815,96.9093060072
186.668048023,96.7947174
183.139750371,96.829338869
180.833893487,96.8392489062
177.490295388,96.8939339957
175.301961477,96.9126949322
173.235951005,96.941494661
170.123588545,96.9584042181
168.030056615,96.914976661
165.890297134,96.950610339
162.655078058,97.3546732718
160.515001191,97.5627690266
157.293076238,98.0147810771
155.126823139,98.2422592209
152.033627482,98.459620041
150.114655879,98.5089199039
148.39153753,98.28738404
146.233974366,97.84693421
145.002819808,97.3218363368
143.189242192,96.4443326308
141.728626663,95.9543539857
139.535461367,95.6702162406
134.10601793,95.1755941454
129.380466612,95.0200044195
122.824124478,95.0004872787
119.267549791,95.0906568929
116.39520437,95.4403016139
112.913403651,96.2184859583
110.88580421,96.9912041849
108.853409239,97.6413084636
105.838406587,98.309600231
103.883216188,98.3365389091
101.155208817,98.1246326956
99.5062034476,97.8334653943
97.2516841186,97.4724534945
95.8529132373,97.3052605708
94.4160411966,97.1668704417
92.2202722845,97.0253656857
90.8112177223,96.9494184379
89.4138831792,96.7944976092
87.265432799,96.6157803749
85.8258666288,96.401708633
83.5387208038,96.0636306041
81.9186628469,95.8589443811
80.342102869,95.6958536995
78.0300555596,95.5793653838
76.5468778784,95.6412178642
74.6076554903,95.7107603082
73.4668876738,95.7866532648
71.9852107764,95.9981446386
71.0200212741,96.1703217809
70.0105674711,96.4087675197
68.5377214542,96.6085228407
67.5118458173,96.8455183282
66.5989192012,97.0083209531
65.4118281244,97.1945757898
64.825366915,97.3358135865
64.4216487792,97.6105404213
64.3973877551,97.7876209671
64.562143092,97.945587167
65.2543049576,98.2514354612
66.0126678713,98.3658499559
67.5564711009,98.5967571392
68.7812252822,98.6973653628
70.1503700732,98.8851986857
72.457851302,98.9748517435
74.1363486867,98.8922441873
76.595265498,99.3678745453
78.1026394769,99.9994391516
79.4209090128,100.589754929
80.9922680167,101.282018168
81.8392829833,101.550044432
82.9264409759,101.617169744
83.6226418042,101.64542177
84.3376206614,101.49113085
85.3503553067,101.242338023
85.9130861037,100.983631518
86.7461335928,100.728616892
87.2372851993,100.559880883
87.7268883381,100.431057491
88.1847990842,100.35582208
88.2280045035,100.420571296
88.2270923885,100.51276749
88.0926555086,100.634445828
87.8220757842,100.719367234
87.2455905967,100.689180001
86.800542866,100.630950005
86.1496391905,100.563142867
85.8426351823,100.500790664
85.6102869606,100.502514462
85.4192579713,100.496681509
85.3346710495,100.503500861
85.2695922193,100.521415488
85.195223165,100.587008021
85.1587853754,100.625532706
85.0915031799,100.670698767
85.0571829839,100.669046471
85.0552961892,100.610414815
85.0671967071,100.561233616
85.076079026,100.528320526
85.0744324083,100.489546251
85.0607273443,100.492123158
85.0469171696,100.513276553
85.0358320818,100.519843558
85.0333984997,100.532910114
85.0925797441,100.569712269
85.155755613,100.621675773
85.2226698464,100.676019111
85.2491234276,100.805211553
85.1890271598,100.868222358
84.8456128743,100.858247939
84.4542706504,100.812456781
83.5709336478,100.647228475
82.9811991906,100.558496501
82.3685277455,100.492967486
81.5175053426,100.427495527
81.0271836671,100.404912041
80.6110779437,100.407516671
80.1584606716,100.546662849
79.9503353923,100.624715066
79.7655721767,100.701627588
79.6075247723,100.742156779
79.4505257558,100.694618019
79.0039621082,100.587691194
78.6693883203,100.525522057
78.2653452143,100.488837466
78.0940332807,100.536521275
77.9834679024,100.585853936
77.9547215997,100.755621928
78.0200857525,100.8792011
78.1101341739,101.040971716
78.0941217872,101.164705018
78.0565052212,101.22524664
77.9850938959,101.290118365
77.9564817151,101.314425839
78.065318631,101.343680518
78.29636431,101.35751929
78.6896664243,101.314005544
79.6248190759,101.419791351
80.2670904547,101.54852216
81.1943062887,101.724971224
81.7414036492,101.817592135
82.1937811728,101.839643219
82.5189680694,101.895242627
82.5556748713,101.875697162
82.5523620522,101.789819992
82.471807039,101.733525324
82.3672938844,101.680265946
82.2642718363,101.658810379
82.2620594343,101.657444436
82.3337480087,101.706435301
82.3862158602,101.76715675
82.4336199268,101.819846685
82.4738208642,101.896511358
82.5062500324,101.933330137
82.6012540311,101.960581083
82.8199537725,101.971315541
83.287587244,102.008722419
84.1330651034,102.127767209
84.7498731543,102.22093468
85.6608883471,102.402377277
86.2365426518,102.48939642
86.7650371699,102.533010991
87.3021547315,102.625019198
87.5244986993,102.6068706
87.7986221344,102.553452157
87.9599231844,102.506084183
88.0979612106,102.45969284
88.2494754397,102.362983485
88.3516116921,102.309441729
88.5041166402,102.292408944
88.5914551202,102.295109948
88.7139161153,102.307040255
88.9550635489,102.216807479
89.1777225725,102.109954674
89.574439576,101.966677338
90.1118789313,101.954068773
90.6758173704,102.012591855
92.31980337,102.133349469
94.6834111272,102.201905283
100.431771903,102.563951863
105.571237848,102.683190479
111.176982755,102.818500499
120.13397914,102.571616065
126.230615147,102.365272603
135.200900466,102.408993382
141.006731624,102.50569854
146.530060726,102.67247202
153.839625488,102.870938638
157.94196312,102.876189779
163.009998732,102.649259043
165.936685164,102.286591135
168.641434554,101.930829535
172.239896727,101.49328068
174.675097582,101.146021829
178.383189763,100.9251903
180.761494732,100.801434548
182.985053398,100.720406818
186.011807259,100.407373254
187.746551352,100.172137289
189.812524759,99.891526706
190.843743882,99.8307406196
191.58054402,99.891141671
192.091532329,100.110847364
192.113748778,100.203468088
192.070322725,100.184542847
191.876824731,100.060869852
191.549652518,99.8838817418
190.874027557,99.8534535195
190.271304934,99.9505301504
189.588537083,100.047297235
188.390240714,100.397476702
187.588724149,100.533890341
186.441839102,100.667950176
185.746564058,100.799948195
185.20408776,100.937546632
184.536318806,101.139566031
184.177106033,101.216685394
183.601017533,101.344127733
183.157087477,101.406736775
182.746384582,101.424472859
182.036231832,101.484629076
181.570893091,101.487453212
180.849780832,101.471933458
180.383258426,101.426940157
180.075648555,101.241866331
179.712667183,101.123045244
179.351745098,101.086485094
178.77393782,101.110467843
178.330240747,101.08414207
177.950097949,101.077766126
177.618136512,101.097461273
177.507503217,101.05553195
177.375859087,101.073947632
177.31347866,101.085565108
177.276730722,101.081854205
177.291271843,101.135407918
177.305382143,101.198884494
177.294996608,101.276318773
177.271150345,101.300624787
177.248601332,101.324964834
177.198110826,101.37150712
177.17240411,101.403909161
177.106438648,101.504456625
177.052277892,101.556435549
176.98652432,101.60428235
176.850999255,101.635983573
176.725029757,101.626203796
176.538363929,101.602747722
176.412921696,101.562788989
176.298429059,101.521160837
176.077262294,101.465686402
175.90666532,101.456186969
175.652713689,101.43993605
175.504424845,101.432969571
175.322128467,101.45376206
175.022011366,101.47212965
174.854753487,101.491166642
174.714410803,101.483518395
174.540448758,101.425310272
174.425517448,101.367847366
174.31820923,101.275735634
174.25050886,101.22036695
174.233588763,101.128373695
174.336822141,101.077157739
174.494339343,101.05408388
174.76735316,101.017036848
174.911742317,101.004757371
175.027661589,100.992954495
175.193679962,100.973254698
175.263863469,100.985198162
175.338236103,101.025848791
175.340536369,101.086993681
175.186239131,101.165131566
174.961455492,101.168323826
174.654171783,101.140233261
174.15789815,101.071136294
173.783801484,100.965191653
173.221777801,100.83860583
172.822804859,100.711441041
172.412343439,100.574412885
171.990025879,100.474204144
171.732231873,100.476889811
171.467792063,100.531058326
171.343488932,100.563375591
171.186038997,100.616641817
171.018804124,100.674832509
170.932864683,100.688552233
170.79199059,100.67828441
170.70856779,100.642486044
170.651186646,100.600061471
170.543395542,100.551473503
170.477274406,100.53482132
170.395434225,100.504438781
170.286461038,100.454378727
170.22105761,100.405228468
170.138753096,100.341205058
170.13498966,100.32839668
170.167317429,100.32750408
170.269865347,100.336474121
170.322927874,100.355847638
170.38069826,100.3841735
170.463031209,100.428563427
170.531096908,100.452719645
170.693551406,100.516920098
170.778910484,100.543589643
170.911887737,100.585902511
171.006703478,100.597953071
171.078333333,100.601971249
171.183487565,100.61377148
171.247978878,100.620632206
171.381674096,100.602442308
171.514933959,100.591943505
171.695454125,100.58503869
171.978513462,100.619574782
172.23413777,100.63953667
172.631252196,100.723046582
172.876776719,100.748346662
173.121969734,100.774344054
173.386027471,100.777292868
173.53798947,100.751819154
173.748178981,100.784828627
173.907109854,100.821755474
174.076461326,100.863670148
174.324304754,100.926299098
174.474517877,100.964894578
174.758745952,100.990764644
174.958094289,101.022774957
175.116178756,101.021361906
175.393378205,101.006943097
175.544322789,100.994049223
175.751632156,100.984666179
175.904827701,100.982244291
176.027874509,100.982818437
176.196185519,100.995418215
176.335338159,101.003306662
176.525465419,100.994476476
176.628869763,101.007196878
176.739871458,101.024184654
176.882732344,101.0281639
176.943837751,101.033547758
177.014573462,101.034457499
177.048280107,101.041788272
177.055925581,101.047169835
177.05273279,101.052377921
177.039124836,101.074803081
177.002267162,101.119983304
176.957903571,101.160418929
176.919929883,101.180552821
176.84538802,101.181557234
176.777615378,101.171801544
176.715691085,101.152867122
176.618658821,101.132793748
176.576800921,101.132479232
176.51668504,101.138223754
176.496150587,101.141852775
176.467775976,101.140942274
176.448659539,101.132684738
176.443465781,101.115207274
176.439447081,101.083153307
176.429663674,101.070688253
176.406653977,101.057732673
176.391040385,101.059049011
176.363446451,101.091018377
176.346321957,101.128267157
176.307606463,101.17445361
176.252826181,101.232770681
176.224216255,101.254043069
176.182967538,101.281621786
176.133174949,101.292601792
176.105355854,101.283572274
176.096610706,101.282224282
176.120920651,101.308021961
176.156747974,101.331604517
176.156007694,101.343297637
176.121521015,101.331538667
176.058761526,101.30666971
175.987298886,101.28459461
175.963860463,101.275747759
175.984588997,101.281613427
176.032885195,101.309678845
176.076254852,101.334660569
176.097543743,101.381824314
176.072600336,101.423847483
176.006156483,101.46621344
175.977092584,101.48140518
175.966347067,101.490173397
175.979416399,101.453419685
175.994931796,101.426857892
175.985724334,101.381661541
175.961373134,101.386841288
175.941720802,101.410446756
175.904110964,101.436997881
175.876971291,101.454058435
175.836282724,101.472173487
175.814606179,101.475440485
175.789647183,101.477081573
175.737765055,101.476563162
175.70390614,101.472173043
175.646598677,101.469781642
175.610943319,101.476420827
175.573001007,101.495554604
175.506884676,101.514467854
175.452290515,101.532828543
175.382093202,101.56066412
175.347424214,101.564785361
175.314269914,101.573351816
175.276098583,101.604517426
175.232712939,101.62093429
175.143318417,101.629902707
175.058423318,101.629032054
174.972324911,101.61794278
174.874167133,101.61935387
174.826632316,101.619430986
174.757353809,101.666004477
174.72160774,101.687924921
174.692078432,101.72381368
174.354055146,101.738899957
173.777674101,101.706198018
172.738521716,101.620888992
171.718792419,101.577356593
170.341499617,101.478656507
166.939236129,101.252754818
163.793468332,101.010423141
156.718349839,100.232178808
150.778582095,99.5288187535
144.509680095,98.7811909152
135.735320948,97.6856537943
130.334071478,97.0209312893
123.403355701,96.4029906863
119.53928176,96.2100191324
116.424240484,96.2836246015
113.335536778,96.4235964516
112.101039504,96.805794397
111.164067714,97.6906001601
110.759066856,98.3723371139
110.281222993,98.8401553101
109.095362544,99.3042784927
107.993964754,99.5144246705
105.961682724,99.7218090997
104.395234465,99.7651893061
102.687638545,99.6167401643
99.6536333309,99.4170286084
97.3966784621,99.1952135428
93.510195413,98.8713961876
90.8924196507,98.7291551365
88.2684544816,98.6131710444
84.5171286274,98.5597156058
81.9984902467,98.525554916
78.1862469188,98.462224616
75.7965773231,98.4063945771
73.3884150802,98.3225331748
69.9614961925,98.0501267664
67.8234820024,97.7109366063
64.5829343066,96.6887276324
62.3349117433,95.6227869502
59.728336796,94.5419860533
55.5199154803,93.2697835646
52.7419180706,92.804739209
50.0449859888,92.5079278639
46.1437358636,92.3202251552
43.6021952483,92.4303578944
40.0934780398,92.6405064637
37.7762320832,92.6926031484
34.5932844929,92.7083226455
32.6547406547,92.5807960478
30.8298717228,92.5178380856
28.4023183863,92.4338765578
26.9777586729,92.3792805264
25.4992906886,92.3468572109
23.0139364301,92.4862603505
21.1668098124,92.5412906937
18.6080712283,92.216353445
17.1690834476,91.9570851902
16.2773877637,91.4559471016
15.6987523854,90.5524957621
15.7127856487,90.2180583658
15.9919606373,90.0175777341
16.4522071381,90.1149242193
16.9425312835,90.595773407
17.9249928266,91.4308478503
18.6761585029,92.1795346881
19.6626097012,93.2277725397
20.1804248601,93.7449449287
20.5881531882,94.077989766
21.0273777014,94.4134209544
21.4016342786,94.6122547076
22.2528819921,94.5720817854
23.1828373877,94.5544773628
24.5143753954,94.5455577747
27.5070367388,94.913147023
30.2179532015,95.3218350883
34.57260632,96.0248894466
37.474865778,96.2596507745
40.1302926442,96.4896044505
43.7646197425,96.7747495144
45.8838502308,96.9454990127
49.0242556917,97.2221075406
50.9449568231,97.3574763761
52.8260644933,97.569837117
56.0195604286,97.7830303621
58.2036836258,97.8408088715
61.8213282249,98.0587172276
64.4835241444,98.1295794733
67.3469512051,98.2161165668
72.1184409905,98.3175357101
75.3762681887,98.2104918599
80.1526274714,97.7147797947
83.2200674572,97.2567936903
86.2040378124,96.8853644386
90.5352854457,96.4256488932
93.240632106,96.3114213265
97.0166832221,96.6177825809
99.2555178807,97.0522942926
101.312674881,97.5810706611
104.035837508,98.3406925205
105.659663782,98.7601292952
107.862612461,99.0504248
109.267495224,98.9902149673
110.737917903,98.7310077686
113.041819086,98.2489139722
114.622432537,98.034877064
116.952771224,97.8429318188
118.494920856,97.9158652225
120.079012321,97.9793437037
122.610840488,98.0299715541
124.569086382,98.1636162281
127.720516044,98.3389372308
129.876156694,98.4368372909
131.997840661,98.4823144859
134.999899829,98.4632785632
136.859200193,98.3985740743
139.361622916,98.3536912531
140.866723601,98.3618255624
142.184200395,98.4225412611
144.055381726,98.6040644707
145.219196227,98.7292118664
147.078404888,98.8144580228
148.394371117,98.8551223259
149.803606924,98.859786695
151.910680122,98.8793513246
153.281913307,98.8043151939
155.319059898,98.6961065722
156.653252501,98.6522010179
158.115032896,98.6647503346
160.601464707,98.6782880172
162.159312126,98.8654577631
163.664499605,98.9884088869
165.603920028,99.2058337032
166.7132214,99.3835136561
168.090075963,99.529229849
168.88894797,99.5167177539
169.737639781,99.4830109527
171.195061001,99.2997849963
172.336524854,99.084574197
174.265209582,98.7666222953
175.66288309,98.5494298552
177.121653355,98.3252582803
179.316522024,98.1640407123
180.705574578,98.3534946082
182.703261894,98.9547107925
183.99108287,99.5527994984
185.229337066,100.103019686
186.846993807,100.61928956
187.833246555,100.613971815
189.160114395,100.138932469
189.998417642,99.7493380346
190.798718079,99.4204175347
191.937886722,99.2215249927
192.665318179,99.2103650047
193.656587603,99.3391425882
194.238137979,99.5166611194
194.79583046,99.6668720007
195.620103716,99.9121807026
196.217767557,100.25575926
197.032041071,101.023604706
197.640031199,101.469094533
198.2380773,101.872816005
199.196940149,102.191487563
199.876637688,102.478371162
200.921037999,102.779466055
201.660647991,103.010547233
202.351266075,103.233383182
203.49142931,103.138102418
204.242953321,102.897474783
205.122133982,102.496763905
205.521666706,102.162145384
205.771577236,101.763124713
205.918479335,101.304979509
205.928223661,101.240661677
206.179999219,101.213519742
206.453068251,101.419848261
206.853759929,101.726283826
207.503714262,102.172570874
208.103303166,102.279625463
209.299666999,102.229316469
210.142034697,102.147831906
210.948596065,101.990638558
212.086467957,101.69598823
212.886350388,101.508712525
214.263482283,101.277120386
215.368080416,101.215560407
217.111656278,101.05242187
220.861316744,100.925927224
224.093867407,100.830013751
229.387781488,100.638788375
233.023063107,100.34362238
236.650567828,99.9366730011
242.278347452,99.0717606778
245.834803251,98.2549464396
251.1063112,96.7399861045
254.384098234,95.9733498385
257.343398129,95.4243453685
260.367242436,94.807772931
261.705216115,94.4296303299
262.258385869,94.4014742682
261.995998733,94.3442199274
261.454764178,94.4103145161
260.594425004,94.4755312167
260.37474947,94.5637560886
260.30532174,94.6771399497
260.402326834,94.6103042153
260.554072119,94.5736589436
260.657913551,94.5837938256
260.656837826,94.6381571171
260.43833916,94.8444889162
260.16025905,94.9891770277
259.945016742,95.094036948
259.534715173,95.2521662935
259.389536357,95.260842219
259.257420382,95.2498322365
259.136557855,95.2055420809
259.058267311,95.1284710623
258.912696192,95.0711143898
258.774350717,95.0507266407
258.36165216,95.172485522
257.660267009,95.3201971894
256.557338608,95.5119867522
253.504879811,95.7709728772
250.540635974,95.8258327522
246.673707812,95.9055006665
239.128378538,95.6763206893
233.080409833,95.204901775
222.657815636,94.3000703679
215.035666026,93.5265620587
207.21076715,92.741908567
195.721126646,91.7353457653
188.748123415,91.1519260814
179.665104007,90.4989941554
174.703330874,90.0023762737
170.872584801,89.6505355316
167.791105999,89.8265831636
167.553975007,90.4024233731
168.803243059,91.5199661696
170.182490837,92.2413617277
171.457310506,92.8355215048
172.720896697,93.1893751875
173.022926451,93.3839914938
173.027778378,93.6385314724
172.932172206,93.6756036073
172.758664598,93.8377333912
172.506533174,94.0445606545
172.432527293,94.1583258729
172.382762035,94.3982132291
172.417094681,94.5623455846
172.476497857,94.6912547591
172.580879662,94.7552173536
172.632428967,94.741375097
172.668765731,94.5904637997
172.627738407,94.4867591344
172.585584066,94.3525931208
172.492274798,94.2088718748
172.432640321,94.1589203563
172.296926337,94.1187812336
172.173236304,94.1137374895
172.009138603,94.1312694883
171.654475981,94.2398028283
171.480780403,94.2723411863
171.21477913,94.3257231666
171.107184696,94.2958891519
171.046360659,94.2265681538
171.072808837,94.1348421067
171.191040752,94.0910226168
171.399499521,94.0548360997
171.542236274,94.0244242409
171.66997927,94.0392631792
171.843002707,94.1067691327
171.988487254,94.2022769736
172.315187423,94.3372222494
172.467478795,94.3706256767
172.62418576,94.3824444766
172.745575863,94.3475532511
172.750673442,94.3119319728
172.645954443,94.2639704015
172.514031285,94.1972806536
172.368030654,94.1711850645
172.234808165,94.1673443024
172.172817379,94.1487487325
172.142222783,94.1685629825
172.156657213,94.2155105095
172.179602831,94.2455741496
172.211446313,94.3280375395
172.238328569,94.3708018857
172.292875854,94.4574271585
172.321413473,94.5025964341
172.350028246,94.5600855735
172.377061949,94.660850462
172.385631722,94.7171384254
172.418390774,94.8229655584
172.459829058,94.8782696892
172.528709565,94.9429395557
172.693211302,95.0128851272
172.815456475,95.0268437571
173.005582221,95.0131331197
173.061485007,94.9922981641
173.100964193,94.9645335837
173.141116046,94.9032500774
173.153974057,94.8739033423
173.185561684,94.8509036699
173.24083559,94.8310377628
173.254103218,94.835984638
173.254846907,94.8549156452
173.25786678,94.862136095
173.255817237,94.8905294492
173.241610408,94.929163364
173.174694114,94.9882199978
172.908327808,95.1529126668
172.564701341,95.265642854
172.06556687,95.4081610257
171.236801608,95.552656953
170.550432041,95.6359382001
169.281007967,95.8571813246
168.330378502,95.961877401
167.312801862,96.0761190198
165.348199879,96.1163985143
163.532656668,95.8642607652
159.2356796,95.0798424839
155.177905978,94.0219199411
150.466270347,93.0003503303
142.957842685,91.9012549358
138.481438902,91.387533208
133.091268518,91.37052208
130.509318537,91.8785241851
128.616194669,92.3763343336
126.290669841,93.2525330175
124.57120569,93.7915204252
121.683848015,94.4502814376
119.650453687,94.8186679933
117.689533435,95.2105936581
114.855446675,96.0197833097
113.119695086,96.7519621102
110.982637306,97.6522452954
109.668556936,98.2525568132
108.538116902,98.7569601972
106.658984824,99.3677801672
105.535913364,99.9189838368
104.252847464,100.586924172
103.457016564,101.206449955
102.736758725,101.884463768
101.761442481,103.328580155
101.110190524,104.269931052
100.879429667,105.543634332
101.159745078,105.912996311
102.06287174,106.588693618
104.351115452,107.090585748
105.829457224,107.479897476
108.533109307,108.072874678
109.682472039,108.07979956
110.71064391,108.446289993
112.926998363,108.864295547
114.89519111,109.33823933
120.980411124,110.799557306
126.738168513,111.918067208
133.449760538,112.885216077
144.178812391,114.09459656
151.431084792,114.676249631
161.827352247,115.348441921
168.173467967,115.783397435
173.829730124,115.984342693
180.404554811,115.943802334
183.56698459,115.82955895
186.872318995,115.496278703
188.381083703,115.273192616
189.418875733,115.091027962
190.558418588,114.735894798
191.299184275,114.553655967
192.570369487,114.364421425
193.551993635,114.261455913
194.761486055,114.151275722
197.144985045,113.811741163
199.405259968,113.471031828
203.887273176,112.857553528
207.638032514,112.52115519
212.136370989,111.762760769
219.587925856,110.463959511
225.117108901,109.240179241
233.360644864,107.35665151
238.567928483,106.041934402
243.520179393,104.671179672
250.063936855,102.779362197
254.053058141,101.349541827
260.2882072,98.9400616299
264.823700044,97.4294859034
269.639649663,96.8437210869
275.693774768,96.5252338698
278.873976446,96.5893536304
281.079646802,96.816813485
283.486497178,97.1204847951
284.64061935,97.4314538454
286.430093295,97.7504386253
287.707574746,97.977685232
289.815903687,98.1389284403
291.053369601,98.295488877
292.309048814,98.2007252337
294.056519651,98.140849281
295.191251863,98.0107670821
296.161443994,97.9499752439
297.037868011,97.9286222149
297.311258256,97.7342866536
297.808299798,97.5583712265
298.278885393,97.3975926716
298.856379636,97.1759740326
299.462011004,96.8260565072
299.55304792,96.5488225235
299.135024088,96.2413175345
298.680223262,96.0980203768
298.20809194,95.9440704672
297.381836451,95.8773390127
296.80246668,95.846816319
295.650390537,95.9632862817
294.694018848,95.9824256786
293.74082147,96.0976324864
