176.65423061,103.070760325
176.43654615,103.081961952
175.939133516,103.081146893
175.546449858,103.149286088
175.197242477,103.377773147
175.002026398,103.407530597
175.005024641,103.509730107
175.118607802,103.554515666
175.308351274,103.466308435
175.520957915,103.207489799
175.799377364,102.804839561
176.040651004,102.451071776
176.444970809,102.003423502
176.645792451,101.84477154
176.762419177,101.759507355
176.977506954,101.743634195
177.144766958,101.757128529
177.381060995,101.759346549
177.581575929,101.64209601
177.807166156,101.594041961
178.137122414,101.573567517
178.315859245,101.589246103
178.521471237,101.589269106
178.637664832,101.623342001
178.722544188,101.629511018
178.827004925,101.681266629
178.838865155,101.765374499
178.81885525,101.79426348
178.716286147,101.857535281
178.614537403,101.921761603
178.403244101,101.995815367
178.253163737,102.077098044
178.078391215,102.12496716
177.760049875,102.165283811
177.548405176,102.138605135
177.267255763,102.041423299
177.096313422,101.959203299
176.989259832,101.855233699
176.858039305,101.788252688
176.797444754,101.753452761
176.729165509,101.767611105
176.715713738,101.845286771
176.734090113,101.866803756
176.725164912,102.048590495
176.596666272,102.358189919
176.286013299,103.088811689
176.069833672,103.520017346
175.837940201,104.101120092
175.367040854,105.451104162
174.913653383,106.865000728
174.141066088,109.623003026
173.591901846,111.766965848
173.072989865,113.899850548
172.630678131,116.206774711
172.522665678,117.391348598
172.518143372,118.652231473
172.663965324,120.292545118
172.797771074,120.963022116
172.964963045,121.947013303
172.95302589,122.52474036
172.80054737,123.105128499
172.344891816,124.098356552
171.889906469,125.140490276
171.092268355,127.339894707
170.861627906,129.201662758
170.784295303,130.971123695
171.057141787,132.628787674
171.210715754,132.831661229
171.072826695,132.946258304
170.960062489,132.827782038
170.766708021,132.614061415
170.508591585,131.936869898
170.534322294,131.424046757
170.714082454,130.641208656
170.795916188,130.15772896
170.83698917,129.807748597
171.054454482,129.198305388
171.156445115,128.691617638
171.468789306,127.518632628
171.702460531,126.52280696
171.776896235,124.87177648
171.097252183,122.439443149
170.203169298,120.67614494
168.443031835,117.811996914
167.147666901,116.023847627
165.357922998,114.407724041
162.535677609,112.17280169
160.27548758,110.595352278
157.843356088,109.131512795
153.54244035,107.304874317
150.228299879,106.238856069
144.895306597,104.478915037
140.932266572,103.339846833
137.093251345,102.267802684
131.200121809,100.968148944
127.392136342,100.274714321
121.229119568,99.5994623281
117.027648407,98.9481303835
112.465258709,98.5086806619
105.348271397,98.9982351771
100.756521396,99.0329076357
95.0856983818,98.7585538757
92.3390946332,98.3656194176
90.4289010132,97.7591912059
88.0773384279,96.5943773073
86.0868135959,96.3133667368
82.9149186605,96.1607070355
80.9451990297,96.1928524211
79.0507453372,96.0580119447
76.4806815347,95.2596907389
74.9653170148,94.6290597158
74.2904963552,92.9967983333
72.5624779063,90.1208399115
71.8569477436,87.7259245738
70.8457359903,82.9387352678
70.6368593474,79.7309211782
70.5663392252,75.1300239589
70.637616365,71.9286920674
70.1458267637,69.1054995992
69.2603524578,65.787982136
68.422967665,64.1288127322
67.318307506,62.304349708
66.4051247898,61.2336450094
65.7282902724,60.1473043198
65.014274237,59.3387615985
64.8262295809,59.3077040012
64.924032707,59.5915577337
64.3151619774,61.1161653305
63.2876576112,62.3889722387
60.9165841176,65.6525879083
59.3601492501,68.6108954459
57.8408556664,71.2224894469
55.3722164643,75.0125617619
53.9126846453,77.1001704864
51.9598180838,80.1961810923
51.0082529089,81.86797024
50.1104252696,83.6354274237
49.0746957023,86.3569390286
48.1322165929,87.4636631835
46.8177408484,89.2388181099
46.1042154115,89.9383841939
45.2807067937,90.8400343141
43.7081834593,92.6142503262
42.7630548011,94.3032294187
42.1778462642,97.2579686928
41.9799169723,99.4254904777
42.0525074722,100.966789438
42.5295986314,102.583181779
42.9575296096,103.02779099
43.5326067836,103.633387117
44.2842012501,104.285423168
44.9108863015,104.91693319
45.9797220589,105.247681992
46.7183466225,105.688286233
47.7948417633,105.848988981
48.3552773877,106.45158961
48.8078099102,107.260484668
49.6222696738,108.65726884
50.1043736688,109.009097594
50.594098796,109.339399492
51.4478489502,109.128935247
52.1182338187,109.322939072
53.2659767742,109.822740979
54.1330760594,110.573502167
54.8852276036,111.241815946
55.7697336624,111.916764702
56.3471660396,111.834303599
57.3070898816,111.764662438
58.0790968043,111.831449292
58.9500395363,112.105262419
60.3085074714,112.735537067
61.3947874325,113.009911847
63.5610134857,112.998565742
65.6908257677,112.754942654
68.6455246952,112.747298278
76.2492750597,113.070028508
83.2876038793,113.531348471
94.6338669711,112.769278777
101.951074454,111.834347707
108.950378721,111.174001527
118.943456065,110.165403065
125.437536591,109.696598202
134.535276218,108.469142376
140.135980785,107.992411198
145.405693486,107.16085457
152.487345968,106.057319465
156.796754307,105.209398932
162.543823258,104.588511305
165.692634758,104.427667211
168.328286244,104.180147114
171.545353593,104.039663875
173.354594008,103.906853667
176.12908886,103.551974352
178.046525168,103.459492722
180.093674165,103.262364821
183.721449202,102.914636224
186.049989669,102.825567435
188.22770187,102.648421745
190.995734091,102.39796154
192.539395872,102.176344197
194.776034161,101.769991611
196.301938387,101.30937824
197.963548604,100.756852343
200.836926757,99.7997336962
202.701104294,99.2976475472
205.470904809,98.2848025349
207.313905346,97.3741926394
209.61159673,96.1956386141
213.735664813,94.4356205541
216.446285371,93.4094040608
219.355369763,92.3444033346
220.41118635,91.4308588153
221.066743443,90.6712537424
221.198192714,90.0128438277
221.349929701,88.8528202538
221.545483339,87.4851649299
221.919959619,86.6687570675
222.447067415,85.8901798372
223.431905049,84.7222558797
224.038712753,84.0066249049
224.291544106,83.2165706176
223.52997224,82.9771984048
222.789986582,82.8358005302
222.470091569,82.4783566773
222.69475103,82.4546927529
222.985928551,82.4193836592
222.931436434,83.1081995403
222.024433402,84.0870333983
219.971371599,85.3129730998
218.901818493,85.5670903341
217.776016467,86.2203176852
215.740666727,87.0354444428
214.270238118,88.096898632
211.333081624,90.3315144198
209.05776306,92.3342269959
206.760834468,93.8520635144
203.306393018,96.521735446
201.263545391,97.55193755
198.439998428,99.9901322741
196.729791346,101.211360843
195.093828277,102.839612088
193.019974663,104.719091558
191.880223056,105.727932134
190.256594838,107.456178426
189.253406902,108.103671072
188.146616531,109.182401177
186.43503629,110.67575279
185.287129008,111.6170964
183.713551368,112.948752027
182.668864286,113.907561407
181.689699224,114.815044453
180.068979966,116.338753018
179.048248582,117.156707971
177.739670232,118.314773189
177.049159354,118.662364277
176.498839063,119.148248182
175.846237071,119.672063318
175.459537146,120.126410963
174.781458152,120.735914124
174.077839357,121.19930041
173.263058347,121.421910099
171.481253284,120.897142469
169.896484912,120.3594831
168.344195614,119.966474936
166.107528965,119.316372301
164.657735773,118.944643088
162.613723318,118.509423948
161.395114175,118.264067969
160.383561644,118.232787265
159.336574304,118.12155071
158.961607678,118.277618547
158.811498325,118.384495381
158.933642714,118.416757332
158.958168344,118.472224266
158.89207374,118.561345961
158.623107413,118.727948817
157.863955938,119.032629637
157.21438732,119.153123285
156.504580888,119.161724945
155.430335207,118.973172611
154.76080623,118.669227985
153.704397926,118.507802172
152.952085846,118.408153848
152.112604336,118.293611188
150.669920278,118.376924168
149.626934999,118.372437154
147.767198457,118.719530332
146.510016032,118.894965426
145.243244843,119.124022501
143.3502894,119.423331729
142.1034371,119.526922649
140.205371357,119.808657156
139.050328477,119.899670628
137.917060963,119.961204087
136.451815151,119.948128176
135.49511978,119.967290831
133.802401825,120.419888154
132.14804122,120.574636721
130.478183542,120.954636399
128.236270684,121.303303718
127.019325176,121.655272916
126.228526247,121.836871265
125.563491713,121.846749918
125.197954283,121.894786826
125.092020204,121.739957198
125.065711035,121.732675195
125.025029688,121.678215342
124.793707178,122.055889748
124.755754685,122.088107942
124.71402245,122.499403613
124.757380849,122.579101056
124.830910405,122.696868484
124.84875,122.782756402
124.807451317,122.836125949
124.709303067,122.787128287
124.612553362,122.694511536
124.615419182,122.737344299
124.626782672,122.788260619
124.640161844,122.844972877
124.694295934,122.895655959
124.820558638,122.898007304
125.033233524,122.820288439
125.493383109,122.599536026
125.976403966,122.28117935
126.897529751,121.87172886
127.693749489,121.617458284
128.637007442,121.224124686
129.993459631,120.921005237
130.765789403,120.423984479
131.688599358,120.086533473
132.374527881,119.532519867
133.034182578,119.238212592
134.2843104,118.596643654
135.261270684,117.972986334
136.714020254,117.239227478
137.833257511,116.676251505
139.004458638,116.066160876
140.83983627,114.97221172
142.166975965,114.138912435
143.501440825,113.331283695
145.474532414,111.961776809
146.828011719,111.004761471
149.059924159,109.701847602
150.721775024,108.86762558
152.497772195,108.052951282
155.856246195,106.713045383
158.334580666,105.915363014
162.048847809,105.001445738
164.480226084,104.514393845
167.032234068,104.26094151
171.026126333,104.420939327
173.955915568,104.66814803
178.435046589,104.384301505
181.622823943,104.116359209
185.042844946,103.83809191
190.877193269,102.612742248
194.817246017,101.848859143
200.659568695,99.9985178024
204.516666049,98.4729418927
208.53326583,96.8011857995
215.81732673,93.8611910387
221.132807742,91.556277362
228.544214523,88.76417581
231.708864828,88.1537860447
233.105849145,88.1361830253
233.810110864,88.1674372978
234.235310965,88.1384995733
235.287398388,87.8941817429
235.933560251,87.9022789345
236.49421722,87.9012060771
237.150464101,88.1915308613
237.437171865,88.1878569063
237.439166182,88.1511126028
237.439236291,87.910317497
237.175664529,87.7794308813
236.398333476,87.8122568099
235.816924665,88.0187370918
235.063691572,88.4250187178
233.239244263,89.7594583402
231.322756989,91.2863586531
227.596848584,94.1524467324
224.911813686,96.429974202
222.428645039,99.0244630952
217.353388533,103.632235002
214.040634146,106.826069412
210.39308496,110.920111928
208.395373236,113.503277812
207.182420921,115.09627954
205.510836796,117.454784575
204.525520065,118.375938473
203.325192307,119.225606542
202.806517356,119.660134445
202.228569388,120.226293275
201.41088983,120.869381144
200.646268702,121.357400529
199.43737397,121.779799437
198.517488026,121.978326592
197.64812034,121.969054091
196.233596391,121.890336383
195.412112461,121.654801423
194.567299119,121.496574297
193.323443101,121.275539542
192.329905304,121.14631861
190.641726218,121.126336965
189.408199027,121.228182966
187.344891254,121.746432844
185.89788335,122.227035258
184.296991664,123.229863846
181.877854704,125.301986938
180.025706554,127.065004404
178.001752619,129.09844179
174.767923699,131.374664655
172.75306507,132.48501019
170.120166149,133.412635002
168.987900096,133.581082753
167.893942105,134.024667434
166.814314137,134.576395265
166.379140413,134.889434227
166.004176628,135.388170745
165.981339449,135.379743879
165.980987632,135.402810885
165.992471761,135.288134141
166.075614846,135.184053637
166.460109892,135.033661427
166.936029819,134.708066595
167.339516079,134.439247717
167.861925946,133.871438639
168.00758871,133.600171884
168.278455276,133.109399756
168.397542043,132.850628076
168.463079024,132.647981011
168.618795339,132.351125145
168.710773969,132.203457397
168.86487577,132.057807093
168.918774216,132.042350547
168.961695931,132.04509929
168.883352562,132.112215604
168.603056339,132.423258733
167.884124827,133.215396104
167.279945608,133.974962355
166.542207915,134.957776366
165.427420694,135.398931478
164.435663443,135.778132808
163.506028551,136.032061066
162.114234146,136.877678986
161.163172117,137.718598353
160.215311098,138.127410197
159.810763433,137.796006318
159.574936015,137.695024856
159.296099619,137.793349156
159.10987919,137.910474994
158.894466709,137.819735557
158.768004303,137.568967318
158.561729014,137.260089457
158.299859201,136.85004975
158.153815847,136.526405761
158.231312438,135.947578856
158.298331691,135.640468039
158.431147606,135.295654654
158.712459948,134.784099227
158.897968518,134.447838549
159.001848724,133.947213161
159.161410084,133.551330723
159.311138107,133.138649735
159.673915833,132.545327187
159.993902179,132.172854537
160.677205463,131.475196611
161.173273455,130.980884533
161.651072365,130.454352595
162.379063685,129.24360872
162.850875256,128.341447333
163.305509187,126.941964713
163.569463374,126.066633763
163.843142467,125.10388023
164.261765653,123.716018987
164.572255092,122.777685456
164.889006768,121.802145071
165.378255053,120.131336116
165.735143479,118.935305221
166.330781732,116.67229962
166.686871067,115.078969189
166.996019511,113.444677796
167.353269125,111.2843654
167.57659686,110.137532668
167.900190436,108.84112089
168.143252598,108.161864395
168.390863461,107.70875688
168.596391115,107.438081133
168.61207339,107.55344276
168.551777,107.650046134
168.241853699,107.591594558
167.907338199,107.48834861
167.600783387,107.239027272
167.604786313,107.2269682
167.73390513,107.265367843
168.085655408,107.363646004
168.59362451,107.518703589
169.422253126,107.773622869
169.767557815,107.916384751
170.682591531,108.46214377
171.089216459,108.974241446
171.487100539,109.057287415
172.129390934,109.097389911
172.571914324,109.052864312
173.398033618,108.956332493
174.264267915,109.002555121
175.261795498,109.0930781
176.894080062,109.219472621
178.075394369,109.272865381
179.789686876,109.343978133
181.042818626,109.194224808
182.29830007,108.84710511
184.69684385,107.714510853
186.81151531,106.617378233
189.51767023,105.256407123
193.314502948,103.604865498
195.353518165,102.341353448
197.520557248,100.981385988
198.501797508,100.043280477
199.487340483,99.1344923058
200.936223072,97.8138627983
201.862272727,97.1411200562
203.157495233,96.2433370044
203.858405749,95.8588210552
204.325851693,95.5479966349
204.68789981,95.2742372075
204.589186014,95.3055853335
204.47126492,95.3444184781
204.387412621,95.3854497664
204.298251537,95.4424728619
204.081041748,95.5468831211
203.914879692,95.7440480372
203.600053167,96.1343642853
203.459249419,96.3129614012
203.359247821,96.4704734526
203.163509383,96.7133787628
203.057499791,96.8556109844
202.932524011,97.0640212254
202.740980403,97.3237567304
202.593900121,97.4533751598
202.350418226,97.6380450975
202.144482132,97.6946869479
201.798989034,97.786086674
201.549999396,97.8153257661
201.303049098,97.8778194331
200.83356321,98.0431297413
200.485480023,98.1072192277
200.080119842,98.3160683392
199.516533994,98.457727263
199.045595487,98.7195117124
198.203572544,99.1435076898
197.474088348,99.5179972062
196.752085579,99.8698861403
195.633691389,100.252386074
194.87732701,100.598482905
193.817483124,100.909084196
193.198276142,101.196406965
192.643103043,101.344073269
191.944366107,101.691197641
191.511783725,101.920104018
190.803159289,102.219281907
190.19047871,102.485630686
189.31802944,102.643468511
187.301201923,102.754378414
185.354042746,102.792609102
181.539711574,102.751599776
178.52191209,102.778390105
175.425346936,102.765088097
170.905280898,102.755936076
168.163521954,102.817111072
164.425069461,102.741815078
161.854517074,101.878012554
159.198194445,100.990892306
154.773094483,100.293372891
152.093283862,100.084380158
148.702863539,99.9810666607
146.709313194,100.118091424
144.901437465,100.281173092
142.155841079,100.394139896
140.445005252,100.510116646
137.879293004,100.692644093
136.30147343,100.886090272
134.821953743,101.132091238
132.602473258,101.258078988
131.03529087,101.346511915
129.392666444,101.433089529
126.791348671,101.396791221
124.946051448,101.259219095
121.868906777,101.07533989
119.580180891,100.791161371
116.723961975,100.278262726
111.560751657,100.032507493
108.150013921,99.3900911047
103.266143912,98.3847483167
99.99343946,97.6753567345
96.5986521359,96.7307968916
91.633015781,95.2398688572
88.3555910192,94.6504427709
84.3047605017,93.8245134366
82.1704504323,93.4982252873
80.140588999,93.2726455191
76.7936904769,92.8562335856
74.4870796822,92.7661732869
71.1068997825,93.2562014453
68.9146029699,93.7395158432
66.763792643,94.1228395127
63.4941626346,94.5359161795
61.4606342645,94.8877702245
58.5665254898,95.600369884
56.8145437445,96.1832154002
54.9470372902,96.909017524
52.2413112774,97.84679784
50.7505067997,98.2153650737
48.9714110975,98.7281722683
48.0545200862,99.1042101151
47.1516407193,99.5089603053
45.8362035894,100.030072491
44.893992964,100.002559332
44.1153678093,99.9373015573
43.1775807252,99.8209051245
42.6769678334,99.7855260684
42.0762494189,99.4824763011
41.6159510969,99.129323881
41.1582697929,98.8624936498
40.4761471552,98.4322755547
39.9922644419,98.2395209473
38.7932748469,97.7892062678
37.7528576535,97.1247700398
36.7412458421,96.5728903866
35.5548197637,95.4633812451
35.1963761329,94.494655051
34.9915157368,93.2571368409
35.0034273752,92.5659286853
34.8835186257,91.918156204
34.4714082109,91.1945765444
34.2310098308,90.8557957368
33.9255185263,90.8542104333
33.8900973369,90.6598915673
34.1161147605,90.8141516794
34.9035606516,91.1223027605
34.9852566788,91.1772384091
34.8220420339,91.3523970491
34.574434017,91.4919143238
34.3209230995,91.5875928177
34.2655368812,91.8694227069
34.4212173212,91.9577006186
34.7199446281,92.2312219654
34.7428823064,92.292439585
34.7328649243,92.4657276702
34.7163839452,92.952084791
34.7196171586,93.6367177591
34.7883012822,94.0793088907
34.8397140445,94.5825902538
34.892074267,95.0756041177
35.0821597593,95.8630195561
35.2266958992,96.1790533313
35.4126355393,96.329247531
35.7515511739,96.0193645728
35.9329935737,95.646856988
36.2220752931,95.0662779331
36.3524787598,94.9008694515
36.4299147146,94.8395708337
36.4873151723,94.7938385495
36.5283187027,94.79414309
36.6117249327,94.7710947348
36.6694482722,94.7085981029
36.740213999,94.6750605737
36.9248158039,94.6035160835
37.0722303749,94.5857912811
37.2948168299,94.6728860538
37.4812791021,94.7654102285
37.6570574388,94.9112144865
37.9144855668,95.1117123364
38.1396837714,95.3223562203
38.6233571551,95.769530328
38.9359661607,96.1860413737
39.1232806222,96.9043368449
39.5031642306,98.3942476958
39.9777550925,100.550436513
41.2875154305,105.540223783
42.3865331928,109.092197655
43.3094606869,111.946007639
43.5241353585,114.705108395
43.0453632959,116.001518257
42.2907801085,116.692617106
42.1085402018,118.219268799
42.1615050592,119.578228272
42.2021568325,121.236622421
42.0811171589,121.718009381
41.8039469278,122.49696169
41.4018563703,123.119979714
40.9178428491,123.632697776
40.3793705013,123.761060738
40.4821963874,123.718114253
40.405077865,123.756662191
40.2438056984,123.946397792
40.1847203425,123.85992682
40.1995590905,123.280690709
40.3587145236,122.641813968
40.5350122873,122.016835224
40.8532520815,120.946848463
41.0987469281,120.200995002
41.458269867,119.367225668
41.7728626691,118.686306009
42.1001979248,117.984121031
42.339447119,116.832388881
42.5435767716,116.024208172
42.8127554246,114.6960178
43.1292112299,113.781167158
43.5139315285,112.765954414
44.3243426944,110.990540925
44.8920592298,109.719848851
45.7183463388,108.02106882
46.2084789107,107.034142926
46.7233500234,106.073529714
47.7557347347,104.690822813
49.0276092864,103.294606329
50.9710619634,102.02971698
51.9045948485,101.324798906
52.4295633047,100.767508211
52.5809935983,100.373488115
52.4295076126,100.475728367
52.3780434262,100.479919131
52.0730666905,100.763100132
51.8406875193,100.90575616
51.3666265443,100.970782305
50.9743065409,100.990095536
50.7635844496,100.983765814
50.527727019,101.052832864
50.3356599424,101.079430742
50.1460684412,101.118066293
49.9612041524,101.102126799
49.7900983661,101.114963571
49.4592975757,101.136698291
49.195209686,101.188607986
48.8742496933,101.33762878
48.6393013181,101.441031141
48.4862432657,101.50560242
48.2181636037,101.553356882
47.8431546876,101.500417697
47.0248469039,101.264935354
46.2612921388,101.052752028
45.3353830468,100.618591833
43.6645755888,99.6078255669
42.7247949536,98.8459309736
41.1726187176,97.2272179666
40.743097416,96.0616915933
40.5896956165,95.21325462
40.5499329889,94.0024641388
40.8584374728,93.1947673534
41.3124098164,92.4198945785
41.7882520342,92.113654395
42.2768859759,91.9163450081
42.7124874334,91.9159162392
42.8098247472,91.9224325843
43.0317520331,91.8670615775
43.4388468258,91.6737421673
43.8458619991,91.3960509704
44.6126550088,91.0118202497
45.0095758369,90.8344277521
45.4842456415,90.6600045487
46.8677087395,91.1152541618
48.472029107,91.5118406971
51.7108064687,91.9475824764
54.3408558624,92.0047279953
57.2909474855,91.9767202742
62.1572034726,92.1510784456
65.6252614073,92.1619040723
71.4607941811,92.8611313134
76.0303956089,93.0224783073
81.1538627157,92.9139036449
89.1673773932,92.4902629345
94.3499557317,92.7647459315
101.728298091,92.8370455725
106.298633716,92.9309599679
110.615019266,93.0277584574
116.544952991,93.1233059976
120.381930694,93.1947201595
127.725582005,92.6461315007
134.191371252,92.0436709785
140.57489056,92.2346205092
150.023484989,92.819453381
155.551387592,93.0355326033
162.896807539,93.041998584
167.264119895,92.7454477903
171.434314717,91.6461204009
177.696470962,91.1733475976
181.422059934,91.1675525804
185.65756911,91.4820060599
187.83316457,91.5369592218
189.628157833,91.6910845504
192.101782852,91.5935312008
193.762789252,91.6718690598
195.469566068,91.8957694233
198.252876939,92.3226727323
199.964911324,92.6683287952
202.407706728,93.1982250323
204.011754626,93.3499365225
205.592106802,93.3939691482
207.965799043,93.6014819846
209.666114132,93.8349133978
212.257604157,94.1189531276
213.728173496,94.2298404043
214.99764159,94.1519879924
216.415327172,93.9455576344
217.185753953,93.827306915
218.419089759,93.5970662311
219.287217589,93.5595020197
220.022339167,93.5460902572
220.659351849,93.7051588561
220.753313048,93.7442305708
220.710407373,94.2602162417
220.449986307,94.9161002688
220.127906689,95.7577262642
219.696426618,97.2191404163
219.468820114,98.4496439552
219.219489419,100.174535376
218.947547158,101.175322112
218.605705074,102.05857705
217.796598831,103.238996931
217.181231323,103.883789464
216.167865881,104.744892149
215.590271081,105.159000522
215.01696183,105.629896426
214.307341813,106.124532541
213.772391147,106.564124035
213.086725769,106.960106627
211.872966448,107.544879874
211.049116453,107.922752481
209.667514206,108.498610941
208.81518241,108.67034499
207.921341564,108.944878586
206.48539163,109.41646471
205.518304931,109.687875726
204.064508511,109.993435114
203.20796104,110.069884151
202.318359078,110.296139519
201.103361557,110.492557681
200.32081783,110.724761637
199.198928688,110.941201087
198.396698319,111.159209209
197.673425118,111.315312375
196.576812066,111.623228077
195.769542516,111.881045752
194.380687232,112.41762172
193.425773666,112.733772684
192.644462381,112.868202328
191.466173922,113.369838595
190.642169832,113.671588037
189.698893599,114.202985429
188.472466109,114.689287487
187.638218285,115.210940588
186.555980987,115.734580038
185.838926044,116.252768945
184.729347479,116.847562071
184.013369983,117.248314492
183.432855419,117.489672224
182.841338633,117.854313318
182.792710387,117.88049886
182.802893824,117.93896256
182.89854609,118.048966811
183.093041045,118.131046494
183.362386387,118.254214402
183.500175777,118.321104177
183.573501513,118.370281548
183.650194157,118.488733156
183.696452312,118.557648467
183.785884198,118.584684442
183.854080044,118.578965535
183.91037304,118.560110983
183.935690547,118.530522053
183.932353254,118.515794089
183.935940526,118.514990473
183.951729374,118.520965671
183.983051772,118.506021469
184.044830631,118.489176028
184.099347975,118.52815061
184.183995339,118.571787668
184.246476153,118.57709125
184.288314972,118.562586747
184.331963669,118.538956335
184.347406271,118.537496273
184.354324553,118.543619912
184.357885218,118.570874944
184.358617044,118.588244847
184.369673528,118.59803926
184.37686767,118.569619378
184.393976736,118.515046367
184.423034676,118.489737819
184.443100956,118.453277145
184.468371275,118.391606643
184.469348812,118.368567105
184.481161597,118.356972569
184.472313063,118.360831823
184.459740234,118.356364295
184.426223608,118.346545737
184.414765695,118.364330935
184.413711163,118.374137815
184.423853404,118.396122185
184.41863953,118.382919981
184.392481814,118.345036683
184.376970258,118.321668135
184.370253255,118.305055815
184.369867695,118.303713019
184.372639298,118.304629918
184.379468189,118.311305651
184.382706955,118.309986472
184.385391977,118.302545451
184.380183142,118.315840604
184.381443381,118.336355971
184.36912031,118.381606997
184.348514697,118.415273163
184.335929267,118.449235551
184.323049528,118.478922265
184.305165544,118.473536465
184.257288994,118.458580294
184.240273819,118.473021907
184.240672873,118.49565912
184.226879736,118.526722756
184.195672049,118.527335926
184.145644906,118.531864926
184.115826857,118.543016298
184.101025228,118.553881399
184.085647844,118.577483247
184.077193271,118.593207309
184.061207042,118.601538816
184.055468281,118.598837485
184.048916386,118.598494785
184.052452912,118.611777321
184.055185925,118.633140438
184.043144178,118.661283782
184.032456914,118.683133349
184.01846044,118.709596741
184.019420026,118.740204872
184.015839195,118.744530944
183.999709953,118.724359976
183.985994387,118.741507088
183.997298418,118.764315346
184.010519866,118.790064661
183.997504749,118.782988006
183.971832409,118.768539662
183.940069996,118.776529844
183.932702972,118.780973777
183.941704994,118.812929119
183.926060127,118.82788416
183.910481146,118.849917867
183.877093709,118.866151973
183.854434455,118.868872133
183.840147593,118.881045067
183.827488365,118.904126729
183.816457642,118.936666593
183.793554811,118.989720193
183.781034427,119.025850678
183.781301607,119.057096538
183.769139727,119.058110152
183.752794357,119.037146486
183.750017469,119.053265418
183.775720759,119.065041581
183.803269047,119.060818589
183.797179006,119.038443939
183.789216587,119.013485386
183.783548669,119.019577624
183.791913749,119.019067314
183.800650838,119.03640568
183.807313513,119.061721546
183.802581148,119.080636047
183.789952766,119.092226426
183.777348432,119.087309709
183.776893573,119.087769371
183.789435047,119.104002891
183.787897214,119.117068249
183.760412058,119.143906108
183.736920247,119.169934008
183.726707476,119.188023166
183.712009881,119.205497729
183.688694444,119.188434416
183.667391987,119.176350853
183.664810643,119.181527664
183.675494864,119.189433475
183.686753129,119.195974295
183.677351207,119.180890578
183.656965987,119.178276975
183.657610462,119.200275125
183.668638736,119.223109222
183.680700348,119.267793398
183.678995051,119.293016672
183.652439183,119.326471529
183.634388838,119.331484788
183.630047346,119.339498677
183.636083657,119.365423991
183.634167994,119.399942465
183.596871159,119.48289636
183.512507135,119.608082142
183.413583549,119.735358405
183.212351832,120.040066886
182.950640297,120.433090215
182.431608029,121.3580775
182.033064833,122.119050403
181.649022519,122.958809404
181.271905411,123.729591002
180.972196249,124.452752693
180.723864908,125.096034347
180.450417528,126.202108335
180.23371529,126.711590355
179.973519995,127.512567623
179.745483408,127.921768075
179.580552714,128.285758794
179.33192468,128.705487597
179.23373448,128.865268036
179.061805495,129.144677872
178.959671473,129.361296382
178.848741195,129.53093176
178.720310429,129.858502538
178.583062447,130.127926088
178.390793726,130.502461856
178.258615969,130.761264706
178.147951541,130.960006076
178.02603117,131.124557125
177.929631532,131.277244549
177.833612775,131.426399736
177.786941006,131.503895652
177.749809936,131.550745742
177.662921678,131.592325119
177.590396411,131.655012423
177.536762152,131.719598138
177.480447781,131.839963675
177.425707273,131.934513748
177.366296123,131.993516756
177.305041768,132.020631798
177.221787511,132.063364246
177.169463353,132.081134053
177.141945954,132.112192025
177.086328246,132.17934426
177.057014564,132.225300835
176.978759294,132.380937699
176.863671596,132.550158926
176.703252297,132.788429263
176.31798128,133.227076674
175.974457686,133.666110347
175.626312815,134.09498497
174.934066103,134.84014151
174.370293816,135.294836529
173.261953908,135.910525902
172.422441872,136.389226065
171.587604374,136.711413868
170.725567744,137.002299345
170.288332405,137.22589701
170.184284664,137.450375676
170.085065294,137.699320162
169.98536073,137.970185472
169.888046259,138.372990848
169.780370227,138.600481549
169.565569989,138.900721741
169.524196059,138.997673948
169.474175538,139.089282604
169.404344714,139.146726652
169.376366541,139.15167508
169.310877349,139.176369807
169.227851341,139.250797336
169.111554219,139.377157465
168.933175408,139.515183652
168.811166752,139.610070825
168.637836501,139.707941554
168.512245176,139.75954636
168.436512054,139.80648244
168.317825672,139.815028203
168.139904959,139.728516277
167.451297338,139.237392918
166.784987281,138.726695323
165.830745956,138.133649098
163.976808242,137.286419143
162.538468625,136.587979942
160.249609017,135.563862632
158.664753441,134.773480653
156.930048909,134.004439041
153.892463137,132.591249679
151.324506595,131.237792931
148.668073191,129.848381361
144.674728322,127.752416825
142.08928668,126.455382083
138.646518787,124.2615318
136.837403969,122.416872543
135.174783943,119.213035302
132.514953706,114.49641503
131.076460069,112.522259978
129.390071111,110.0665185
128.577159298,108.796417533
127.855360205,107.718911504
126.85488722,106.494357215
126.222890625,105.905411598
125.022446877,105.576312116
124.157513717,105.360226529
123.229146738,105.220584748
121.933939231,104.887281467
121.236438523,104.740901483
120.598800481,104.512062332
120.422588973,104.298836573
120.38031919,104.08572351
120.448477743,103.949607591
120.403260794,103.842187436
120.308743951,103.793634289
120.247068732,103.796823798
120.192230963,103.887493489
120.128770096,103.904474535
120.112193533,103.920874487
120.282809346,103.884475471
120.840235381,103.863501111
121.575963566,103.75888486
122.977799667,103.568181871
124.06631938,103.432985766
125.478494929,103.250701671
127.801962114,103.153865333
129.727677477,103.168228962
132.433320771,103.539863167
134.179543985,103.408352508
136.14114508,103.477123884
139.57860937,103.673719412
142.063203893,103.841530984
145.718425099,104.039361689
148.102111673,104.237740084
150.558131529,104.356187224
154.164816674,104.750938841
156.599506175,105.286041815
159.089750885,105.969098752
163.15877282,107.50532225
166.009606531,108.561131792
170.11978185,110.13089728
172.578613023,111.114525457
175.70569366,112.82146228
177.436010921,114.002690237
178.801436661,115.273630051
180.197466814,116.66920813
180.793349887,117.320035924
181.274167669,118.16091737
181.444624033,118.640694991
181.468664516,119.098764527
181.39792158,119.774154624
181.278997196,120.299520946
181.04419453,120.937167305
180.853518454,121.403770099
180.641860603,121.935014526
180.310250518,122.664935086
180.206835591,122.95513255
180.053963396,123.281376878
179.953476273,123.693166155
179.945047407,123.824929272
179.918377865,124.082246
179.926625597,124.170507078
179.908842417,124.288786286
179.907068567,124.554832647
179.870069488,124.77913969
179.784102385,125.141907159
179.666136523,125.43863162
179.541374285,125.624639561
179.360605834,125.962449168
179.264638174,126.180997437
179.155638634,126.45157126
179.046585242,126.703936835
178.99120378,127.021166507
178.939489814,127.519766415
178.948834634,127.920257594
179.007867749,128.278599897
179.018323008,128.529964851
179.015411939,128.751879159
178.99366433,128.990883684
178.950132857,129.210828396
178.885267434,129.53718817
178.78708499,129.841388011
178.680598726,130.214985149
178.345516634,130.96020554
177.991737693,131.687319122
177.2535164,133.022792531
176.544658419,134.123974181
175.698413698,135.155143345
174.303558646,136.053752261
173.509009158,136.42722535
172.374695605,137.653327098
172.169056966,138.007772091
172.042225197,138.501466378
172.151358783,139.098721323
172.226115469,139.38591039
172.135043493,139.623644891
172.089402652,139.713343927
171.932442082,139.915426113
171.644892873,140.190700482
171.363527607,140.459827132
171.126923715,140.694148188
170.936231493,140.798287736
170.812709704,140.826034805
170.67170697,140.808748921
170.598931031,140.80508356
170.556292747,140.780517338
170.547035701,140.72367104
170.521694492,140.687247379
170.464142025,140.677987177
170.400037167,140.693017124
170.326322494,140.73251888
170.243328414,140.71771598
170.15064756,140.747748514
170.013284773,140.805067472
169.933115861,140.815023593
169.871125579,140.824817218
169.832292347,140.78917718
169.816832734,140.773231724
169.836513937,140.740231444
169.870269767,140.729136117
169.904383862,140.702062708
169.951110516,140.634674784
169.95531639,140.566684734
169.983324835,140.456118578
169.999366464,140.36896179
170.073071764,140.298315328
170.111739452,140.222879378
170.126342758,140.186145102
170.134804113,140.155237285
170.105621089,140.147986371
170.093198693,140.13745839
170.080955209,140.095619953
170.065773685,140.086877294
170.049946204,140.092954661
170.048840643,140.107892878
170.038400625,140.092881535
170.013712116,140.071981017
169.995312466,140.070054915
169.98356641,140.065654673
169.98619704,140.050227901
170.01737648,140.038485823
170.045036087,140.004111038
170.043420899,139.972505801
170.0591497,139.924498758
170.098520585,139.878637672
170.118231076,139.878498054
170.111488099,139.889174497
170.077691404,139.924851959
170.041360681,139.965226813
170.010928669,140.019940867
170.010073345,140.035622294
169.996005512,140.015733625
169.995735625,140.020454605
170.023572523,140.015768176
170.084769523,140.005184565
170.106253231,139.978543043
170.091200401,139.947898461
170.071433085,139.950491573
170.063874366,139.94595376
170.080869088,139.961566497
170.108518912,139.960064004
170.093946933,139.955621694
170.082355135,139.932652904
170.080615645,139.926499152
170.077690353,139.942108248
170.084108216,139.955834367
170.066545362,139.980356734
170.017605991,139.996470738
169.980330765,140.022274894
169.942641892,140.036070169
169.919833679,140.034659
169.884820297,140.00584804
169.873703116,139.959571456
169.880285991,139.952032976
169.901366916,139.922763941
169.900313195,139.889289059
169.908720025,139.84944268
169.905710341,139.846185638
169.912109703,139.850435995
169.918707004,139.88701795
169.90645381,139.910285416
169.87953227,139.944485684
169.807353535,139.973739394
169.736410853,140.014284656
169.598216547,140.137017611
169.452923433,140.254057238
169.265267243,140.357430599
168.956730626,140.503075533
168.834056203,140.547235748
168.729627723,140.57522074
168.718455267,140.564587827
168.758052983,140.52825135
168.818918847,140.501654627
168.862086878,140.488307597
168.874532852,140.473569425
168.837708981,140.478062298
168.789773301,140.520379781
168.70700687,140.607986723
168.677470718,140.662947412
168.667839584,140.698400141
168.642278215,140.723390944
168.64471597,140.712692237
168.65794466,140.697429682
168.695864244,140.688434154
168.758996641,140.690786718
168.800763976,140.750102995
168.796932441,140.767707309
168.766792058,140.806998508
168.746780331,140.834197236
168.744065094,140.855368037
168.724939376,140.862147577
168.726324967,140.841906129
168.715895879,140.851716075
168.72859783,140.874303238
168.739081758,140.880390153
168.732709484,140.840861528
168.703202738,140.81029577
168.667655455,140.787599784
168.684529081,140.774088409
168.712200481,140.779404616
168.722599687,140.794942065
168.691666505,140.802238783
168.650563527,140.797215243
168.64787358,140.799357347
168.649750475,140.80354246
168.64682611,140.820746347
168.640160012,140.819742298
168.614178621,140.830762869
168.585980998,140.835636934
168.575277913,140.836449595
168.569707148,140.837563467
168.572504702,140.801826519
168.570169752,140.781578028
168.592875252,140.80116862
168.618111324,140.806146055
168.630587329,140.792514183
168.604448872,140.766862418
168.586906668,140.761861953
168.584014771,140.780655649
168.601264212,140.791392741
168.615745446,140.811825011
168.610987009,140.805395352
168.594520163,140.79531092
168.563513065,140.786350934
168.563029043,140.784734569
168.582084737,140.797314174
168.575894727,140.804659785
168.553703782,140.810302088
168.512158211,140.824605968
168.500627521,140.829981307
168.493444843,140.82071074
168.478639781,140.806543545
168.471592086,140.784150382
168.456589668,140.773115126
168.443504895,140.790403179
168.422725476,140.784369395
168.40781455,140.762992288
168.393674727,140.742392194
168.376874738,140.723500918
168.37728426,140.71440484
168.392795045,140.717138979
168.402829112,140.732941798
168.403520728,140.749562675
168.408638129,140.747924348
168.407215543,140.744433753
168.414586898,140.752946369
168.439025338,140.770559615
168.45602519,140.787108022
168.448359825,140.798338696
168.439281705,140.808387653
168.428139482,140.826903681
168.431668277,140.847487447
168.431315055,140.853886045
168.423715616,140.840486018
168.409501697,140.846842701
168.424357449,140.876741164
168.442800138,140.906214266
168.426462995,140.901249478
168.375767193,140.872317021
168.360181669,140.870504536
168.360301678,140.884061996
168.369852659,140.905280903
168.371040373,140.921998868
168.361132916,140.935353485
168.351181967,140.926359741
168.338676159,140.920341221
168.344289059,140.923243159
168.360201947,140.926805746
168.377168128,140.923605803
168.359836769,140.933116772
168.323700599,140.937195393
168.297900181,140.95565535
168.299081904,140.954909274
168.306252818,140.950375701
168.301276106,140.923601797
168.299993318,140.905097031
168.304292322,140.925572304
168.311459615,140.936165885
168.293896922,140.924008552
168.264711739,140.901099439
168.233639505,140.904743009
168.228930492,140.914315135
168.232876049,140.923243432
168.236051854,140.938896937
168.216682713,140.942968832
168.212378146,140.940725896
168.161478284,140.927982344
168.136584252,140.925638666
168.098900069,140.927097151
168.064380996,140.935528673
168.04466914,140.946126843
168.022047812,140.963110262
168.003582194,140.97075697
167.975755644,140.972455948
167.945329601,140.987511371
167.932751745,140.991348842
167.909567604,140.959331719
167.895637684,140.95948225
167.907983349,140.960197681
167.928525971,140.966479604
167.913849269,140.946582595
167.886827782,140.929034646
167.871430717,140.945378745
167.86162656,140.955678602
167.886839319,140.960854305
167.886022705,140.954242184
167.865013554,140.935664874
167.870481007,140.915297475
167.880694616,140.9091804
167.903153443,140.926542754
167.899622976,140.949317578
167.878567196,140.990551835
167.851100889,141.010553631
167.815891008,141.016039486
167.793016273,141.025168958
167.790110264,141.02643893
167.8037433,141.009904351
167.808908866,140.974945397
167.80111182,140.987597205
167.776937988,141.023044912
167.746481793,141.001514001
167.685585644,140.962311859
167.564429223,140.90164985
167.490182636,140.89621037
167.41057592,140.894558093
167.376976143,140.904279734
167.360682428,140.922086187
167.349369235,140.94823076
167.355120426,140.952864607
167.412781036,140.933990336
167.466502237,140.921918095
167.516071652,140.908493415
167.565130825,140.90848856
167.565719424,140.922063606
167.570563891,140.939894278
167.596173191,140.960119674
167.630211568,140.962499027
167.715771615,140.926162095
167.819889221,140.822865044
168.042298035,140.623175481
168.25444884,140.369745139
168.488304247,139.909047035
168.800436947,138.89426153
168.803133459,138.130479511
168.590830353,136.347204443
168.325889782,134.937787459
167.908771773,133.267348144
166.816755581,130.173237885
165.645234618,127.766952077
163.772789132,124.324889554
162.480620224,121.917267486
161.151166294,119.648497872
158.967144095,116.382785337
157.492107073,114.459256274
156.080514315,112.799325659
153.953573661,110.749230251
152.435640713,109.492449358
149.717957463,107.927664894
147.517814184,106.853674402
145.064153302,105.860800557
141.245642685,104.579314302
138.844630583,103.989713341
135.948989346,103.301276772
134.481914614,102.969688722
133.246370177,102.741644625
131.52219302,102.392361003
130.78616567,102.417581645
130.434070869,102.581091924
130.578393944,102.652505918
130.837984301,102.701755482
131.39131921,102.750608216
131.710676126,102.629531315
131.947855518,102.590927562
132.318514152,102.553583804
132.906062383,102.599846815
133.88320299,102.679693639
134.809564232,102.815331901
136.762756285,103.223341532
138.460798738,103.623436547
140.364820634,104.242404736
143.453116866,104.826367103
145.66916663,105.532858156
149.193494328,106.372209279
151.685179973,107.378784395
154.238559022,108.501410245
158.079286704,110.240339089
160.648497653,112.051937392
163.08796347,114.356409861
166.652471641,118.335667842
169.068394276,120.866543986
172.474894388,124.310443126
174.421552258,126.604115448
176.04924943,127.620442563
177.669798574,129.898192016
