185.527133431,79.0971094584
184.448109579,78.8453888614
183.697527063,78.691547314
183.15642887,78.3304836751
182.127711478,77.6278631721
181.518760316,77.3375150072
181.110166267,77.1671553256
180.615456519,77.1963767789
180.26126081,77.3012576676
179.718162042,77.2597930899
179.372892164,77.119949976
179.140389426,76.98795968
179.080121502,76.9174765854
179.022143404,76.7557804454
179.020995115,76.5737534272
179.119816274,76.3615034334
179.270047749,76.3302433483
179.614286343,76.3272605295
179.721572968,76.2818910298
179.81484543,76.2774482622
180.090769059,76.2178528544
180.589287169,76.0843056349
181.425461731,76.2812861041
181.956983123,76.4081287518
182.558905398,76.4395874077
183.681088033,76.2288148783
184.609356124,76.0231061015
186.161046423,75.8244140956
187.156662822,75.8577933147
188.167619145,76.0094678654
189.473372345,76.1935749418
190.170806298,76.1165235095
190.962662245,75.8313092131
191.338729416,75.4435087604
191.606651231,74.9744552473
191.744887253,74.8410590609
191.910089822,74.3551461525
191.954993375,74.203888477
191.967849442,74.1254276249
191.987410427,73.9867568939
192.037296713,73.9225392761
192.080994905,73.9050586748
192.054674054,73.9335052378
191.964345293,73.9258569144
191.813747275,73.9623556875
191.610412859,73.9308296733
191.472708019,73.9421938962
191.321887418,73.9463073496
191.243168165,73.9428828336
191.190133728,73.9268806038
191.09750152,73.8423690998
190.938553812,73.7730406757
190.785288435,73.7215801305
190.37719697,73.6893954051
190.073030193,73.7187012765
189.445793972,73.8006925537
188.959926855,73.7499221229
188.400572317,73.6935482037
187.340417421,73.3941882322
186.55735063,73.3102248451
185.163938186,73.2063038175
184.054662061,73.2729625678
182.67702713,73.4145738875
180.226763356,73.61678685
178.276305181,73.7121571868
175.2270391,73.5814640225
173.188982972,73.5377194233
171.189498139,73.4069857793
168.374769292,73.4606262071
166.510380702,73.4500766408
163.780485961,73.3380763472
162.098865081,73.2657300333
160.492495673,73.2472282826
158.415664568,73.2024209069
157.248857034,73.2385416532
155.648986599,73.1698114358
154.767279895,73.011644549
153.910390922,73.1067186013
152.952947713,73.007359243
152.366867127,73.0000882603
151.576189634,73.004246275
151.058968047,73.0199846664
150.463513724,73.0027930026
149.217012985,73.2443557096
148.302229469,73.3388260667
147.357509933,73.4217410692
145.785243615,73.4783551917
144.64221114,73.488974785
142.732142764,73.5616835956
141.205367339,73.8116863003
139.580936723,74.1407379746
136.921277062,74.829908514
135.014442799,75.3517872695
131.827528633,76.6259849197
129.654086145,77.6638417052
127.46072197,78.704993835
124.328911525,80.1751176077
122.385428852,81.0741469396
119.731184635,82.1382881123
118.168744816,82.8931954984
116.640790247,83.6285784639
114.281227406,84.4546311192
112.756519522,84.9808362523
110.814523857,85.6950277039
109.618670475,86.2729686575
108.556563332,86.7122236083
107.075247094,87.3249941099
106.078794365,87.5974982479
104.684161587,87.7670840601
103.957237704,87.6370800456
103.725341401,87.0861778548
104.672831995,85.5024520981
106.308734051,83.8571511751
110.33178683,80.6133600514
114.091848184,78.5052815081
118.43337321,76.1974126736
124.848283574,73.9388837189
129.228390836,72.189559106
136.588549699,68.8046220115
141.836919694,66.2663653069
147.1718376,63.6800872096
154.773579397,59.9777764778
159.487104856,58.5282869672
163.92453692,57.3082374748
169.578806385,54.8812593946
172.524370031,52.8101379048
176.370048194,49.443158965
178.530949395,46.607592726
180.062213738,44.3858211511
182.16624474,41.582940544
183.266820445,40.4252557064
184.08708985,39.7522867275
184.045920482,40.2658662575
184.264739902,40.5191937122
185.09001716,40.5745005782
185.876481597,40.4458066353
187.333185896,39.9045984143
188.58367103,39.3617602849
190.00672207,38.573932983
192.704705235,37.1711790342
194.942050077,36.1357624808
199.286064972,34.2238163008
202.765867147,32.7564894811
206.18909303,31.5435129283
211.634566462,30.1361481683
215.021201208,29.5460969147
220.48389408,28.7762475448
223.457539908,28.5886076255
226.179160346,28.5794978996
229.188784576,28.801648831
231.324204674,29.0060571417
232.453129022,29.8012209794
232.621897725,30.6199380847
233.208940779,31.5920497061
234.589620798,34.1510627926
236.01046687,36.3040332478
237.582506936,38.721687249
240.11421355,42.6120647578
241.538587346,45.2719028496
242.752119486,49.2168486403
243.460020037,51.73371516
244.178475601,54.16678458
244.119570802,57.1844645085
243.797851144,58.8012186489
243.357297509,60.6950039821
243.034790624,61.7850442522
243.305975364,63.0204290746
243.054352273,64.7535441022
242.715713398,65.8393469658
242.214133356,67.474463954
241.744449485,68.7210306265
241.474716319,69.9391012043
241.535119711,71.9439474353
241.368820033,73.4388414328
240.638185691,75.7272291736
240.038700171,77.0847648134
239.430082488,78.5982104681
238.64668158,80.6655645402
238.353971566,81.9877528523
237.940720162,84.0457686425
237.746532531,85.4627524788
237.425111727,87.1537144275
237.54115918,89.2588706506
237.950438989,90.4870358012
238.521176166,91.6353477513
239.620376334,93.0366784479
240.771734164,93.755147977
243.031132104,94.8314883113
244.577362927,95.692135397
246.121214102,96.5977027373
248.159561958,98.1130540303
249.217675075,99.14256222
250.644995798,100.838072246
251.374429865,102.040823101
252.039251933,103.225691051
252.831941362,105.403524108
253.310982363,106.941041139
253.69606688,109.246088444
253.618595795,110.940079857
253.235780197,112.702534701
251.920511891,115.37860684
251.167659767,117.062062251
249.847713513,119.539339787
248.738714355,121.456372851
247.630761147,123.045926937
245.889487579,125.46436923
244.753519308,126.791818239
243.085262709,128.62060861
241.930393827,129.76071105
240.788564071,130.96844695
238.899080172,132.328095614
237.827296294,133.446772651
236.132521694,134.557277364
234.984289841,135.006826599
233.835852447,135.429078611
231.886921119,135.824376255
230.166695928,135.941631829
226.4972903,135.067137736
222.950999746,134.254876537
218.603932806,132.848764514
211.163922327,130.713443619
205.675397944,128.885904355
197.056901074,125.764690755
191.296949606,123.402571572
185.500325283,121.063086133
176.895813069,117.542115145
171.138348722,115.191804418
165.671112865,112.854385021
157.969875825,109.425373919
153.3743603,107.307394339
147.624120373,104.147698575
144.520332301,102.196017335
141.849996373,100.467322609
138.742211073,98.1433266037
136.912617268,96.8470303264
134.195489757,95.3224372746
132.392220074,94.749719003
130.593275054,94.1062773052
127.907882831,93.2771458017
126.03458665,92.971628352
122.879996285,92.7189725565
120.576634811,92.5901758919
118.060743664,92.3553141168
114.003791608,91.9117561257
110.936554064,91.6612981696
106.145048543,91.4352452457
102.788121753,91.205085739
99.4364469951,91.0381431765
94.6780202871,90.799096574
91.7198589905,90.7370372252
87.7619335824,90.4097905436
85.4666235912,89.9981377118
83.3565540351,89.7971720746
80.5975153056,89.510140922
78.7940936691,89.4202021343
76.1429074011,89.1104359424
74.4440466528,88.8644266273
72.8759916008,88.5941891022
70.9874085737,88.0231667676
70.154596666,87.4191205285
69.6102986976,86.7822020427
68.9340803178,85.9184277659
68.4231462485,85.3391791427
67.696579478,84.4439806625
67.2997147883,83.8875819988
66.9756220458,83.6195799377
66.6878881185,83.3694151376
66.4764993788,83.5176254167
66.0168433688,83.2632318052
65.6181985171,83.028039989
65.136115097,82.8343584863
64.278784325,82.6704285031
63.6640160606,82.4831037618
62.8316043272,82.1585349636
62.321695504,81.7922763625
61.8449208163,81.4717850763
61.02880633,81.2963887442
60.4303360741,81.2118133775
59.5749221026,81.174196613
59.1566802063,81.0266305539
58.8586413736,80.8898985306
58.8011403663,80.7135502898
58.6840530547,80.6341051549
58.028664194,80.1927877377
57.3689149687,79.8900876228
56.6391597356,79.6022087637
55.7241755926,79.2115271945
55.2140423338,78.8441799574
54.2823895593,78.2062262396
53.3764019651,77.8709992112
52.2171830174,77.5268409627
50.2333157087,77.2752715535
48.7887936632,77.1821197934
46.6214502788,77.3592268386
45.1801819352,77.5669805614
43.6426462204,77.8768229584
41.1397498712,78.4205806154
39.3450777517,78.8189313141
37.4048052723,79.2186506677
34.4920966862,79.9120167058
32.6909218847,80.3089354419
30.1690327317,80.8632358637
28.6747036095,81.1251162105
27.3146130305,81.4724634076
25.382293081,82.0367451067
24.0688138493,82.4241094375
22.2048079374,82.9658341118
21.1368345548,83.3339133816
20.2098579157,83.7356578462
18.9269877642,84.031708628
18.1858371575,84.2791898601
16.9462108735,84.5886218908
15.9904545369,84.8871941438
14.9881039478,85.1778926732
13.5334178608,85.536762086
12.7068458216,85.7958247738
11.5506633169,86.0940648804
10.6714974253,86.317351791
9.67729870836,86.53838833
8.18483469274,86.8206414733
7.40058237162,86.7506535515
6.57562988867,86.6425281961
6.15224342153,86.3635201621
5.81012695249,86.2988163597
5.27065068638,86.4204228362
4.89240921919,86.4239246307
4.39975441666,86.0565449383
4.15840197584,85.6857458944
3.88558594215,85.2285724933
3.33527515873,84.5197135714
2.82135810556,84.2172941668
2.28976069725,84.0901167852
1.30972917996,84.1357085102
0.595209061438,84.1653505499
359.762570146,84.0279661984
359.372941665,84.2256511391
358.92469536,84.3098415083
357.783678356,84.7340892175
356.947122536,85.1222985541
355.736588845,85.3298222988
355.132831,85.3317021762
354.572952239,85.3760406543
353.777949745,85.353346011
353.264503352,85.2760626217
352.763269489,84.9762433336
352.872536881,85.1780799162
353.077476149,85.8089746697
353.084286734,86.0330271152
352.919579141,86.0638449372
352.557749349,85.8670558627
352.511578204,85.512088465
352.398267902,85.2230057524
352.000167422,84.9160670815
351.50087637,84.9146058558
350.679266505,84.8492616892
350.107774655,84.6557423916
349.481860452,84.440929396
348.743151792,84.0399530679
348.28918405,83.8934898569
347.821544279,83.7877969482
347.575623372,83.780126588
347.135942515,83.7811882211
346.432490862,83.8117100825
346.007158548,83.8892121386
345.662331122,83.9349439813
345.00068843,84.1402188068
344.545198366,84.2911610851
343.844913612,84.5058344401
343.453619163,84.5583492428
343.036743081,84.5834208371
342.223011072,84.5656216472
341.632959631,84.5241766538
340.707857103,84.5356652239
340.183784086,84.6192733193
339.798879256,84.6983970705
339.469559246,84.8611581146
339.317630094,84.9649518899
338.954348227,84.9901145809
338.651491972,85.0047456508
338.162817349,84.9043022384
337.454349924,84.7973382503
337.005814959,84.7758654075
336.300623516,84.7434730516
335.830874535,84.8017369791
335.270672357,84.8422116666
334.231396958,84.7853014095
333.55090952,84.7440362378
332.457682106,84.6573457215
331.723910022,84.6156710359
330.875715155,84.7202015208
329.299218775,84.9366739582
328.089345473,85.1606703016
326.083258732,85.5841079405
324.642709658,86.0029988017
323.344258939,86.3873730409
321.481792689,87.1259014519
320.304836508,87.643719471
319.073911043,88.2742439943
317.045349807,88.9364565766
315.760492895,89.4695899221
314.363091738,90.4358658325
313.645199153,91.3105748231
313.13027431,92.7727573843
312.274109793,95.4475695959
311.67419632,96.8874398209
311.010286001,98.6463389784
310.685980237,99.5601217693
310.326865888,100.211064389
310.153815286,100.63579783
309.915029287,101.10440669
309.558139307,101.599393156
309.394783553,101.690421644
309.229392783,101.816576629
309.074811705,101.784104132
308.986572524,101.694195739
308.971404022,101.549413193
309.033610002,101.404423301
309.273773341,101.228417355
309.93534942,100.506395094
311.221452226,99.2949691305
314.51523952,96.0995082562
317.456427036,93.4308253134
320.924038361,90.7409367026
326.52626377,87.8684346789
330.233399661,86.0281573565
333.657629733,84.6544551937
338.688520697,81.7347800418
342.00398893,79.2923723163
346.64229772,74.9041611538
349.796584987,72.4106532054
354.083319741,69.0545781621
357.194248002,67.4997077782
0.397434355258,66.1310062312
5.92158734873,64.5863671176
10.2095272085,63.9874777346
15.0155295186,63.4298577438
22.0371639317,62.2669046161
26.5349277731,61.5455444821
32.9292849715,60.3960309599
37.0647599993,59.4019615961
41.1574686334,58.4481614921
47.3904251226,56.6758571042
51.5929565158,55.7809508403
57.3382990674,54.892497063
60.9850847949,54.5864023938
64.2448646797,54.6474885507
68.9062372659,54.9236573657
71.7824477524,55.2238747935
75.8389604665,55.5466920111
78.3373863606,55.7479509452
80.6826539686,55.9637953802
83.7946015944,56.2854600719
85.6232178663,56.646157054
88.0900886181,57.1530014666
89.7762597034,57.4627413087
91.5537823052,57.6660939892
94.1482525416,58.0047129484
95.9941580029,58.1582336154
98.6813492412,58.5914079423
100.324498523,59.0471759445
101.891561674,59.5767291531
104.353930148,60.5431996093
106.008099442,61.3003245285
108.853669092,63.0948490633
111.051603617,64.0739471453
113.171313551,65.0910781511
116.09167312,66.3602700468
117.899735374,67.059546063
120.330735216,67.9886277759
121.78155497,68.498544417
123.147299018,68.9399684645
125.127537175,69.7793831681
126.432322952,70.2975482429
127.867669891,70.9428990791
130.076840843,71.8826965823
131.630590464,72.4464799456
134.099470241,73.301512168
135.839514858,73.9055880427
137.655726119,74.5671123267
140.348794139,75.5216039203
142.013164642,76.0755519746
144.312118612,76.9148549587
145.717695273,77.3585332106
147.105377878,77.7867614511
149.298192565,78.3491039703
150.871298973,78.5971437465
153.213906607,78.8505316409
154.850362014,78.8910425838
156.464706846,78.9644603661
159.090732362,78.9644151638
160.872381327,78.9242567356
163.405082868,79.123103783
165.080664081,79.5082308152
166.68121144,79.9118871405
169.16064331,79.916324892
170.753142268,79.6624596945
172.987797624,79.2503237676
174.476150522,79.1799658063
176.077261501,78.9982379436
178.56576752,78.8550230307
180.132661774,78.9377623853
182.652600685,79.1995983943
184.30929389,79.3430343912
185.760370411,79.3359808002
187.147212219,79.4471904992
187.545859348,79.4404840438
187.699636381,79.4531254007
187.448974262,79.7501947315
187.062560414,79.9229109698
186.347742338,80.3646165172
186.027511256,80.529076487
185.991612653,80.8213262151
186.356174163,81.3931204274
186.763316046,81.9184719373
187.409248881,82.6896185987
187.894209344,83.1476715059
188.538581315,83.5607849874
189.917074026,84.1079134632
190.897812569,84.6113431812
192.714812929,85.1481372556
193.966098611,85.8779628576
195.335341481,86.7341593772
197.859669058,87.9177956566
199.749081797,88.7928036244
202.57371703,90.4709639209
204.283197719,91.9012115378
205.788513309,93.387043085
207.858504597,95.5604477983
209.307225165,96.8704538026
211.502943142,98.841466272
212.837372234,100.101214306
214.116212925,101.127732718
215.657631481,102.231980017
216.634975434,102.670348834
218.078670255,103.752880885
218.939028025,104.762382261
219.617957423,105.771718145
219.429957444,107.055943445
218.25594179,107.101576076
215.967128115,107.018944562
214.467117357,106.767984859
212.953901034,106.331847603
209.750926483,104.721688713
207.212418664,103.418637192
204.386873309,101.928409182
201.010403902,99.741066188
199.364025101,98.4857131113
198.012796016,96.7112929504
197.211668841,95.0023946835
196.305854573,93.3153076213
194.986892802,91.8070264427
194.464417468,90.9069247194
193.818128798,88.9874784138
192.556254271,87.5057478741
190.403461778,86.017740152
185.547127509,83.7418240298
181.959738494,82.095819342
175.688833495,80.0892216356
170.585093992,78.6320528877
165.072429505,77.6069211946
156.19959157,76.5198594752
150.21828107,75.641267828
142.240750071,74.2145265732
137.403709114,73.4508837228
132.969352936,73.0734082777
126.82794992,72.7031042506
123.036379828,72.2147130061
116.989644593,71.8248384907
112.732395724,71.5600683725
108.294799565,71.6349268019
102.593465166,71.8800242359
99.7063264408,72.0245421098
97.1878633411,72.3401335372
96.3384693684,72.4445169098
95.8877661741,72.5087614899
94.6904489816,72.7318531232
93.8819917793,73.0149551202
92.9908133829,73.4405685475
92.0319860539,74.0973063436
91.53568637,74.5196264787
90.8424371807,75.3843716015
89.9218765174,75.9629504157
88.8629268522,76.7277449847
87.3997064346,77.7656395048
86.5498592712,78.426715029
85.6320242276,79.2169025534
85.1916826593,79.4958474728
84.9818328275,79.6809412447
84.8769111167,79.621390428
84.700850176,79.6423860829
84.2836144624,79.3770602279
83.7283199173,78.8160458159
83.072248182,78.2119225723
82.6367788331,77.1533658538
83.1042745145,76.1998260489
85.7996504424,74.2412140056
88.1297184696,73.0362819147
90.1206395402,72.1547575525
93.0855007222,70.6927147282
94.824775402,69.9536147702
97.4332017782,69.0656412522
98.8188032126,68.6236848383
100.470950307,68.2820749475
102.689589273,67.6705648708
104.264265265,67.0043085567
106.808335083,65.0429466635
108.380885459,64.4710722133
109.490662336,64.7674295733
110.923759728,64.8352112183
111.979504174,64.4560564246
112.996804564,64.2280383697
114.426453759,64.0936194155
115.258259242,63.9749399073
116.360504148,63.8122774759
116.985533996,63.6041297727
117.606619115,63.3961811225
118.482620355,63.0173850484
118.948287702,62.7947126202
119.625555649,62.4514273901
120.1095609,62.1924508688
120.533487687,62.0033049885
121.172742974,61.7394101989
121.599265582,61.6205938655
122.205866895,61.4514975768
122.547016256,61.3673639951
122.840940394,61.2436600384
123.318555644,60.8356944992
123.598413348,60.3544978416
124.148965732,58.9616392952
124.732657421,57.548854985
125.296556523,56.3795458234
126.137041787,54.2318974459
126.54743138,52.8443599214
126.632323148,50.9548337675
126.35104467,49.9156058334
125.816769296,48.871522552
124.754468858,47.625022048
124.029804142,46.6189065158
122.613344352,45.9954093454
121.797508741,45.5569279299
120.911592426,45.2638251353
119.010007257,44.8824277106
117.556514859,44.7093313687
115.232646406,44.8315082267
113.840667601,45.0337027444
112.268450452,45.3095402429
109.337798925,45.7681103435
106.872970751,46.1559393849
104.292024713,46.3298959224
100.266275129,46.7543075801
97.5787846765,46.986915247
93.7670515881,47.3765001174
91.4431628116,47.672663633
89.3398605981,48.052169697
86.5551500712,48.5672374403
84.8903372711,48.9382718494
82.7364576156,49.4456538327
81.4872801854,49.7719371711
80.3184361683,50.0903275692
78.821537394,50.3852341222
77.9324903502,50.5620315207
76.8034884127,50.8665155805
75.9724468936,51.1551824592
74.8883141881,51.6695754043
72.6195590506,52.8655988367
70.8807431083,53.8022107162
68.1271716532,54.7273650665
66.2565728895,55.2781858938
64.480054689,56.0399344468
62.161490234,57.2406250417
60.8133490903,57.8946970711
59.108637988,58.9866120114
58.1477274956,59.5700325891
57.2827570968,60.0939934587
56.1857905246,60.7916043295
55.6218217818,61.0937259893
54.9813437873,61.4140998412
54.5548565557,61.6091718715
54.2004085521,61.7879967144
53.715269163,62.0758233132
53.5193994321,62.1769983619
53.4310190444,62.2905223249
53.2411336324,62.3967752076
53.0823427397,62.486555895
52.8542363904,62.6125947382
52.7447739788,62.734580265
52.6384486784,62.8544173638
52.5866559809,63.0513844642
52.6079746329,63.157575828
52.6501799766,63.2905298394
52.7135278784,63.4463310469
52.7298470279,63.6173643381
52.7079528782,63.9219127226
52.6615726408,64.0552305939
52.5137247383,64.3174334258
52.4343320095,64.396074662
52.2710428171,64.4733408276
52.0410730154,64.4489574053
51.9682843987,64.4166138833
51.8791805039,64.3719963716
51.8773419362,64.3279548467
51.8782127908,64.2567448209
51.8856436724,64.2476763992
51.8309352345,64.2603417035
51.7367399061,64.2943016265
51.6611213815,64.3024548087
51.5857616745,64.3220169037
51.5209587722,64.316212088
51.5134775013,64.3401431044
51.5438937434,64.4742241237
51.6093615861,64.606899536
51.6840828571,64.7121836669
51.8217661416,64.8737073077
51.9125669517,64.911256994
52.044380314,64.9746062849
52.1618189129,64.93323242
52.4398022118,64.9342006094
53.538870953,64.89695618
54.867714928,64.8667639209
56.4864595728,64.8174689013
59.533143008,64.8831392992
61.8035783757,64.8482451444
66.0550500934,64.7329090294
69.3417328419,64.4818716432
73.0631766535,64.3087924706
79.2782522816,64.2851692827
83.6695408463,64.3779372165
90.745496654,64.6982812325
95.6000989259,65.021644102
100.334405325,65.511425618
107.025365326,66.2945558239
111.068482029,66.8646114037
116.284722384,67.6505984395
119.132142443,68.1638757524
121.436002387,68.6157145466
124.634904546,69.3935018931
126.766703193,69.7616215112
129.790913096,70.3102154765
131.802419632,70.7742027361
133.725860592,71.0718285128
136.460292118,71.9250615081
138.044754971,72.2793230267
140.163351198,72.9052604116
141.29998897,73.3396897624
142.335356216,73.6809081303
143.685434544,74.2165005278
144.499586623,74.5172605368
145.539923427,75.0285246845
146.151912138,75.4168110297
146.651018659,75.7626338087
147.216225188,76.3581396616
147.455586399,76.6637743283
147.720903214,76.9748474793
148.110385838,77.3907162407
148.397982964,77.6285295221
148.604323219,77.9195620434
148.639405765,77.9921745446
148.657667801,78.1049996472
148.418724643,78.3750606533
148.091372897,78.8727577678
147.877837181,79.642294113
147.934759534,80.1328046581
148.235697698,80.6258887967
149.299788206,81.2702130252
150.564124981,81.5847688256
153.643366437,81.6694544306
155.932554662,81.7539456593
158.133411992,81.8554398504
161.010731926,82.0990097913
162.671558914,82.2087778252
164.749797392,82.2547034521
165.918524975,82.181278965
166.880842979,82.099953886
167.885525974,81.9174392921
168.322620587,81.7855800499
168.746173517,81.7373500007
168.682335276,81.6988018638
168.637157313,81.6861940068
168.404037094,81.6201665761
168.369739008,81.6478254596
168.66432879,81.8890243674
169.159012967,82.0129798416
169.531324159,82.1179409838
169.99853996,82.2650454389
170.203688133,82.2749220418
170.277017783,82.1599729157
169.997340912,81.8871798251
168.829064543,81.4030736653
165.646721694,80.4830200789
162.915944138,79.5159834041
159.739001747,78.3616307229
153.524166718,76.2495043648
148.754368993,74.7777521302
140.786682598,72.5990697975
134.617636677,70.9900759704
127.883212913,69.5568553102
116.256134207,68.0660178005
108.223007189,67.189463563
96.475816125,66.2707699074
89.0468826214,65.846236131
82.2620509981,65.5246285974
73.3629902832,64.5734671091
68.3941024489,63.2614618022
62.4447522767,61.3613648416
59.1408590488,60.8835045771
55.8255854365,60.5358948883
51.2264387185,59.5607950699
48.5896531769,58.7225115329
45.3563558821,57.093535058
43.8225506182,56.1831340408
42.8252784548,55.8117391879
42.209095619,56.0448743726
42.0475295295,56.0408041713
42.1441196759,56.0895856843
42.1276329088,56.1553080844
42.1267146626,56.2714205155
42.3653645331,56.8711859171
42.7350198163,57.3409261409
43.5275795465,58.2959923235
44.0943664893,59.0786082729
44.7769683587,60.0771462471
45.6939800704,61.8854975054
46.481334153,63.3213281098
47.3314793353,64.8614318161
49.5389417127,66.9238411055
51.9551235765,67.5014092289
56.7518988551,67.7490616966
60.8054085026,67.3122444884
65.2131308089,66.5475030972
71.8751335048,65.102160879
76.2571020659,64.1095547104
82.8854043131,62.1296535545
87.5060425845,60.3587263951
92.3204788047,59.3186547166
99.4955433868,58.866913973
103.946459296,58.7291906239
109.819747971,59.4410172595
112.941688943,59.9646050262
115.529806457,60.6295059998
119.107589179,61.5539671868
121.096131589,62.1445725428
123.366750869,63.0342872206
124.233245122,63.4928662132
124.605974952,63.9547873019
124.292362858,64.4403396381
123.581955015,64.5640567207
122.562644308,64.7616939497
120.788760975,64.9439185126
119.522093489,65.180050249
117.689948583,65.7181349352
116.713582302,66.1824177206
115.302192993,67.0931224903
114.672657225,67.7775450212
114.212322551,68.4420610434
113.663701915,69.5546379625
113.335446184,70.3759931636
112.888925565,71.4734178889
112.60048405,72.2252015229
112.295292696,72.8893490498
111.77033059,74.034843755
111.473866111,74.8064882639
111.197062309,75.4992306345
110.788836745,76.3697111842
110.56842579,76.7865434527
110.292144671,77.2036917179
110.23932679,77.2799445841
110.07623769,77.692118345
109.885429684,78.7781196192
109.740570814,79.5669100166
109.50058341,80.7321907073
109.353308205,81.5912308602
109.253507046,82.4629788247
109.092486164,83.5768772113
108.968302136,84.4280282697
108.705055325,85.9341529776
108.371854017,87.4434945598
107.799681259,89.4690787975
106.903337656,92.2564818979
106.393382643,93.8769278359
105.581017249,95.6059921834
105.05090004,96.5628543445
104.512058499,97.0596473851
103.703534631,98.02744146
103.295690443,98.8179861279
102.905716826,100.000519954
102.908670578,100.589533737
103.06918444,100.805699429
103.619315518,100.66645994
104.32735782,100.324667099
105.723966366,99.5391250301
106.924606032,99.0021078219
108.255596885,98.6919161698
110.414914863,98.4319886919
111.795558814,98.1331579819
113.09309188,97.6390270428
114.624811049,96.54817194
115.379272448,95.5833276847
116.184073232,93.8987954402
116.542364261,93.295821381
116.927182318,92.7080546463
117.637817852,92.0068665308
118.278606198,91.2440411226
119.30527279,89.9015336467
119.931671507,88.9004972977
120.548198248,87.9157419667
121.341796785,85.6583156486
121.755519621,83.7653342066
121.808533403,81.3835289979
121.660020113,80.197769592
121.32392395,79.3098521511
120.742029966,78.5905459726
120.456083062,78.3421375938
120.476697111,78.2481434076
120.596541369,78.0744406914
120.995246812,77.8691481941
121.915904024,77.5665484942
122.655484995,77.4000845382
123.642025528,77.1464599467
124.255878972,76.9705387637
124.833351508,76.7560945776
125.717112205,76.4526595346
126.380661179,76.1959380808
127.58711281,75.848788748
128.597003739,75.7385968538
129.579543636,75.7476352766
131.129287276,75.8712731187
132.136550254,75.9883071926
133.202518352,76.0810489456
134.806834723,76.2403301643
135.935549966,76.3867239367
137.528754616,76.5239228168
138.571800421,76.5328791095
139.537079446,76.622844434
140.865924752,76.7181593719
141.607821128,76.8387301103
142.614998835,76.9443892176
143.183503321,76.9994584508
143.740945637,77.0586531341
144.589757247,77.2431063488
145.211325578,77.3744459721
146.183087775,77.5811196783
146.826707654,77.7422053269
147.461903798,77.8982019142
148.362145896,78.1676144888
148.951262502,78.2771871444
149.842325993,78.4041150456
150.417791133,78.4583955818
151.027561074,78.4986786721
151.996658745,78.5600698082
152.659138698,78.5967002337
153.649589703,78.747515703
154.3759718,78.8085144367
155.154052802,78.8498880056
156.532355897,78.8173092109
157.615802599,78.7150096445
159.682229233,78.6491050158
161.31249723,78.7217932345
162.995454002,78.8319975438
165.418823545,79.1360629369
166.935265018,79.2024577527
169.053462883,79.3220739557
170.34403068,79.3699009402
171.546880456,79.4724272637
173.312897468,79.5028053909
174.460403655,79.568447703
175.631225974,79.6671212982
177.22606617,79.9022616026
178.198098361,80.0336052214
179.878340994,80.5057607967
181.100280913,80.8357616977
182.350535917,81.2770226609
184.18706168,81.787975216
185.361558751,82.0302853813
187.115479068,82.1807431853
188.279266538,82.2993351784
189.569717784,82.5218847864
191.63123412,82.9721995095
192.967003841,83.2776626681
194.787947372,83.6263872752
195.88833732,83.8104102613
196.943094383,84.042123695
198.589714634,84.1914687264
199.72334446,84.1370170342
201.477659502,84.0717205887
202.599512389,84.0612355082
203.680773347,84.0201095126
205.03646926,83.8977039053
205.868986331,83.6674127237
206.973756262,83.2439967551
207.723572501,82.9464005296
208.487190328,82.6427624487
209.780952705,82.097942975
210.686491736,81.8514317444
212.084192095,81.6700882035
212.932038729,81.6268183357
213.705884936,81.5413706584
214.656989584,81.3560921508
215.132387214,81.2622207273
215.543164217,81.240125216
216.011168305,81.1242132972
216.238258838,81.1012768258
216.470087645,81.0460625261
216.546245153,81.0264568371
216.616169074,80.9714077784
216.569477083,80.9049306181
216.426268816,80.8337501155
216.165677382,80.70171957
216.007632431,80.6244224267
215.848396773,80.6205141707
215.591543877,80.5999644346
215.305762877,80.6541104963
214.680620399,80.5884679943
214.15696604,80.5551806904
213.579606732,80.3641320516
212.478427783,80.1243768424
211.636926636,79.9346853837
210.169495018,79.6337331403
209.0599565,79.4822716679
207.905123872,79.3254276918
206.020244815,79.0838305385
204.705021479,78.8226896986
202.646487182,78.7346209432
201.260369507,78.7456674369
199.779365331,78.8326096082
197.368721924,78.6634570776
195.773673289,78.5011502589
193.261497254,78.1881209468
191.648750631,78.0220147178
189.891977141,77.9411950362
187.259278456,77.759310467
185.447155985,77.6459586299
183.584435791,77.4500279771
180.719588429,77.2441636328
178.788505693,77.1545640634
175.410204532,76.958284308
172.954951684,76.9206011412
170.576784069,76.8467170771
166.938881352,76.6908128291
164.782967894,76.6598175302
161.881753847,76.3879437966
160.128118162,76.1843092058
158.476664228,76.0202699028
155.962125823,75.6251874797
154.301043523,75.3906242049
151.702027081,75.0747037426
149.968228578,74.8169128468
148.340808748,74.583888525
146.149755101,74.4180233779
144.860940237,74.4135376421
143.158726153,74.4116833934
142.12119801,74.4507309905
141.115495759,74.5595564008
139.74590149,74.6164641771
138.811902018,74.619278557
137.445758771,74.5312955545
136.593653643,74.3917069915
135.762590282,74.312492355
134.657192784,74.3257813635
133.851525862,74.4780625746
132.628508745,74.6480136107
131.714623406,74.7193977199
130.637311032,74.7155309469
128.719427349,74.5191342533
127.160873307,74.3440191332
124.557472542,74.1736728733
122.928884057,73.8913505565
121.452300083,73.5958120954
119.397119174,73.2629066686
118.068280904,73.2203486957
116.60800048,73.1323399436
114.402371567,72.9166814838
112.842883255,72.702434211
110.392551129,72.3966184955
108.735149043,72.2444295784
106.925575338,72.118298374
104.083236119,72.0320484786
102.120940391,71.9742920894
99.2418897953,71.8679822073
97.435931014,71.8517993324
95.7663253836,71.8677021738
93.4668462117,71.9702367173
92.0865819331,71.8665962997
90.1471964068,71.8332367512
88.9555734613,71.3024474501
87.6687804184,70.1911662107
85.8886868347,67.6646505396
84.7806581342,66.903894259
83.1922035507,65.8193396093
82.1667724867,64.9967837433
81.2578763221,64.3340281221
80.2713348635,63.5558988722
79.8535368675,63.3150048439
79.4382567648,62.7292534174
79.0879251896,62.4686247866
78.7614169446,62.0455080716
78.1334445757,61.3909510832
77.7948507995,61.0074776525
77.3233148615,60.7193791628
77.0474638423,60.590435122
76.7333011487,60.3502007693
76.3781571573,60.0885710344
76.1354339567,59.8746021518
75.7833963241,59.6309120011
75.5025719201,59.4427286798
75.2053369901,59.3252803642
74.7782182358,59.1352619123
74.4849279873,58.9695131897
74.1364417786,58.9255849295
73.3460891472,58.7611862457
72.8646001897,58.7021039011
72.181328115,58.6748365038
71.7454662648,58.7456812548
71.3448673313,58.8127962788
70.7351462728,58.8315560634
70.3867277264,58.7891172072
70.0249671896,58.6376827924
69.8344360342,58.3997518247
69.7809570841,58.023091687
70.0615713283,56.8832847228
70.6082564583,55.3682390334
72.4157769089,52.2585699868
74.3805112357,50.1386732181
77.0912883533,48.1753414476
82.2871755297,46.184811634
86.3489376189,44.7132119472
91.9272198771,43.4900121298
95.5927189631,42.2187621909
98.6753191813,41.4479398888
102.793655665,40.0938344575
104.675260206,39.79152173
107.503943083,38.811774337
109.107221902,38.4270804723
110.522107102,38.1164643336
111.713815435,38.5135316313
112.446263065,38.9390497732
113.733616435,39.8275767647
115.000965106,40.4759997038
116.856895907,41.3782348998
121.576927322,43.080532009
125.197158732,44.4236740068
128.794361169,45.9295763921
133.810981975,48.1736844683
136.559579827,49.5115368838
139.89137684,51.2030852385
141.600886802,52.1751696094
143.0085749,53.0516789578
144.587800592,54.1583981829
145.46935527,54.9718667821
146.612833973,56.2231726398
147.210821943,57.0012964232
147.544989012,57.8176451304
147.751099503,59.0940551174
147.4822081,59.86208696
146.779229523,61.3999832117
145.94209582,62.39614385
145.083383563,63.3310301757
143.87302056,64.7484727051
143.288608349,65.6024625134
142.911713842,67.2483251329
142.932946237,68.2720986807
143.202833359,69.2674836109
143.810319572,70.5230729162
144.320977865,71.2668672572
145.020490137,72.2856713391
145.435712486,72.8876754803
145.864776495,73.2818435277
146.661266703,73.8929735779
147.323393484,74.1796445306
148.489653325,74.707509494
149.497966607,75.0456778484
150.587055559,75.3796572003
152.382039942,75.9649617142
153.50620684,76.4178080394
154.615419215,76.7917595601
156.106333199,77.3726274931
157.041037497,77.606982374
158.381617099,77.9113360994
159.207382427,78.2431267836
159.95875125,78.4378454051
161.191600345,78.8136378039
162.003510004,79.0441611565
163.191482498,79.4428753409
163.951419656,79.7408598757
164.648823708,79.9488184257
165.600650156,80.2392343429
166.178157543,80.4287380386
166.962624633,80.8206041846
167.597648126,81.0057969128
168.328059201,81.1766905868
169.683797175,81.1452554937
170.650685499,81.1286696349
172.053456591,81.3506117856
172.837014693,81.6320266083
173.547804613,81.9318230744
174.271997261,82.1472790255
174.590318308,82.2859856219
174.566615712,82.3101244094
174.540978978,82.3361274782
174.341668991,82.3895670885
173.803212645,82.2366813392
173.571212868,82.0150709913
173.438464363,81.5760394488
173.558497839,81.2133023936
173.832104825,80.9418239727
174.492244182,80.8262704444
175.071665846,80.8068471119
176.250138697,80.691643365
177.140227541,80.7524066557
178.088332449,80.8109696708
179.522704113,80.8440947167
180.50726026,80.7460617152
181.520990109,80.720929913
183.347215787,80.8301518726
184.791205158,81.1226311178
187.089298449,81.5692948765
188.622496824,81.8252291569
190.13503356,82.0950878669
192.199785677,82.4311857352
193.410332082,82.6586627927
194.893556609,83.0806467649
195.721066769,83.4155195554
196.461046823,83.7616723156
197.361874165,84.2715204456
197.880083939,84.5281161698
198.483913366,84.7875201846
198.800275588,84.8743973583
198.992875362,84.869091848
199.265047916,84.8604465707
199.360669565,84.8541314962
199.42477124,84.9038026752
199.404685684,84.9365025329
199.323396415,84.9527941571
199.185971634,84.8928625573
199.105326603,84.7711423235
198.997453102,84.5322740682
198.890719733,84.1475237822
198.798562923,83.6583278069
198.556154467,82.610594364
198.22376148,81.8761046388
197.240172233,80.8532129145
196.446816403,80.1714888621
195.756555536,79.5290468728
194.789256896,78.664992396
194.093604843,78.2579435641
193.066156262,77.8568171357
190.899179608,77.3798436918
188.528525588,76.9471654843
184.001788789,76.4153148701
180.339676074,75.9510626199
176.150138227,75.5676864175
169.826059441,74.8111567426
165.363435788,74.3435365815
159.059461931,74.0179091617
155.011546256,73.9025623294
151.271928153,73.9568850984
146.295476186,74.1247602816
143.243417082,74.3512286027
139.089718396,74.7014877053
136.696787364,74.8602396945
134.49635821,74.9603141546
131.865857379,75.2433425732
130.442445951,75.6068439224
128.85253674,76.1744432624
127.980151101,76.5482426615
127.253570101,77.0639954465
126.038427973,77.7283813256
125.242693836,78.2704710225
123.830127564,78.630269068
122.843785996,78.887736654
121.80987101,79.1641397111
120.155836762,79.67043621
118.972197388,80.0860832786
117.046454274,80.7685368027
115.625641843,81.1477890142
114.137962198,81.545487366
111.83921927,81.9559585808
110.311309892,82.2469614801
108.021929867,82.5936995989
106.566209648,82.9433047879
105.208870018,83.2117255563
103.295659852,83.6125969388
102.002324101,83.8000018758
100.750624145,83.9910632767
98.871668023,84.1026636512
97.733336459,84.249392706
96.0465023424,84.2126784677
94.8828805383,84.1762337242
93.7120542127,84.1424135336
92.0416486021,84.3120591444
90.9466723059,84.4369306246
89.3562899807,84.8085077624
88.3381891851,84.9629972807
87.2586937479,85.1814683658
85.6468246505,85.4412763438
84.494610824,85.739699303
82.6529168523,86.03226882
81.286111523,86.1374986162
79.7521473544,85.9844506266
77.104922626,85.465614427
75.2706782476,85.1628663745
72.3921518399,84.7153316303
70.4554779022,84.4960005267
68.5849980387,84.4792484558
65.8521513265,84.2897698093
64.0146435633,84.2654515064
61.1928991529,84.2071728434
59.212824182,84.2249487706
57.3367484689,84.7577796697
54.3476582493,84.4894263894
52.2988594225,83.7006952639
49.5460961433,83.0403814343
47.9287398303,82.7369726307
46.4937796437,82.457467953
44.6831654267,82.0096955285
43.7287545624,81.9306358769
42.8774091585,81.8558762586
41.8362198351,81.8984130608
41.2026634475,81.8865058369
40.2509032497,81.8655466966
39.7153119561,81.8718676571
39.2356594332,81.8378569345
38.7613602664,81.819743609
38.5659001132,81.8108607496
38.2236380756,81.8688438656
37.9296762048,81.820402001
37.6298371765,81.8211838227
37.2258883943,81.7946564252
36.9765836556,81.7601372199
36.6141213802,81.6501197952
36.4963286241,81.5553526459
36.3889531579,81.5189177977
36.30587474,81.5281422599
36.2654564746,81.5403310219
36.1992878202,81.497689282
36.1765737616,81.4508739762
36.161548773,81.4189115557
36.1178115991,81.3669499189
36.1007650098,81.3267406204
36.19480386,81.1859368072
36.4130102216,80.9932698447
36.7582217027,80.6812747729
37.1957701,80.3555435425
37.4945222801,80.190509257
37.8208849319,80.1810804201
38.1617003983,80.1310267172
38.5614215364,80.0107509943
39.3639094076,79.807963806
39.94578678,79.6132484795
40.5893219598,79.4067085863
41.477591379,78.9733008024
42.0450289011,78.7338177157
42.9540179587,78.4573548054
43.5890729506,78.3371177314
44.2375671133,78.229021189
45.1713521823,78.1203345051
45.7965459111,78.0309609455
46.8399033962,77.8457974654
47.5572318628,77.7399337522
48.3103308397,77.6377573036
49.4318039753,77.4641923711
50.2074384079,77.3557983497
51.3066528099,77.2255273243
52.0907944029,77.0585121074
52.9382819112,76.9265938522
54.1965512123,76.6597141747
55.0659714677,76.5646634278
56.3771489394,76.3410084021
57.2044739134,76.2118369769
58.0937350366,76.0929874626
59.2992148294,75.9475631417
60.1305399494,75.8445737902
61.384359446,75.7113558837
62.216203212,75.588938493
63.0744265108,75.411485178
64.3658887506,75.1636357241
65.1638982456,75.0272796772
66.3627519023,74.8542177779
67.178433907,74.7384486005
67.9573255078,74.6123950049
69.201223187,74.3153049358
70.0430634107,74.1185205096
71.437905368,73.7945109375
72.3336677975,73.5968020428
73.2080099689,73.4587775974
74.387137837,73.2960878549
75.0359209887,73.2307176971
75.6276141806,73.1329286901
76.4826211567,73.0329540794
77.1059447547,72.885447158
78.0753434289,72.6146350187
78.843575457,72.3860580425
79.8632193643,72.0495405757
81.7221846365,71.7441873111
82.6848868396,71.6452732447
83.9801891331,71.5742091919
84.500635234,71.7549624736
84.8350114477,72.053471821
85.0034469951,72.5112805784
85.0309296331,72.8780957123
85.0111543976,73.437251851
84.9872275311,73.818202479
84.9764408495,74.3425522455
84.9939872247,75.4029388786
85.0489529843,76.3801643935
85.1597977145,78.2866681026
85.3256392127,79.5076372521
85.5041674552,80.775871719
85.7691457494,82.2712108887
86.0195404778,83.2419109479
86.4319688034,84.7306629338
86.7059577687,85.8885552033
86.9807699158,86.8907325237
87.5649285304,88.3810621569
88.0565504196,89.2390325697
89.0254375502,90.4568803976
89.7239786081,91.0874553475
90.5300455908,91.6759816644
91.695956229,92.2269755355
92.7389659487,92.3017399737
94.3569154627,92.2556584161
97.2655597596,92.2095388534
99.2693330889,92.1059693106
102.260593481,92.095594695
104.220727108,91.9703267155
105.879166345,91.7719348295
108.22091406,91.385206607
109.706865846,91.1552819782
111.57069628,90.8463526991
112.546311697,90.7462680048
113.436147349,90.6068732176
114.424021678,90.3980157934
114.900748263,90.3598251536
115.513933583,90.1744357988
115.871155256,90.2045040415
116.146334818,90.1282236017
116.593073914,90.0419547993
117.011654306,89.9366495288
117.819130142,89.7987296563
118.478444868,89.6070290929
119.299414654,89.5258802666
120.625464711,89.4072551225
121.527446139,89.332093748
122.751095546,89.2076813187
123.472339584,89.1574655087
124.123499651,89.1186174015
125.073451299,89.0283192242
125.734690981,88.9343725172
126.790202303,88.6527181241
127.559257309,88.5168871744
128.297667626,88.3791778429
129.358603224,88.24826912
129.973691665,88.2050135948
130.859126684,88.1165420146
131.407413364,88.0953655237
131.968802191,88.0869888804
132.834938127,88.067930998
133.431826582,88.1005914335
134.027208095,88.1159768003
134.926290831,88.1134601247
135.516624022,88.0762203276
136.440523187,88.0018585791
137.03205931,87.9057894212
137.659508716,87.7841046278
138.725952724,87.6491282873
139.4608812,87.553696573
140.59352343,87.369764385
141.36323137,87.162517665
142.16147074,86.9770993621
143.460310835,86.4500646752
144.356736033,86.0109324859
145.813839789,85.1700135699
146.840286333,84.5735534956
147.890557397,83.8074074971
149.478913343,82.9991769125
150.582768135,82.3426175111
151.713851691,81.6395314177
153.469045586,80.8320951467
154.694258196,80.228046581
156.43324676,79.2822842303
157.507222134,78.8366122439
159.074818211,77.9809806702
159.963385299,77.5354769128
160.774767548,77.1508375493
161.948120812,76.1180671508
162.59972867,75.6626437771
163.585934929,74.5662827304
164.125224198,73.9681725124
164.703290054,73.105366584
165.497014488,72.1436865551
166.188560338,71.0803022098
166.988554209,69.8768044553
168.520171409,67.7511580778
169.630065961,66.4350120866
171.561694309,64.3680118206
173.060192001,63.1055384316
174.431677316,62.1614391545
176.822533295,60.2936116371
178.304427953,59.4528955818
180.63947792,57.862784988
181.937924821,57.4438826497
183.267127705,56.6574933398
