178.099422111,87.2192446063
176.782262774,87.2839797176
176.322754046,86.9067987199
176.124572963,86.6530731469
175.905842864,86.5738311103
175.781557449,86.6250648068
175.614739819,86.8128471902
175.639432404,86.94916893
175.69895034,87.0967999751
175.678113671,87.3027001761
175.659452497,87.5748800838
175.618894844,87.7533045574
175.44881075,88.101533544
175.13115094,88.4642805935
174.494859005,88.8620778328
173.991214114,88.9331359579
173.496029274,88.9181212409
172.946805333,89.0707053761
172.749077573,89.119993653
172.498819354,89.1356095921
172.220162338,89.0640986654
172.046109405,89.0104320142
171.804228199,88.8701817261
171.67448152,88.8407404832
171.482016935,88.7546790003
171.139504574,88.5880050732
170.961814171,88.4415811437
170.834796742,88.4048532026
170.685912254,88.4305874091
170.612630766,88.5272919808
170.566034606,88.7091910166
170.54324729,88.8326203345
170.494916952,88.9583432129
170.534082333,89.1677000046
170.769850102,89.6051235796
171.338880009,90.4787932039
171.762376706,90.4613181699
172.147471753,89.90967118
172.256112888,89.5841537778
172.331747703,89.3508751542
172.356020579,89.035046769
172.368990401,88.9124040709
172.506026445,88.6584082403
172.566621789,88.3980259712
172.622592735,88.0981364104
172.627564385,87.8157074799
172.637108968,87.5881380256
172.508033475,87.3157937252
172.145333849,87.122579139
171.203457373,86.8495139349
169.399026654,86.3640999337
168.050653747,86.228933795
166.058610968,86.2194096123
164.595399148,86.3542866556
163.158760607,86.3800120944
160.950457665,86.4330694048
159.40094825,86.4933844043
157.863335685,86.5998650731
155.766365795,86.7192103139
154.41398956,86.7599878611
152.640356238,86.1355796772
151.751671856,85.3127838779
151.096744649,84.3361176518
150.443525236,82.7822998651
150.112016545,81.9915099469
149.662333225,80.9283917181
149.533551337,80.4169209811
149.660865753,79.9543121894
149.968078301,79.6460525368
150.08328285,79.6860341386
150.293473799,79.7726967332
150.3888336,79.8612222018
150.41941211,79.9364130106
150.439824729,79.9156333417
150.38121421,79.8725972495
150.237210543,79.728324419
150.213773962,79.7160620265
150.312101472,79.7948349039
151.002308541,80.3220953305
151.598856669,80.6238037031
152.799753513,81.1172390415
153.87661011,81.5345270629
154.938093483,81.9208712077
156.89256224,82.4326960276
158.531344981,82.8725621364
161.654415931,83.7365663397
163.580679186,84.2657677632
165.334515957,84.6162812651
167.740702984,84.9598181028
169.455628055,85.0995961945
171.963556044,85.3541111069
173.686044998,85.4551327921
175.254728166,85.5141504814
177.110946946,85.5843205535
178.058077026,85.4424578136
178.926779429,85.2799352061
179.854165973,84.9255179269
180.37575183,84.5645907111
181.183229099,84.1630483491
181.641930331,84.0123128559
182.029625853,83.8238539418
182.706870465,83.7695553005
183.151578988,83.8484039502
184.032443533,84.3321824631
184.970445866,84.8582272254
185.940319452,85.5966248614
188.235391246,86.8757547195
190.162909446,87.7383347499
193.644914642,89.1726124072
196.204588354,90.1511899499
199.111491878,90.8139516858
203.451056323,91.8307841858
206.535795781,92.409067178
211.361517235,92.966099486
214.334459082,93.0448691567
217.151465077,92.8046137357
220.925879634,92.2912320862
223.153278173,91.8752842257
226.610054105,90.989940482
228.779489899,90.2877332207
230.66625684,89.6553957797
232.889897747,89.2896466956
234.221374656,89.0795526877
235.872953569,89.0039944734
236.947308745,89.1509427919
237.885450952,89.5452638181
239.015055195,90.3776899191
239.51953927,90.7471655426
239.75622787,91.0120801392
239.958328977,91.1142601256
239.945285039,91.27101946
240.261529983,91.6059672262
240.604353352,91.9779810355
241.044492351,92.2998259697
241.744529561,92.562025774
242.355131686,92.6123486209
243.483073684,92.4780012754
244.461655015,92.3293741446
245.485758282,92.3410703692
247.005221506,92.3091257572
247.646430478,92.2423079403
248.106907571,92.1585367229
248.314690005,91.9347316111
248.586894467,91.6175880774
249.512945079,91.2558161321
250.023769355,91.0379975099
250.980192989,90.6604805088
251.536446884,90.3486227082
252.361805984,89.809153668
253.968547261,88.9933708977
255.339053563,88.3053772924
258.026190749,86.661316188
260.216188449,85.2620216739
262.416788567,84.2073044587
265.430674061,83.1411699085
267.229724377,82.7363924828
269.239527658,82.4784874492
270.108520933,82.4150458774
270.515238353,82.2796940891
270.706067568,81.9349077842
270.833404783,81.5917417025
271.032223341,81.3959677239
271.277825819,81.1983220622
271.451754292,80.9789387245
270.883635761,80.8717541151
270.489469657,80.7006392643
269.903230226,80.7350193466
268.136636577,81.0449028606
266.952565483,80.6148615804
265.108292358,80.4398670867
264.080501503,80.3822207856
263.258831655,80.4335707155
261.677770844,80.8323551925
260.692650101,80.9212782407
258.813961809,80.9529201767
257.230713332,81.0351708934
255.189615709,80.8320918083
251.4749828,80.2355245224
248.825401141,79.6744746104
244.596214105,78.9371700088
241.701088017,78.476732616
238.967397611,78.0970681417
235.129286879,77.7739528854
232.492065253,77.6735102529
228.337945024,77.3401615273
225.512164356,76.9497842479
222.542935955,76.5510905349
219.450787694,76.1643667056
215.182258688,75.7492771225
212.541219727,75.6954936187
208.652411424,75.7729244699
206.444064491,75.8183011305
203.351236194,75.9347254862
201.488780349,76.0887403066
198.852393126,76.2705579321
196.86642377,76.2436368198
194.928589391,76.1605980067
192.496806402,76.0061210042
191.004524261,75.9909391793
189.711780401,76.0273200043
188.057290744,76.138523934
186.936203498,76.2586712362
185.316306925,76.445317012
184.12057314,76.4880924429
182.837720795,76.503571905
180.54750544,76.3220035083
178.857364615,75.9939495633
176.397492917,75.562579348
174.756390159,75.4061848124
173.199521991,75.2966472535
169.935833406,75.3678828773
166.596569192,75.3822189394
159.131655923,75.0687882252
152.205555732,74.9312351736
146.067814695,74.8165429595
138.258909001,76.3455696997
134.258304254,78.0779491985
129.581509384,80.5588669235
127.28174814,81.5478892919
125.701775328,81.9720252464
124.268764115,81.8508077566
123.931484069,81.441290233
123.942196401,80.9627302455
123.955902735,80.8651798973
123.840325349,81.0091477517
122.934522353,81.5199332117
122.397305068,81.7914472282
121.511315669,82.1146595125
120.781763321,82.2552556943
120.230814509,82.2454519375
119.723236015,82.3574163946
119.453853223,82.4891370519
119.007694863,82.6480886658
118.231465267,82.7621038764
117.356179366,82.8370043862
115.420356872,83.18166957
113.857440938,83.5971214235
112.30140844,83.9154297118
110.527322067,84.2153903825
109.753399347,84.418536391
109.142700309,84.9010685689
109.228505121,85.2793404077
109.722538385,85.6822099174
110.769036409,86.4166141997
111.312148901,86.8258657985
111.609750274,87.2830716111
111.488274094,87.5057691235
111.142018561,87.691089545
110.752389743,87.730704932
110.517139054,87.6492663259
110.436169312,87.5502563604
110.479172624,87.530103154
110.68330762,87.5584240586
111.148423887,88.1247505669
111.388133602,88.6753567618
111.20204128,89.9148527634
110.689225297,90.6075076596
110.093038399,91.0009615344
108.819530407,91.8849012935
107.682082124,92.4602960189
105.841484069,93.0688502774
104.953998848,93.2587145721
104.535118495,93.281271647
104.73459859,93.2125898109
104.802638871,93.2127418229
105.119936317,93.1836029278
106.268338103,92.7230951888
108.329445536,92.0765157058
113.826378305,90.6900973188
118.240821294,89.2874114149
122.953387265,87.5109215174
130.043941676,86.759024311
134.07646223,86.6865281947
139.492593101,86.8979331351
142.868917593,86.7914645039
146.249157104,86.4975644477
150.351456152,86.3720548641
152.894045737,86.3561858012
156.132230048,86.4135639665
158.149485405,86.4141613316
160.323820952,86.2660923313
163.490815628,86.1682780882
165.29370408,86.1056466742
167.507683255,85.7820404476
168.860348845,85.6251082897
170.039602672,85.6111677605
171.6712041,85.652416383
172.725440187,85.5358856464
174.414022901,85.4885774885
175.550114172,85.4550115109
177.002278334,85.4046007158
179.802282471,85.4932747659
181.687793895,85.6992022483
184.255311632,85.9553694937
185.760005222,85.8863147985
187.176054648,85.886388504
189.381853387,85.8715275129
190.886478611,85.8774747466
192.403436569,85.7566007911
194.35000457,85.5913831718
195.516783732,85.3232171907
197.095094318,85.0035982215
198.153286717,84.8898384043
199.247489151,84.8826349669
200.922182855,85.0644134813
202.003457881,85.2360287246
203.288740579,85.4018650474
204.012717141,85.5428315474
204.699066255,85.6840080488
206.020656805,85.7756419406
207.221009742,85.9594220682
209.51290882,86.2816686268
211.159082715,86.5106852745
212.891406175,86.6020414161
215.711527518,86.5378890166
217.910184406,86.633805763
222.231013349,86.4442001283
226.030114733,86.0836071307
229.742125135,85.9382062855
234.962372633,85.6647255101
238.135889442,85.2872880745
242.140706201,84.7765028211
244.269766803,84.3980981483
246.102635196,83.8540732687
248.427789065,83.3871783926
249.980831543,83.0458326553
252.545296793,82.3843782002
254.293710289,81.9989240298
256.253019009,81.2594870634
259.103590506,80.1430974245
260.760657253,79.8349660704
263.478406659,79.4149658248
265.335534352,79.351463807
267.116860869,79.3628214909
269.343734403,79.2503868972
270.186808892,79.3325715964
270.889221551,79.0876556035
271.586359668,79.0374086716
272.277889191,79.1169793514
273.978179268,78.9522907061
275.55490743,78.8218552423
276.94682098,78.7990930777
277.69311998,78.8669352755
277.494729871,79.0474404078
277.137614058,79.1031721433
277.083532188,79.2241566892
277.295370016,79.3195424386
277.774672242,79.4314546026
278.020723931,79.4814393464
278.177001069,79.3348455394
278.104949724,79.1869591218
278.053919937,79.0093573226
277.814307841,78.8276398316
277.555679244,78.694930265
276.996449201,78.6226288345
276.477265692,78.6939069967
275.843753086,78.8755472986
274.508322971,79.158634622
273.689223388,79.2248360296
272.718060908,79.4645998094
272.278478489,79.6152467735
271.932288084,79.8518927333
271.872341,79.9397141878
271.887491859,79.9192185331
271.745148452,79.8904196528
271.575214905,79.8234767637
271.318812222,79.7101824664
270.808623546,79.51236765
270.562139157,79.3474249473
270.421575861,79.3538457704
270.178328986,79.3690836417
269.939697777,79.390573054
269.187926507,80.0767397681
268.249350821,80.65994784
267.068791286,81.0833917142
265.189530367,81.6228788896
264.02196188,81.9576279816
262.774971404,82.3656234052
261.838166647,82.8036104882
261.070225326,83.0169272631
259.67554991,83.4805291578
258.625185806,83.8227427187
256.990538537,83.9862252436
256.079649059,83.8987506626
255.086875175,83.8510363509
253.468117975,83.6768928133
252.428714204,83.4921915933
250.855462703,83.0775207963
250.189691449,82.6261311248
249.738324066,82.2468721888
249.153557142,82.1907638291
249.046646971,82.0602245487
249.067089866,81.9760962861
248.894555979,81.8145557644
248.510513774,81.5813166396
247.433120984,81.1769479233
246.308885642,80.8672891078
243.929614597,80.3352107562
242.431808694,80.1097343624
241.018466119,79.9288663327
239.024442663,79.5578125073
237.632309535,79.2772236502
236.175209071,78.9783743943
234.02993965,78.7241248018
232.383763452,78.4789209655
230.000651378,77.909301128
228.683719458,77.5006898716
227.519131218,77.2130380688
226.194944982,77.0800743763
225.549596648,77.1795857996
225.083135909,77.348670447
224.733083141,77.6131894603
224.29002104,77.8951343311
223.5167415,78.1842506637
222.701329729,78.2520749827
219.225848152,77.6549658934
215.559043138,77.0162197747
211.389026136,76.3695858705
204.705420014,75.5793219191
200.506103627,75.2296026799
194.884375976,74.9822967563
191.796371532,75.0544892032
189.130355005,75.3158647488
185.861837449,75.9991906928
184.116046084,76.3526413134
182.666651529,76.6659789468
180.752404233,76.7480402406
179.55165035,76.6546007076
178.213692209,76.6442521973
177.463000075,76.9495360951
176.194967568,77.2993147302
174.812438383,77.3343170663
172.856654539,77.2222268452
168.265299272,77.1560786304
164.539611617,77.1881154656
159.403748161,77.0711258616
156.452615112,77.0436099699
154.060062622,77.0044471774
150.521369472,77.4332952448
148.721675315,77.753501315
147.22923682,78.031658334
145.336473554,78.449331579
144.095206333,78.7425392895
142.502824369,79.0077368662
141.713410729,79.1932372068
140.964572793,79.479628908
140.127965285,79.9964166756
139.657398956,80.1208163897
138.559055735,80.3771262786
137.875485909,80.3960326416
137.072860673,80.3712877315
136.245056729,80.1575908083
135.706481798,80.3760538218
135.031970461,80.5146335557
134.638740527,80.5829632376
134.18539562,80.6346356776
133.213610086,80.768124026
132.302807795,80.8752770763
131.305248,80.9974414261
129.884365195,81.2417865624
128.517655129,81.4985693945
127.451934416,81.6462583754
126.383822319,81.7745929587
124.351320468,82.1115777249
123.06706915,82.2564034607
121.726462283,82.3224721304
119.631513789,82.5586546521
118.11719099,82.7032529442
115.62516729,82.8984494052
114.063476465,83.1757351248
112.799780801,83.7974455057
110.875279182,85.1133266023
109.21711287,85.7168507485
107.247373527,85.9271098795
104.427223955,86.0806276897
102.821282811,86.2348121365
100.865940678,86.9258393329
99.8366491319,87.3204592296
98.5112054453,87.7425242319
96.2054311856,88.1843779372
94.6740802357,88.2770346411
92.6484130145,88.5544915818
91.7048856307,88.6963816038
91.2225750935,88.8621656759
90.7799451983,88.8498751837
90.4811367417,88.5653358611
89.6164943596,88.247423902
88.9329273537,87.9511142175
88.1321076406,87.9572006515
87.088639919,87.891448402
86.2420808017,87.9510813775
84.5896444509,88.1550299541
83.3503855795,88.1111840947
81.9895237466,88.1918302177
80.4074653528,88.1582817514
79.6895410663,88.0166062076
78.9151202741,88.1337706316
78.6887414384,88.029905723
78.4161063161,88.0874871018
77.8729254361,88.3247386201
77.3511598684,88.3295568078
76.2559621905,88.2910313555
75.4647264168,88.1513458699
74.7507211765,88.0436278434
73.9509318322,88.0424725451
73.5521145086,88.0798885373
72.8352410004,88.3357926788
72.1344084465,88.4952014508
71.32933198,88.6444949559
70.0160555502,88.8445684288
69.1753592034,88.9088417478
68.2553512421,89.1278012153
66.8954931235,89.1490535742
66.0184771523,89.0431623839
64.7667173239,88.8636577777
63.9457483901,88.7615061869
63.1776934432,88.6708529481
62.0206847151,88.6336630589
61.3038145575,88.6291504956
60.310981906,88.6255092962
59.5791002048,88.5246601553
58.7882281975,88.5138040332
57.6354032089,88.6243503754
57.0508615553,88.5991154415
56.2722577931,88.5677755685
55.7629984381,88.5642430849
55.2987922334,88.5640088928
54.6118709636,88.7173205296
54.1752893192,88.8794273857
53.4295882244,89.1369527775
52.9071271151,89.2210797501
52.304948477,89.3603445599
51.424341789,89.4280074884
50.8622487749,89.5455672661
50.1265401654,89.7530088637
49.659186919,89.8014171151
49.1698198663,89.8575045963
48.4317619483,90.1443711519
47.9585796854,90.2816143134
47.3323056642,90.4706946976
46.9859670502,90.4510049756
46.6699449275,90.363621588
46.379825263,90.2392218045
46.1294970946,90.1301649481
46.0302529933,89.8445227508
45.8736842109,89.7859904038
45.7001829379,89.7332513855
45.4046322088,89.830437063
45.3030432628,89.8844646817
45.237810523,89.9753186321
45.185628032,90.0115546405
45.0543789277,90.1148807459
44.8914808094,90.1379710461
44.8165551094,90.1254071073
44.8026086652,90.1505893448
44.88336415,90.3335632059
45.0215443981,90.4463257746
45.2799642186,90.6533309351
45.4525898442,90.7737729812
45.5417290337,90.9531624568
45.6546138088,91.3448705146
45.795769268,91.6067637944
46.1268650732,92.0530049522
46.4505657178,92.2585550711
46.7278741709,92.4494533148
47.1731912909,92.5483621807
47.3456921355,92.54587878
47.6507427249,92.4790994401
47.7819717596,92.4174831936
47.8594413854,92.3911915121
47.8722019931,92.3052177378
47.7453625267,92.3353342686
47.4313114213,92.4749800591
47.1563221329,92.6321484539
46.5835395746,92.880858103
45.7283400389,93.0184538704
45.1026927544,93.1362372698
44.6046868979,93.1418843684
44.2522977757,93.2342879662
44.1400343814,93.2496798685
43.6521686925,93.5567196789
43.4094230011,93.6349530209
43.1364540856,93.7258505721
42.966376793,93.7626812323
42.8769942906,93.7606681258
42.8119412,93.6488073895
42.8224052812,93.4888697243
42.8857077932,93.3322544494
43.0652452064,93.0188565423
43.1440092131,92.910751503
43.3160877368,92.7662394042
43.4345955449,92.7009357482
43.5459474876,92.6583057443
43.6268645586,92.6006434255
43.6907225922,92.5859792894
44.2303551045,92.2750445242
45.1851197142,91.7942279789
46.8241522054,91.1809789059
49.7980670098,90.1254288511
52.2740779086,89.2765038139
55.9988806538,89.0617235179
58.5951515115,89.0542596663
61.3617425208,89.2817990197
64.7659497042,89.5093007016
66.9504673972,89.5419630949
69.7772827349,89.4087447892
71.650453513,89.37521438
73.7687596285,89.1635858304
77.0914826634,88.7245405793
79.4742076852,88.4394016461
82.9890582058,88.0596879212
85.2014342733,87.8198051935
87.2240887242,87.6365168837
90.0274217632,87.5405555038
91.6865488406,87.5530249449
94.3223005252,87.0931765507
96.0585923082,86.7964827766
97.7588560565,86.430601327
100.128035081,86.1219909654
101.694224394,86.0484798218
103.326708515,86.0295757064
105.76636632,85.960323282
107.208203632,85.8663553013
108.805005864,85.5694084519
109.61331583,85.4348317958
110.319845258,85.3852287926
111.285712593,85.3569745735
111.988824525,85.3733341226
112.836814717,85.4326014847
113.278092636,85.3914946807
113.609769977,85.3089916663
113.977040808,85.2327197474
114.178113209,85.263574672
114.403315819,85.426199449
114.575145046,85.4807701308
114.737462554,85.4772651447
114.882143171,85.3990515714
115.03619508,85.2781919348
115.207374998,85.2458568862
115.2734984,85.286377591
115.083242213,85.2002141326
114.271526193,84.9673754938
113.308250287,84.8022036783
111.607049764,84.5925149674
110.551828595,84.4595971916
109.510726167,84.364102751
108.09388719,84.3870594037
107.350311842,84.2526854329
106.798751439,84.1476576225
106.214751786,83.9273973298
105.969973102,83.8373092727
105.890087286,83.5904640614
105.938655836,83.4779772472
106.005501574,83.3034444578
105.976278924,83.0294134085
105.155898954,82.4306966598
103.250476148,81.2599423991
101.664341963,80.6094147519
99.7886079065,80.114298614
97.0025015799,79.4619956125
95.2396081513,79.1345660258
92.7970890546,78.6347507549
91.4815049123,78.3486981372
90.4165357274,78.1135499868
89.4350694705,77.919711147
88.9021460786,77.7608480673
88.4219517209,77.5223948371
88.50079828,77.4042712475
89.1566264618,77.5332791458
91.5648407258,78.4684666455
93.7071817808,79.5918076195
97.1350838452,81.4319012667
99.2598644668,82.2896719017
101.133468624,82.975975538
103.304081566,83.601654595
104.126770769,83.482187387
104.94335712,82.9812693068
105.164921198,82.59114354
105.202144752,82.1681496209
105.065879827,81.6178449219
105.019087218,81.221389951
105.138010117,80.8966444189
105.374511846,80.7044963271
105.532639866,80.6338192291
105.844748018,80.5859886178
106.033556315,80.5277845003
106.145344622,80.4874026142
106.241939859,80.3081475545
106.235043405,80.2057194799
106.265090516,80.0853965772
106.25589999,80.012036978
106.236654183,79.9607951457
106.223424259,79.8794298505
106.191918443,79.8539579345
106.109290043,79.8432864533
106.079848649,79.8615113091
106.114969371,79.8756475298
106.18565785,79.9468564791
106.267760331,79.9696136496
106.441448949,80.0145705868
106.64014176,80.0489184395
106.830972386,80.1085881174
107.003706569,80.2798145361
107.032123825,80.3081914276
107.031416039,80.2812680926
106.984256286,80.2435367625
106.892851211,80.1567542209
106.788085689,80.0118824934
106.763743788,79.9230483278
106.778578723,79.8335131659
106.819576976,79.8239660455
106.890302293,79.8579085149
107.004790931,79.9325687475
107.189720638,80.059457212
107.764934228,80.3820195649
108.159013343,80.5682471799
108.551327562,80.7468767221
109.295212123,80.8342733143
109.774876383,80.8230579532
110.576331052,80.7258737638
111.008133626,80.4976929225
111.384926459,80.2806813972
111.83046733,79.921154415
111.910138002,79.8481861049
112.017644147,79.7424814243
112.196166375,79.6212128507
112.284366735,79.5982233112
112.495652915,79.5112092307
112.602785879,79.4926938214
112.696910617,79.5092558235
112.756641101,79.5382964089
112.70357101,79.5777095698
112.468050491,79.6472859465
112.298641573,79.6732780308
112.142071316,79.6540900049
111.986347883,79.6245556285
111.943290625,79.6072712991
111.95393116,79.6256958351
112.061238415,79.6457911693
112.248659108,79.6120843098
112.555713603,79.2592335709
112.596115713,79.0488734443
112.785307183,78.9163604456
113.081642371,78.9699906245
113.585303533,79.0723485331
114.509794001,79.3312408611
115.050743832,79.3809068109
115.62633981,79.0605745968
115.671970991,78.6572080384
115.458684663,78.151912713
115.513303374,77.6595161066
115.860373521,77.7817798729
117.55784952,78.7121663792
118.953119304,79.4095127788
120.486894895,79.888688882
122.439849582,80.1108911188
123.357022394,80.0253458109
124.370004277,79.8725372194
126.317903765,80.0256479026
127.745068415,80.3389877434
130.934574054,81.1327589077
133.349818277,81.9282809604
136.023652788,82.8358018814
139.407477005,84.6790559554
141.439826378,85.9587835925
144.658841037,87.5549881593
146.894900861,88.3810897134
148.893599054,88.9587273941
152.179563883,89.3510308973
154.532863531,89.3382205312
158.482686982,89.0639323376
161.215033032,88.8557544462
163.989801728,88.5966654531
167.693256631,88.2620515221
169.935861487,88.0503454528
173.173139679,87.6769687114
175.433175143,87.5135839546
177.82785604,87.3451325854
181.10960913,87.4360644685
183.184919561,87.5327779962
186.065736283,87.6512441926
187.962889341,87.6432714814
189.820793315,87.5650480139
192.325457567,87.4542731706
193.585674997,87.3806690355
195.170096413,87.3274764935
196.177948417,87.2928173583
197.22120875,87.2742616388
199.340464181,87.0123859726
200.680363149,86.8407255449
202.005705233,86.6983225806
204.09232137,86.3449459436
205.457354599,86.3183850027
207.5476045,86.0010421437
209.021782363,85.6773694412
210.662616821,85.2476122621
213.652617802,84.4377529381
216.03831362,83.6922580844
219.643525233,82.928719547
221.940244494,82.4824237791
223.904005091,82.1800804116
226.287548222,82.139313665
227.548498669,82.0741113239
228.890206201,82.0089768048
229.618835535,81.8943336898
230.129885991,81.8890246336
230.497954602,81.8402991122
230.772584415,81.7950626602
231.337870143,81.9181502252
231.89311269,81.844158325
232.445272454,81.8373108743
233.363490336,81.8172105694
233.919290362,81.8930278891
234.614383753,81.8728114212
235.309069647,81.8242244113
235.491455195,81.7883837498
235.161789933,81.6691899703
234.671829958,81.5501278279
233.726863637,81.1861195708
233.196864723,81.0769641187
232.818681013,81.107635734
232.42698493,81.2115923133
232.657608749,81.1903154765
233.613226716,81.731652282
235.167739677,82.2532221852
237.415471752,82.8950667908
240.903636695,84.1623908005
242.702313384,84.6198162743
243.94388416,84.7150601048
244.753985712,84.5740662387
244.937528855,84.4178567942
244.866133059,84.2055878033
244.809532388,84.1103736634
244.890216191,84.1405061039
245.179279935,84.0106386366
245.339920845,83.9477678462
246.11541198,83.8928229966
246.666149649,83.9858446461
247.41677227,84.1558320093
248.688002201,84.3566983765
249.228280785,84.6067247575
249.355766912,84.5713667241
249.262350083,84.4344291624
249.127194519,84.2445656753
248.954889589,84.0680451376
248.977935104,83.9687448402
249.286758833,83.8279581272
249.598672765,83.847019611
250.044651553,83.9716538673
251.10188584,84.3969894651
252.020683916,84.8662381626
253.325396527,85.4999794895
254.296916201,85.7020985194
255.267138966,85.7730384213
256.699504276,85.8010067961
257.503026579,85.6588299789
258.245821317,85.3969910007
258.520641781,85.2436445479
258.825912709,85.0635986469
259.356763235,84.7615379487
259.830813714,84.6267041863
260.381734408,84.5500013056
261.099470328,84.5531032877
261.455606074,84.5325891998
261.506954299,84.3841465941
261.387633021,84.2714885075
260.93902287,84.2162062573
259.203306326,83.8173627887
257.078770025,83.6165215031
252.706862624,83.0633771924
249.287065863,82.8810308608
245.805801126,82.6066045878
239.928042382,82.8038419703
234.793408004,83.0732078596
224.793697252,83.0610356377
217.101985383,82.9859907832
208.831940706,83.0326926002
196.640029021,83.1420101153
188.458388086,83.5458449178
176.715615811,83.8737543548
169.676390877,83.6757731701
163.40964641,83.4805163064
156.28024339,82.8530139178
152.498624079,82.5290613058
147.64130268,82.0981163805
144.964239215,81.7599700885
142.684033726,81.3092575478
140.007978376,80.6416195959
138.070430952,80.5764127881
134.914339681,80.3362048698
132.870101127,80.0706483775
131.238690403,80.1348532509
130.156131767,80.6226027056
130.539018493,81.1715726402
130.966490689,81.5760328967
131.070141674,81.4429446054
130.546188744,81.5183966368
129.524758808,81.6638754
128.983566935,81.7550019053
128.340135206,81.9960389611
127.801534183,82.951720174
127.927727601,83.3416720737
127.398523271,83.0087644289
126.93743264,82.880363208
126.51694049,82.8330432849
126.472253851,82.6628026355
127.1941727,82.5572953046
128.648710169,82.4368873712
129.699795778,82.5634686714
130.801470657,82.4797322829
132.580490334,82.2701927491
133.741276899,82.2470012216
135.762752233,82.5058305904
136.937932251,82.6012284329
138.847061282,82.6361873501
142.773702534,83.2761769144
145.164262211,83.8119891818
148.745693567,84.382013751
150.529524152,84.6614835839
152.335464358,84.6247127808
154.540559859,84.6055631223
155.443560422,84.6411669532
156.007315646,84.3787048942
156.358688966,84.0984276265
156.727838701,83.9398718245
156.933869119,84.0059918657
156.960039631,84.0640820053
157.021860741,84.0376668638
157.041320199,84.1093088029
157.118861564,84.1798227113
157.559233293,84.0997949746
159.006946283,83.9299591634
161.054464675,84.1280248405
164.511580592,84.5674620556
166.820404538,84.8605855101
169.568371445,85.0971860071
171.062945074,85.2744737529
172.403871198,85.2607613393
174.217208679,85.093169113
175.754813798,84.9042257879
176.656894826,84.868864159
177.46211842,84.9544456488
178.492817504,84.8956301234
180.186934307,84.9051969214
181.225728832,84.9941795309
182.633787165,84.8331478521
183.633712305,84.4910008822
184.52664327,84.28678953
185.492131985,84.3394336946
186.028687014,84.3319666485
186.8133217,84.2758754436
187.337953191,84.3102896162
187.823270505,84.3093638657
188.550359844,84.2759101753
189.064847445,84.3199478466
189.568520809,84.3668711933
190.280242555,84.4642701627
190.731896475,84.6091598881
191.374749688,84.6879524254
191.743328037,84.7479379516
192.083534192,84.7250038072
192.628905108,84.6512564445
193.014505172,84.56073862
193.663456951,84.4876042079
194.03881317,84.450166449
194.428221691,84.4009556011
194.892098598,84.3856853989
195.178342405,84.3660610474
195.697156966,84.3722390803
196.129141715,84.3157625642
196.56770561,84.234422607
197.272726576,84.0819153133
197.697687865,84.0049411598
198.269632025,83.7592353071
198.617365748,83.5877018023
198.902380539,83.4185671368
199.46969849,83.3331549529
199.924838129,83.414443526
200.650099554,83.7415301038
201.109879676,83.9280990978
201.517308421,84.0082548688
201.720143477,83.9933862579
201.827683499,83.9838894574
201.971892643,83.9117504995
202.031151739,83.7889145285
202.079984717,83.6022191284
202.066220537,83.3845259951
202.03619558,83.2449673544
201.895184469,82.9563196548
201.737669199,82.7624974256
201.558104143,82.5795335716
201.199168363,82.3486604017
201.118630149,82.2074762367
200.957164871,82.249016198
200.937023376,82.1843983613
200.919855325,82.2272696861
200.864334233,82.2786716705
200.800335292,82.3173607925
200.709338166,82.3673232424
200.598242583,82.4142568165
200.507756325,82.429902984
200.288206938,82.491835709
200.127927348,82.5196729416
199.913322483,82.5484499398
199.581314935,82.5972407341
199.333120197,82.6378080627
198.98565301,82.7058277363
198.653236542,82.7164004441
198.332365533,82.7030627403
198.053779641,82.6620255173
197.778091822,82.6686677251
197.361073024,82.6040548273
197.080496524,82.5725973668
196.792268485,82.5393270009
196.30317905,82.4899633257
196.036827209,82.4496365657
195.518044923,82.41251377
195.110295088,82.3910727911
194.712400186,82.3742331386
193.968168481,82.3511637885
193.53256136,82.3191399009
192.859037387,82.347827546
192.473883674,82.2857256482
192.082448241,82.2779939881
191.445909975,82.2547205215
191.017217177,82.199743713
190.57554437,82.107369967
189.993228321,81.9106905424
189.683140146,81.8041228699
189.400177019,81.7084434184
189.19247534,81.6388137906
188.773689282,81.5772281737
188.528988963,81.5287403959
188.371314653,81.4820758221
188.203944457,81.4199561277
188.149614575,81.3594779608
188.113084361,81.3037678413
188.159482444,81.2091197643
188.374218934,81.117614564
188.896548157,81.0747570679
189.210829909,81.1094100596
189.431648423,81.1138598412
189.853143589,81.0773859646
190.125580726,81.0643838602
190.498539372,81.069236204
190.69071704,81.1219032873
190.771237189,81.1156081066
191.030198882,81.0692001855
191.175255503,81.0348612057
191.406744361,81.0273520363
191.475191137,81.0376677865
191.53027311,81.05696495
191.566572374,81.0867459317
191.580293923,81.1095753163
191.5787422,81.1371322293
191.599090877,81.1620444503
191.592276161,81.2010021348
191.559006163,81.221786788
191.511836454,81.2340457265
191.402281589,81.2624452974
191.335949999,81.2655793482
191.295892427,81.2535321117
191.394468423,81.2517850612
191.606941471,81.2835031808
192.318566883,81.4019102194
192.963918555,81.5807040321
193.848460698,81.9089431495
195.171981318,82.5495448542
196.196546255,83.0265196275
198.753545382,84.315645299
201.418958454,85.5843420045
204.316201665,86.7684018894
209.078498457,87.8627368488
211.849315586,88.3049516716
214.234336699,88.445163053
216.994760214,88.0171532619
218.424057371,87.4775429625
219.834271214,86.8775925462
220.640971533,86.5024431731
221.403761075,86.168110869
222.798534151,85.6984492733
224.019788598,85.3480217908
225.927091548,85.0793715147
227.202037776,84.947998907
228.37015406,84.9243859771
230.050114804,85.0650846169
231.010897693,85.1270493436
232.073826403,85.2674197048
232.65784047,85.3852497988
233.238289517,85.4687876492
234.878870176,85.2224776124
236.551085174,85.06549102
239.650494296,84.503185512
241.762107211,84.0682593447
244.014858425,83.3539593814
247.289307891,82.3756834266
249.115589876,81.7740164962
251.282335347,80.9791458901
252.53969123,80.4147371603
253.536085605,79.9436284299
254.814986984,79.5743368796
255.549135903,79.3837787391
256.630835844,79.2900795021
257.019357032,79.4276144234
257.20740082,79.6992335631
257.358724692,80.0551927217
257.603393969,79.9514777649
257.957255547,80.0222297314
258.705014641,80.3030750945
259.400825135,80.2402054924
260.888822435,79.9740620463
262.312003919,79.6046870394
263.958873261,79.4368116446
267.275279744,78.6654635142
269.778700743,78.0246470323
272.687363714,77.7922020703
273.815183339,77.6995859455
274.427140787,77.6474777425
275.258143456,77.2939910669
276.124607562,76.9939767714
277.74200046,76.9265221396
278.76361015,76.9947186974
279.558515081,77.2137173686
280.321048984,77.6740316301
280.67580264,77.9042299128
280.722070763,78.0412735051
280.710802188,78.089079311
280.710231021,78.3233348893
280.864232381,78.9060534615
280.722085886,79.2822500717
279.965329301,79.9132526429
279.662177912,79.9929012131
279.060194678,80.4302964928
278.431397729,80.6986033261
277.73465483,81.0315962766
276.691886992,81.0923128272
275.612340779,81.2012522292
275.000065838,81.0371813767
273.690977197,81.3477682461
272.636544563,81.5368344098
271.593923887,81.5413078435
269.517351521,81.8237268625
268.316047629,81.8662942843
266.156999198,82.0933582137
264.847067281,82.2248227146
263.445718113,82.4109262618
261.575844271,82.3795018074
260.437905075,82.2980655172
258.820662601,82.2649973616
257.947034052,82.3865445589
256.956407308,82.5745021115
255.199674079,82.604576872
253.736971758,82.523480502
251.105774421,82.2548439349
249.375938354,81.9732081161
247.650099969,81.7710556447
245.305309998,81.5163308386
243.735323263,81.3759559814
241.235879188,81.0601242857
239.378712105,80.8519682736
237.410204331,80.6858508765
234.428647139,80.4223844236
232.281754299,80.2303770478
229.328157727,79.8109344666
227.632202624,79.4927087276
226.097855445,79.2412810869
223.982168383,79.0208616314
222.797834385,78.9261790855
221.326084888,78.9988476337
220.437885091,79.0662988536
219.571830375,79.1149962731
218.28038317,79.437446413
217.427941771,79.7869234115
216.304991168,80.2553833867
215.612999681,80.4375575306
214.972429727,80.6331749076
214.158792738,80.7832740358
213.818358977,80.7636292508
213.720692796,80.7602333681
213.686896113,80.8198521045
213.669854121,80.8683417151
213.585697241,80.9989051668
213.44948206,81.0978666426
213.357105347,81.1511843459
213.197240184,81.3862784203
213.208557313,81.6317759897
213.508097407,81.9628860489
213.905560539,82.207586044
214.578299509,82.3463616655
216.278876581,82.9156651957
217.930378751,83.2514708837
220.682376425,83.8142056965
222.739089082,84.1323517327
225.052296444,84.3942526678
228.654334013,84.9695964069
230.854797693,85.6290547492
234.10371808,86.3719844153
235.915451915,86.7988933599
237.390405135,86.93661954
238.788042351,86.9549416491
239.419464864,86.7319569739
240.179479601,86.2104377472
240.532137734,86.065080939
240.796909782,86.0062059681
241.053630734,86.0623603663
241.366210854,86.0769216393
241.921901709,86.3826819359
242.540162863,86.4724641954
243.283405762,86.4908089229
244.500649625,86.2048138666
245.144172884,85.9306386342
245.768210026,85.7639581524
247.186523719,85.4573325067
248.26323254,85.6424253537
249.718121078,85.8018288188
250.44586097,85.8582162214
251.039940996,85.9126715129
252.034980702,86.0497434661
252.745811367,86.2454916674
254.084975572,86.5690038702
255.079651426,86.8890405524
256.097955077,87.2225620157
257.857769574,87.6620769513
259.100383378,88.0237672363
260.643688956,88.5692033723
261.467253554,88.7034430351
262.145648022,88.8078246497
262.913323727,89.0796927619
263.176100822,89.2019433019
263.294891815,89.3731025917
263.385346233,89.5856633583
263.445725075,89.8707163343
263.393462926,90.2856154826
263.35049719,90.4146748595
263.408343157,90.6020925332
263.441254902,90.8013699132
263.597330948,90.8914732858
263.795236069,91.0593835642
263.753858734,91.0657072878
263.601037277,91.050419383
263.232890285,90.9646177865
262.954476169,90.9630470709
262.474869057,90.9741231599
262.276787089,90.9862576126
261.936879323,91.1682441906
261.639263037,91.2668739107
261.362078721,91.2997835282
261.096360803,91.2939661727
260.960963588,91.2610120487
260.79697872,91.2211509177
260.540598669,91.2469745771
260.274041693,91.3223297771
259.588601659,91.5449166123
259.084706582,91.6716522245
258.500939642,91.802154758
257.802368476,91.8814565835
257.451625604,91.986260605
256.60383233,92.505740848
255.25585618,93.0520638757
252.415262935,93.8464493047
246.12273333,94.6986182918
241.919782931,95.6856518057
236.378157874,96.9337187767
233.160513802,97.7261844029
230.333028105,98.5251399544
226.315708552,98.9763580255
223.960765904,99.1352147921
221.02260333,99.1776818488
219.19704214,99.0211894862
217.484830122,98.8264326778
214.727635008,98.3252178711
212.647572119,98.0018543806
209.632028656,97.6333409265
207.805890508,97.526632146
206.112756872,97.3419756837
204.04759548,96.852529558
202.827349054,96.5312962949
201.461340069,96.1074416915
200.709207452,95.9512100744
200.098666966,95.8422158326
199.491843907,95.5114736338
199.073780743,95.3357283103
198.561146426,95.1328566992
197.180398614,94.8139259803
195.733481906,94.6346036188
193.006537867,94.4314693235
190.980953798,94.2397695468
188.771038826,94.0730486395
185.343469933,93.9730545607
183.265189109,93.7933101893
180.518791863,93.4411726987
178.699861239,93.3187803406
176.511909805,93.2443063021
172.877464578,92.6229425712
170.340716574,92.2781419978
167.117248347,92.3314286828
165.719640741,92.5437919588
164.645940688,92.815982521
163.130605713,93.4539821469
162.235668115,93.6236780583
161.139912631,93.6482227088
160.517675477,93.7744507536
159.964091041,93.7889771228
159.294850223,93.8613327779
158.992673406,93.9371878995
158.433770322,93.9888173311
157.858471248,94.0042831765
157.119804703,93.9802706926
156.02140336,93.9279388938
155.403509086,93.7615988893
154.725589466,93.4046875343
154.410510147,93.2226269246
154.252688325,93.106038993
153.786511001,93.0470631219
153.355599613,93.0181433262
152.813743517,93.1110641383
152.035410114,93.1672461308
151.725189998,93.1291562263
151.671773924,92.9668396989
151.481533503,92.862958198
151.271267106,92.5053761876
151.14091383,92.0595194075
151.434059909,91.5465922802
152.603265689,90.545409627
153.529742317,89.8599205913
154.422961917,89.0272509671
155.834701582,88.3422347379
156.669980711,88.0053854943
158.026410168,87.677206335
158.69492427,87.5097862163
159.435453251,87.2567686686
160.081187136,86.8142573192
160.356949197,86.4396499501
160.258360732,86.1225333612
160.418901028,85.8982478444
160.739977511,85.6063249449
161.114403486,85.1231553529
161.223268164,84.9541147714
161.056635357,84.8581102667
160.91479412,84.7738799966
160.826944205,84.7042459248
160.90366247,84.598846493
161.170613631,84.4676014998
161.808986786,84.4125918192
162.319989922,84.4246526576
162.927656151,84.4334242297
163.938952852,84.526873247
164.856901157,84.6034715655
167.187965566,84.9020016189
170.337618139,85.4906298114
173.936428382,86.3728561111
179.204664227,87.0719670501
182.650988646,87.6078796369
185.82693227,88.176942327
189.839470983,88.8207833443
192.431133627,88.9930293449
195.49794137,88.9768394562
196.902499033,88.8028081468
198.062673595,88.4435158431
199.801729986,87.7187065439
201.159035824,87.5348798264
203.782600507,87.5447615954
205.316258265,87.5806594328
206.639795533,87.3446901503
208.313737235,86.872669202
209.039396586,86.6312926568
210.043913249,86.3337982886
210.597902525,86.1449273431
210.994352584,86.0825968045
211.469848924,85.8615270128
211.759834492,85.709003403
212.137086543,85.581511195
212.34316807,85.5843003644
212.513317519,85.6712112191
212.85716193,85.7057468345
212.997266098,85.7281363592
213.065043887,85.5740014711
213.152933656,85.4086331888
213.252868611,85.3077070734
213.675197339,85.1883072987
214.111451929,85.1423190003
215.077384027,85.2517435097
215.671083503,85.2987401386
216.193110009,85.3439562751
217.011842934,85.3678208203
217.721463688,85.4489062614
218.433749617,85.6137622649
219.438937211,86.0988686448
219.787815238,86.3535825929
219.626845322,86.2999465492
219.409887243,86.199133639
218.624515531,86.0071129856
217.240781474,85.3526308387
216.449564651,84.9587965895
215.638977337,84.6716878837
215.189409113,84.6763506454
214.842881781,84.6227048518
214.737277559,84.6422101661
214.611179793,84.7327757198
214.645469674,84.832310241
214.747342062,85.0013124107
215.053039992,85.1997351318
215.856052083,85.9522173811
216.810258131,86.5810734333
218.956495476,87.5551318447
221.030980112,88.2582616816
223.69842637,88.8135672975
227.837665858,89.3644690869
230.863843072,89.2923543347
235.596402763,88.7000255452
238.883859637,88.0593756137
243.358796036,87.2646548618
246.10902097,86.6026939278
248.782003671,85.968221906
252.926012045,85.1361385373
255.841255212,84.6314178802
258.72162176,84.1131387269
262.767873422,83.4656019134
265.316224771,83.1123259008
269.094098357,82.5992795467
271.683585871,82.3292442008
274.251205997,82.1670133221
278.259665446,81.9424895498
280.869744139,81.8378864461
283.38564309,81.6655409903
286.656551799,81.6767802677
288.464568358,82.0187534745
290.989087094,82.1742089259
292.624624408,82.1182931304
294.073913088,82.0837688677
295.952755988,81.8772921796
296.995220727,81.7340322635
298.683891503,81.7895815459
300.105857497,82.2695276131
302.103621913,82.7580788311
305.107359349,83.0262686499
306.732485754,82.9070931147
309.224424254,82.426222873
311.358552749,82.0301015787
313.410810703,81.7467308201
315.567983727,81.4362577582
316.533284247,81.2553203808
317.735430067,81.0184702726
318.65644838,80.9759154755
319.741564565,80.9021239636
321.00526564,80.9144567278
321.638171913,80.7639440193
322.437045232,80.7570432679
322.97238912,80.7038615651
323.587320064,80.5392010929
324.466490496,80.445934234
325.246706754,80.3315964664
326.47904672,80.2593160494
327.376870804,79.9720808494
328.390242756,79.7455859402
329.581167122,79.6776890284
330.093128316,79.533519088
330.687943622,79.5585833021
331.396108582,79.4199890426
332.063193276,79.6931747004
332.622140884,80.1888130347
332.945876745,80.4940363957
333.249187902,80.7767447251
333.536678499,81.0561939471
333.683116907,81.2257413313
334.293214799,81.2009269233
334.797875308,81.3038509508
335.304921313,81.2462391567
336.162593241,81.2773209004
336.883180344,81.3021412873
338.145304947,81.3441849135
339.036961483,81.3389493176
339.876426818,81.4108849357
341.223903913,81.2843024827
342.195231209,81.3401856709
343.648580149,81.426359095
344.565205162,81.3967868484
345.327217519,81.3857792112
346.425389715,81.474834701
347.183484182,81.5676041588
348.201331646,81.8683566762
348.747059745,82.0418477308
349.211681155,82.1427829365
349.824134422,82.359514545
350.135901682,82.4102238212
350.470514565,82.4756518757
350.882817642,82.5473712758
351.153287948,82.5418000766
351.546512073,82.3817482088
351.789303507,82.2619804298
352.195881839,82.0026905773
352.446702424,81.859001712
352.65123851,81.7269496515
353.089044125,81.5862843204
353.575421152,81.5071418427
354.389860222,81.2007101749
356.005023605,80.7036224051
357.227927297,80.2822983102
358.620999381,80.0442425127
359.249978812,79.8688155651
359.79741697,79.7064814484
