177.828050604,91.8768070069
177.957232994,92.2188030664
178.035402826,92.2742175262
178.077212043,92.2714217886
178.082730062,92.2720820925
177.95222769,92.2000477438
177.751541987,92.1609032746
177.507084482,92.0960026388
177.177485237,91.9819726915
177.009371283,91.9463960863
176.78438788,91.848524064
176.647202719,91.7989947851
176.554109908,91.7269213292
176.380438851,91.6829761281
176.309366855,91.6751429471
176.182114456,91.6680598119
176.118653721,91.6622061083
176.066665195,91.6611685175
176.180133439,91.2105312177
176.139255821,91.1478394515
176.113123327,91.1138158561
176.132305202,91.1311661854
176.130826442,91.1382777892
176.098927466,91.1350393984
176.073802009,91.0877526217
176.054431315,90.9174975673
175.978742561,90.7443161575
175.743846207,90.5649268678
175.549290883,90.2531735443
175.282816749,89.9397650857
175.15547955,89.3732864299
174.982678993,88.9635144223
174.842839501,88.7678836679
174.658774824,88.7828594115
174.640221278,88.8433004431
174.611245702,88.9997910283
174.802453546,89.4324475805
175.159763353,89.9303799073
175.776812316,90.5519305302
175.895704475,91.1405384493
175.602377893,91.7800922802
175.652334483,92.3109185953
175.849067013,92.5375703085
175.958536877,92.5843666536
175.498333216,92.427586951
174.956728381,91.950232908
174.496034324,91.3071409886
174.268225854,91.0869578159
173.855255778,90.3549509309
173.692142198,89.869514687
173.335630645,89.4788325163
172.362958667,89.2184236171
171.681538056,89.1297345518
170.177816144,88.7591712236
169.48468798,88.2978813046
168.900764399,88.4404909953
168.082486948,88.9762739295
167.346152498,89.2148019632
166.574297644,89.6492441085
165.996375278,90.1584447703
165.505724754,90.7032711951
164.971855345,91.5499804094
164.257969247,92.40513789
162.097705395,93.6466828217
159.938742955,94.3009329712
156.871554379,94.7454998238
151.039328128,94.5357113316
146.609468908,94.1607955924
142.111317243,93.5108841406
136.006684773,92.4637210161
132.083886661,92.0519165497
127.104378759,91.6032364062
124.220767948,91.5750478551
121.795768615,91.7117510212
119.326532109,92.0873013726
118.003716104,92.403094643
116.699221373,92.826427798
116.117468666,93.0494100565
115.625791884,93.1828497333
114.954192778,93.3278569596
114.65933899,93.2506374002
114.260405757,93.0306965077
114.209082273,92.8377340208
114.302028339,92.6056951443
114.641229865,92.1790983489
115.072562147,91.8414597684
115.542190963,91.1765143549
115.068610898,90.0373142343
113.504738688,88.0567522453
108.391328166,83.8476866404
103.78595103,80.9902366867
95.6465438697,77.0544051589
89.6070963305,74.8357266096
83.5830367733,73.7565489282
75.2914042218,73.0839580371
70.4132114783,73.5281676844
64.9102451005,74.3793151748
62.2182432512,75.2143282179
60.3594804348,76.3028841589
58.0744114557,77.5437321256
56.5602909234,78.1599992487
54.7354398574,78.5353491343
54.1098512536,78.6309320061
53.5787620938,78.8701926694
52.4106548357,79.6670651063
51.3116984292,79.838809765
48.3899809096,80.5253878948
46.1345126852,80.6886049742
44.0812860686,80.5273662041
41.5491144649,80.4640042854
40.3585043535,80.4878381215
39.57887682,80.5689928548
38.5628043145,80.9788431103
37.6031962983,81.2814307269
35.5717845146,81.7311884224
33.6901134063,82.1742947817
31.5066808364,82.4868453189
27.5377866125,82.793077954
24.2486849978,82.8001729675
18.7780683006,82.4183797053
14.7257873204,82.2511545041
10.7745952057,82.2043617574
5.07042463871,82.4596118626
1.77068354435,82.4179767414
357.395808887,82.3892825119
354.906186468,82.2813618089
352.867576997,82.1337345627
350.30517405,82.1515397556
348.921837912,82.1641904899
347.19260446,82.4326304117
346.10611399,83.0343948786
345.058047214,83.5612304728
343.297027153,84.0359898334
341.591939204,84.2970708847
338.647661662,84.3294493101
336.298048502,84.3955268073
333.97060176,84.3079314855
330.347523947,84.1665300554
327.96349489,84.0442049185
324.47067653,83.7519630005
322.245711281,83.4985301827
320.134453983,83.3138137279
317.405617504,82.9370599448
315.807059043,82.8479218502
314.490410269,82.8382093694
313.030983166,82.8283283296
312.226132739,83.0891262544
311.57256172,83.1722989221
311.462241829,83.3486048953
311.57257696,83.3977594767
311.923861668,83.4297931385
312.500348001,83.564241601
313.731328467,83.6582825055
315.233197293,83.7028470501
317.287898827,83.8489193228
321.491018892,84.3808356233
325.049681086,84.9685381058
331.653689183,86.1678109185
337.098713944,86.8018845412
343.297735352,87.4577474676
353.691561983,88.3416024996
1.20784705383,89.0135024386
13.2784915531,90.5863084762
21.6978735575,91.5254768237
29.801588233,92.655125312
41.8945953535,94.2322612653
49.6325884345,95.0260341114
60.4141013832,96.1673559223
66.9461906832,96.9424321722
72.8750940641,97.5595311199
80.6839449056,98.2861492935
84.9135115238,98.3635986925
90.1870177149,98.1843183407
92.9390850194,97.8677165837
95.4107080298,97.4462869842
98.7143557791,96.7795267594
100.574866139,96.4946024494
102.865689506,96.2135672588
103.905995453,96.020758414
104.449421299,95.8143706602
103.624037728,95.2331851662
101.91434485,94.7235030759
99.7077726166,94.186234995
96.0327614772,93.2788688281
93.8283543938,92.7233124866
91.2022151861,91.7514275553
89.3706659633,91.3804480821
87.239114441,91.1167935617
83.6669458895,90.9997119075
81.3570305785,90.9664589625
78.13948837,90.9672424597
76.4446830502,90.9860740292
74.9837567808,91.0211107533
73.8573367,91.0561296064
73.6195713686,90.9779198793
73.4322243247,90.9246683273
73.3776357542,90.7454942056
73.2057176083,90.5338221234
73.122344992,90.3555717128
73.1078627194,90.281416942
73.1487857922,90.2206743534
73.173919918,90.2094118238
73.1694310504,90.1204671226
73.0810716965,89.9882528353
72.9403596917,89.835007725
72.8114977943,89.6578112733
72.6946360046,89.5769822464
72.403425931,89.4820878361
71.7062981813,89.482186186
71.428695932,89.4078794599
71.3062062117,89.3461294537
71.1417877739,89.2783753048
71.1007091391,89.2917538555
71.0088604402,89.3010329661
71.0001059596,89.2619713875
70.9352855059,89.2943248991
70.8745252465,89.3055950145
70.8417839337,89.2971873958
70.7790874053,89.3520161384
70.7532052757,89.3737017638
70.7384032416,89.3991891948
70.734593494,89.4376853068
70.7250599988,89.4704328478
70.7054224118,89.5170924078
70.7815613191,89.5293599048
70.9043776196,89.572250736
71.5726310805,89.5591431087
72.5326508631,89.5042313739
75.0668927798,89.7085028729
77.572869223,90.0308142584
80.7804836307,90.458471637
86.6980375411,91.4936280071
91.4416318334,92.0114530003
99.1277483239,93.0495973696
104.299475508,93.9803539815
109.463494888,95.1826890241
116.281760741,97.1227171629
120.23434306,98.4468570135
125.640283808,99.9383498107
128.43340152,100.684007854
130.615870969,101.298956503
132.747176106,101.556335534
133.703314323,101.36371119
134.521980395,100.893040919
134.821569233,100.66577255
135.182925602,100.507959104
135.452674467,100.523707551
135.610437673,100.527051796
135.679367315,100.528492701
135.780256711,100.408977184
135.752415236,100.325459265
135.647029697,100.139723633
135.512399254,99.998842095
135.302798544,99.7699950763
134.939896406,99.5133570435
134.760254802,99.3419878037
134.480304213,99.1983290386
134.331657331,99.0859291745
134.122095203,99.0388112456
133.922354618,98.8708707717
133.859216238,98.7357896809
133.671597937,98.5756507835
133.574016731,98.4338887415
133.414547296,98.268539058
133.24791666,98.1044590845
133.127607244,98.0032015538
132.955363562,97.6856058424
132.865877782,97.5000795066
132.740594284,97.2928279188
132.660040967,97.1568962997
132.630947086,97.0920228606
132.635288884,96.9735463381
132.664658073,96.879330766
132.749389001,96.8054504795
132.90949609,96.7029645302
133.022519006,96.6779478188
133.188177394,96.6782630446
133.404479018,96.6455510309
133.502573585,96.5898957036
133.576643328,96.4904750908
133.573877742,96.4410891987
133.533409252,96.3610232408
133.526430274,96.3376204
133.480802503,96.3495682654
133.451087474,96.3559982799
133.434293345,96.3502536253
133.390829199,96.3173987586
133.314274319,96.1342141368
133.212385069,95.9645045655
133.096914553,95.7964363749
133.076082246,95.7276019757
133.029282222,95.6992372812
133.001189528,95.6812360972
132.953271188,95.6490044148
132.741959422,95.587718297
132.647119112,95.560769307
132.566932652,95.5065022783
132.604680868,95.5417398629
132.621112855,95.537849725
132.535178641,95.567522379
132.290770052,95.6530768746
132.078429056,95.57601397
131.774137657,95.3155852148
131.660456322,95.3470521383
131.398981789,95.295245485
131.292464863,95.1445528573
131.228493988,95.0327232592
131.092827034,94.8287984703
131.098051484,94.7018608422
131.121222638,94.5098981893
131.055055079,94.2205080301
130.927168825,93.7898217399
131.023802985,93.4975413626
131.080226946,93.3663932709
131.177670297,93.3580110303
131.185659477,93.2700692068
131.219676004,93.0894619969
131.043311023,93.0288671985
131.047712256,92.9610685457
131.143638957,92.8859185715
131.213537248,92.863847519
131.255600057,92.8593207308
131.248902522,92.8591943027
131.124573338,92.8006107164
130.772374542,92.6808441786
130.089929145,92.492301213
129.611456606,92.3770897201
129.029855614,92.310776463
128.788726114,92.1996176535
128.488105993,92.1391521229
128.029202449,92.1610576969
127.754044258,92.0598338688
127.372543765,92.1490832755
127.08937097,92.1254388624
126.782838692,92.1597872569
126.204028036,92.1143720019
125.891786148,91.8812341182
125.303505625,91.5591505902
124.883928145,91.2959440354
124.499732215,91.1615315504
123.958795218,90.830762703
123.705081483,90.6988439156
123.29630434,90.6230901099
123.125580843,90.5742780973
123.144492349,90.6137253129
123.570104727,90.7867125557
123.643006477,90.6964656218
123.844012878,90.6867171498
123.740950803,90.8944884802
123.665502819,90.9967669834
123.66226676,90.958249351
123.78684298,90.9158167215
124.590901569,90.8625414027
125.298543854,90.8385991026
126.392967336,90.7673507536
128.681310029,90.6301086873
130.756555976,90.5509359639
133.126111708,90.6461641852
136.759410777,91.2809665522
139.018973072,91.8002436973
142.451691656,92.5366666888
144.976788428,92.975620714
147.705549632,93.4477779511
151.889185272,94.3912514782
154.826540503,94.9860830561
159.317728421,95.8881247572
162.271457595,96.5607954157
165.239721948,97.236225845
169.505909518,98.2913361373
172.298985385,98.960987077
176.070345256,99.5769274049
178.236068527,99.8848880642
180.196724367,99.9865053798
182.784582972,99.8778181979
184.380058654,99.749599659
186.74101737,99.6726249697
188.261072578,99.5228436901
189.752727984,99.3424619272
191.670138682,99.241935364
192.804386416,99.3335155359
194.981432273,98.9980886261
196.826637044,98.8081898248
198.806390564,98.8726626192
201.914887145,98.8882643817
203.956222102,98.8945837278
207.218928493,99.0587513008
209.704779167,99.1653079399
212.452418201,99.29621554
217.204476872,99.6922294702
220.676551459,99.9868053022
224.23170791,100.468131602
229.364816019,101.485508758
232.672230548,101.905013418
237.030120198,102.171445629
239.489079656,102.342488465
241.613114832,102.312317141
243.923707516,102.481731233
244.960949399,102.544875863
246.328147306,102.165788492
247.092237799,101.692193364
247.692652505,101.399540762
248.597959221,101.283479153
248.933224813,101.175089972
249.311494747,100.632036991
249.302457771,100.204869604
249.23836478,99.96960816
249.304448018,99.6233333859
249.389640431,99.4552731522
249.729057439,99.2489662026
249.992343356,99.0610942939
250.373742622,98.9739883285
250.892568837,98.8258108145
251.336744703,98.7149861316
252.085763705,98.6435089957
252.547322495,98.6349379484
253.00644555,98.6027779093
253.561446181,98.4998415296
253.753943881,98.399063946
254.259069923,98.1970552147
254.512211309,98.2075909704
254.83964317,98.1850321884
255.39009351,98.1060356272
255.717615078,98.0701117163
256.246049767,98.0124973798
256.610462718,98.0425046771
257.001014852,98.0366374124
257.352314358,98.0568476346
257.758844188,98.0732378513
258.112105913,98.0424629067
258.480288899,97.7930642525
258.669254009,97.4961459724
258.894824421,97.0306225084
258.999495364,96.8815840362
259.113457227,96.7029385581
259.252507106,96.4110221749
259.373061922,96.3432139179
259.797628021,96.2323507754
260.331140042,96.1606754147
260.854344139,96.1066290534
261.863264092,95.8733502972
262.650185435,95.6532486336
263.730170641,95.5727222904
264.625215469,95.6581875885
265.55622263,95.7426764939
267.225102835,95.8331406167
268.515230639,95.8625407346
271.197799745,95.3328074877
273.580320576,94.7844821732
275.926918812,94.6146851946
279.548127375,94.5882921172
281.742946756,94.6948774377
284.561130699,94.871590465
286.099894571,95.1502365086
287.628098359,95.2824742681
289.939661264,95.6721378393
291.330531554,96.0875648841
292.960547454,96.6708879952
293.890918729,97.0122678207
294.63276857,97.2855378406
295.364730577,97.6292867665
295.733886679,97.8262861965
295.91665822,97.9827296955
295.852674261,98.1194509377
295.537854181,98.186543265
294.514813411,98.4993653525
293.370059451,98.7657853426
291.784332729,98.7498094401
288.402665734,98.4354485642
285.592219413,98.106818161
280.667751107,97.5286308674
276.648642088,97.1328598069
271.769826418,96.6595642353
263.046034416,95.9495255318
257.405916802,95.3342593272
249.302599978,95.6620807327
244.5603117,95.5930317609
240.317212226,95.3016961543
234.488627283,95.212077067
230.992994517,94.9877282727
225.948315499,94.7454978872
222.97856037,94.9458248019
219.768561601,94.886441171
214.748862664,93.898599845
211.396466546,93.2961191736
206.586465115,92.509447357
203.408917402,91.8303020685
200.300291145,90.9289203134
195.982375151,89.26066924
193.020493418,88.6704367037
188.809016139,88.3894012809
186.417874849,88.2622140893
184.325110994,88.2365056634
181.881116222,88.6897352149
180.082586239,88.9769183053
176.792384165,89.3395835539
174.613486336,89.4599896035
172.446974152,89.4639702777
169.716832383,89.3546373138
168.107722759,89.3244836749
166.658936526,89.3214323569
164.81443305,89.1258108482
163.721072693,88.8398288683
162.399873808,88.8135989548
161.541556767,88.9029278989
160.866489618,88.8680628199
159.968444977,88.7692301627
159.468965927,88.6566661559
158.745101796,88.470968995
158.137155056,88.4641689396
157.244283305,88.6207477904
156.311161347,88.989365882
155.696700276,89.0431571406
154.969759382,88.9741802434
154.448954425,89.0702057934
154.100034497,88.9477176732
153.626990213,89.2078200107
153.651080359,89.1946219229
153.833267657,89.1735676045
154.1595746,89.3320524594
154.559645425,89.5185437489
155.077847187,89.8414852863
155.29397691,90.1541615167
155.280217739,90.6246610607
155.311368033,90.5043104717
155.499285419,90.4399876199
155.883514785,90.9457759835
156.618886809,90.8364909908
158.825045175,90.6879709347
161.017661251,90.7091851876
164.048208431,90.7444514878
169.934440546,90.9948952384
174.347726101,91.3259157025
178.831066918,91.8157989669
185.586068422,92.1358009124
190.168292954,92.2823505984
198.091281721,92.229865723
204.050842838,92.4721402696
210.58707288,92.7003854515
221.458627882,93.4712078403
228.959669232,93.4002880278
239.574637124,93.1374204345
246.161427157,92.7008210464
251.7249517,92.5206989995
258.303396206,92.0117936973
261.450172024,91.4147546723
263.694038704,90.6852687828
266.496604633,89.3431966461
268.218261065,88.6046955114
270.547328503,87.7344387595
271.811511909,87.4334451818
273.247879906,87.1502047573
273.769144135,86.8610567596
274.107456514,86.5530017221
274.427936484,86.217710677
274.472275694,85.994760191
274.321578768,85.8245108303
273.604035206,85.6123275003
271.830528348,85.4995153033
266.31515857,85.7833001636
260.906335317,86.0152751245
251.230062805,86.4521112391
243.975869712,86.6201418094
236.793799717,86.8039159506
226.203543337,87.180072907
219.484012893,87.5292949954
213.013906706,87.6958744989
204.241708382,87.9084851999
199.262304452,88.0629128697
193.211445495,88.2532873019
190.209128786,88.394174352
187.924103304,88.2178188402
185.351869898,87.793889711
184.122614732,87.7315115361
182.642851001,87.8533962954
181.69446382,87.8567324121
180.912297962,87.9013794481
179.822810781,87.6733155916
179.121287985,87.5684314252
178.035971952,87.516709717
177.1888342,87.3703201553
175.86781742,87.4854951457
172.952745287,87.4800074333
170.619657524,87.8144308094
165.526588914,87.8413823674
161.95771006,87.9118846039
158.211392067,87.8302001987
152.33746837,87.9774164385
148.282015651,88.0819535617
142.500770474,88.2032227549
138.937167943,88.2308511437
135.591396161,88.2336486724
131.534839632,88.267377821
129.351156591,88.1935799878
126.78894722,88.3013816035
125.520262457,88.3473227781
124.498859281,88.3837263245
123.303004909,88.2813241495
122.514653554,88.0408883433
121.188153975,87.7894583567
120.122690445,87.4983712352
119.074631837,87.3062582223
117.973301488,87.1448232124
117.498514827,87.0856792594
117.228607019,87.1949720089
117.078661538,87.1187168152
116.671334973,87.0043210121
115.759543419,86.4272085023
114.914732957,86.0133284205
113.863423588,85.3431735463
112.271900086,84.7352088925
111.416947722,84.4239947593
110.488702797,84.3980511118
110.163717742,84.478649274
110.079964986,84.567415645
110.479459508,84.9794716829
111.368052199,85.2122178115
115.115541686,85.6890067586
119.133858906,86.0777891909
124.162826056,86.5324403478
132.478769462,87.6954461597
137.975188694,88.995491295
144.780051693,90.9317603326
148.452234081,91.5060642557
150.650479874,90.7061511069
152.482035487,90.4421138582
153.262195249,91.2561130403
154.5217625,92.0620341437
155.840149933,92.8630384102
157.909473923,93.0719412978
162.710617738,94.9506060471
166.551599825,96.7342809245
173.346838877,99.1282337148
177.747629253,100.555170221
181.852510727,101.728954162
187.147220361,102.751059548
190.189159789,102.805982643
193.04810938,102.719152595
197.915573398,102.603354795
201.792070004,102.860509267
207.94814505,103.8023942
212.041038783,104.238052847
215.460708087,104.432950624
218.799704945,104.131712204
219.48438782,103.380638278
220.302607914,102.349130361
221.698196075,102.126442517
223.843386238,102.367675418
229.169513919,103.295349272
233.80406929,104.420127322
241.693594233,106.116201812
246.831517801,107.213210457
251.64593893,107.577587291
258.070036297,107.354670207
261.225536629,106.850973584
264.484678021,106.176686595
265.630359762,105.73661786
265.790704286,105.021299291
265.372414525,103.939610874
264.384257674,103.06702879
262.811886693,101.682600697
260.967386036,100.335890889
258.743927572,98.9163137208
255.157455744,97.053791471
253.398599685,96.5071411404
252.888797637,96.2933720949
253.220398919,96.3294300384
254.787287029,96.5454734612
258.778274359,97.4815762449
263.123039858,98.9104333338
270.786180921,101.759437714
277.571891341,103.820010137
284.345581225,104.869149015
293.602021433,105.126133584
298.718977248,104.333874127
302.880209204,103.648961493
307.742308757,102.46764065
310.277142238,101.956089445
313.848714101,101.244647083
316.447696549,100.739882695
319.407554514,100.464899577
324.33531891,100.027152939
327.611422081,99.654799051
332.527963796,98.8722363997
335.229760406,98.4334621311
337.582486631,97.69593021
340.078866932,96.8517228688
341.789073106,96.3747261014
344.205836964,95.6247221844
345.793759794,95.4465872113
346.969922244,95.1349374625
348.096973948,94.3563752649
348.944046823,94.1008824163
349.482128825,93.4654009337
349.821658471,93.0810701968
350.024965897,92.7593317147
349.955073695,92.0832925624
349.447210133,91.2328948916
348.55634692,89.4596711863
347.992788873,88.5494951636
347.43198586,87.7473615634
346.672482269,86.8545474271
345.999908973,86.4686044415
345.053969109,86.1110821417
344.278011282,86.2063536661
343.69780042,86.1776979963
342.919140172,86.6651801045
342.609838293,86.8328577562
342.539123718,87.0889138108
342.561869523,87.2084806216
342.581361918,87.2878994755
342.567929934,87.6578105474
342.482410379,88.0141301543
342.25152636,88.305656201
342.391798244,88.4809451409
342.579672409,88.5322067108
342.688093509,88.5874246561
342.673319594,88.5752870808
342.587024866,88.5740241501
342.342046369,88.5286011115
342.229836126,88.4798168675
342.162013148,88.441948032
342.145723545,88.3883184271
342.099533,88.3713576891
342.014624611,88.330831848
341.912818528,88.3263392217
341.728409027,88.3265046502
341.54103083,88.3763551397
341.309453603,88.4295637057
340.949444069,88.4374454983
340.729879281,88.4862704358
340.614762664,88.486122764
340.570496504,88.4881162038
340.540845693,88.4959710838
340.488164331,88.4472829421
340.428253741,88.4360575106
340.199061259,88.4085001623
340.080140231,88.4651720325
339.983463112,88.5751151541
340.031885266,88.9061657295
340.355679727,89.0086743711
340.803022823,89.3069276883
341.757655843,90.3675969464
342.338084713,91.7443132998
343.367880118,93.2600163146
343.961389593,94.1354657405
344.511598598,94.6885253352
345.058535532,95.2578677222
345.309833039,95.4722557452
345.694725731,95.6234055448
345.98460518,95.5881402239
346.19590899,95.6075311481
346.381594726,95.4612671505
346.145126651,95.4023258497
344.528380182,95.7565969887
342.23126167,96.1492738191
338.437393363,96.5046502196
330.090309842,95.8227172554
322.674130127,94.5675238734
308.845667547,92.0047257823
298.166945503,89.7146200392
286.712684127,87.4538671639
269.420710421,85.0109405131
258.607731907,84.2350993333
243.885954723,84.0348870871
235.233015376,83.947790863
228.082209289,84.3322202303
219.686016117,85.580888441
215.937871577,86.7497435455
212.411070673,88.4755384361
211.079493741,89.544468617
210.467717722,90.3275972867
210.659487321,91.2677212097
211.451612931,91.6369606502
212.989467832,92.2383830269
213.856094771,92.4580438765
214.521054643,92.8293827341
215.041399543,92.9593192782
214.909478988,92.9792434169
214.86855479,93.0082134849
214.301248078,92.5660373836
213.98220168,92.1548728608
214.276724198,91.0942955043
214.775277133,90.6842059527
215.22946503,90.5252922212
216.063695809,90.4927867477
216.337388518,90.8087315146
216.511472197,91.1006728568
216.408801027,91.2390032951
216.161786771,91.5305432083
215.374049555,91.8800917618
214.48406542,92.4137341272
212.788078271,93.647469802
211.581890816,94.6015667751
210.343083384,95.6115568155
208.592591788,96.8201273833
207.583511575,97.2982198573
206.184499926,97.7784968558
205.19634406,98.0782948481
204.180617229,98.2571006645
202.287583843,98.6319092496
200.930410857,98.8178709647
198.890327986,98.8064137492
197.483208869,98.7791909049
196.155988927,98.7185536816
194.180514225,98.5906550995
192.902272167,98.5383853882
190.920840988,98.630879642
189.594527378,98.7828478204
188.157729414,99.0293752056
186.115242785,99.2667683342
184.833279983,99.3532687601
182.985489238,99.6416809618
181.923853794,99.7756085998
180.913678087,99.9188405073
179.394950041,100.249466055
178.443398455,100.431596441
177.580466737,100.530867911
176.299879009,100.662189027
175.544159426,100.722291039
174.527759916,100.755750548
173.937642462,100.725482237
173.339164586,100.773611978
172.548024907,100.83802642
172.102292683,100.894855856
171.442589851,100.956492651
171.179124318,100.93175052
170.948692171,100.92545145
170.537599379,100.880884383
170.293866647,100.751732567
169.801020735,100.604102972
169.317203887,100.525080925
168.827360729,100.460114489
168.24099031,100.296728633
167.984529302,100.214797438
167.692074989,100.233871624
167.56747802,100.335467058
167.528984118,100.527531348
167.476759231,100.884672852
167.3296962,101.126504929
167.01251212,101.40494705
166.828911679,101.452221328
166.781096015,101.438574338
166.687367347,101.407502706
166.675231371,101.381226218
166.66405006,101.400449865
166.728203388,101.536850602
166.861733512,101.849959518
166.839311912,102.375210554
167.245655453,102.801457455
166.992722204,103.052431408
166.282235702,103.525105077
165.691512413,103.601136977
164.498957611,103.705071578
163.627016406,103.727609929
162.778161553,103.614868381
161.296348468,103.260235488
160.144921644,102.975621861
158.750326653,102.419677761
158.046282959,102.289565219
157.388777972,102.143184124
156.414498686,102.015627293
156.023824807,101.966973113
155.636584732,101.980525436
155.426394195,102.020927078
155.291667007,102.083746889
155.227792602,102.198602781
155.186976269,102.368235311
155.248728793,102.571388742
155.324462366,102.673913432
155.430314636,102.757671606
155.548197764,102.809084808
155.645433106,102.800305187
155.743001774,102.761698929
155.803303943,102.760123833
155.862814959,102.744197239
155.912478741,102.744933966
155.930822475,102.760675513
155.961964362,102.763641967
155.960938638,102.781046321
155.916506249,102.776674601
155.880811138,102.749959938
155.8237085,102.712794756
155.729663276,102.666417779
155.674518008,102.622616994
155.591695854,102.592678709
155.475170905,102.568994668
155.387740776,102.551709927
155.281279691,102.508590206
155.008865157,102.440757552
154.758214244,102.410099906
153.890728457,102.310822282
153.166158798,102.055672239
152.051483717,101.640120413
150.392303601,100.832225756
149.380982803,100.309071001
147.80237279,99.6013009406
147.062231183,99.1923338114
146.279566142,98.7882628151
145.389442497,98.1087178997
144.764643552,97.637842936
144.017488094,96.8823547074
143.327298947,96.3934093619
142.836496321,95.9017140795
142.132776835,95.4138830081
141.870549859,95.2875886229
141.703485036,95.3611865209
141.623266343,95.4949592214
141.616813292,95.5715667756
141.69300961,95.7355346543
141.745135949,95.7744239944
141.881841967,95.8387898064
141.974224877,95.9027867048
142.055394274,95.9499299914
142.264915936,96.0576380197
142.37324954,96.1976757112
142.481296207,96.335226615
142.527848883,96.5636673991
142.533219262,96.7235734557
142.558742885,96.997912376
142.59522603,97.0820926451
142.626257397,97.1662950394
142.663280983,97.2132841658
142.691476426,97.273778158
142.727565954,97.3299351454
142.761216989,97.3340741165
142.752465158,97.3331810642
142.780419221,97.3989656441
142.798423868,97.4638594706
142.861574927,97.5695684512
142.899716046,97.641041478
142.956925413,97.720662891
143.058988469,97.8132803095
143.126811398,97.8773069772
143.245151666,97.9808163538
143.36762717,98.0391445013
143.486204132,98.1128885587
143.677254399,98.1760866116
143.819386113,98.2255395778
144.069218501,98.3407474859
144.215005135,98.411967295
144.398866007,98.501709237
144.62072729,98.561105376
144.742029009,98.5884133883
144.964352098,98.6211141433
145.09490282,98.6608765747
145.203912502,98.7005880526
145.471217909,98.7982261656
145.622914631,98.8697275119
145.87513302,98.9400198569
146.008951609,98.9306453854
146.130993496,98.9430472464
146.331681598,98.9964140126
146.469224391,98.9977875154
146.555232852,99.0143296513
146.637881638,99.1174885998
146.680980671,99.1884181091
146.80990469,99.3075677893
146.924607359,99.3563251867
147.118467735,99.3924972561
147.401923041,99.4350595237
147.804131634,99.4973318656
148.462122536,99.7159634872
149.006158404,99.9267542341
149.645520422,100.196041736
150.729124837,100.690448476
151.414065375,101.048008104
152.450111361,101.579723405
153.133757085,101.939588197
153.788529366,102.223345599
154.864523893,102.480999707
155.548422253,102.517230205
156.519345197,102.770410572
157.086269541,102.977605896
157.518375169,103.1730031
158.062541401,103.388080581
158.386483321,103.444592063
158.78353024,103.425072896
159.081068533,103.388623377
159.347684346,103.334342942
159.80383667,103.274107647
160.010629121,103.32148648
160.35464291,103.399291539
160.639352317,103.495799666
160.864785511,103.623684402
161.251571762,103.798901517
161.495330135,103.924617444
161.831094406,104.082833709
162.094606428,104.131840674
162.305736519,104.171113795
162.708381841,104.313623785
162.952051505,104.406278598
163.177558878,104.574854521
163.503310515,104.825158425
163.738104573,104.978460925
163.989855126,105.114909798
164.121921091,105.197949773
164.235953885,105.242164467
164.344185279,105.286708128
164.418378139,105.302180355
164.464871745,105.316941491
164.459350608,105.347723771
164.453036843,105.382120998
164.440231351,105.471989804
164.433728475,105.506359752
164.425598871,105.557526937
164.427577022,105.588063837
164.428000309,105.610129161
164.460558596,105.622045949
164.489469109,105.640394707
164.51087334,105.720175096
164.523383506,105.758623854
164.531799791,105.787942249
164.595937149,105.805555769
164.633319514,105.802246651
164.697369841,105.803278923
164.714641608,105.818721354
164.734976281,105.846029005
164.727308533,105.842762325
164.698142346,105.79955558
164.662727317,105.727054513
164.631396705,105.676085088
164.602318809,105.657565708
164.575940649,105.641437053
164.559836686,105.637708231
164.56095441,105.635291315
164.57610852,105.631350896
164.575340398,105.628112776
164.565797096,105.627745907
164.569366918,105.607927747
164.586797845,105.572163871
164.566889414,105.486369117
164.564615231,105.410521558
164.559548876,105.346382738
164.526429594,105.314041243
164.453180833,105.318762536
164.329843766,105.318973945
164.239873045,105.289011082
164.125080925,105.23830529
164.074727876,105.190052599
164.077424389,105.151926913
164.09060794,105.053235096
164.102840255,105.018118772
164.117066409,104.973872862
164.117343729,104.96266076
164.113487835,104.952212544
164.106030203,104.968963495
164.104965729,104.979427194
164.094843612,104.990934583
164.085294143,104.981206185
164.089244208,104.961985413
164.118090967,104.915570531
164.14422418,104.902067819
164.132017178,104.882346036
164.142706822,104.883071413
164.151730172,104.876895767
164.170653815,104.876986316
164.18246325,104.88775262
164.196759572,104.911609681
164.202712045,104.930301535
164.192547697,104.946588666
164.172015461,104.960049192
164.139991793,104.934176203
164.104168541,104.894986421
164.008864383,104.835993933
163.824194244,104.802700978
163.36402458,104.723623388
163.032476893,104.684379277
162.715861071,104.623776109
162.231255537,104.506923351
161.92324601,104.433381563
161.552504788,104.372399356
161.360826098,104.326172598
161.065327876,104.323613621
160.591387527,104.299419755
160.131171405,104.2462637
159.335671396,104.245490412
158.752282426,104.11188357
158.074658308,103.973707393
156.998078806,103.659585972
156.239802869,103.452033095
155.135031452,103.303095672
154.44161491,103.251323984
153.877107844,103.300822955
153.07712142,103.337886376
152.604511022,103.42180205
151.98818809,103.319469254
151.624768376,103.112068436
151.448831643,102.894293159
151.159394938,102.801348591
150.941025637,102.94525146
150.59014295,103.29435492
150.278719654,103.48048135
149.941501308,103.576110859
149.362379583,103.491998001
148.954087372,103.296237926
148.508582944,103.016458033
148.03021433,102.737073321
147.968295359,102.694359306
147.866654986,102.726645478
147.826848765,102.785632827
147.772466544,102.882588237
147.627691104,102.989739052
147.456131029,103.005617049
147.185361489,102.974048972
147.041327905,102.975155659
146.905327463,103.048133058
146.703468945,103.273289755
146.584975678,103.412060769
146.417746163,103.607317248
146.308446761,103.692563091
146.216192063,103.725896073
146.075875551,103.783303755
145.996482311,103.845295122
145.936329264,103.960645487
145.962215795,104.052083237
146.014565162,104.18880073
146.156617981,104.390890367
146.214814162,104.50325834
146.342046667,104.608901573
146.395104575,104.64016195
146.438288009,104.660817686
146.474093498,104.696730544
146.478610212,104.716162196
146.484266165,104.762058538
146.489621481,104.770160459
146.489829562,104.766005923
146.494662192,104.822328284
146.484839254,104.897419391
146.465050842,104.945722203
146.437650908,104.979995669
146.419624683,104.971350328
146.38133353,104.945368361
146.356510023,104.937081434
146.357286655,104.913748425
146.317410795,104.814003779
146.312895731,104.763982953
146.220853943,104.60292986
145.98893338,104.18157843
145.682807467,103.6386073
145.231612891,102.857415608
144.952255273,102.310942925
144.163179313,101.387704522
143.675240206,100.66446646
143.196760637,99.8534166782
142.131562702,97.6533676644
141.339325891,95.8568283614
139.721946067,92.9160135532
138.18237969,90.6164954382
136.631328084,87.5410459903
132.728809932,82.935495603
130.059534222,79.9924359143
125.579515168,76.4969100696
122.228595057,74.6938018996
119.191683442,73.1210905496
114.212401603,71.2874238569
111.120493438,70.4836202248
107.112722762,69.3592228533
104.82034567,69.1875808879
103.013377708,69.4003652715
100.922037365,70.1209290258
100.087392763,70.6742284715
99.3966969715,71.3179280531
99.489641168,71.7905610613
99.8589750042,72.1860874163
100.95080585,72.9306880917
101.571185487,73.2295576766
101.972842673,73.4303038642
102.292109195,73.4916874734
102.695652931,73.6269076224
103.946568259,74.0237479192
105.084279591,74.4894642765
106.226438804,74.932314512
106.85930651,75.231106624
106.637263796,74.9251846801
105.760352872,74.1759501254
105.605052319,73.9291661759
105.916557667,73.9681069463
107.81111269,74.3899696993
109.960217647,75.0078629267
113.292620486,77.4005820307
115.493710518,78.8941944897
117.868993988,80.2518775807
120.446417417,82.1391548615
122.121566322,82.9450590618
123.314589233,84.1060685897
123.608917698,84.5023022609
123.954750132,84.7530523306
124.836610415,85.6199490524
125.502821004,86.5404915638
126.422407475,88.0028771218
126.651503543,88.7475498284
126.628758343,89.178758772
126.063220675,89.3183286385
125.721453413,89.1905637687
125.037353812,88.5772470251
124.661758575,88.069582921
124.433358486,87.7459663992
124.481274613,87.6822994507
124.692924091,87.7623854281
125.276804244,88.1702139232
126.286646357,88.9426573927
126.83544214,89.5411070422
127.640598173,90.5897876275
128.465535228,91.5915642837
129.535222787,92.7625089089
131.460535812,94.1989669723
132.655747494,95.0887387861
134.464993111,96.2633069507
135.576036346,96.9469656982
136.652144087,97.6130825967
138.120890602,98.7181282028
139.240002263,99.4321653577
140.76845292,100.377996644
141.804315869,100.759604891
142.763492285,101.049695948
144.006508765,101.049968807
144.714535039,101.063822394
145.614656336,101.235011943
146.210686696,101.397516728
146.765148021,101.656362614
147.597269073,102.319397648
148.239572613,102.810345034
149.018056189,103.33759278
149.488282013,103.503295489
149.912754472,103.549565105
150.390506992,103.452365731
150.573189431,103.28832815
150.702583253,103.024433398
150.811560659,102.840219485
150.892829081,102.690625943
150.964166757,102.593042302
151.042607988,102.510472023
151.026664715,102.387281297
150.990268699,102.215256247
150.918665817,102.001409582
150.753948594,101.687983257
150.643900255,101.378462266
150.542194707,101.150216043
150.416984086,100.844057467
150.341959687,100.662762542
150.262457228,100.440273682
150.218758405,100.416569219
150.177135876,100.383225707
150.114650048,100.336403739
150.079678,100.332889336
150.087725103,100.290198569
150.152459171,100.261194662
150.217537585,100.242043869
150.298721677,100.202569255
150.331221803,100.184297331
150.370751344,100.133850246
150.375876568,100.103702132
150.378241392,100.084846636
150.425414949,100.070143583
150.526768314,100.148396146
150.849087257,100.501295642
151.041139513,100.806968839
151.374136887,101.23636975
152.018873445,101.970671213
152.443741464,102.58030296
153.387200368,103.575939111
154.016780409,104.174755641
154.539176633,104.623085121
155.417884422,105.098682238
155.879092777,105.332559153
156.677814665,105.454959783
157.132163888,105.46750946
157.645150178,105.486954126
158.475510825,105.465768025
158.921332911,105.405428932
159.235455281,105.245371134
159.528423856,104.977660932
159.641695551,104.730236854
159.866905819,104.156125329
159.999296892,103.686386516
160.098219227,103.261942737
160.164363784,102.538051633
160.271035194,102.222327803
160.501182869,101.93237756
160.678969962,101.910295751
161.116231872,101.913581546
161.935888795,102.158756324
162.711797562,102.424001319
164.155768285,103.225005722
165.333542833,103.771916009
166.711243867,104.417429342
168.903785963,105.374405985
170.648702383,106.068152664
172.57833844,106.747866015
176.298365887,107.994570183
179.244504613,108.929650218
184.204075098,110.473022627
187.719251453,111.686285762
192.945750551,114.204001593
197.076701283,115.954098242
201.384928465,117.66535738
207.244750352,119.703460726
210.767435475,120.804950469
213.74568809,121.465290468
217.956339438,122.028299728
220.411953531,122.35509843
223.553703469,122.67283104
225.420771694,122.903906729
228.077152684,122.965908328
229.552345568,122.95453927
230.774672293,122.97768384
232.814948953,122.999555438
234.129786546,123.091320273
235.783476576,123.136600298
238.475839623,123.759623558
240.761046876,124.392526338
244.832330866,125.166260996
247.367828238,125.603790546
250.087064937,125.910093043
253.274047516,125.913873895
255.194107114,125.204195171
257.074657604,123.815758561
258.163119528,122.659073709
258.640419923,121.646163976
258.552912152,120.345353972
258.052533588,119.477494099
256.991955964,118.54911665
256.517596493,117.95157656
256.066292528,117.560590905
255.439989458,117.475461163
254.863342669,117.492247232
253.426277326,117.735484246
252.177271332,117.66330063
250.827256531,117.603044457
249.123098139,117.292828296
248.25309402,117.265278277
246.500797527,117.777364678
245.192309757,117.804771163
243.204242487,117.813627158
239.862317985,116.822383667
236.650939909,116.345609969
232.375594998,114.957204546
229.227089378,114.560250928
225.728922976,114.207425264
221.079132991,113.505958068
217.516145386,113.131879329
214.24737558,112.338412473
208.632131947,110.958409423
205.323397993,109.733566726
201.790567255,107.866468018
199.203836001,107.051871153
198.059015236,106.367163128
196.091276656,106.341340167
194.801072742,106.572693353
193.702851182,106.780031083
192.886865168,106.697298079
192.376455387,106.288254674
192.10547337,105.480658045
191.857365263,104.934067378
191.194126413,104.454080698
190.901763665,104.201646556
190.528085713,104.020656601
189.918876163,103.874163019
189.465128567,103.676656476
188.670768217,103.271992723
188.353536823,103.007787106
188.016283974,102.740438197
187.430888072,102.345478888
187.070167555,102.056777739
186.407376088,101.778822085
186.172142766,101.745280491
186.068686629,101.768996724
185.731867468,101.856393203
185.591995054,101.918448622
185.286224058,102.015225651
185.091728904,102.049899435
184.907624046,102.044609923
184.487936641,102.029806639
184.261936833,102.047091711
184.077442566,102.049345822
183.887580417,102.209292266
183.798165961,102.466020024
183.029417908,102.830033414
182.493862934,102.921629915
181.823193891,102.90573486
181.067368344,103.168194186
180.386355361,103.301649162
179.265240601,103.74499885
178.677855081,104.000576587
178.124632373,104.180940876
177.201209714,104.173099028
176.617223974,104.104578347
176.278966427,103.967368947
175.834238749,103.89506874
175.535493238,103.83747226
175.171032356,103.654401464
174.785675734,103.482489501
174.260960779,102.937884507
173.926712245,102.344357222
173.513530041,101.924732463
173.131243744,101.540040478
172.918474965,101.562415859
172.779330346,101.769975677
172.612667284,102.079211501
172.333855615,102.434910248
172.070880254,102.586507539
171.815096963,102.715962281
171.683260814,102.8317311
171.659508576,102.953538509
171.701240199,103.162978322
171.954707438,103.450220399
172.188822561,103.622381421
172.430092414,103.787375878
172.845311969,104.044014752
173.008716082,104.15865838
173.045619773,104.336250126
173.130536309,104.263257784
173.136072884,104.341830688
172.788234994,104.254160388
172.659566631,104.027061386
172.266143714,103.806251113
172.178855998,103.772807506
171.909361024,103.730290564
171.664371087,103.938207561
171.523345991,104.095703698
171.279538772,104.383060247
171.137361208,104.419985388
171.004509721,104.469014425
170.855696011,104.439178601
170.698269375,104.402778705
170.409478449,104.28649087
170.236539355,104.20745397
170.129222412,104.132309076
169.965155587,104.037025747
169.899140933,104.024761961
169.813072843,104.038633519
169.796515679,104.068593187
169.773235743,104.112478351
169.7668614,104.154802837
169.736758225,104.154863112
169.664597807,104.130123379
169.572558879,104.094647654
169.469097545,104.053793861
169.274769573,103.979517076
169.148956209,103.891983682
168.888347809,103.716653891
168.719315713,103.555612651
168.528507843,103.431066544
168.211422336,103.24664333
167.995086596,103.164847352
167.670938773,103.079676412
167.486194773,103.114434078
167.243257757,103.137660843
166.920997293,103.174800269
166.674021453,103.157832887
166.404467157,103.14149094
166.034811731,103.117313156
165.795171242,103.096484345
165.439618212,103.132890207
165.239544454,103.17332977
165.028047016,103.25028317
164.697522016,103.350658748
164.483043195,103.394359512
164.182051804,103.44886645
163.968881453,103.483770822
163.709105139,103.481627655
163.321492109,103.490090718
163.110720787,103.497838277
162.797581984,103.512801073
162.610948068,103.52101259
162.454070441,103.557408982
162.149890852,103.615500297
161.912723136,103.69903401
161.570784432,103.828582111
161.360297651,103.906070022
161.178550374,103.957054529
160.870444996,104.004606175
160.640021961,104.034114313
160.327958827,104.035002873
160.169857151,103.984038685
159.950438233,103.923253453
159.655217802,103.883953867
159.466515612,103.853088391
159.299141998,103.797083347
159.107822286,103.767946931
158.989484169,103.759884767
158.824290095,103.77938077
158.743649771,103.793350333
158.649455817,103.800282227
158.530939162,103.807495781
158.476162356,103.791859016
158.416039223,103.772340201
158.3712392,103.760916184
158.345011538,103.759414604
158.330352302,103.790558163
158.342989422,103.835253071
158.37064453,103.95216395
158.428137114,104.046188189
158.451816165,104.086990981
158.479526262,104.046705812
158.467148318,103.993914667
158.458506023,103.933123121
158.424313743,103.909421578
158.409782403,103.877672549
158.399478924,103.865432527
