180.445160284,90.7816962441
180.451713383,90.7212996101
180.461985143,90.7233733347
180.464434615,90.7178954418
180.470956168,90.6476689553
180.491752415,90.5949571018
180.522897019,90.5688591785
180.543108245,90.5720303954
180.546527233,90.5765399521
180.507536549,90.6021225452
180.474514159,90.6146967291
180.423203081,90.6451951049
180.401066778,90.656203536
180.378319295,90.6648629347
180.379410934,90.6839998538
180.379348595,90.6931325829
180.379727028,90.7361509778
180.361417744,90.7801593015
180.339797875,90.8166730503
180.286697205,90.8660612635
180.25334166,90.890987666
180.211011459,90.9409671526
180.179849297,91.000816884
180.14931638,91.0185115381
180.081767851,91.0512672506
180.056198126,91.0711923752
180.046824108,91.0902787052
180.053957476,91.0852794819
180.077830397,91.0833300988
180.096403911,91.0810296104
180.102978399,91.0695403971
180.104154237,91.0505063782
180.105588728,91.0414651098
180.108565202,91.021702055
180.115753795,91.012773342
180.121775817,91.0182981236
180.120008806,91.0190838215
180.098578913,91.024790463
180.076596097,91.0386896507
180.026703679,91.0566101579
180.000050438,91.0487639861
179.974660243,91.0857753222
179.946587488,91.1358388391
179.928303376,91.1666035857
179.884119386,91.216400755
179.855636498,91.2458642972
179.838277486,91.2606766817
179.817162867,91.2850788417
179.800040237,91.3049396318
179.777432059,91.2934101596
179.762419656,91.3061409094
179.75264612,91.3147998345
179.749961047,91.3109551038
179.745083437,91.3091676834
179.738784208,91.3058273037
179.72807199,91.3058924032
179.711818585,91.3191816721
179.685341438,91.3272561168
179.658860645,91.3194198097
179.628195651,91.2911491159
179.620460506,91.2889467234
179.604431411,91.3148005511
179.575617675,91.3193626146
179.536589956,91.3305868885
179.470422989,91.3492685492
179.440942544,91.3626231174
179.415688403,91.372500862
179.393266492,91.410221793
179.372626551,91.429136036
179.347446462,91.439266709
179.32911023,91.4531221835
179.318595858,91.4609407422
179.323107533,91.4747801957
179.3379097,91.4851089284
179.355892419,91.5017907086
179.377001782,91.5426840095
179.371365821,91.5680585831
179.33163855,91.6009671311
179.313613072,91.6087251455
179.310380051,91.6114350764
179.337975827,91.6252681117
179.350590474,91.6626777804
179.345641622,91.6655097891
179.320021418,91.681107821
179.302856314,91.6919655436
179.267894715,91.7209622243
179.255123033,91.7735710663
179.163698234,91.9121366538
179.044933717,92.0164294052
178.867808888,92.1528446476
178.245251174,92.3948745899
177.548193971,92.4632386085
176.076970371,92.4011515506
174.718438259,92.2081196802
173.192508533,91.9518229974
170.565731226,91.5975271309
168.706289621,91.3635478928
165.947575681,91.1212678563
164.193992307,90.9243428827
162.547317051,90.7855420074
160.32193003,90.6461802886
158.984125804,90.7008237723
157.176364349,90.7270906761
156.138999565,90.7244120623
155.253514563,90.8072423638
154.233484142,91.0979020649
153.561412902,91.1924631211
153.035909909,91.2432379837
152.535092094,91.4994609217
152.510982946,91.6260059535
152.337018436,91.7281874997
152.19613086,91.7800153762
152.03291647,91.7716590419
151.695611995,91.7567304372
151.501050029,91.7354097253
151.206535218,91.7594775538
151.032546985,91.7956622886
150.908779349,91.8203757746
150.749311408,91.8705942447
150.607037736,91.8224048939
150.393784955,91.7971507005
150.217100577,91.7716434133
150.020213439,91.7115405429
149.92455879,91.6926726438
149.867503984,91.6821383089
149.868394258,91.6983565784
149.915071259,91.7371171522
149.977493618,91.8085364196
150.147151372,91.9121768087
150.31187024,92.0404581342
150.495786761,92.1120770779
150.918515045,92.2463734947
151.244207125,92.2952429652
152.000304063,92.4843024246
152.720613757,92.6634072148
153.929522339,93.0077087402
154.808340658,93.1965286022
155.725868178,93.264171546
157.226639606,93.3512134653
158.085506435,93.2810783591
158.780676408,93.2913610969
159.792299605,93.3217515063
160.516787178,93.4411723028
161.599688678,93.5114656521
162.298331421,93.4897112083
162.956511592,93.3970350005
163.908070228,93.4186433251
164.45190074,93.3751104991
165.111128202,93.3796986469
165.461692728,93.33467066
165.728716677,93.3124600907
165.999902224,93.1949666761
166.140311278,93.0198245851
166.372484948,92.8922631397
166.545144451,93.0270964662
166.750545743,93.3180576534
167.128079804,93.8754471137
167.414931662,94.1522350011
167.712115135,94.4881803305
167.811567343,94.7397680642
167.933583747,94.8900863935
167.88338705,94.7669488229
167.841137733,94.7628305494
167.715805321,94.7707776867
167.643386109,94.7754907201
167.622501494,94.8100606589
167.597252149,94.8419764498
167.598257135,94.8542079869
167.624579455,94.9038810648
167.62755419,94.9524581559
167.640363069,94.9955030086
167.668988514,95.0354784154
167.696086811,95.0696893886
167.71335005,95.085233403
167.726879412,95.0230245782
167.721637455,95.0074104486
167.782439613,95.0131805898
167.867791126,95.0378903262
167.942333532,95.0344097166
168.02151983,95.0617385922
168.091409858,95.0894248965
168.162710598,95.12029059
168.240488357,95.1348425366
168.367015402,95.1804256143
168.744380741,95.3288581349
169.148354172,95.5024196021
169.934149616,95.7668361862
170.606444183,96.0263243256
171.422537049,96.392199443
172.823585377,97.2932596483
173.861210655,97.9793579813
175.708772954,98.8307682904
176.94044374,99.3916997486
178.130849651,99.7218938049
179.881738052,100.200415389
180.864203871,100.510754142
182.218766969,100.7842937
183.068782193,100.892838973
183.801188401,100.924034837
184.819448598,101.043213606
185.618472269,101.019502286
186.941838076,100.926577797
187.892484126,100.862320022
188.885754096,100.790147896
190.224183927,100.69279483
191.009355714,100.604984956
192.043569334,100.444320646
192.664811305,100.367659581
193.191967726,100.318630953
193.869453129,100.219042692
194.211918524,100.193453605
194.557460174,100.071464142
194.908683541,100.029878337
195.326412587,99.9093112171
195.860378035,99.871010503
196.366246336,99.8933885254
196.866694672,100.020942412
197.756734825,100.05625923
198.371712608,100.146308856
199.19145021,100.325918023
199.64716008,100.374690242
200.03938236,100.450507518
200.53850078,100.551128394
200.752533683,100.583549327
201.012929766,100.661067997
201.110185496,100.67567837
201.16520468,100.690640185
201.231373733,100.685758533
201.2472451,100.705955011
201.189100942,100.722584303
201.114154894,100.710653561
200.993666785,100.678633623
200.842637804,100.602355772
200.769064204,100.569012158
200.702688487,100.463356403
200.654892794,100.415840755
200.663681669,100.304979823
200.667227005,100.244330898
200.703726439,100.162944434
200.722816546,100.060593812
200.718667473,99.9797683465
200.7397685,99.9244237046
200.772724519,99.7690898339
200.876079947,99.6143229807
201.049281654,99.3265574431
201.267828503,99.1292787446
201.493129971,98.8851839593
201.939238989,98.5950190086
202.200425294,98.3490101123
202.590990186,98.1343769321
203.337100377,97.8506652829
204.034404646,97.6100138183
205.271778848,97.2802018975
206.26494043,96.9390738083
207.364667671,96.7122502186
209.204715756,96.4000732677
210.43781017,96.166301149
212.280199349,95.6814391021
213.447747272,95.2686144534
214.624641738,94.8823071023
216.1699121,94.4128019577
217.20814606,94.1576090859
218.507949976,93.8028423857
219.262631201,93.6045038343
219.90077227,93.4049368076
220.699118146,92.9901448328
221.165518688,92.8321483555
221.715126865,92.4484663675
221.978575217,92.2489843466
222.242848646,92.0338149456
222.632692699,91.8522983308
222.928311628,91.7922889878
223.170444786,91.7035216324
223.670378826,91.4847862937
223.989236779,91.2997328435
224.365188394,90.986157957
224.560578111,90.8062779023
224.771951254,90.5190332763
224.981605928,90.2982487586
225.193602888,90.1235467433
225.730545837,89.8829333835
226.279229361,89.7532628411
226.933056634,89.6510255924
227.722740753,89.3909973371
228.104750091,89.1708069042
228.541021006,88.7758255018
228.739168093,88.5454602901
228.929771103,88.4076706049
229.248590103,88.1403695913
229.471969145,88.0405879211
229.905477195,87.8771423076
230.204022417,87.7947761894
230.508032421,87.7580270622
230.869177865,87.7018568072
231.000504077,87.7024521685
231.201001823,87.7540772893
231.326720441,87.7777561104
231.458522889,87.8214963357
231.66759864,87.9007733101
231.855991797,87.9451240381
232.079378694,88.011700497
232.23000342,87.9939671123
232.284988203,87.9914511856
232.359693121,87.9960392085
232.401379131,88.0012709055
232.419265228,87.9898533801
232.42189349,87.9763929618
232.441278628,87.9616575302
232.474364929,87.9289232355
232.485026875,87.9079020565
232.474575043,87.915428122
232.383560239,87.9218262255
232.251892565,87.9113042396
231.762344898,87.9531278219
231.187145789,87.9990437088
230.521349472,88.0564474925
229.184764901,88.077182279
228.235025185,87.9940195885
226.7691233,87.8066962477
225.789544413,87.7450472708
224.909620586,87.7074565011
223.515949223,87.5383159781
222.556902512,87.4667352242
221.011624626,87.5579069588
219.767647835,87.477939532
218.432263765,87.3535053489
216.210747501,87.1876204495
214.565029138,87.1302167922
211.673234622,87.0712078459
209.529947359,87.0896141248
207.16451168,87.1075444968
203.559689123,87.1984869826
201.17476838,87.2668697808
198.888652393,87.4060617426
195.548336188,87.5322624727
193.395447092,87.6251421114
190.20424414,87.7910668511
188.178706959,87.8631222226
185.134282943,88.0249800555
183.257642288,88.0554393224
181.311765579,88.0776908423
178.296603339,88.0681101285
176.250864923,88.0789275948
173.121422745,88.2645323552
170.901795822,88.3753132385
168.695205627,88.3666756321
165.079637772,88.223292126
162.638690574,88.3218841793
158.856575585,88.4301206465
156.439634787,88.4573163558
154.089135924,88.5601460956
150.642794538,88.7861237134
148.268436056,88.8901734065
145.83069904,88.9787749739
142.150828578,89.044652285
139.746559715,89.1236021467
135.747383797,89.2713411528
132.543643977,89.429944646
129.021775514,89.6899136416
123.870146938,89.7154733249
120.69925577,89.6975244267
116.53902982,90.0074833697
114.248711354,90.0755852858
112.400087625,90.0500976037
110.37127198,90.1344708782
109.358274656,90.1176478857
108.139796398,90.1449061292
107.445392854,90.1632606789
106.69175378,90.2321761327
105.557688567,90.2315680848
104.668261824,90.3176661324
103.525143434,90.2789165584
103.086584636,90.1699684959
102.754064327,90.1351686649
102.471847815,90.154091493
102.19750903,90.2577451095
101.667939273,90.2719174431
101.383063254,90.2449442601
100.972045102,90.2455822945
100.469124978,90.2137022229
100.069952161,90.1110192332
99.6766115054,90.0140468752
99.279551802,89.9774268832
98.8203499998,89.9580208339
97.8959707555,90.0193347385
97.1487144436,90.0476543377
96.2770885293,90.1497216397
94.7622772483,90.2546368746
93.7462092634,90.4053678447
92.1788021464,90.6647494905
91.2199427908,90.6008334548
90.4891538055,90.4907920901
89.4636105145,90.5889363602
88.8343443948,90.6425512426
87.885983358,90.6396174323
87.4115764763,90.6706550785
87.1060835262,90.6560453498
87.1019327891,90.7278623005
87.1015913028,90.8134130282
87.16472223,91.0464636635
87.1994772843,91.1589138789
87.0469790536,91.2908126837
86.9039281177,91.3398034086
86.8826524111,91.3807860725
86.7687459142,91.6652516085
86.6817776417,91.8333145596
86.6196496095,91.8251449927
86.6310925032,91.2961553205
86.4179685613,91.1220275927
86.1432653152,90.8250947852
85.8943342814,90.6209139234
85.6737642609,90.2459664285
85.4311897698,89.731055919
85.3408956338,89.4472706237
85.3365515732,88.9678275097
85.2177315799,88.6491788468
85.1959240001,88.4318047975
85.0462195419,88.1472196372
84.9808895585,87.9048468453
84.962823432,87.683791931
84.9938380088,87.5709979705
84.9889583123,87.5029204887
84.9699584537,87.3844365594
84.8438888524,87.3371250103
84.6599303061,87.3437460678
84.5089464526,87.3663667436
84.4686307025,87.4122657106
84.4195420444,87.4773090436
84.3451439972,87.5239963324
84.2830998706,87.5339263165
84.2640909988,87.5947982058
84.3676093927,87.6192327837
84.5526114476,87.7261200163
84.6998611065,87.7842614295
84.7808632331,87.8098524927
84.8683393215,87.8212940223
84.847914628,87.8370588904
84.7978015689,87.875290015
84.8435752559,87.8955956186
84.9567422694,87.9359305282
85.0879870192,87.9758680562
85.1190456679,87.9933541028
85.0995817364,87.8846955374
84.9396455686,87.8315168465
84.7664978324,87.8238268768
84.5561813637,87.9069758928
84.4937024722,88.0141716339
84.4277870554,88.0423654532
84.3115169449,88.0418776454
84.1506986857,87.9967662982
83.2641024047,88.3530876874
82.3017717934,88.7015665378
81.2839577987,88.8707698581
79.9890693509,89.112009582
79.0712756979,89.3193646756
77.5488571685,89.7960132212
76.3740470806,89.9692547314
75.0995158422,90.1109920314
73.1163634616,90.0627831521
71.7986972692,89.9434177019
69.9839302724,89.4070613346
68.9231077085,89.1649367219
68.1660954998,88.9931789532
67.4253764649,89.2221388298
67.1805218471,89.5676379658
66.7733494564,90.0856482692
66.3702964209,90.354348822
65.9992464432,90.5114645931
65.5470338392,90.4933135572
65.5704778604,90.5163584122
66.1721214247,90.4645084817
66.9282159028,90.3879138561
67.685699665,90.2628106828
68.5606848749,90.1036275989
68.9509956792,90.0193942663
69.4660829029,89.9543328039
70.0365081507,89.8476911891
70.7601533102,89.8524491431
72.1183346329,89.8775784579
73.1317972836,89.7906144798
74.1339828265,89.7312719883
74.3465898516,89.6568062346
74.2492053152,89.7702199247
74.532047743,89.6563631754
75.030927626,89.6415075981
76.0052560034,89.6487931005
76.6982317743,89.7508054135
77.2804377156,89.7856373575
77.4251978402,89.7142147099
77.638529477,89.6919576192
78.2897098234,89.6326895441
79.5870798145,89.4082686107
80.5174857726,89.3051214324
81.8183110143,89.0595933561
82.6704363925,88.8970081857
83.5313064566,88.7184746249
84.8187603135,88.3223844587
85.6228857794,88.1154376305
86.901882361,87.8687614428
87.6941444871,87.7527773949
88.4564886858,87.705166782
89.5700603255,87.6499250459
90.2019268153,87.62323019
91.2582973499,87.5373447075
91.9546414452,87.4558708739
92.6025869579,87.410067184
93.5460658236,87.196553817
94.205725918,87.2100999527
95.2553857852,87.1684591934
96.0276783956,87.2529987378
96.8553273549,87.284938148
98.1461652907,87.4986538994
98.9651742647,87.6246144475
99.7885839746,87.8630902417
100.445458845,87.6805271063
101.214928661,87.6247384436
102.527517644,87.5466871271
103.456291981,87.5976346481
105.123695806,87.6329238403
106.362468609,87.8918397312
108.085412514,88.3735953915
111.423637343,89.0400285321
113.872260955,89.2936308008
117.094959923,89.536640711
119.142904857,89.6272037095
121.01698112,89.8052761851
123.864701663,90.1592275391
125.734090172,90.2318246861
127.877490198,90.2250547635
130.888355569,90.417658153
132.871468144,90.6525087881
135.534593581,90.7919317179
137.037795457,90.9779858593
138.130323445,91.085625829
139.342287268,91.1228617364
139.874962362,90.9412627766
140.759655269,90.8324160426
141.506518257,90.8519318478
142.281670783,90.9217273756
143.264054162,90.9642841325
143.912767481,91.0477255841
145.02565316,91.0087912486
145.886660363,91.0806954395
146.817325838,91.1640275697
148.347553478,91.4091310892
149.429762238,91.5959710083
150.895519145,91.6583489377
151.752441976,91.7972910949
152.500175231,91.825905993
153.679635146,91.9317241999
154.540462257,91.9424672056
156.084121747,92.0931808297
157.282804073,92.0441152839
158.630551779,92.0139677808
161.224744451,91.6401235748
163.335344568,91.4859027113
166.456307448,91.2296044414
168.468321944,91.2746910659
170.249355869,91.2571801805
172.496366626,91.3420588762
173.646341833,91.3504233162
174.646611491,91.4031969431
175.910027751,91.5330855554
176.715063656,91.5062248684
177.761164839,91.5647258841
178.419309891,91.3091121937
179.020956462,91.2136958705
179.984724863,91.1355847964
180.694405301,91.2643549716
181.633683207,91.2747015777
182.263055123,91.3882668288
182.665235026,91.4195098787
182.979585416,91.6267691159
183.09981115,91.7575205787
183.731322786,91.9609688258
184.221781826,92.1717678583
184.736578107,92.2115002404
185.430414123,92.3160813083
185.902485315,92.3268591571
186.647008725,92.3580853991
187.243013512,92.3395588868
187.980782057,92.410406737
189.236322318,92.5310401703
190.105930474,92.7229930773
191.491420357,92.9338392146
192.342936208,92.9836233571
193.160055322,93.0832179148
194.271545328,93.264810111
194.927123018,93.3043523905
195.813924022,93.3812063551
196.225386582,93.2961832634
196.163218757,93.2254733472
195.934167827,93.0743844932
195.858974611,93.007485079
196.052055392,92.9233967895
196.542101729,92.9609059395
197.069134557,92.9942905085
197.596195034,93.0456876859
197.745809621,93.1249420441
197.758536276,93.1710168707
197.673935695,93.1554618432
197.547975449,93.1194047902
197.322436802,93.1250585426
197.185624886,93.1514183012
197.029015259,93.2032410181
196.767692697,93.3458386595
196.59278119,93.3973382281
196.31908566,93.4019143613
196.231490752,93.4045830337
196.170649701,93.4085927275
196.158536322,93.4067027539
196.205119078,93.3830411728
196.263159136,93.3397939315
196.285935421,93.3028750357
196.289122592,93.2725131967
196.253223838,93.2946782576
196.206226738,93.3343567363
196.090621692,93.4566552241
196.030397301,93.5198407304
195.981564995,93.5781103667
195.972487314,93.6141305638
196.023204954,93.6510032186
196.15486723,93.6555020789
196.534452083,93.6046957595
197.226779019,93.4337412852
199.147329648,93.017982845
201.822023487,92.7358211744
206.187038234,92.5936799221
209.282198246,92.5993787861
212.391601294,92.4149216095
216.800298884,92.1554480486
219.82375745,91.6978420426
222.775464404,91.0262688843
227.336456765,89.8555911611
230.340435379,88.8184847813
234.581615959,87.6097827493
237.758588723,86.9658035125
240.710689108,86.3554492545
245.255067846,85.7457272742
247.874838858,85.546308436
251.316079925,85.3364938712
253.06760487,85.0306844271
254.522477343,84.7442232917
256.066241401,84.436461503
256.9432136,84.3751178928
258.067921465,84.4573690132
258.899224811,84.4751487092
259.732669609,84.4897224942
261.080229672,84.4953961998
262.046316592,84.4471519704
263.509308108,84.5335053424
264.552329204,84.5084314903
265.539159008,84.5884420971
267.084990883,84.6043488502
268.063609266,84.6813436464
269.521950881,84.7596290658
270.447140754,84.7768140395
271.535672557,84.6506045998
273.05320952,84.5871691676
273.970361817,84.5494060031
275.065544374,84.6007447371
275.734536888,84.6217993398
276.28737416,84.6100999929
277.138865536,84.4834783276
277.729782731,84.3362494015
278.396005703,84.1353436318
279.281334782,83.9486877792
279.947405273,84.0812633565
281.053075172,84.2804860032
281.689973571,84.1259330178
282.109515663,84.0851219127
282.587883621,83.7459510584
282.838322486,83.5730221518
283.387040828,83.1856597759
283.835628949,82.954533004
284.379902174,82.896384097
285.40474831,82.7877668599
286.06449428,82.6099789713
287.308158623,82.2663165937
288.024105546,82.0961447514
288.586975516,81.8497154509
288.91110242,81.4962723916
288.940815045,81.3426684461
288.943009694,81.0781989118
288.969815041,80.9614601078
289.003623046,80.9069062966
288.905541523,80.9387240234
288.719986772,80.9787303056
288.613317647,81.0267277517
288.652381454,81.0238125963
288.821283421,80.9802493147
288.912512735,80.9706026131
288.915211313,80.9947830125
288.808546822,81.0263613434
288.534296156,81.0359248738
288.364068114,81.0592906118
288.1741298,81.069002633
288.108416492,81.0799797263
287.975244908,81.0640231588
287.865401636,81.0407738825
287.800471002,81.0196088976
287.701637463,81.0015280747
287.623482423,81.0203390811
287.532462382,81.0601147412
287.433926379,81.1263469245
287.366224457,81.1875605841
287.301179003,81.2470726404
287.236514954,81.2982451395
287.195958461,81.327450851
287.150494126,81.4068130832
287.172614347,81.4498842015
287.234027494,81.5020487388
287.315090107,81.515496696
287.402569028,81.5171000254
287.567898571,81.517163727
287.692655923,81.4811999218
288.058528954,81.4150858738
288.22855091,81.4032879886
288.295173622,81.3895636825
288.309619987,81.3722135893
288.252807144,81.3732001811
288.15857876,81.3808721113
288.073108027,81.3933013888
288.001907469,81.4053768496
287.898298223,81.4073174078
287.810571815,81.3989654792
287.593421744,81.357882098
287.358888919,81.3669402907
287.096674067,81.3551009892
286.368182242,81.4404470095
285.88017614,81.47071313
284.933478825,81.5439065651
284.246644086,81.5985537647
283.431992856,81.6895212187
282.240209954,81.6747716271
281.530655122,81.6029307435
280.816455661,81.5570640001
279.719907177,81.5643052064
278.919214413,81.5558797392
277.589139638,81.6852567656
276.696949438,81.7667279566
275.773865852,81.8150066921
274.427798776,81.865663865
273.487642392,81.8599433669
272.07040886,81.8444158268
271.098790727,81.8611413973
270.138494302,81.9247453025
268.840491331,81.9906885982
268.059560157,82.0372819212
266.911806569,82.0480614945
266.118824156,82.1301113618
265.271312839,82.2326502875
263.672567837,82.3677321214
262.204040302,82.3057232082
259.215554458,82.1730738425
256.713725741,81.8491144973
253.885986813,81.5706819873
249.861989476,81.3458533766
247.529217537,81.1098259865
245.346107198,80.9725304039
242.419822079,80.9563821601
240.361094942,81.0270945029
237.11666727,81.142335083
234.922412151,81.2116893068
231.521435806,81.3452601315
229.299311312,81.3120274303
227.155821094,81.2706480906
224.168577518,81.3096527751
222.481731036,81.4087045481
220.078079952,81.7877002861
218.542493317,82.0498359047
217.037701267,82.1781768167
215.149062664,82.5219842859
213.96754929,82.7072328722
212.902388437,82.8976122785
211.604162729,83.0393235223
211.00938253,83.2432365961
210.336194422,83.344107777
209.989473017,83.3334232012
209.753997903,83.3251489439
209.575536922,83.2822993169
209.490811758,83.3212373725
209.394643996,83.2588885963
209.356029624,83.3448828285
209.370047831,83.4142944084
209.377617467,83.7088108619
209.384070154,83.8566380717
209.409305981,84.130277686
209.485283403,84.1926106893
209.496093107,84.2468738689
209.561857094,84.3241609952
209.66174864,84.3981164374
209.896767986,84.5738835
210.01704619,84.6202232871
210.167994211,84.7407550266
210.35539138,84.932486576
210.42856582,85.0539236311
210.454302426,85.199685538
210.359244375,85.3456134877
210.103842432,85.5104131808
209.573986666,86.0378772889
209.028143792,86.4614650757
207.755528752,86.9026544769
206.293771829,87.145413467
204.572180855,87.0919913115
202.272504506,87.0510332931
200.875104683,87.4541397598
199.686760258,87.7773689305
198.24240515,88.3834792077
197.373730313,88.7266170336
196.280051387,88.9780648838
195.669866165,89.1286405661
195.134265486,89.2336840081
194.610686638,89.3697866636
194.459405169,89.5219667942
194.363359569,89.6908568321
194.407294237,89.7311829749
194.42544129,89.7666068302
194.46325179,89.7249135199
194.4897514,89.6969884767
194.509660359,89.6952099277
194.511215858,89.6943378186
194.502688911,89.7222273342
194.45741779,89.7320478803
194.430164335,89.7432809089
194.407925024,89.7317697658
194.400551851,89.7526534547
194.412544872,89.755961371
194.438704424,89.7241774784
194.455539809,89.7188126874
194.478143309,89.6926803964
194.500530751,89.7091817931
194.515026385,89.7105784564
194.497627239,89.7446227883
194.479777974,89.7700694762
194.44006758,89.7967907069
194.36704905,89.8763798159
194.298316178,89.9291697751
194.217941078,89.9776666752
194.176756187,90.0347309676
194.113631763,90.0833885865
194.072783836,90.1184017003
194.038578828,90.1571580329
193.986469356,90.1967979686
193.964994942,90.2197286143
193.953876969,90.2493348261
193.955631116,90.2883140239
193.953600734,90.342240727
193.931816103,90.405254924
193.906888692,90.4574169828
193.881083079,90.4790476595
193.87103823,90.4800138446
193.883615329,90.4860633915
193.916731137,90.5108862998
193.937926277,90.5317341944
193.939076664,90.5636716007
193.916372678,90.5746251301
193.889970848,90.6104091866
193.830308242,90.6433941668
193.779364909,90.6964215015
193.733868979,90.7236033778
193.683921673,90.7485801263
193.653655708,90.7738053906
193.61161424,90.7634323035
193.59585742,90.7583158139
193.586037511,90.7525182522
193.577974782,90.7234992315
193.57477272,90.7207780679
193.54537957,90.7301119185
193.495804375,90.7346243369
193.370286287,90.6699764406
193.024007213,90.4548849287
192.646796513,90.305962285
191.779465394,90.3563952466
190.937161537,90.6401102035
190.130911466,90.6634233796
188.660371415,90.2651147876
187.634422108,90.0853821112
186.542148603,89.8594598474
185.065240245,89.6311341411
184.245087757,89.4535263289
183.249367416,89.3344241575
182.730803322,89.2524913903
182.263571162,89.198554408
181.310462045,89.1233634307
180.659668693,89.0677077179
179.546535489,89.0337680555
178.847328366,89.1802270789
178.161280591,89.3558507985
176.953786428,89.6353376945
176.141665274,89.7859679434
174.718948174,90.0422081404
173.768947025,90.2106132853
172.702723182,90.2338138426
171.118018476,90.2771371333
170.10746913,90.2021267415
168.652254017,90.0903906331
167.701598409,90.0804400389
166.936868479,90.0139190469
165.955987077,90.0175842349
165.538063603,90.0448043383
165.471341867,90.1491315064
165.44952369,90.1742905953
165.455331125,90.2236727564
165.612478878,90.2965010915
165.712819201,90.3244008902
165.810576252,90.3391323861
165.841677829,90.3330846446
165.878375225,90.340005184
165.894172387,90.3571308089
165.90328655,90.3416437681
165.91560047,90.4058538327
165.929152565,90.4457138635
165.957634991,90.457453799
166.018165984,90.4773133597
166.050434555,90.4527998785
166.08372102,90.4532003842
166.119028538,90.4642600481
166.142906718,90.4862449292
166.162020175,90.5094168288
166.181433375,90.5263297354
166.19929006,90.5558029075
166.219655964,90.5651670853
166.251774918,90.5664325713
166.317989895,90.6032626426
166.381041757,90.6295017559
166.419836143,90.6463822348
166.44852003,90.6513873957
166.428915503,90.6411060945
166.392018234,90.6242115018
166.388804583,90.6069040892
166.417544895,90.6194707779
166.478969571,90.6128795172
166.554200663,90.5803984126
166.695264582,90.5219989403
166.762330086,90.5043716602
166.860380717,90.4836743024
166.921630424,90.4603583513
166.951464313,90.4620004826
166.966370965,90.4575584046
166.96038465,90.4668528676
166.945070773,90.4833762292
166.92440868,90.4747621179
166.9058908,90.4723247169
166.919710189,90.4585355153
166.95152496,90.4741713385
166.990383514,90.4913154885
167.042022553,90.5023530777
167.055607754,90.5125098932
167.054519801,90.5052430665
167.048152064,90.4701987262
167.022786564,90.4856252015
166.926202186,90.4941304053
166.838559226,90.4950311987
166.720863497,90.5010362721
166.43359705,90.5113458246
166.23531427,90.5184507846
165.430975665,90.4489225312
164.598430249,90.4660240972
163.280588265,90.2650449512
160.892117813,90.096163312
159.187894267,90.0479097301
156.770285148,90.0643350176
155.151202925,90.053678016
153.599831928,90.142288634
151.234218118,90.1447451454
149.626212368,90.2338346414
147.073800339,90.2180108548
145.341157623,90.2943957698
143.607343787,90.2997549937
141.037379274,90.4723600202
139.408205383,90.6204325629
137.297320268,90.9247544839
136.007703386,91.0926142071
134.889916111,91.3087657926
133.399397256,91.6169456561
132.509521311,91.8550260014
131.18685044,92.1677010882
130.293313197,92.2945094194
129.377901827,92.3682864479
128.059776856,92.4928295395
127.203726333,92.609774314
126.059393593,92.7077072637
125.406246918,92.8035240158
124.745748039,92.8894885589
123.783357247,93.0258330053
123.148915705,93.041506311
122.520303027,93.0127029263
121.499815535,93.0431251772
120.906935817,93.0359273744
120.095401722,93.0407789139
119.626781161,93.0497386052
119.201901105,93.1221737485
118.644848507,93.2568237643
118.293090289,93.2581622713
117.641620308,93.3227929741
117.193850859,93.3589761933
116.719686533,93.370899376
116.131248442,93.3170578694
115.924769085,93.3117924776
115.823539705,93.2823682853
115.802695416,93.208817636
115.860237895,93.1057076828
116.224552083,92.7627744511
116.714817297,92.4803353674
117.486839188,92.1552484504
118.042182006,91.9974645342
118.497648776,91.9026396622
119.028507732,91.7846047768
119.211370466,91.8053132643
119.39457777,91.8035653782
119.527140005,91.8229819573
119.558331633,91.8579500833
119.554114349,91.9909293134
119.523502475,92.0106957059
119.447731422,92.0608577681
119.34883784,92.0869014222
119.278370903,92.0892944477
119.162059369,92.0905044032
119.097618906,92.1366847514
119.049306868,92.1759547438
119.044743631,92.2301679339
119.061410182,92.3008240037
119.139277274,92.3420162586
119.19511218,92.3404759944
119.253316519,92.3347437399
119.311904992,92.2943621062
119.364169316,92.2489552934
119.459026298,92.1408698164
119.549217187,92.0707317446
119.662687065,91.9909931657
119.855711299,91.886068135
119.928335742,91.8816488458
120.060054427,91.8679672734
120.133089598,91.8388724292
120.178380255,91.7818007718
120.219919403,91.7298259137
120.256280796,91.7033829522
120.338056476,91.7413766379
120.337615324,91.7795953261
120.350791969,91.8650311392
120.400272638,91.9622754896
120.485275698,92.1153784805
120.68307055,92.3397334774
120.880483694,92.6165861116
121.071334387,93.0118496995
121.703366231,93.9942510152
122.171566862,94.6681365674
122.702093949,95.5217813561
122.94780881,96.1851316474
123.071829512,96.3683406201
123.016656914,96.8123018614
122.823935788,96.9265369503
122.591104318,97.151570919
122.428290713,97.3299680269
122.342849626,97.382656601
122.293782397,97.3677126001
122.300671191,97.4109605952
122.373316777,97.4569443124
122.46670653,97.6177600318
122.548709752,97.7700114325
122.604904173,98.0448869847
122.613707691,98.1888123751
122.573818781,98.2943693466
122.532134173,98.4464560862
122.502385815,98.5465502227
122.53833788,98.6528136723
122.586892999,98.6990937051
122.653874175,98.6948563642
122.842954476,98.6223277572
122.967788743,98.5156688177
123.233422991,98.3664570851
123.327039582,98.3174891072
123.453891233,98.277382534
123.734943814,98.1777062245
123.898763398,98.1430101054
124.129253946,98.1737614707
124.258743497,98.1903859276
124.33658426,98.1652967616
124.39705141,98.1240543517
124.404242931,98.0987343663
124.347525777,98.0174569029
124.307113162,97.9872939437
124.268887947,97.9531921256
124.242004799,97.9098398092
124.243800672,97.8931639841
124.274019124,97.8742817809
124.274887354,97.8930122946
124.27917951,97.8951226377
124.242139464,97.8577158599
124.206728147,97.8202228679
124.195711318,97.8119740217
124.169703464,97.8821530081
124.134309803,97.9102139928
124.030335197,97.9054872574
123.966578704,97.88340666
123.897773153,97.8784961325
123.794313846,97.8399218411
123.737223367,97.8225047004
123.663992268,97.8331494072
123.654322787,97.8225257751
123.640547878,97.8296001196
123.661755006,97.8735100996
123.68992199,97.9154522878
123.741027138,97.9343162085
123.78353221,97.9497297766
123.818433686,97.9496820373
123.830732334,97.9588047102
123.810735294,97.9679127755
123.782537589,97.9856633268
123.779187577,97.9849164538
123.784977522,97.9739102637
123.77755136,97.956236229
123.765696181,97.9651020375
123.753020307,97.9076229661
123.785193402,97.8537897889
123.85680984,97.8145550709
123.998322714,97.8010170471
124.14654171,97.8349196263
124.307636117,97.8969631361
124.397055186,97.9324867776
124.428714947,97.9110770242
124.410991028,97.8605411122
124.350429303,97.8494158133
124.327301143,97.8463535269
124.344850798,97.8611616236
124.418524914,97.8914544257
124.50834599,97.9450489837
124.571435809,97.9490505976
124.592740512,97.9598738702
124.639323081,97.986052877
124.712357597,98.0053554881
124.859025086,98.0031364274
124.911714461,98.0413536786
124.984795675,98.0337110795
125.068008955,97.9720473433
125.169626835,97.838776856
125.237381511,97.7707253962
125.292426106,97.7952859899
125.36876014,97.8770133272
125.439201322,97.9883019537
125.472371432,98.013821607
125.474329253,98.0247625527
125.472230095,98.0171259362
125.461607446,98.0413401151
125.472935332,98.0444878303
125.528504127,98.082575877
125.82991161,98.1428769598
126.393644877,98.2376077194
127.052715707,98.2500619596
128.195389673,98.1991583089
129.333503574,98.131184315
131.486136607,98.1517518684
133.209926081,98.1261213042
134.995571031,98.2558789599
137.762869594,98.1116197209
139.654041136,97.9060906908
141.675905802,97.7037630882
144.625003055,97.3828723319
146.520714877,97.0358504752
149.135135654,96.6423444355
150.776284451,96.3339493946
152.368387071,96.0404015118
154.482683078,95.4128021038
155.992922949,94.9745248595
158.410163224,94.2165516844
160.222700628,93.7989622824
162.167847734,93.4528040335
165.057075838,93.0413710652
166.945982524,92.8220377573
169.726989435,92.5019383058
171.469474428,92.4199164426
172.959697067,92.4370740413
174.869909691,92.5308399313
175.813466895,92.5439163376
176.914878954,92.6366512706
177.513604158,92.5814410443
178.042960807,92.5696485123
178.707906263,92.6273893976
179.170251695,92.7102988212
179.740081533,92.8941903435
180.111830024,93.0832019954
180.571709844,93.1646126661
181.187941731,93.2874409596
181.61145002,93.3321110856
182.037132854,93.3640828258
182.523470859,93.4166314555
182.873614579,93.4551865671
183.269524232,93.5196051369
183.520921201,93.5444513584
183.922254267,93.6594037436
184.228089539,93.7099258379
184.428952186,93.7273528158
184.67553401,93.7194799078
184.783340619,93.7747640826
184.857202112,93.791555299
184.918576266,93.8040076887
184.904311641,93.7762827695
184.699902788,93.6417301479
184.420649449,93.5115491904
184.112771154,93.3985693755
183.63449693,93.3725801833
183.336423479,93.3218018657
182.857536986,93.3204638304
182.436810329,93.2958819512
182.110340227,93.2882377473
181.519474767,93.2407681366
181.125689216,93.2287623641
180.476991146,93.1826525207
179.973320255,93.1558655504
179.43505048,93.1885257503
178.654185414,93.1424917656
178.091406774,93.110829956
177.357112194,93.0563184078
176.867535575,93.1150441751
176.416139206,93.1924072647
175.931592142,93.299930899
175.745942915,93.3280768191
175.539723751,93.4013017481
175.393785354,93.4157605384
175.247800486,93.4117950694
175.085599267,93.3862120653
175.010003849,93.3506414444
174.991196844,93.2828132961
175.099052146,93.2423481595
175.353995177,93.2026115976
175.855039013,93.150720891
176.237095751,93.1089829276
176.728373168,93.1075259321
177.334502328,93.0626729901
177.80486904,92.9816376749
178.631049641,92.9370897576
179.264282974,92.9090772923
179.945600058,92.9071627951
181.046197573,92.8836088764
181.765358813,92.9046121324
182.775719808,92.9539803222
183.433204955,92.8837383798
183.975318081,92.8420987789
184.826349106,92.7661720961
185.333084285,92.7959606279
185.989689228,92.8564949809
186.392513632,92.984903529
186.723040686,93.0035090599
187.094910174,93.065363153
187.326820156,93.1219489731
187.586618276,93.21271564
187.732684812,93.2302962923
187.839766126,93.2319459657
187.928758673,93.2339747504
187.901868758,93.1730762901
187.560101369,93.0365992169
187.346626895,92.9093010303
187.19693955,92.7556170725
187.149253722,92.4941731147
187.351050188,92.228952491
187.855126826,92.0861477616
188.206808231,91.9951843711
188.597940383,91.8400382477
189.226514853,91.3444414145
189.60441992,91.1161196178
189.968258853,90.7572189315
190.453156093,90.305433298
190.591325594,89.9588419798
190.859438773,89.5663530036
191.006538121,89.477948734
191.051470856,89.4365302152
190.879587963,89.2778060157
190.731384699,89.2090308491
190.536099967,89.3163047777
190.162442754,89.4563836087
189.789475466,89.5635270045
189.213890396,89.870712607
188.775409292,90.0013664325
188.235055205,90.2311730802
187.740069992,90.2126845557
187.258130332,90.1616504953
186.498140444,90.1888059961
186.139139997,90.1975807886
185.708154092,90.2720612582
185.471058556,90.285577824
185.211089581,90.3184665866
184.822882386,90.4204588936
184.538120227,90.5385765439
184.156144588,90.7664303993
183.936130652,90.8236151539
183.639817846,90.8738531678
183.179729671,90.9215670882
182.867657658,90.8919816585
182.569381411,90.9121551372
182.40715211,90.9017324828
182.306620579,90.9519576768
182.238213667,91.0494663186
182.266495759,91.1140104996
182.382056755,91.2174685775
182.437345219,91.2458177343
182.434337528,91.2775195632
182.385518887,91.4625843064
182.345343122,91.5336202153
182.289735249,91.6279148003
182.243345391,91.754948113
182.232486048,91.8377509885
182.289588185,91.96201575
182.357270902,92.0088488608
182.416454312,92.1063543428
182.480820501,92.2157308796
182.515000256,92.3161826972
182.525771589,92.4765590533
182.511513425,92.486099827
182.486070378,92.5122260189
182.456175275,92.5730636304
182.4223327,92.5782723431
182.366458399,92.5995137097
182.288444914,92.5965149813
182.212635169,92.5647333831
182.037174165,92.5238460269
181.976368402,92.503200793
182.038386757,92.4514447105
182.274812058,92.4420279202
182.64749509,92.3697875168
183.252036458,92.2421054624
183.673922205,92.0546424842
184.234656007,91.7955827281
184.448585025,91.5877439686
184.53832192,91.5156200651
184.616381548,91.3870869889
184.617715896,91.3658694697
184.637823297,91.3536376951
184.672341085,91.29064652
184.692592313,91.2653481051
184.791574953,91.2196240479
184.863115984,91.1742278247
185.000952374,91.1086574202
185.102361134,91.0517794511
185.173279349,91.019904959
185.246137768,91.0032875783
185.271984561,91.0102810035
185.263652836,91.1105587624
185.207625621,91.1977107723
185.148265917,91.2802105348
185.084817929,91.3464588621
185.079310373,91.3883831457
185.066599564,91.4120455957
185.051171613,91.4183293276
185.028693455,91.4170200599
185.003237201,91.3895978301
184.989424329,91.3881125396
184.986763466,91.392107173
184.981622037,91.4022327965
184.977731423,91.4308996765
184.952535458,91.4639092027
184.919900034,91.4887798637
184.881568074,91.5329320113
184.822203837,91.5586920033
184.797909488,91.5731732478
184.777620909,91.5569485511
184.792833969,91.5218186289
184.842849725,91.5026421858
184.906331938,91.4585639176
184.930958687,91.4536391978
184.909483668,91.4172909288
184.867425847,91.3982951625
184.815645318,91.3767662134
184.758619864,91.3788137173
184.738074401,91.3843551029
184.709258937,91.3729041471
184.695500702,91.3726536233
184.67235334,91.3602444036
184.648885998,91.3303557953
184.64152856,91.3158434934
184.642790924,91.3174831129
184.669137382,91.3439215431
184.682842479,91.3949393104
184.682483639,91.4657543547
184.649790025,91.4929803169
184.613840784,91.5086660106
184.567221,91.5182720682
184.552875998,91.5603442399
184.54786782,91.5758618775
184.543344578,91.5768395636
184.534421437,91.5614745455
184.602884405,91.4933168238
184.853513256,91.4237125157
186.033637465,91.078732873
187.067923234,90.8127207447
188.40603628,90.5157604988
190.764992394,90.1587745174
192.52715453,89.9988948037
195.445157364,89.7778644684
197.531884286,89.6534084554
199.637142709,89.5614950471
202.90331717,89.3246965185
205.145958823,89.1859571532
208.603384616,88.9718158397
210.866396909,88.9004244474
213.370405741,88.5566481353
217.149661234,88.4934855499
219.678994522,88.5786069192
222.982007015,89.0820049957
225.002713032,89.2068660627
226.807129259,89.4169866549
229.001810869,89.5530266351
230.214029285,89.6092149024
231.302170231,89.7113345881
232.905532431,89.7566267311
233.852551371,89.8865568023
235.101855187,89.9646334617
235.762491725,90.1191597228
236.206877438,90.2392045159
236.423922976,90.3174247136
236.420732513,90.3135837962
236.460403255,90.3033295158
236.45017186,90.335207287
236.450734489,90.3393445047
236.527380218,90.3986852867
236.618777235,90.4803544387
236.752520502,90.6239466821
236.801372838,90.6671567093
236.845004423,90.7058444125
236.838261618,90.7459857373
236.800068582,90.8251646051
236.757912168,91.0312512048
236.767257982,91.0565649083
236.800404651,91.0571382799
236.892216375,91.0561217452
236.960146717,91.0599129027
237.092813816,91.0915137132
237.192792321,91.1004078733
237.280696048,91.0853233687
237.39785468,91.0367739952
237.457643234,90.9891803516
237.51468668,90.9407354949
237.532105317,90.9191080434
237.544458036,90.9189009269
237.547801932,90.974997
237.562065728,90.9918046257
237.599636845,91.034840311
237.639602358,91.0296746065
237.721859534,91.017942258
237.845876343,91.0233942802
237.944398714,91.0362121296
238.014100897,91.0850357381
238.131752035,91.1416076
238.191371174,91.1904993432
238.29482778,91.2357596915
238.354696176,91.2812783479
238.416711216,91.307255061
238.483685277,91.3107027774
238.503375076,91.3244077881
238.505298433,91.3533153175
238.500026502,91.3889330557
238.476924383,91.4031942722
238.463046686,91.4512223603
238.486012928,91.4635269893
238.554838172,91.4903434718
238.619325756,91.5031864996
238.694602035,91.5138056131
238.795637248,91.5366341656
238.878492893,91.5474914401
239.00546126,91.5926547202
239.0706087,91.636709379
239.111228458,91.6857455405
239.124102221,91.7538658545
239.098874361,91.8109745559
239.059279368,91.8536915604
239.0406786,91.8724015659
239.034245652,91.9187630727
239.031060753,91.9748239411
239.022248924,92.0141951563
238.993732707,92.0635307568
238.969753515,92.0929899036
238.943637399,92.1144380562
238.914338218,92.1195276534
238.89230278,92.1171958978
238.87816404,92.1098034903
238.878977193,92.0927199131
238.879413736,92.1052693562
238.847273268,92.1111544271
238.799568433,92.1212405491
238.751201941,92.1247495877
238.73518946,92.1074472365
238.744955626,92.0955806895
238.780028794,92.0959255978
238.786590159,92.1030949957
238.777470063,92.0983008176
238.73373403,92.1003991208
238.697887821,92.0763392633
238.654760912,92.1120708514
238.629490776,92.1393378459
238.596772688,92.16135562
238.557121998,92.2282330705
238.533586962,92.2530937731
238.506688459,92.2871555579
238.493934501,92.3052745865
238.482946382,92.3140826019
238.432100278,92.3267229043
238.3848257,92.3398126758
238.278779084,92.3711805057
238.21670489,92.3888238466
238.161076922,92.4076485236
