179.184353974,85.1552813486
179.231104881,85.2867149029
179.197168335,85.2796058756
179.167795598,85.2025621861
179.14989225,85.0009989846
179.265902525,84.6699773172
179.385712705,84.4485560027
179.61963311,83.9921762788
179.691241889,83.7869687549
179.722948576,83.6224781531
179.689375536,83.5182332589
179.661119504,83.4681435147
179.549091441,83.4854319654
179.447494278,83.5563008197
179.365383278,83.6489309866
179.326310388,83.7387989637
179.326236051,83.7606795409
179.3364508,83.7205592657
179.348121271,83.6762292939
179.345513029,83.5506171383
179.3613251,83.334087011
179.365126856,83.2560771081
179.345320693,83.2354299143
179.310461348,83.2738200443
179.292136542,83.3404893131
179.266821659,83.422179671
179.241655092,83.451261976
179.211518638,83.434732012
179.200861079,83.3477183709
179.192674882,83.2862546464
179.210905332,83.1729872189
179.229333837,83.0865090928
179.235772133,82.9957863181
179.234547463,82.9193762517
179.213035475,82.9012681663
179.201167274,82.8601915289
179.211949694,82.8265768057
179.244858002,82.8125982687
179.267620178,82.8341720726
179.250969596,82.8375793727
179.171383679,82.806821195
179.113768493,82.7853919382
179.061438944,82.7722893478
178.992043454,82.7593622295
178.951236519,82.7599098276
178.899303207,82.7476889048
178.89769544,82.7370127596
178.929659752,82.7290314386
179.004507504,82.6778316264
179.038200984,82.6157909022
179.020093483,82.5204151663
178.962578358,82.4438017
178.90032929,82.369803708
178.843997013,82.3071534175
178.801932062,82.2920665902
178.752390154,82.2689829909
178.693961213,82.2387764492
178.643965125,82.2199449312
178.553045076,82.1885251484
178.509415498,82.1563499685
178.478228366,82.1238782326
178.43909469,82.0873456892
178.408235974,82.0664565151
178.356697625,82.0479893946
178.295481615,82.0397034187
178.221509412,82.0109204058
178.099075575,81.9273584773
178.03537054,81.8603372436
177.878770356,81.766877685
177.805799027,81.675484742
177.746330469,81.5916632851
177.573097261,81.5301604446
177.449603955,81.4860729779
177.195168118,81.4191235575
176.901475933,81.3847663373
176.043281326,81.36240017
173.996518427,81.4279417457
172.345902472,81.4550685232
169.782779547,81.5598470697
168.55215756,81.6210586513
167.739296715,81.5835629795
167.215777802,81.467961264
167.259569571,81.4037649158
167.504976038,81.3213447679
167.853095997,81.2745990973
168.208460052,81.1579586593
168.702084792,81.1320903228
168.937624069,81.1772341806
169.417563231,81.2680820178
169.811714228,81.2779513278
170.17704257,81.2988150629
170.848045384,81.3930131394
171.308518872,81.4282779223
171.700557923,81.4155327044
172.141678268,81.4347652233
172.332478875,81.4393450755
172.500293215,81.3461650255
172.598793708,81.2751941158
172.646637056,81.2186051493
172.709799084,81.1646737476
172.773564747,81.1334515863
172.937532727,81.0792815065
173.102619242,81.0333707236
173.278755665,81.0057132836
173.510744799,80.9450179559
173.667517892,80.8899412439
173.800381022,80.8585794472
173.856554898,80.8501620069
173.907688463,80.8330265292
173.955901066,80.7955223547
173.963385267,80.7669320557
173.946245184,80.7648826946
173.944368403,80.7552188487
173.944252445,80.7292317885
173.938644775,80.7153718576
173.926741278,80.714437187
173.907653309,80.7185623415
173.900633298,80.7212584701
173.901015255,80.7239638728
173.920296862,80.7201272907
173.949064922,80.7115173386
174.015459411,80.6738698576
174.061961609,80.6338864292
174.103417773,80.5972437548
174.13052822,80.5378220432
174.136304879,80.4972584924
174.11437204,80.4763569261
174.06956253,80.4997355789
174.029156067,80.5162834649
174.014242454,80.5222766651
174.029870292,80.5267101903
174.041569337,80.538783654
174.06734167,80.5327935866
174.060935004,80.4995434295
174.027837028,80.4578035487
173.997731577,80.4364319401
173.962422433,80.4141677519
173.926662093,80.3901637872
173.894370032,80.3760507903
173.853383212,80.3599768222
173.828784021,80.3457133762
173.818983858,80.3222303214
173.817748178,80.2720648616
173.798183195,80.2268946414
173.769339816,80.1652203218
173.751903596,80.1434071634
173.742397033,80.1285400521
173.744025324,80.1051410534
173.746633996,80.1070166289
173.729535191,80.136303449
173.706042328,80.1445045722
173.696277201,80.1403356521
173.717108435,80.1467328143
173.727102094,80.1555105002
173.737056321,80.1124489748
173.724367519,80.074700722
173.711191045,80.0562681615
173.694777776,80.049016609
173.700167111,80.0480449942
173.702815588,80.0456576233
173.687456429,80.0584844875
173.678925817,80.0677318902
173.689443987,80.0600021345
173.7115092,80.0500071129
173.737322329,80.0275864661
173.750079135,79.9736915277
173.743434186,79.9369280364
173.720610674,79.9057208094
173.705811848,79.9025070177
173.700236462,79.9112356006
173.697784617,79.9110053717
173.700159315,79.9119010007
173.689437825,79.9475336185
173.667029495,79.9264163315
173.670751744,79.8703104065
173.686682142,79.8105706248
173.695388929,79.7826374264
173.698821704,79.7253056538
173.703833783,79.686076604
173.698758678,79.6681873752
173.68552397,79.6607917914
173.679111204,79.6549065657
173.674532603,79.6305812942
173.673999406,79.6172037836
173.675841569,79.6220396458
173.682317934,79.6255872045
173.695072859,79.632303857
173.686226396,79.6300668
173.655392811,79.6170455416
173.613908614,79.6113006479
173.573663301,79.5927415766
173.568762148,79.5871517778
173.57105034,79.5870780532
173.570733576,79.6185742101
173.557372771,79.6673029141
173.528521911,79.6930939575
173.524248568,79.6871222061
173.523188921,79.6896789613
173.545310176,79.700823075
173.562452348,79.6911263188
173.584615076,79.6730463347
173.697517235,79.7798667344
174.115233191,79.9311003186
175.028296684,80.0369285839
175.745485565,80.1094524024
177.15625604,80.1311581852
178.194481441,80.1495129862
179.142576149,80.0739155399
180.262921558,79.9623608097
180.720184448,79.8399039598
180.780897203,79.7373586447
180.661482164,79.7032586174
180.325151482,79.6442922754
179.777189725,79.6015153865
179.524834225,79.5472941485
179.289847297,79.4339809291
179.222359724,79.3891036751
179.143945121,79.2781012352
179.054430749,79.0868694466
179.011043658,78.9090800661
178.847756919,78.6955597347
178.659603496,78.5169711658
178.492136305,78.2870477396
178.271543162,77.9581847941
178.170207433,77.728833891
178.011593544,77.4340229087
178.001922122,77.2507328528
177.988463501,77.1428906537
177.942699146,76.8983259379
177.902826295,76.715316332
177.860046175,76.6542086897
177.882272543,77.1800258756
178.239535093,78.1347379672
178.573475766,79.1011309164
178.730301439,79.1798996358
178.676892182,78.3357981289
178.462482158,77.5771086823
178.283714828,77.1636322606
178.327009309,76.3069005835
178.931954709,76.1662076234
179.689437814,76.4090781793
180.56019959,76.3133343545
180.889479112,75.8826757229
180.790424317,75.764747098
180.641791353,75.9759323359
180.634944944,76.0674789794
180.785804232,76.0773372429
180.61648434,76.1735270298
179.958952419,75.900039147
179.20629157,75.4468971019
178.373676532,74.8308271111
177.269752166,73.9112631167
176.926019776,73.5697716533
176.64242104,73.5110486163
176.148742146,73.4381970597
175.805305936,73.3473728316
174.951497998,73.0128900791
174.322195501,72.7656760289
173.507372019,72.7283920834
172.666714065,72.5070778697
172.026152826,72.5985528606
171.615548873,72.5685667736
171.731411669,72.5271145388
171.479564784,72.3332363655
171.344059824,72.1286397342
171.584769392,71.9834158079
172.555758935,71.8624781771
172.697314137,71.6156666302
172.213702804,71.1603118678
171.635029421,71.2044941933
171.619723001,71.5689364016
171.81159582,72.5450940327
171.920627192,73.3832124876
171.97552782,73.8311425649
171.778542027,73.9166464751
171.678498971,73.9924425049
171.860932065,74.3584936673
172.039356347,74.5357050517
172.176594445,74.7469541565
172.052276838,74.5776915676
171.680584491,74.6266951969
171.032806384,74.4319302733
170.526455533,74.3429481488
169.985371636,74.0351975068
168.928725203,73.8927395824
167.844316364,73.7835487452
165.996752548,73.9475382497
164.611161266,74.367104088
163.218868925,75.018696807
161.653068992,75.9197927922
160.982741073,76.1747862292
160.143908954,76.5651461095
159.7156832,76.6292530756
159.553327525,76.6693388475
159.657270822,76.696590322
160.121279428,76.5896137095
160.981417354,76.7479139212
161.393933816,76.8689669545
161.579473397,77.02331208
161.413513689,77.1387987219
161.088057212,76.8585161054
160.346151346,76.4646239423
157.750965222,76.2890778925
154.824741667,76.2786380002
149.892369761,76.1530853293
147.08863404,76.0883542526
145.017882235,76.1160412323
143.092672101,76.0893559512
142.160032973,76.3936253676
141.157250501,76.6156392569
140.781461973,76.8795311063
140.574051406,77.1904442514
140.648985182,77.9217992076
140.866202325,78.657316624
141.188965993,80.6535026318
141.295116898,82.0235856601
141.158195468,83.0827775501
140.058007895,84.6641689978
138.385410867,86.131976686
135.114895347,87.7106639007
132.680801484,88.6088145562
130.224623974,89.3907951002
126.863364286,90.3435076384
124.791734762,90.7263994783
122.485663167,90.7664193389
121.60229845,90.8114897571
121.044693601,90.8217990948
120.764621737,90.7239827071
120.77229335,90.6903827793
120.836229192,90.3579639652
120.905615929,89.850732097
120.808711682,89.3323582033
120.145305709,88.6649491057
119.397579727,88.2479427515
118.517527113,87.8372958855
117.015395978,87.1381281561
115.879589719,86.6297545833
114.192651902,85.5832842706
113.030189426,84.80964945
111.827071161,84.0190597799
109.894593548,83.0151396601
108.450007679,82.5028520286
106.11417003,81.9574093194
104.364320912,81.7414852938
102.488515693,81.6621563605
99.7972349962,81.6569345707
98.1960543171,81.6969473058
95.8575776552,81.9924080787
94.2995459802,82.3366309599
92.5783789513,82.8527484735
89.7237814132,84.1469588344
87.7585181168,85.0977329851
85.113643635,86.4305633503
83.5437244866,87.2865362053
81.9742055876,88.3627580972
79.5016090468,89.8809189135
78.1839217764,90.7136816189
77.1948318766,91.4971245934
77.1974658535,91.7030979826
77.449417695,91.653538086
77.839057121,91.5971257075
77.966358494,91.6974713107
77.8721996859,91.7822445766
77.3932845362,91.7488542485
76.6662391695,91.0251894697
75.7560526525,88.1569155733
75.1333194159,85.0115379005
74.4100891259,79.1466834991
74.1337780583,75.4883374144
73.7468664998,72.6657449153
73.0345442686,69.2857991751
72.5073651721,67.5860848718
72.3015567961,66.2950694687
72.1065270276,64.892031477
71.8987795842,64.2380467519
71.1129337185,63.7509368812
70.2856926438,63.825952464
69.4638170577,64.0058586724
68.5655825245,64.3596063802
68.0430434173,64.54160838
67.1205247016,64.6914952738
66.4273273868,64.7213869559
65.6845127439,64.7787646403
64.6339046779,64.6935116785
64.0026614333,64.7881075471
63.3940162457,64.8964702217
63.1023878716,65.0272313105
62.8516827387,65.2341800451
62.6437617539,65.4920739368
62.6393128065,65.633436637
62.9662780306,65.8611873367
63.8909411056,66.0036620138
65.40837425,65.995346636
69.2309478191,65.5227852834
72.8494456606,64.9291229162
78.5859211826,64.0882992946
82.1699396318,63.3439171586
85.4670660699,62.7544218569
90.0676701226,62.1162108327
93.1201747809,61.8065549402
97.7209800684,61.1598661302
101.014751512,60.5715402615
104.18501634,60.1416173747
108.457633784,59.8051623384
111.031213073,59.7180032651
113.482955353,59.5534161002
116.884417143,59.0574355604
119.139313493,58.5482715348
122.619505261,57.7242301946
124.772295525,57.1823835589
126.771508885,56.8116586654
129.47111085,56.5272210244
131.055797588,56.3695857114
133.277779887,55.9657174693
134.786585647,55.4759415278
136.36871697,54.7100970586
138.966786086,53.800648048
140.921459283,53.1786093806
144.142501267,52.0739293714
146.2543443,51.5138795181
148.29836286,51.0802074433
151.03036706,50.6004000066
152.602375582,50.3017055917
154.787161209,49.7951145738
156.186179784,49.3063106145
157.548226704,48.8770050012
159.725589326,48.1015427228
161.274948477,47.5489818993
163.722004427,46.7228011121
165.405882918,46.1215534232
167.237447913,45.3535816154
170.103937635,43.9112605795
172.061704367,42.8097053671
174.477641794,41.7595385965
175.597479402,41.4735388603
176.533096287,41.1392747199
177.497176691,40.4170551366
177.968239133,39.8448981041
178.806284976,39.2657477409
179.555694977,38.7165002584
180.632219897,37.9625918892
181.936993652,37.1815462274
182.807237056,36.6129064097
183.450195452,36.2114563503
184.322891144,35.4892495949
184.790463652,35.1252924138
185.451941949,34.6419287603
185.880963136,34.31876378
186.444106882,33.8975913847
187.103915263,33.6495955211
187.507858009,33.3726766075
188.28397594,32.8237971458
188.845308942,32.3028199883
189.432556036,31.8842582458
190.304792165,31.2220430083
191.254868413,30.3626470466
192.976761972,29.1461588708
193.952158662,28.5107431263
194.898171598,28.0056592604
196.199406639,27.2918177897
197.022720151,26.8378745483
197.691143882,26.3449315486
197.829453166,26.1955034056
197.98867687,25.8666219528
197.918498619,25.6105082233
197.930227513,25.3662950569
197.98234303,25.0563302383
197.950492007,24.8920683268
198.005928074,24.7032820038
197.914781592,24.6459921366
197.550417322,24.7940155366
196.778535489,25.4191798125
195.919646222,26.1275520618
195.235286685,26.7673432672
193.949489514,27.9304645486
192.732708667,28.8434511872
191.415272297,29.8987414483
189.443522432,31.3928278162
188.293341354,32.4429162874
187.096451267,33.877829922
186.509373209,34.8465337589
186.049569209,35.7812263191
185.448027904,37.2131740318
184.899031641,38.2906976075
184.012870952,40.0982842339
183.487343128,41.4708067175
182.906567223,43.0707482677
182.133059102,45.4181277565
181.611872588,47.0133559288
180.873249578,49.3087818588
180.448908301,50.8535667226
180.147751525,52.1768892236
179.938780839,53.9692965164
179.937073234,55.0259573603
180.140473848,56.2749149175
180.331723276,57.3371736139
180.563999902,58.6848552212
180.847024609,60.9668744972
181.050871695,62.6526099138
181.289585273,65.3027793106
181.457440669,67.120208298
181.596619174,69.0976226031
181.939187393,71.704496769
182.282940498,73.4483323075
182.814419998,76.3317876149
183.165730885,78.1926825658
183.457894846,79.7883873503
183.75752041,82.5569841756
183.904722608,84.1803682245
184.022729428,87.4551240142
184.107214471,89.24675996
184.292871531,91.3056242054
184.527122847,93.1818348925
184.662835501,94.4512241012
184.878479766,95.8356098231
185.28068972,97.090807568
185.771332692,98.1864000154
186.672620014,100.768842979
187.191948251,102.34439469
187.784362136,104.651535141
188.412930161,107.470198425
188.804883015,108.660557959
189.556310351,110.232452858
190.317938786,110.578169622
191.312640568,110.305723599
193.147409299,109.018558155
194.762018458,107.821578129
197.685040815,105.934624417
200.018576768,104.877749486
202.570382732,103.78233648
207.095484349,102.255952202
210.102498903,101.071333655
213.718500487,99.5154598545
215.529681689,98.4389057718
216.910374823,97.3925112893
218.509071567,95.8957179363
219.231736404,94.742733475
219.940469648,92.9378711235
220.150279917,91.6185847017
220.173868109,90.2680648309
220.216028758,88.1131982925
220.239860986,87.0778318475
219.680177659,85.9571121794
219.115873196,85.537726118
218.637020352,85.162997052
218.629894483,84.5087708349
219.412715936,84.0662494622
220.573592754,83.4962366208
222.741280643,82.6721486521
224.30330531,82.1942216457
226.609279897,81.8362739251
227.86507477,81.6721902612
228.706972419,81.6951127317
228.962791209,81.8812333301
228.577381112,81.8767402215
227.247917424,82.0370011437
226.119853637,81.9719164688
224.858934219,81.9402059475
222.962876728,81.890247814
221.643894116,82.0229332136
219.853314709,82.0822986686
218.89646182,81.9885056342
218.248102201,81.7050574172
217.71808673,81.2474715057
217.305396377,81.2274174861
216.595993079,81.1618989597
215.97347479,81.1463599647
215.101425316,81.3270650341
213.243149824,81.5006267943
212.032564619,81.2130317282
210.113045052,80.5928703837
208.999025308,80.1843466098
208.034979152,79.7281249007
206.819915433,79.2633528934
205.999816988,79.1269628348
205.180933855,79.2451390511
204.067712788,79.4264528792
203.282274438,79.6837745367
202.197378114,79.8375853634
201.481431478,79.8190461942
200.796496133,79.7777540257
199.678421683,79.6304824898
198.858086398,79.5475528194
197.771738004,79.4702723173
197.206916314,79.4064590769
196.621441508,79.4778240791
195.740012584,79.6567363659
195.297381204,79.6294728712
194.77907858,79.7754779425
194.513001862,79.8512357968
194.260855313,79.8557481613
193.855561819,79.8837329384
193.610951832,79.9948727865
193.334109753,79.9705176488
192.993379442,80.1012030989
192.720596465,79.9306556336
192.03768522,79.5370753468
191.45322469,79.432533395
190.251462905,79.2011924546
189.400739234,78.8020307609
188.700851341,78.3174877757
187.658805082,77.8455972734
187.017087325,77.7145574147
186.089575928,77.2210312394
185.470763829,77.1366702403
184.660738753,76.867943547
183.688592007,76.2309932459
183.320755856,75.8680791363
182.567954659,76.1751072717
182.207008234,75.9960584376
182.025238048,76.0568773581
181.704510647,76.4659708363
181.552037848,76.6326652953
181.097639293,77.1596393777
180.716938668,77.5541052212
180.219440683,78.0330179882
179.063668844,79.2556521678
178.318248555,79.9005219041
177.816348146,80.4945159581
178.031414871,80.8635157658
178.943526495,80.6901716138
181.020667612,80.7171276171
182.797054543,80.767988918
184.369389088,81.1330564698
186.067278266,81.4482959855
186.452565571,81.6488245419
186.760423722,81.056845928
187.162823976,80.5796662708
187.632351526,80.2761694505
188.190992964,80.7013191909
188.906075539,80.8954727546
189.955360821,81.1828416661
190.324626227,81.5551990083
190.51041114,82.0022450043
190.911802048,81.8709020907
191.608061231,81.4729895547
193.311784698,80.9644936354
195.196258479,80.5894441975
197.493835706,80.5541809467
201.285362656,81.4625590197
203.917245655,82.3751360059
208.219867623,83.7208953304
211.522235808,84.7447169142
215.169935813,85.7660401997
221.089474534,86.9197598309
225.20597074,87.7227711341
230.884810374,88.354780678
234.411105822,88.9937000051
237.619279071,89.9997679154
241.925923858,91.0464511589
244.338075665,91.5529758113
246.262612499,92.1233920926
247.937403489,92.8705471006
248.508716211,93.4841459695
249.023497225,94.3386065962
249.144567126,94.80871035
249.202658945,95.1346910459
249.439288044,96.0385817645
249.49153699,96.9375260045
249.086043031,98.154108299
248.65710644,99.1819187968
247.963278895,100.491247346
246.829360247,103.314678061
246.446068455,105.245050102
246.928898788,107.690152688
247.359249491,108.882199809
247.531916543,109.599430095
247.329154432,109.726797339
247.321071208,109.516869948
247.747659905,108.843285289
248.227626056,108.164218278
248.761637872,107.548899685
249.252653623,106.458378091
249.28624179,105.728753427
249.501834241,104.289883535
250.120773823,102.80217699
251.310963281,100.54781861
254.388390016,96.0998158564
257.01850109,92.9925278669
260.974134516,88.4399968055
263.143782692,85.8927950089
264.501679572,84.0124133062
265.11741769,81.8080851418
265.199200699,80.1483123639
265.240824796,77.822242367
265.421998817,76.4225848538
265.744336647,75.1300137081
266.233658016,73.0544629996
266.475884062,72.107118442
266.642914449,71.6034148149
266.320496868,71.4836302429
265.487354161,71.8182094085
262.736499836,73.1189316637
260.065944047,74.0451588628
256.905208348,75.0778189976
250.976631167,76.6145595399
246.418293485,77.6562567666
239.042616767,79.0836701998
233.993344855,80.0557727359
228.973407722,80.8465090737
221.394645013,81.9496623884
216.32164608,82.5805708404
208.648858114,83.3970402094
203.477185792,83.7061624906
198.495951599,83.9907598989
191.468049478,84.4367620313
187.344527057,84.3722760523
181.742147892,83.7257976603
178.475923128,83.134682553
175.557441323,82.5481956068
171.847552132,81.8595140959
169.630551593,81.5672021103
166.253040027,80.952815028
163.719413633,80.5591246101
161.039490706,80.1751137234
156.840751263,79.6852219462
154.209072112,79.1998809894
150.344912286,78.2475159816
147.765687307,77.7602743158
145.129479059,77.3920208505
141.36766531,76.9066307523
138.997676996,76.7594406839
136.815105277,76.7514415681
134.114110173,76.9152405535
132.753640946,77.0316548032
131.07405038,77.1186258514
130.359328869,77.1400171074
129.706571784,77.0909153751
128.839478404,76.8486610685
128.300298831,76.5368287305
127.338094411,76.0878884143
126.542167422,75.672471628
125.592630811,75.093917145
124.209544333,74.074948376
123.352991921,73.2446590181
122.150995022,72.0856220176
121.576102188,71.2439270208
121.198802093,70.3348493816
121.281709032,68.4907870807
121.920220354,66.9545796336
123.221097346,64.4167025244
124.012518034,62.9025004337
124.584495118,61.6935197694
125.269814956,60.0474045782
125.606556059,59.0558655308
126.110809802,57.8304020466
126.50913292,57.1319679976
126.940135921,56.5522358706
127.580075288,55.9273206255
128.049915719,55.62164993
128.473953474,55.4185361401
129.141921262,55.1270492258
129.647634556,54.9317298131
130.619287775,54.5010934626
131.26074767,54.3156318306
132.030387786,54.2769775116
132.449956932,54.2430637942
132.941432747,54.3173858221
133.759928092,54.4411575696
134.418338754,54.4647354887
135.238087421,54.5232806299
136.962395984,54.4766192459
138.27326433,54.5486028182
140.338199279,54.7556945702
141.656723531,54.9346321563
142.906671007,55.1678113443
144.631869232,55.3880893791
145.611978833,55.6611236253
147.181616221,56.2455288039
148.256079259,56.8431442413
149.308995423,57.4033387877
150.744251701,58.1133268644
151.574223538,58.4759711205
152.528497771,58.9507083776
153.051011492,59.2994968227
153.572386018,59.6724284163
154.495192941,60.3862246375
155.207996229,60.9159879252
156.524117359,61.8121502493
157.459402365,62.4413481278
158.460590074,63.154129148
159.96695713,64.200716725
160.87906088,64.9572257008
162.026079725,65.9611049384
162.552219209,66.5444832748
162.94960419,67.2613275911
163.33859683,68.0989467618
163.411971987,68.4984827125
163.200734857,69.0665349993
162.855655364,69.3392008188
162.406502451,69.6870463402
161.414668176,70.3015605301
160.626307694,70.8054619584
159.870010569,71.2415795849
158.757902167,71.8287223585
158.117486839,72.2002625764
157.335785583,72.7583916211
156.904969999,73.0087110208
156.457832176,73.221654708
155.904134694,73.3721541542
155.691692895,73.309274238
155.41024231,73.1384821902
155.36924823,73.0903593053
155.401746195,73.0402176357
156.164865683,72.7113466437
157.092676315,72.2064300427
159.092777514,71.1578534797
160.701804069,70.592359029
162.277704957,70.2894527719
164.337932191,70.2497543962
165.496242138,70.1862790513
167.053992452,70.1837459757
168.193819472,69.967689953
169.486088653,69.6442212904
171.795693829,69.3747497126
173.570120786,69.3000183307
176.483484192,69.536849044
178.303466039,69.7942308234
179.823003012,70.1266655336
181.68280292,70.4475996139
182.534021397,70.6179334196
183.465142189,70.8866794756
183.815964007,71.0870184809
183.961498981,71.2934989765
183.977076331,71.578189316
183.836306081,71.8457817993
183.785678066,72.1468594028
183.653593468,72.5534216126
183.658101704,72.6565739603
183.659169995,72.7627533453
183.686229416,72.8507558575
183.699639851,72.9237785117
183.731500725,73.0275196361
183.753894298,73.082084175
183.784790914,73.1455562158
183.785802851,73.1613767037
183.77477806,73.1435577551
183.722708523,73.0811605599
183.543012016,73.0075483591
183.130870029,72.8545492151
182.865166388,72.7658878441
182.771891741,72.6711040232
182.798836214,72.4059001895
183.021316377,72.0632760562
183.217615745,72.0479496967
183.403080152,72.1485416384
183.565255694,72.1887087839
183.7261143,72.1664925176
183.945297971,72.0991794428
184.686008371,71.3947943929
185.564001732,70.6624934238
186.779938205,69.6151468168
189.044160727,67.5414899165
190.62185745,66.0698409527
192.696965799,63.8586358851
193.720906862,62.395046695
194.523018733,61.3287673384
195.314780395,60.1612025711
195.860907644,58.9052459352
196.749180441,56.3073805197
197.169357728,54.6886826432
197.506165616,53.0463854531
197.686649882,50.9277808163
197.702631398,49.5550480975
197.421426166,48.6150188534
196.705835723,47.2926477358
196.212219246,46.3669462505
195.331161176,45.0259903856
194.805449972,43.9481340739
194.262576153,42.9619256504
193.679715107,41.3033161711
193.15109313,40.2965795357
191.713416447,38.6584523928
190.391507801,37.5550809312
188.926585775,36.4275442169
186.881508247,35.0459383521
185.68171615,34.4005278324
184.471269287,33.5866465218
184.035510275,33.1245346854
183.851108479,32.5659955888
183.845311226,31.912317591
183.754282376,31.6295679852
183.472079009,31.1677128131
183.014439482,30.9589651865
182.610361768,30.8242265177
181.811514291,30.708473371
181.403110188,30.6674336108
181.075425653,30.705189009
181.127288999,30.7920993584
181.195790251,30.8549402693
181.544557846,30.9915982338
181.815756388,31.0765169962
182.197817104,31.1540274245
182.379415121,31.2218117568
182.529350671,31.2301262316
182.60621339,31.2257710671
182.579444533,31.2110012637
182.547612114,31.1471893841
182.481475873,31.0579176236
182.4761323,30.9918150668
182.514640204,30.9080537307
182.58701755,30.8667275421
182.675503439,30.8259901156
182.747317696,30.8545028601
182.735853324,30.9161545094
182.660260558,31.1286702892
182.524012435,31.3181011251
182.370481828,31.614806269
182.083412094,31.9651901352
181.888372421,32.2580584214
181.67190766,32.5719123607
181.518980462,32.7292155879
181.398503163,32.9043954991
181.283055907,33.1881574678
181.193708771,33.3792791996
181.072990959,33.5912908107
180.986381223,33.7227644719
180.787625091,33.8804801746
180.575013352,34.0708507428
180.456859172,34.1773851838
180.385524199,34.2309281627
180.35154519,34.2443893899
180.341301743,34.2221138695
180.32344498,34.1367208364
180.305939199,34.1049323839
180.295643271,34.0427940473
180.274038753,33.9840532927
180.245083092,33.9615450587
180.148470666,33.9514175015
180.083919844,33.9628727793
180.027715698,33.9882646234
179.997482376,34.0270919779
180.002759346,34.0675162197
179.97016882,34.1659408256
179.953155242,34.1824093516
179.916664854,34.2145683275
179.85862465,34.2785826567
179.83094923,34.3009273796
179.827342338,34.3096594731
179.823029493,34.3061989926
179.814656569,34.2984047453
179.820386752,34.2765421934
179.817849003,34.2712819899
179.81537085,34.2131134764
179.806706034,34.1806787388
179.819849888,34.1400183911
179.895358058,34.0853618636
179.936992631,34.0454548907
179.986517778,33.9909444777
179.977524315,33.9585327042
179.952434767,33.9348097324
179.938257377,33.9055788933
179.941464623,33.9156958805
179.916919656,33.9322124642
179.874850995,33.9212947266
179.866646905,33.8878258284
179.89422299,33.8462565413
179.934819678,33.8160608939
179.983282337,33.7542678831
179.9806037,33.7241956291
179.956235762,33.709769928
179.910690253,33.7234358955
179.910774287,33.7338152613
179.941577664,33.7241231737
179.940515101,33.7342529922
179.917697701,33.7519403907
179.906137495,33.7758620756
179.927212232,33.7915993098
179.954356438,33.7927151223
179.969259277,33.8000308444
179.933922312,33.7970217408
179.881745138,33.7942206866
179.865024252,33.7879236576
179.852500073,33.7866354563
179.82320638,33.7530101081
179.805751216,33.7024236906
179.815240788,33.6716997281
179.834647114,33.6810682996
179.860165649,33.6880873078
179.88081253,33.666814497
179.871037354,33.6575764426
179.840569908,33.655327195
179.867568408,33.6543476587
179.907119359,33.6494523002
179.965227723,33.6394199265
179.961630228,33.6412473995
179.940126079,33.6703987002
179.950843267,33.6839721362
179.963833437,33.7249695508
179.943491284,33.8372080317
179.876968282,33.8983731995
179.830413688,34.0175066113
179.807688788,34.1136588566
179.837978619,34.1976127011
179.833784521,34.3480249521
179.850367617,34.3574452955
179.827539901,34.4105284491
179.77666243,34.4856366469
179.70240907,34.555727638
179.598766188,34.5900217018
179.512825689,34.5759052031
179.447865899,34.4832716474
179.380966671,34.3947767303
179.303343813,34.3204995638
179.009813697,34.2358873347
178.512280452,34.2638442784
177.401206425,34.2628855281
175.956571313,34.3280801004
173.741175457,34.4358459003
169.141001618,34.7294135833
165.645452037,35.0860189357
162.154695082,35.5591309042
157.819269078,36.1250089588
155.433628386,36.3749956065
152.953009161,36.5810941812
151.575185202,36.6583616574
150.351917324,36.7179616292
148.74680748,36.9142244849
147.799743476,36.9576612391
146.797324976,37.4838659465
146.570026508,37.779146019
146.845388641,38.0035663229
147.971144984,37.9811358237
149.288310299,37.8910839799
151.6353287,37.8744820672
152.947566098,37.9150107325
154.089370971,37.8539510672
155.623256235,37.5994193707
156.863829025,37.430558879
158.998769936,37.2546831322
160.566909055,37.0552653619
162.570981967,36.7965635372
165.664887803,36.4096643941
167.924711614,35.8756651083
171.381142876,35.2472647494
173.546099177,34.8311934106
175.704278491,34.4501991332
178.373772146,33.9515415555
180.045446929,33.5073415125
181.481373989,32.9974228688
182.974216495,32.2158964604
183.715294917,31.6584930971
184.57614729,30.7731004417
185.119617181,30.3745034279
185.714105367,30.0693308581
186.588966732,29.7681826498
187.097066315,29.6992658739
187.347769269,29.6626116266
187.397416445,29.6347325947
187.325129795,29.6031820153
186.871233383,29.5339579215
186.562944005,29.4984531054
186.146231779,29.4311804829
185.963108968,29.4140237653
185.787921989,29.3877473318
185.706970486,29.3282056798
185.720874646,29.3502446315
185.740996467,29.4269888698
185.757048014,29.4613136534
185.683907537,29.5163648083
185.431648011,29.5827964772
185.22538931,29.6179203949
184.826676512,29.6765812538
184.502921733,29.6735043547
184.188009143,29.7017855813
183.671219601,29.7173147841
183.423911216,29.6894820174
182.966388594,29.6647837904
182.663450592,29.6786087446
182.351622939,29.6971394809
181.983104186,29.778520831
181.814879059,29.8212235308
181.67964338,29.8630325768
181.495627497,29.9578702601
181.374271522,30.0168829931
181.101765786,30.1528532083
180.897410134,30.1852507934
180.576711782,30.2747397387
179.953362672,30.5959522265
179.63621023,30.7501214313
178.215988242,31.7628340504
177.095075723,32.5982034957
175.722332413,33.5701201843
172.993177257,35.2811805075
170.825329059,36.4681073718
167.093673647,38.5619905993
164.325414145,40.2391273442
161.429906531,42.0814360077
156.469400588,45.3167035475
153.368817648,47.6823477719
149.282086339,51.7078604512
146.838817789,54.3569249979
144.914602592,56.9394891525
142.4156637,60.7835567126
141.125258943,63.2629002822
139.705886534,66.5179897059
139.108329594,68.3420203282
138.703655288,70.0208904357
138.205910299,72.2998061694
138.087728961,73.4700253782
138.04991651,75.0858716236
137.987361875,76.5110263884
137.829400218,77.6478160268
137.559458797,79.103543904
137.416774639,79.8558993761
137.61897186,80.6581443566
138.042807935,81.0743303992
138.702968122,81.4805935324
140.019747664,82.0738181423
141.153024903,82.3432851568
142.540950209,82.5250195284
145.202646634,82.6658913542
147.663663484,82.736675866
152.194762588,82.7319354989
155.204183555,82.8784410029
158.377448371,82.7599968435
163.078968985,82.2733136473
165.894439595,81.9301061796
169.639060123,81.0175757928
171.781537173,80.3729313316
173.764265507,79.7306821323
176.446755198,78.8567915153
178.079194918,78.2328974703
180.317968609,77.0295573102
181.626817942,76.1772942271
182.908573909,75.3259523778
184.836421225,74.1668679586
186.28526345,73.7179625195
189.004320663,73.6542373984
191.147497333,73.6856994114
193.668171737,73.9404747507
197.677031172,74.2775200893
200.524500348,74.5338811076
204.809293484,75.1966336507
207.413041503,75.7419813187
209.720537269,76.2048951623
212.331522288,76.5349171188
213.447184697,76.4860152738
214.205286528,76.2548184923
214.395673583,76.1829404314
214.245030341,76.2322955967
214.167938928,76.4232132575
213.928809775,76.5297022937
213.592324539,76.567007252
212.839543104,76.2154329846
212.144533101,75.5048418819
210.295691203,73.2207455507
208.308122928,70.4391705705
205.663045468,66.7382884446
200.602360856,60.9511788053
196.862671144,57.3221811775
191.359432103,53.1673993244
188.028481496,51.1421558702
185.331396024,49.7790329422
182.399030323,47.9140216014
181.235662898,46.8852492794
180.392728751,45.6863617733
180.410555862,44.8612473827
180.596308088,44.1553185256
180.891662973,43.1441429435
180.930409755,42.5555407471
180.718895953,41.3887735004
180.287741844,40.5775336979
179.77061153,39.7855450087
178.803729798,38.9564756202
178.155058608,38.6256390028
177.3297484,38.1144884638
176.955445232,37.8247175425
176.724872085,37.8463846375
176.261330385,37.5925551263
175.822237916,37.3189337402
175.398033332,37.135941213
174.417701964,36.8686736188
173.718949106,36.5684149976
172.520383987,36.1276873031
171.866618879,35.815201321
170.965303611,35.604216261
170.568715252,35.5873044271
170.272915566,35.5146396027
170.285651132,35.4128673347
170.351781814,35.3946389814
170.517127955,35.3209871491
170.814754681,35.1268703871
170.950460502,35.0931431943
171.159826946,35.1270518138
171.241579174,35.2215759827
171.195310121,35.4188933126
170.769782888,35.6100539514
170.213758547,35.7386200718
169.315938085,35.9535609143
168.654281207,35.9979812677
167.950880963,36.0243453078
166.661234458,36.1385479657
165.802339799,36.2427345024
164.399015557,36.5179103277
163.53926917,36.7406626496
162.784725769,36.9744044443
161.986000363,37.3355204339
161.854966642,37.7653376169
161.995746656,38.2269477893
161.910512295,38.3469334038
161.799694886,38.4661565612
161.575433698,38.739940435
161.43866104,38.9201468135
161.157434318,39.2150553847
161.031963189,39.4671801651
160.904906096,39.7108484957
160.83391307,39.9564178846
160.836277377,40.0509265717
160.850216327,40.1827992079
160.933736816,40.2286895832
161.037263227,40.2972259565
161.331871082,40.4035682956
161.625681135,40.4384960476
161.963630939,40.4991102844
162.487445468,40.5429771432
162.785514375,40.5555210488
163.152453802,40.5610772927
163.473864565,40.5737967147
163.852316669,40.6298419868
164.443418292,40.7628152015
164.693470776,40.8312320813
164.943548508,41.0282865001
164.957753267,41.1114707438
165.001719547,41.1866497279
165.382731449,41.2892049962
166.051107187,41.3500979934
167.113629527,41.4597690618
168.061353374,41.5167770494
169.018494131,41.5569522408
170.118726525,41.6634299253
170.571956573,41.7461690874
170.614874101,41.8287245444
170.566310568,41.8973190466
170.316167311,41.9493211944
169.430957136,42.1622755851
168.613791833,42.3769108715
167.767105514,42.5370169659
166.475924644,42.8615417935
165.656550046,43.1937973514
164.806006713,43.6530043283
164.421529583,43.9569021652
163.88728276,44.3549183156
163.546519217,44.5603971748
163.146388241,44.8723484887
162.503501788,45.3842441729
162.229875337,45.6802886312
161.993879768,46.0162392106
161.961563878,46.3284010106
162.018289155,46.5461437715
162.229401271,47.0517714241
162.246810899,47.6043307489
162.199892938,48.1812166266
161.823256984,48.9478258508
161.47456349,49.4858868481
161.024059557,50.0653724333
160.337876996,50.9197993204
159.860857371,51.4857802439
158.97476388,52.4217990567
158.275980502,53.0758191871
157.222776576,53.9721187103
156.572928953,54.5151634973
156.017366282,54.9586479379
155.387079219,55.5437198297
154.967038978,55.902123891
154.40571646,56.5531264347
153.807514955,56.9798964649
153.294752475,57.3923375462
152.449045292,57.8815603628
151.952232697,58.160634848
151.177549087,58.7400655164
150.637130102,59.1991334427
149.967274679,59.7154331493
148.718559178,60.6264527178
147.812187848,61.2824231628
146.492501937,62.3431820464
145.685918457,63.2583705805
144.902293633,64.269523976
143.601570648,65.9896338718
142.711355788,67.1386502126
141.366218801,69.3060430041
140.304891276,71.1996320832
139.139520944,72.7359125117
137.391572189,75.0605827517
136.268418804,76.6669806601
135.147915834,77.8379900863
133.739544253,79.5124672884
132.874489135,80.4283235375
131.483575102,81.475745156
130.586910676,81.7287702493
129.557734478,81.5725730949
127.941070732,81.4490898067
126.644860796,81.4904180239
124.587355941,81.5302296154
123.101825663,81.6317221786
121.540877954,81.6602791711
119.083999211,81.7297500726
117.428944846,81.6376855549
115.102124859,81.0391527264
113.624046075,80.4878890053
112.287376062,79.7449447021
110.478456409,78.4260509036
109.29730487,77.7081471456
107.539242234,76.7856988716
106.320916535,76.2029500534
105.138684645,75.7764909439
103.487564707,75.4475607073
102.48302983,75.2151799026
101.002199576,74.6535605965
100.056126501,74.2455066132
99.1307888986,73.7392330211
97.7847736626,73.2818484812
96.875562554,72.9949617371
95.5159188345,72.4294290827
94.6159247158,72.1734096496
93.7438937169,71.8667694745
92.3864795824,71.1574364954
91.4627249739,70.7197989262
90.5471167606,70.3455080123
89.3504157653,70.2667843965
88.7387450311,70.2883977882
88.2776057703,70.4476272911
88.2515989605,70.6076502487
88.3694438546,70.7379582728
88.751549717,70.9994290193
89.31991762,71.2276061541
90.3999260533,71.5069556155
91.4228808677,71.7119675191
92.6952608387,71.919631108
95.2196522422,72.406088483
97.2773709596,72.7023477968
100.972422046,73.0675887945
103.935006057,73.2651002498
107.146545936,73.5033294989
112.602962607,73.9447402413
116.575035805,74.2990783556
123.052695749,75.078770284
127.251515471,75.4567275461
130.921289269,75.9344205085
135.38448641,76.4706512387
137.652985913,76.7113573857
140.375967968,76.7240043095
141.632772917,76.790743834
142.589668706,76.747278886
143.770035304,76.5501634866
144.533617625,76.4401303033
145.723789132,76.205840559
146.72145023,76.1942465396
147.792188554,76.2173318406
149.901508495,76.4249232157
151.687401361,76.5406076414
153.812856947,76.6322198496
157.575420794,76.796691306
160.23492245,76.7912442292
164.233749005,76.9523199345
166.83461059,77.1476026922
169.505131774,77.5147083329
173.233621467,78.1136357706
175.586901291,78.5843537374
178.75321614,79.1810538223
180.76720592,79.5719550055
182.686386874,79.9127514467
185.558481939,80.3881758215
187.550593021,80.6274754423
190.557006275,80.8768741634
192.579006293,81.0396436208
194.626759755,81.1639009072
197.653586076,81.3799005997
199.774110608,81.4460437619
202.869737343,81.364720623
204.87893283,81.1827677438
206.789742957,80.8858128752
209.515326704,80.0516118762
211.342208625,79.2373741508
214.403255326,77.5864275323
216.612020683,76.4778594468
218.870359816,75.2862068088
222.26785638,73.8196953435
224.376677697,72.8679651095
227.448827713,71.1267297738
229.376059567,69.9582827237
231.377340532,68.6922434193
234.429201129,66.4894062001
236.454080317,65.0161444734
239.370782203,62.5781178402
241.380010945,60.8493744468
243.392147834,59.1446163893
246.540114626,57.2057706037
248.617296051,56.2336372544
250.599054185,55.6465217359
253.339555706,55.0105641643
254.826132759,54.6910778958
256.889933982,54.1269332881
258.365709783,53.7656781846
259.958066429,53.3533221869
262.337194197,52.887173707
263.786131964,52.7644983054
265.389571484,52.9773526103
265.972131178,53.0751844976
266.435498148,53.0406088374
267.090984972,52.7669478306
267.691230785,52.5303301812
268.521170618,52.3394013667
269.049972057,52.3448648506
269.419594337,52.5286485583
269.944930094,52.914313467
270.256703424,53.1978082828
270.912304686,53.5694662693
271.330930388,53.8592795855
271.83861446,54.0888988647
272.567204797,54.3727337192
272.982397328,54.4494891107
273.760494732,54.6656439741
274.223917688,54.8926798182
274.67029095,55.1774099104
275.144644273,55.7844110563
275.106430778,56.2129062975
274.742010374,56.9354614481
274.45101761,57.5541263865
274.258671982,58.1517749672
273.978198988,59.2708968348
273.835329108,59.9925597978
273.731256363,60.7820401517
273.657891804,61.7938631902
273.605084409,62.4478402637
273.340111856,63.4944259985
273.124939311,64.1761645809
272.858119389,64.9525208091
272.5240679,66.0260484357
272.319076241,66.8064730632
271.979384245,67.9043228109
271.798678645,68.6820211558
271.521959629,69.5405699636
271.072719737,71.0084824017
270.95706196,71.9294942513
271.019455442,73.9211920327
270.828245023,75.4969219372
270.325669066,77.0088224403
269.232594495,79.3278604729
268.40110859,80.8188142002
267.298954504,82.8679020929
266.674452623,84.3468740892
266.123592246,85.9035508907
265.502923129,88.6385165316
265.281218728,90.4100951809
265.201414741,92.6176423861
265.298840968,93.9956614789
265.746921729,95.112485798
267.298253089,96.2404918602
269.391880955,96.5406436241
273.453462633,96.5850634667
276.009606693,96.7205725327
277.883779385,97.056297409
278.602272413,97.2673896805
278.223063748,97.3654440335
277.629093628,97.7494581047
277.533322768,97.8646023278
277.570152488,97.863756781
277.632940116,97.7824084434
277.764046282,97.5684849971
277.797060863,97.3879076097
277.818209542,97.1536303356
277.787668962,97.0261072234
277.637883157,96.9185587167
277.35122017,96.9020117153
276.848089361,96.9997267708
276.139912871,97.1706672069
275.712531693,97.2364494515
275.135810239,97.2625936843
274.575808444,97.098310054
273.90909095,96.8390943161
272.889798879,96.3192423043
272.082152444,95.9833083431
270.803729858,95.4951802161
269.784273259,95.2170199631
268.554696184,94.9785711209
265.768267933,94.4202341729
262.92966521,93.4360718572
257.690925097,91.0996541746
253.938925348,89.6202183599
250.407968318,88.503107395
245.208337052,86.1345587029
242.244023217,84.9365157165
238.569163185,82.578176646
236.551116542,80.92775427
234.866368795,79.0905771665
232.561433666,76.432213058
230.878560571,74.529236234
227.447558502,71.6637151174
224.82130385,70.1611385385
222.307277039,69.2003385679
219.029466066,67.8603917266
217.112112296,66.7355544057
215.478205514,65.3259930552
213.747434756,63.1784244464
213.179902325,61.9841192856
213.036741497,60.2531808051
213.20253423,58.9802626146
213.402382199,57.4868494399
213.733121921,55.1600198922
