177.342004312,90.2293657233
177.700741635,90.1061031288
178.040374743,90.1187878995
178.311788655,90.21207119
178.662902055,90.4227128727
178.880252083,90.5735123054
178.944999972,90.6477979185
179.00276198,90.7798377618
179.079314149,90.717511285
179.523016151,90.4844653295
180.062699363,90.4070470321
180.636625893,90.4884005044
181.144770214,90.4565879737
181.229633895,90.4473197619
181.446699227,90.3877917806
181.672793813,90.2956365947
181.865546761,90.2902220892
182.561819969,90.2813018236
183.136034105,90.2907290924
184.310726845,90.4099338868
185.404375996,90.4193334385
186.635920075,90.4545215997
188.621235067,90.7509535381
189.958884812,91.0731549406
191.990679275,91.3881513701
193.411981611,91.4936652514
194.637475665,91.6160066991
196.042277196,91.7440318953
196.720216218,91.8016702185
196.641463312,91.6776607641
195.763130219,91.5499039234
193.699756758,91.2098913557
188.492675297,90.6027652406
184.165535708,90.1568531173
177.125137584,89.411697854
172.354224525,88.9079842577
167.254459956,88.2877867879
159.696112202,87.0146378399
155.05267174,86.0663087624
148.852498448,84.9206783209
145.237790969,84.522763461
142.147040742,84.1482520829
138.358756427,83.8554257275
136.220328527,83.8693769135
133.595135264,84.0450712571
132.200476502,84.1071946808
131.022065085,84.1259280505
129.371922095,84.1337823734
128.238148225,84.0823011228
127.036718368,84.0207286978
124.986973898,83.913110816
123.524382455,83.8540814978
120.755425855,83.8655639119
118.394103715,83.7557471617
115.861386228,83.5087107656
111.630427041,82.9346910663
108.679802874,82.5114766912
103.526582402,82.2586343382
99.5385694381,82.2351581388
95.1704487661,82.4742600812
88.912665233,82.5546329214
84.9831992041,82.723312708
79.7896774198,82.8959044117
76.5411809149,83.0257748875
73.2976170564,83.3450658059
68.7385455695,83.9694193695
65.9698524135,84.3214771038
61.8911850263,84.6514117793
58.977803441,84.6417349756
56.0893076714,84.6151514355
52.4866051212,84.4959923818
50.8180454081,84.7665694018
49.003655146,85.6502957635
48.0049805045,85.9105858875
47.1019618299,86.0835402175
45.8093637866,86.0281149544
44.9954098691,85.8988641699
44.0587231957,85.5672887964
43.3127229144,85.3364229253
42.5907325904,85.1342708848
41.1833557553,84.6763183345
39.9965483608,84.3546782786
38.8531370602,83.9091640925
37.2878860683,83.5463147586
36.2801083977,83.5751038901
34.7962095425,83.874567078
33.5361327549,83.8297862528
32.3529479349,83.5764554415
30.904818624,83.4631243789
30.4996007562,83.4532826325
30.4837253173,83.5196579633
30.5643830796,83.5778522541
30.6010051805,83.525893461
30.6940434516,83.4202925661
31.288459438,83.2490198794
33.1298365531,83.2810711076
34.7408550924,83.429723508
36.3004065122,83.633232849
38.598291924,83.4363377916
40.3606669868,83.2052799118
45.2352519966,82.2912035114
50.6000996471,81.9463223558
57.0127206539,82.4490856107
68.1497397766,83.4003015806
76.4130552482,84.4464161463
90.0377466993,86.5796108753
98.9349511834,88.3848833384
107.365314441,89.91764798
117.70375653,90.8839603768
124.236073158,90.9002407435
133.581676912,90.8242036908
138.834072505,91.2653179951
142.892880825,91.3777238963
147.966495035,91.4909691885
150.857488625,91.602688772
154.554568734,91.7859837798
156.518884027,91.8781577684
158.115326826,91.8392038692
160.1305859,91.5743579643
161.28722424,91.2797567546
162.403156269,91.0537893899
164.05489677,90.6490174772
165.399793016,90.3585554267
167.637337249,90.2008774733
169.476250341,90.1479374672
171.222508731,90.1523788266
173.607419019,90.0730377092
175.077526953,89.9329279832
177.035380888,89.6421196287
178.399269208,89.4068146623
180.265059327,89.0275449694
183.755622539,88.7726475561
186.207919632,88.6047483538
189.798749986,88.3592377863
192.022496461,88.1313788966
194.198622563,87.9200379299
197.558055494,87.6410651171
199.796991359,87.5740103397
202.750094275,87.6918585467
204.370952699,87.835052953
205.744573153,87.8611418741
207.251090156,87.9635898945
208.021090965,88.1449744854
208.938334997,88.5035414486
209.417917552,88.5959927627
209.861615168,88.66178225
210.092775026,88.9324454901
209.944866205,89.3027862554
208.861257665,89.919411225
206.91760515,90.5555198961
203.497773509,91.2014785923
196.355864966,92.0396355301
191.066110837,92.4071414672
186.053731735,92.5251211653
180.409601412,92.3302188595
177.561365114,92.1163643743
174.397598785,92.1605342153
172.916886688,91.9680597125
171.800621768,91.6472808263
170.908224922,91.2132273928
170.664941432,91.085939361
170.21357786,91.0778314659
169.302814276,91.1658644579
166.963899249,91.159655743
162.011805044,90.814296891
158.338493069,90.4973882805
153.413214221,90.3040236961
150.622587108,90.4676081851
148.367227792,90.9037006914
146.15302651,90.7249824519
145.006603796,90.5056302686
144.094055165,89.9737109743
144.020852255,89.3383791284
144.516146015,88.7375438771
146.834203921,88.2385597501
150.73673707,88.073589684
159.534719283,87.7776522822
166.780076375,87.4553848221
174.266128902,87.5582892717
184.287434551,87.7275418177
189.58804116,87.9714136285
195.966843899,88.2000882927
199.429763066,88.2616849822
202.500586328,88.0705727936
206.962420365,87.8750710632
210.099013713,87.7643300077
213.790970953,87.6279400817
220.785825198,88.0656783504
226.57684722,88.7996305791
235.216599918,90.1031004802
240.55726223,90.8478905931
245.617912595,91.3368241831
252.478860794,91.5385797932
256.50490454,91.500785631
261.731725715,91.2631284876
264.37498101,91.0825449258
266.289246399,90.9089465551
267.721848195,91.3234544905
267.92026623,92.0406446173
268.110726459,92.1957810139
268.635884224,92.0275277401
269.760480549,91.9280362415
273.410839575,91.4801446029
276.67965703,91.3738133668
281.910001921,91.7667250668
285.976627653,92.1278708916
290.102860136,92.8645215325
295.592265377,94.2592326185
298.850194006,95.1006232982
303.056201721,95.7285643897
305.608039939,95.6232789421
307.8072314,95.3698440776
310.536314826,95.0989253106
312.015974539,94.982103656
314.106065697,94.7958433134
315.485719643,94.7000569746
316.929153121,94.5012179949
319.713642774,94.3777408877
321.874154669,94.6550042571
324.409045521,95.1745286718
328.618231054,95.8044468711
331.192948724,95.9867017624
334.773854618,95.6309859847
337.100717286,95.2780757218
339.106720259,94.9272058328
341.759365137,94.5002946864
343.251421357,94.2919381347
345.309292054,93.971248501
346.553090982,93.8820947638
347.818999548,93.6606700076
349.554544051,93.7539617281
350.61021767,93.7736316378
351.913287461,93.61370614
352.697863635,93.5168955955
353.698338631,93.4036649424
355.679269145,93.3930291879
357.385417566,93.2939889786
359.682886989,93.2898443824
0.903085168703,93.2574538329
1.77552780396,93.1851035346
3.12673921539,93.0546520204
4.13702551351,93.1340324495
5.74457742946,93.4108854708
6.68109111141,93.6709488694
7.38750321135,93.9244468386
8.20690395386,94.0024264878
8.74332824282,93.9328895116
9.71705288019,94.0562757682
10.3170098515,94.3438613027
10.7104111443,94.6832206009
11.0055500468,95.0371881781
11.0219985793,95.1830120549
10.9095547223,95.2485530629
10.8545783922,95.296517844
11.1233608064,95.5544176849
12.2769148666,95.8332839705
12.6513157874,95.8977005844
12.5801748649,95.842256437
12.3844493039,95.5729523546
12.29090714,95.5220909248
11.4739850582,95.7602885932
11.0429453566,95.7861935128
11.1788457093,95.7004067289
11.3620266298,95.783000717
11.5466752889,95.7774950716
10.9619940009,95.3516703135
9.81593815058,95.1711815078
8.22337041769,95.0736635971
5.05530775405,95.2617003143
3.09311189783,95.3090837252
0.376522311895,95.6562748343
358.274374987,95.7878548866
355.864288745,95.6939396119
352.311619004,94.6621689782
350.641700659,93.8627566062
349.465547851,93.4085605044
348.950977543,93.4299418161
348.047628378,93.4855437017
344.726464223,93.2335390855
340.79259593,92.3218475179
333.000133367,91.7414396236
326.873901138,91.7697511841
320.20404536,92.476020137
308.275848831,93.9985377052
299.55583104,94.7929279749
286.099532427,95.3729496195
277.381764191,95.3716734637
269.419523778,95.1385513462
259.255307076,93.8275638833
253.367866216,92.9231586915
246.215585049,91.5319345488
242.06741508,90.9783103038
238.306220035,90.698272993
232.888348513,90.6070358917
228.821211958,90.7456514316
224.818282191,90.5765128772
219.851705358,90.0035256076
217.065179657,89.6287701209
213.686582465,89.0702875478
212.112017133,88.6540140932
211.120378271,88.4198916534
210.323803549,88.1782768145
210.15381183,88.2710803465
210.194949656,88.3921809101
210.32176002,88.4368369271
210.497592536,88.4035144513
210.476697086,88.3757102699
210.36880543,88.4601992264
209.804633629,88.7289580883
209.428078951,88.8175769634
209.12380311,88.9307351693
209.043057049,88.9445389575
209.426618878,88.8510910684
210.389630706,88.8137912058
210.94344182,88.9486138231
211.41569232,89.1476589521
211.756161987,89.4030649068
212.070636519,89.5762468534
214.056702598,90.0535134454
217.613994054,90.7148995101
221.729987936,92.0132955211
227.361186276,93.8652386372
230.547943023,94.3780370578
234.129121033,95.4897831025
236.447590156,95.7674846187
238.432412787,96.3110749691
240.571857497,96.8914936749
241.481731719,97.2501050532
241.564032165,97.705941812
240.998908598,97.8828355589
239.989404554,97.6478895911
238.03235705,96.8725638048
236.579557988,96.450847849
235.019511805,96.081046047
232.219524658,95.683254392
230.014898608,95.3621643047
226.20819114,94.8544064632
223.546048936,94.4793848935
220.724918886,94.1379676341
216.838068385,93.6374567003
214.635755577,93.1731332057
211.794544374,92.2518259449
210.385257224,91.7127323631
209.31186973,91.2808065436
208.219016801,90.7040706324
207.586307846,90.5315356801
206.753107198,90.4690633494
206.198173157,90.3399978199
205.609328867,90.2302333917
204.727316527,89.8564737732
204.174253316,89.4960391912
203.391724387,88.2486324075
202.683010044,87.4041898528
201.600514503,86.7647979186
199.727099818,86.1403505621
198.244404331,86.0997843782
195.712465375,86.4040315419
193.885522338,86.5518369349
191.943486585,86.6005674841
188.798672835,86.512204248
186.746897924,86.5704008634
183.247364243,86.6451139434
181.104083036,86.7281097105
179.197923376,86.8822995048
176.362044409,87.0890243901
173.784418449,86.9219582566
170.418436787,86.6404659933
163.971061924,86.3679690695
158.940023374,85.8321839483
151.3628646,84.7193873627
146.58811065,84.298171012
142.26816876,84.0623057713
136.402685959,84.1865581817
132.758104569,84.3242442082
127.735769328,84.4306760895
124.861398105,84.5017734415
122.253808312,84.6210393181
118.705770221,84.7064978531
116.524136721,84.747843443
113.18517003,85.2124036939
110.857679596,85.5809726997
108.367449609,85.9332818461
103.352439253,86.1196875603
99.0488939347,85.8949226947
92.0288489782,85.3285778258
87.4410213263,84.5957845629
83.4575402203,83.8274307721
78.528583222,83.4015628052
75.9380032699,83.4096011902
72.9829671499,83.0457002897
71.364768515,82.8958293002
69.8746229547,82.8149831448
67.8074795387,82.9362838168
66.2080453301,83.1136986038
63.2619877148,83.4522727767
61.1007483099,83.5882190833
58.6873395423,83.6511634666
55.1576809579,83.6578073556
53.2944989467,83.6884561798
52.0092004699,83.7601346979
50.058788235,84.4024403882
48.6318598454,84.3680887688
45.5291173234,83.3603685903
43.1509622823,82.6759672191
40.6591824218,82.3440787641
36.6248491498,82.4215169204
34.2659510116,82.4930285099
31.6119934121,82.8056239979
30.3307331322,82.8223031394
29.144985485,82.8810458342
27.7598537265,82.5736172208
26.9756665805,82.4661795628
26.272294539,82.320935568
26.3801405376,82.3754437062
26.5924009702,82.3509816645
27.5864554885,82.323427318
28.1343832901,82.1760114142
28.562297582,82.0078588606
28.5954638771,81.9387495897
28.6600365517,81.9885823271
28.8168045018,81.9603451526
28.9233390257,82.0280412071
28.9710676259,81.9673860254
29.0770602309,81.9658300961
29.2479934652,81.9759610805
29.4849275815,81.9207507822
29.5104213277,81.8108773143
29.0211886377,81.0571288581
28.4775048205,80.706613937
28.0211180561,80.5454137252
28.1828423438,80.6357654913
28.4562426615,80.7124493965
29.2136420018,80.938741202
29.505357042,80.9851284672
29.7778881117,81.0726048574
30.5600639834,81.1380241001
31.3185199145,81.1543629594
32.3544889879,80.920723973
33.4858354607,80.8700468595
33.9305927797,80.865074912
34.6047660451,80.7576131072
35.5397613087,80.7853131451
36.5944620707,80.6223704601
37.9662985092,80.9097073723
39.0411002039,80.7759641323
41.2224486983,80.9991717639
44.1330726142,81.1494104773
49.0634893033,81.3985582636
59.6690526169,82.2057988544
66.7390955167,82.8986193302
77.3238428129,83.3756020488
83.8618391205,83.8582673793
90.2079982703,84.3426229852
97.7978910798,85.2124142755
101.708568846,85.8355063475
105.787793222,86.6575332977
107.900997254,86.8813477335
109.936791777,86.8679423847
112.791523628,86.777124144
114.559394953,86.8761008822
117.329427474,86.8938097623
119.341814596,87.0420973311
121.290871795,87.3279060143
124.407810242,87.7578853553
126.429244777,87.9921332547
129.370731599,88.1994134233
131.263283808,88.2417731101
133.084304559,88.2742881252
135.7550159,88.2511675761
137.651933821,88.1484156846
139.615471375,87.9952556138
142.978943721,87.7317640713
145.539928843,87.5975036272
149.433613613,87.1897361125
152.017349822,87.0349680058
154.580005411,86.9712683995
158.211105127,87.0215308565
160.51761633,87.0380673984
164.218086781,86.8179338088
166.797477667,86.6948947708
169.489787089,86.5482157229
173.946394884,86.4567208291
176.879551696,86.4284673394
181.34224981,86.4707692376
184.348392245,86.3225174763
187.580773642,86.2158493821
192.538113308,86.2712725146
195.728843951,86.3959962676
199.75417003,86.666276298
201.630904912,86.7916436048
203.114164592,86.8517009285
204.900128785,86.8034655307
205.833757094,86.8262203225
207.062469485,87.1778167722
207.918509124,87.3510553639
208.751960539,87.456101008
209.5850318,87.6235839118
209.981485353,87.744437217
210.439301733,87.8851921147
210.873601748,87.8967285233
211.47061144,87.8793346007
212.270660675,88.0054579371
212.721225255,88.0419259462
212.99993212,88.0998834334
213.020416824,88.0535247838
212.758839571,88.0029124248
212.183386217,88.0217433252
211.778891305,88.0942209085
211.29682592,88.0824308198
210.704254093,88.4388805
210.355926236,88.5282202348
209.595613602,88.618161853
209.014071638,88.6838325678
208.398087184,88.7554636515
207.253094952,88.976764294
206.430592442,89.0076482917
204.921455222,89.0516114522
203.841940068,89.0679203536
202.869681511,89.0813418482
201.468741456,89.1579667336
200.458934212,89.1823385372
198.839773438,89.1040415397
197.570465039,88.8807980823
196.17518033,88.5912355955
193.770485638,88.216375956
191.818000001,87.6905781258
188.315663749,86.9797887111
185.571804861,86.8063817416
182.83071792,86.8227611086
178.597189789,87.0610814648
175.982263219,87.2408044739
172.472230091,87.1767943358
170.494452892,87.2266697923
168.932372135,86.9988193615
167.061584043,86.9231369104
166.278830528,86.9642893355
165.710919391,87.2075495612
165.604166067,87.4384360171
165.66228532,87.6053371383
165.726692242,87.708950259
165.757937304,87.751407806
165.814798828,87.7539965044
165.904081149,87.7137741785
165.928941217,87.694369299
165.869346882,87.6646445311
165.83685649,87.5843653516
165.823778708,87.5096227666
166.020802494,87.3813681096
166.319083721,87.3090319214
167.150058459,87.2329034877
167.853036628,87.0479230512
168.671075585,86.9184677903
169.939978646,86.7458297533
170.850458935,86.5604758202
172.206747818,86.3627863172
173.210259362,86.1461565014
174.373311135,85.9093547392
176.702858005,85.8047214847
178.661856758,85.7285595925
182.098881378,85.7651499672
184.860532553,85.8968085179
188.22728531,86.284236583
194.229344973,87.3403142839
198.456959818,87.7913468138
203.930145005,88.1285409186
206.969355819,88.0591114696
209.343672562,87.9662507157
211.797515361,87.9976663763
212.67123743,88.0507395713
213.436310497,87.955173844
213.601735226,87.8740928199
213.399943169,87.9441220683
212.945979864,88.0158670364
212.384830195,87.8477253819
211.783015688,87.7143069697
210.359601222,87.639032737
209.170767858,87.7055414622
207.270726645,87.7817950743
205.940274612,87.7327745268
204.682120659,87.6879027235
202.82659862,87.7017067614
201.658242133,87.6599773897
200.138030605,87.637778417
199.280738812,87.6930466718
198.553378342,87.7992294705
197.584866804,88.1865682783
196.846182836,88.4601709139
196.005153366,88.4134569492
195.446501463,88.0842790661
194.87552646,87.6277780942
194.018680302,87.0358912499
193.586491355,86.7991816346
193.199048511,86.7376452399
192.640991244,86.7831224623
192.251384703,86.8109238092
191.666365102,86.6406132081
191.445969478,86.4849364181
191.158268175,85.9155545375
191.114125639,85.6000948829
191.369416508,85.2749080047
192.860893727,85.044099463
194.590524906,85.1106575254
197.62662391,85.1960443109
199.892149012,85.1682328477
202.18493505,85.1009057938
205.779170939,84.9697658598
208.086519395,84.9469996016
210.312341488,85.0174360093
213.309452292,85.2497075084
215.202565869,85.4121231423
217.707884414,85.5220205527
219.184437195,85.4995250645
220.578400059,85.3406300398
222.460108792,85.1987818866
223.544422998,85.2136088677
224.946149902,85.3389225338
225.742844797,85.5656055019
226.587652921,85.9044042133
227.719460187,86.3010041414
228.336987935,86.5966115549
229.14579419,86.9623047199
229.760511602,87.028805354
230.494606819,87.0192098603
231.641238486,87.0871051411
232.489210817,87.2814904355
233.973486579,87.3672334332
234.899269419,87.4592067862
235.660093752,87.609680079
236.320490166,87.9098412516
236.746602316,87.9653849489
237.393647039,87.7530526882
237.93642839,87.6805058562
238.609963855,87.6711077638
239.694130498,87.7837879889
240.599177031,87.9331587361
242.287715417,88.1889873555
243.553080101,88.1003622918
244.779227461,88.0728830521
246.678133061,88.1999133477
248.077801151,88.1145370975
250.313062175,87.8710218782
252.029146321,87.6089708389
253.655580367,87.5130813973
256.275651953,87.3823832186
258.137122238,87.2878480809
260.199162132,87.2307088797
263.566840903,87.1784076341
266.123894776,87.1195223462
270.933717311,87.0560772525
274.998159829,87.680915186
279.561489633,88.6134177406
286.80140862,89.3914526236
291.412342147,89.599995313
297.631299683,89.6772961416
301.390652341,89.285097363
304.778063559,88.8261735271
308.714497598,88.1086257072
310.438510195,87.7274078742
312.14556499,87.0634716539
313.282658758,86.608906267
314.419050367,86.3702149794
316.579306348,86.1793136937
318.511019482,86.002337201
322.709131323,85.6400071801
326.525125243,85.8330398634
330.685199734,86.4282649787
336.533316672,87.4659726064
339.419675067,88.0739250205
342.351704338,88.526132715
343.840668732,88.8233356474
345.167016883,89.0439504053
347.09204084,89.3430957003
348.221599368,89.6062219785
349.418201582,89.9322347348
349.960978944,90.1081383033
350.558281186,90.326246103
351.787841816,90.7439179114
352.646597609,91.0745986788
353.715608342,91.5792797192
354.175745947,91.7579420909
354.670003461,91.8804098215
355.406290681,92.2554806282
355.773405388,92.742764465
355.894600469,93.1398297987
355.497595738,93.2856862161
355.071831473,93.3217967337
354.929831456,93.265105422
355.088063818,93.5432881726
355.254200026,93.7192918692
354.798684753,93.9632120587
353.818107731,93.8696677394
351.840122775,93.5685297819
350.524896916,93.6377340883
349.330731037,93.9291602707
347.439200123,94.4891185939
345.659002268,95.0692849691
341.830704505,96.1199289405
338.299353552,96.715395113
334.079110974,96.9119740322
326.58695672,96.5779074499
321.439914295,96.3090572323
314.34918357,94.9571715468
310.181671832,94.3157164102
306.554367239,93.8591479343
302.105691124,93.1936591213
299.656983329,93.0720814752
296.217470711,93.0206122219
294.314889663,92.9716365942
292.438283952,92.8425586
290.128817934,92.6669020017
288.762143112,92.6398152209
287.0995307,92.5215458166
286.263285765,92.3991397397
285.659121318,92.2659071672
285.307503866,91.9665693753
285.511555228,91.7519807387
285.998418702,91.5974069007
287.293886005,91.3828830987
288.359731463,91.0649468838
289.915017449,90.8576647246
290.919634118,90.766194718
291.865286766,90.6013627807
293.367677589,90.1544240824
294.460405797,89.9309766598
296.077451858,89.759002735
297.1016188,89.7217846348
298.180096758,89.5469337032
299.848086815,89.1771277218
300.827070321,88.8934332809
301.996837516,88.9514203083
302.354711699,89.1745942826
302.448081063,89.4194624197
302.24418195,89.3588821198
301.720844538,89.2071353534
300.720441587,88.9606309475
299.997773428,88.7499824636
299.199485331,88.8140587806
296.902621402,89.3759745705
293.071756141,90.1471984024
283.664061328,91.0633628733
276.874233935,91.1570741426
270.470046728,91.1724770821
262.263737401,90.9444413912
257.737662593,90.3505746341
251.788689674,88.8676574494
248.488806603,88.1240704064
245.416138516,87.8006203543
241.883567141,87.7118053709
240.14452367,87.683190206
239.143099046,87.7911890828
238.508022978,87.9782801176
238.735089825,87.9733151166
239.540007808,87.9355419465
240.254910224,87.8209634916
241.323626797,87.6829190887
243.047758093,87.6002221879
244.24667157,87.6359307183
245.961462043,87.8045938864
246.933175662,87.8605093566
247.747026298,87.8964313567
248.698244923,87.9248346278
249.06221162,87.8760351773
249.014611946,87.9141036058
248.4823509,88.1344715633
247.207705154,88.4861466005
244.610667641,88.641087092
242.795340199,88.0303567997
239.92006994,86.900788571
238.125372487,86.0496597391
236.112896824,85.6359908809
233.089449799,85.3027392298
231.218164406,85.0770941819
229.073246403,84.7413619222
227.935260612,84.8301348411
227.160636965,84.77100727
225.994135558,84.7504524607
225.300343445,84.833137644
224.677619362,84.7154020362
224.446082484,84.6697816466
224.311431148,84.5801224765
223.918040659,84.3815459988
223.504895031,83.9042841547
223.072784139,83.1913029799
223.031212514,82.9002329945
223.207296575,82.7320007191
224.105223812,82.6485686708
225.182132395,82.674028833
226.77273135,82.6785977679
229.619981493,82.7295068838
231.413203609,82.7539627708
233.330853284,82.8748330949
234.595513903,82.6310746206
235.990278663,82.5687977566
238.326149271,82.4976201487
239.641245798,82.7612494795
241.187170908,82.9861395478
241.926379161,83.1978945941
242.520521668,83.1594384517
242.97264655,83.1978551006
242.963375313,82.9901434079
242.155577645,82.5975560181
241.399491939,82.4340936241
240.432330141,82.2472306119
238.955199244,82.2022030886
237.981286344,82.3051636777
236.905198423,82.3498282066
236.302211475,82.4501104768
236.069926912,82.616026139
236.051670794,82.7718803279
235.875565529,83.0250803273
235.499523486,83.1874521477
235.153674398,83.220114671
234.987587915,83.1804490204
234.888093783,83.0868766205
234.816823122,83.0544310869
234.72320372,83.0882134177
234.76747073,83.084761923
235.089883669,83.0301547602
235.877623921,83.0061129816
236.447534078,83.0974399018
237.096888757,83.2006059888
238.23165663,83.2921778457
239.241139749,83.3000674035
241.500428806,83.3429166528
243.432671022,83.3685165787
245.435774341,83.5058883801
247.97005866,83.8481024493
249.471335116,84.1245989748
251.422281533,84.4905868077
252.705070194,84.6283334444
253.922981727,84.7494067723
255.734441927,84.8682938544
257.021198319,84.9561208154
259.093329607,85.2249528392
260.634801782,85.5374706248
262.134114253,85.9052525072
264.610482615,86.2899533667
266.157134155,86.6323881193
268.327587382,86.9563786407
269.624738652,87.2144186198
270.827837518,87.3676191946
272.677213951,87.4436907731
273.822124957,87.4717376394
275.493901901,87.5729037785
276.634688947,87.4969781258
277.672558233,87.4337790698
279.356488801,87.5310452484
280.58187198,87.5175171567
282.693711707,87.560059727
284.262485218,87.5406507392
285.97554569,87.4637197752
288.5040669,87.475982873
290.287655352,87.4796882958
292.004632662,87.4850637617
294.494552194,87.4744475688
296.061470788,87.4108783518
298.320735335,87.4612345792
299.844712925,87.5601409186
301.338617711,87.6279056972
303.635362537,87.6983456421
305.31018154,87.7802248715
307.944430794,87.8440731348
309.684750635,87.9620094641
311.59106754,87.905033563
314.96417699,87.73819472
317.651605801,87.8048676035
322.099034101,87.8393976734
325.214465422,87.8434065921
328.256700749,87.7780684021
332.833271888,87.7444259956
335.631329349,87.7028994477
339.567289415,87.6536351158
341.861544761,87.7936137719
344.026387567,88.0714003102
346.882797506,88.6607960014
348.62247765,89.1923910847
351.169621381,89.9289488835
353.018709539,90.2104552167
354.951044639,90.5259526409
357.932708811,90.7907925287
359.758773761,90.8752304252
2.1361370204,91.0094245647
3.48038484145,90.9952478278
4.74487970996,90.8866484489
6.40921281655,90.7956824508
7.55975574403,90.7845826328
9.30851880894,90.7783751196
10.5657020776,90.6536526258
11.9965372666,90.5898027847
14.5499799479,90.261827466
16.729748102,89.8665916441
19.0544662292,89.6883204735
22.4798772164,89.8772064504
25.4684615629,90.2536199098
26.6959876904,90.9935475052
27.6542127303,91.5166407145
28.2545257221,91.8033773967
28.4782607357,92.1644958801
28.4318717579,92.2482526093
28.2287262393,92.3990742771
27.9993751873,92.4300548718
27.7902936632,92.5119208146
27.6192487417,92.416399445
27.5522701599,92.349856885
27.4920675518,92.2131360386
27.501442902,92.1861352049
27.5273594579,92.1949422332
27.6776987487,92.1693162663
28.0401711248,92.0996462992
28.9206252581,91.9369000839
29.5721083274,91.7024758981
30.2304837329,91.540391652
31.0455809103,91.1416504449
31.6153291351,90.7736069022
32.2742158929,90.460408669
32.6213228157,90.3706136192
32.9109183074,90.3591755602
33.0419837318,90.6054640762
32.984480879,90.8320629729
31.4743551844,91.5430419444
29.1325973262,92.0569907144
26.0478444305,92.6545785878
20.5502263117,92.7523646832
16.6652495412,92.5135333218
12.611358635,92.3176846918
6.43597848494,92.0546108928
2.15930973693,91.8360782346
355.746977384,91.556571756
351.085880887,91.1433117983
346.213295911,90.8010175693
338.471725703,90.0939208652
333.390837964,89.6226926909
325.807315438,89.0593580072
321.126635211,88.6002825223
316.880600452,88.1119517043
311.293947659,87.7975654183
307.994309252,87.3966401058
303.823807706,86.082306094
301.234225055,85.4108371156
298.823663032,85.0815299694
295.629457909,85.1255834524
293.899048096,85.2076809864
292.01041302,85.4181653855
291.118250928,85.6880316036
290.539998068,85.6889797888
290.10809418,85.7132398447
290.115567061,85.7756781778
290.222791677,85.8373563294
290.427769353,85.9928315043
290.569357596,86.1110243978
290.704687857,86.2803224558
290.805783247,86.2702938806
290.984999145,86.2176978365
291.135988142,86.1022175966
291.272692405,85.9843662133
291.562981713,85.8672406614
292.040240344,85.6709077491
292.894937937,85.3690900822
293.705249983,85.1836100896
294.579036925,84.9822348178
295.900432002,84.811046921
296.58116982,84.8124318777
297.191327685,84.8090616375
297.867614263,85.096008683
298.31781357,85.392549283
299.173340179,85.7585518881
299.595875858,86.1525930445
299.955641464,86.4475295846
300.365063957,86.5360889558
300.762618461,86.6683920162
301.762581344,86.7762481725
302.779896588,87.027154802
303.849873559,87.3339134806
305.298909848,87.703679322
306.31139275,87.8264066608
307.974542125,87.7597304509
309.235357738,87.9123326059
310.29197511,88.145992876
311.396617222,88.511241331
312.009416902,88.5913538782
313.181332933,88.493472545
314.075882133,88.4287473053
314.961530189,88.4310402552
316.429502005,88.5473426668
317.720364162,88.6739919986
319.346381689,88.9538837655
322.39441347,89.4883062662
323.883687294,89.725212
324.138074915,89.1432815054
323.0550166,88.3412280614
321.321966363,87.7044816761
320.61631203,87.5383434011
320.605107527,87.7134416464
321.804363606,88.3107393274
323.583694497,88.849504905
325.868311666,89.0992807845
330.041495052,89.3124918217
333.184684093,89.5090184178
338.301961366,90.023158808
341.911049494,90.3204742485
345.896702396,90.5416831355
352.247954369,91.0036330139
356.482592779,91.3004723626
2.51666706724,91.5509465616
6.21461524041,91.5222691551
9.66787277799,91.4640243303
14.6305739549,91.2862733631
17.733298553,91.2015301659
21.3047882584,91.0323825013
22.9563749523,91.0795507719
23.7831410472,91.1741977945
23.9862466644,91.2935130784
23.6635870405,91.4220165904
21.6862813407,91.9014757201
18.9969494988,92.0387065524
15.0953925501,92.0687470923
7.47089066323,92.0049632617
1.64794090897,91.84450213
352.602319856,91.2524149744
346.715381206,90.7574430259
341.33920585,90.1502178228
334.660327772,89.4629789456
331.371650031,88.9452563352
327.824369197,88.1440430896
326.026151625,87.8417639472
324.651706125,87.5079933149
323.296116344,87.5048064177
323.069299919,87.623436481
323.349807397,87.8476581942
323.861162242,88.0471836567
324.441427852,87.931215843
325.164077423,87.7849501331
325.655414939,87.627548995
326.169329848,87.5814758115
327.009275572,87.4581019181
327.361936442,87.4271388978
327.444552644,87.4250244227
327.318966817,87.2440309696
327.09935518,86.9865621274
326.772024368,86.6545737009
326.755856316,86.3814283073
326.788380002,86.0709877858
326.695739305,85.9662458988
326.647955805,85.8467598603
326.376971707,85.5841962606
326.16003172,85.402204876
325.94799181,85.228032977
325.601759808,85.0562620566
325.369856049,84.9804693394
324.985700925,84.9891979614
324.72143132,84.9143461729
324.083773178,84.6875047736
323.769283588,84.5915238054
323.516323841,84.5155323938
323.413535336,84.5167079212
323.33001905,84.5074513285
323.269083435,84.6390954987
323.207134207,84.7487797545
323.052641861,84.9367745104
322.845177687,85.1263265201
322.7196644,85.317189744
322.57997137,85.4036631429
322.501042337,85.4180725055
322.393568061,85.5335376281
322.153765057,85.5643010757
321.877874362,85.5697564751
321.741956846,85.5660768412
321.425524572,85.6280871387
321.296846446,85.7478228746
321.274612034,85.8549412419
321.31293349,85.9420396258
321.445640801,86.0136728555
321.850438958,86.1013182296
322.218502637,86.1925532708
322.716940737,86.3305571334
322.917730962,86.2975022975
323.249096097,86.3051257805
323.620344405,86.30580095
323.970719798,86.3294547916
324.211940882,86.3349482299
324.315739702,86.3545233754
324.439914298,86.4330437382
324.539235488,86.5655871896
324.57220566,86.603088819
324.596595207,86.6530005483
324.632170527,86.6515993151
324.849598499,86.6176542149
325.329268876,86.59860402
325.85947226,86.5924990446
327.078426476,86.6614796309
327.846550178,86.7573461927
328.462764426,86.9860950445
329.174674854,87.2962839557
329.520425328,87.4618179024
329.799512287,87.8560988827
329.96092927,88.0067993445
330.171080588,88.0159771584
330.640835451,87.9322993749
331.042907475,87.7219650035
331.308802998,87.4331756969
331.541377954,87.2018909366
331.820982599,86.8988951533
332.306622462,86.4926049983
332.802228675,86.3240544361
333.281235499,86.176866642
333.606941717,86.1788447467
333.789864374,86.1380161939
334.190584085,86.1084897597
334.353658629,86.0908418042
334.528781033,86.0615750266
334.763410027,85.9863360955
334.826022777,85.9251447108
334.997962655,85.8760293695
335.116296582,85.8747994847
335.348759955,86.0158156948
335.815250022,86.7842522048
336.163797612,87.2761339242
336.842391264,87.2068926515
337.175279827,87.0266411139
337.50504913,86.641715077
337.867858636,86.2270030556
338.196552911,86.044459503
338.957448001,85.9830762602
339.48370693,85.9123704803
340.135082374,86.0679075015
341.335223113,86.2190498877
342.02200289,86.3141168963
342.961863134,86.2826457075
343.365875728,86.1339979138
343.755410464,85.9483283902
344.533104786,85.8194773503
345.413650183,85.9279680798
347.670632891,86.3342033185
350.25032435,86.7276841862
353.776882904,87.3027288667
359.951147939,88.2841863375
3.91283520412,88.9297359917
7.71816094504,89.323017327
13.4339862632,89.8143805552
17.3441365939,89.8526837335
23.485633858,89.6104529061
28.1021514244,89.2233368056
32.9971937124,88.9450067331
40.9702337139,88.9704371131
46.3517173207,89.1004417598
54.4085665759,89.5675285884
58.6302283922,89.9970589205
61.8412572256,90.2103963231
65.9587978191,90.0824415344
68.50673237,89.8386760368
72.0208933543,89.8036045985
73.9417294138,89.8957515241
75.6900790736,89.9056151438
78.1294905355,89.8133062652
79.9522349554,89.7126596282
83.2794155217,89.7656967868
85.8139443677,89.8343353757
88.4703670311,89.8526287053
92.1545227413,89.7488801504
94.5323836293,89.7215692328
98.1567982753,89.6787065018
100.551917874,89.8462674377
102.891344333,89.937606032
106.635798679,90.1603542787
109.221683178,90.3611705183
113.257968666,90.6945028516
115.960685843,90.9137783751
118.606903969,90.9706142656
122.076234766,90.8224797338
124.029697044,90.5595561669
125.663575848,90.3498822544
128.04948198,90.0017045036
129.817191068,89.7981633115
133.18690657,89.5984169452
136.221517478,89.4900489213
139.655650558,89.6090097776
144.688861787,90.1567778636
147.437187231,90.5466499353
150.27602113,90.6522581785
151.610351416,90.5545086618
152.678961143,90.5015299464
154.257838619,90.1459446458
155.359994674,89.9408362896
157.595629402,89.7658669441
159.604462116,89.8255221256
162.03497945,89.9650171303
166.400444212,90.3838618422
169.396620408,90.8633438739
173.558185003,91.4737142624
176.117767127,91.5904355782
178.414825894,91.5094163205
181.469125162,91.2873210423
182.980807161,91.0146774202
185.272940076,91.2010741197
186.855519127,91.6189391108
188.486126229,92.1988563074
190.790429268,92.8752650687
191.79317064,93.0084522538
192.691369319,92.7548336727
192.919690898,92.6605372778
192.938581889,92.7387308909
193.07882774,92.7823268527
193.283078031,92.8052076809
193.553328385,92.7799438578
193.605412612,92.8798956667
193.58816666,92.9580686869
193.480023682,92.9380217355
193.357257285,92.863749135
193.225448163,92.6956714435
193.307703075,92.6558117084
193.580502432,92.7621327502
193.789565768,93.0568071107
193.728346425,93.1582625961
192.993513546,93.3139652583
190.313536562,92.7675252161
187.546898692,92.1545861473
182.671134395,90.8733620232
179.414638933,90.4295776101
176.279788894,89.951670663
171.548504991,89.0512331026
167.760193551,88.6272886857
160.960082243,88.1886153196
155.810957774,87.7626301375
150.565076914,87.3509701685
142.891040849,87.4304101786
137.985869692,87.6285987831
131.385592218,87.7695988412
127.333050188,87.8493182079
123.413788638,88.058195747
117.815016551,88.0089914101
114.700100396,87.7890599581
110.855096444,87.5323768426
108.888119425,87.8145210747
107.354291394,88.0053151452
104.938329886,88.1672616782
103.131905069,88.1944266293
100.341194778,88.3846501126
98.7801691744,88.6851228192
97.7637953297,88.9885064181
97.1513289027,89.1071219402
97.103901813,89.0163594884
97.1570360373,88.9771744332
97.216941973,88.8473846865
97.4708357381,88.6546304701
98.1824297646,88.3534066472
99.0464321035,88.2435482956
100.051215394,88.4141370171
101.821420795,89.2322063779
102.16755793,89.9379796901
101.424757711,90.6160314794
100.341852444,90.9434519158
99.1382896501,91.1904845221
97.0173176067,91.5316125804
95.4993325692,91.6677907217
92.9942262169,91.7383262057
91.3657924175,91.7222710018
89.747729003,91.7706289274
87.1255733342,91.8040790877
85.1957560037,91.8655407641
81.8310374365,91.9581453817
78.9151327382,92.0055643474
75.9227736735,91.925577793
71.462744601,91.9619248768
68.516525505,91.9867426365
64.7234236227,91.8137826998
62.856728593,91.9063810795
61.2927030718,92.0719646925
59.1242302168,92.2794278124
57.5224650731,92.3409351105
54.7462927088,92.3672529489
52.3998056358,92.3579886907
49.8806576372,92.3345649811
45.6244830521,92.4080159741
42.7740764052,92.4005549835
38.5324315788,92.3582171437
36.1099324445,92.3607866257
33.7841200012,92.5198592556
30.4512737022,92.6051635133
28.2829797138,92.5005559646
26.1353818541,92.3698211092
23.0980462969,91.9802192773
21.3622219569,91.7394502947
19.104015495,91.588220348
17.9762346429,91.5296566732
16.9826321561,91.533643239
15.8435109091,91.5286765205
15.2480274553,91.5605233695
14.5332046804,91.5352512258
14.1761706754,91.5260309048
13.9099364233,91.4610372017
13.7004975266,91.3500724687
13.5752657551,91.2996396754
13.4225177915,91.2560847213
13.1484883891,91.4045687247
12.6617877187,91.6874069727
11.4606653823,91.9194984464
10.1104886512,92.0216300468
7.66137711363,91.8944136793
6.05631277589,91.6761246941
4.63823812712,91.5513880455
3.09532707872,91.2667469466
2.59318057427,91.169464423
2.43156688351,90.8730536466
2.84170166936,90.500772993
3.53942781221,90.2044078686
5.12008074108,89.9946583877
6.15106490578,89.8537111122
7.26193686578,89.7863373901
7.56938955666,89.678561556
7.69498518668,89.472585424
7.73331063383,89.1402557749
7.88181919959,88.8878538402
8.24347599832,88.6387248037
8.93925086178,88.4446965373
9.37841516624,88.4695210813
9.98735440953,88.4652015378
10.3308065944,88.4026587548
10.613945493,88.3784616214
11.2978883746,88.3424983611
11.831899869,88.2503543752
12.9485223875,87.9473767898
13.8117346629,87.7220652472
14.6946118296,87.5946420057
15.7921422411,87.4253654465
16.506348263,87.3841249781
17.580021381,87.2927809532
18.498463231,87.17496756
19.8004305563,87.0551570673
22.2382148083,86.8280649183
24.1248246071,86.6567518998
26.7827492684,86.3621727065
28.4330086333,86.3901114354
29.8643832013,86.454988759
32.0059435875,86.4964630006
33.260881469,86.6645712017
34.9399877675,86.8354648874
36.0938242042,86.9876922365
37.2155316504,87.0797959574
38.7741216339,87.0347561245
39.7837778532,87.0049537115
41.1839856857,87.0588098419
42.1837196694,87.0010957453
43.0329976755,87.0162735142
44.0686216564,87.1005809161
44.544944843,87.1555755104
44.8226815998,87.1635213788
44.9628286109,87.0827054448
44.9972276516,87.0541929668
44.9097075646,87.2879094378
45.1021611235,87.5138137781
45.9552445691,87.5835375775
48.3080085919,87.7990835708
50.5190737537,87.774074571
53.7119106603,87.78291645
55.4671068747,87.7199888009
57.1009992522,87.5085214477
58.9269092193,87.3275307313
59.5823790956,87.2230865214
59.9607512568,87.0725014945
60.1516239879,86.8166490583
60.7234785717,86.5806776285
62.0323796523,86.4057704451
63.6013468296,86.2927962196
66.5373147985,86.3593356596
68.6104316347,86.4914536468
70.7517883235,86.565795978
74.412484667,86.6994589536
77.1770966458,86.7589012031
81.6419706672,86.7776187746
84.7243337943,86.6821293986
87.6721587552,86.7872164701
91.5447521775,87.3767116233
93.6532059073,87.694489486
96.9707254649,87.6996751997
99.7991103988,87.4463327457
103.316976704,87.2125324769
109.896711163,86.8648382077
115.021959901,86.685405364
123.142235269,86.8657919043
128.373698859,86.9870444157
133.775573912,86.7622363453
142.994239851,85.4612725458
149.875718895,84.2966600467
156.10289871,83.951455409
163.737441329,84.1103662158
167.474547323,84.3419691239
171.147623295,84.5638531351
172.728757696,84.6354444261
173.794843013,84.7916142948
175.148032525,84.9435039752
176.226015612,84.986072628
178.044944825,85.1613051326
179.216107069,85.2673219308
180.247431004,85.2577195622
181.662119035,85.2104281032
182.766059641,85.0353611446
184.647977362,84.7539454103
186.176235315,84.6683691458
187.8500772,84.6289466891
190.823115955,84.750272801
193.090821413,84.863093052
196.465733365,84.9704904555
198.466159485,84.981912865
200.286702692,84.8544512646
202.62250798,84.9377717862
204.033957248,85.0704223105
205.86097319,85.3385891776
206.835824027,85.5865959223
207.477311032,85.9322434159
207.801638523,86.2863246372
207.754260193,86.4995195802
207.7313016,86.6128706098
207.807665172,86.5647790075
207.939746884,86.3587171408
208.11689348,85.9794952444
208.355588864,85.5599736915
208.625804575,85.1667351828
209.042835532,84.8981886334
209.251309285,84.8221292522
209.687385993,84.7226253157
210.21932367,84.8064108046
210.853202616,85.0046592844
211.943581782,85.4407577874
212.80020577,85.7440438539
214.130329116,86.1798102935
215.059327213,86.4774338472
215.873049136,86.8307991168
216.849381321,87.3233030696
217.339238251,87.6236343594
218.029618124,87.9793806968
218.464517877,88.1043097432
218.921515013,88.1970461171
219.601086907,88.3321029392
219.833121278,88.2435494639
220.189385386,88.5321822363
220.48434101,88.7209999893
220.764892574,89.0421791015
221.180241127,89.4525601789
221.387696689,89.6176679893
221.700123188,89.6314075029
221.912909587,89.5267177555
222.312434663,89.4003863045
222.95197425,89.2738133636
223.457335157,89.2599163103
224.008710049,89.4818753735
224.302726608,89.6406369884
224.442818343,89.8177874257
224.561404154,90.167280018
224.530100439,90.5055122347
224.397672997,90.8333434717
224.193956139,91.0171332011
223.831940196,91.1925963386
222.837975312,91.5584891682
222.073737863,91.7094536536
221.255206333,91.7665899943
219.631088162,91.6546591039
218.616968424,91.4949217652
216.924018264,91.0938091876
215.551909678,90.7299678627
213.621804888,90.3704022449
209.079571699,90.0888929101
205.073443973,90.010583029
198.683475421,89.6577702946
194.689969412,89.4505893197
191.117559164,89.2566253087
186.325001582,88.9068707801
183.731707511,88.7019804829
180.465879445,88.2398629509
178.587713567,87.8742697016
176.816067314,87.6686050188
174.119635766,87.2436451871
172.473645918,87.0124881815
169.934375897,86.669639425
168.15324036,86.3209915572
166.230416427,86.0463646548
163.057581465,85.7844692185
160.606373857,85.6512873228
156.544977889,85.6056184865
153.703905581,85.6860657349
150.758003394,85.8775740889
146.252360359,86.2025336765
143.17701452,86.2862411504
138.589094225,86.4947317582
135.551765051,86.6385196993
132.537720808,86.5311305326
128.429290542,86.0802493424
126.024505041,85.7990769762
123.841194538,85.5639763406
121.09327201,85.6464657201
119.297437335,85.6702745359
116.418729404,85.8083586285
114.336529589,85.965131402
112.241408066,86.1299178499
109.606931686,86.5075789772
108.10128464,86.6098132876
106.364811492,86.7705267752
105.415583041,86.8721860886
104.490441513,87.0128040712
103.016634672,87.2597328464
102.328508915,87.3763086385
101.568228016,87.5701433647
