179.631671636,100.934253457
179.54016439,100.398598713
179.569918155,100.42114508
179.595312293,100.537776372
179.575370874,100.663173673
179.513634592,100.9306189
179.379724015,101.105387055
179.292134112,101.090048384
179.155381714,101.008577406
178.932367911,100.876745266
178.802153323,100.828737402
178.668554669,100.88068881
178.56189876,100.944859763
178.48231116,100.911899924
178.35699814,100.728311538
178.356877552,100.577530803
178.434627787,100.29331254
178.475690435,100.360006316
178.486703856,100.480084885
178.473839026,100.711880135
178.324566771,101.378607767
178.108678798,102.32523238
178.030893905,103.263115155
177.976757431,104.543048616
177.925791237,106.511076821
177.83481237,108.186972996
177.613094553,111.575300522
177.285482842,114.24394317
176.801341852,116.935180591
175.805693853,120.454296687
175.035989301,122.33131747
173.793894513,124.819493349
172.814886599,126.531149167
171.903822596,127.921121517
170.345536033,130.065295475
169.075285083,130.907208838
166.883803973,131.582394074
165.058827931,132.069544011
163.031962466,132.663914128
159.756204557,133.125166008
157.748162434,133.635158161
155.962073434,134.592945338
153.48864058,137.173155769
152.121777853,139.284892219
150.777684026,142.051947225
150.331062323,143.119733527
149.914409972,144.757656695
149.455958832,146.70998739
149.278115392,147.729507866
148.663184346,149.496558101
148.097304696,150.482853933
147.097299543,151.430577893
144.046888444,152.819082682
141.053439759,153.413257328
136.694952902,154.022722093
134.011958054,153.941758742
131.516673482,153.815928691
127.862443163,153.51044795
125.525257728,153.193008118
122.267490037,152.582462982
120.337184237,152.172668543
118.337308609,151.768120602
115.364919276,151.183194958
113.302216767,150.831386651
110.324501668,150.319412507
108.621094481,150.058586384
106.933301616,149.94195673
104.312873503,150.087527673
102.634199818,150.459301767
100.743641437,151.314500395
99.6731285047,152.062551477
98.5046157088,152.872274998
96.3358240761,153.775728043
94.7081166881,154.422849227
92.4895491332,155.455227284
91.4936308267,156.038517496
91.1572430338,156.57737274
92.0723154089,157.209744318
93.3726063674,157.292146549
94.7917862689,157.446269306
97.7967139042,157.740571457
100.284298703,158.054692234
104.732629032,158.487070443
108.054991264,158.783927925
111.551643043,159.094362548
116.554963701,159.613409797
119.826638862,159.861715716
124.335028662,160.022349417
126.981975681,160.225928418
129.497657496,160.462116929
132.670626279,160.669193865
133.995250066,160.745754987
135.765681971,160.721106683
136.828088856,160.746710632
138.225789692,160.73953919
140.249179451,160.740732481
141.718723486,160.783080079
144.065120604,160.760332121
145.571884021,160.749945502
147.134991488,160.780219268
149.047650528,160.777413364
150.184452814,160.588402787
151.916942089,160.294135274
153.180357447,160.127170564
154.709422389,159.906895404
157.213447638,159.372050042
158.790071357,158.958307352
160.781206731,158.55379949
161.971239433,158.405664729
163.413274952,158.416020975
167.390998451,158.734699627
170.905879456,158.820106939
174.704473645,158.855784133
181.053153809,158.939052774
185.440317207,158.989184702
191.714499688,158.97330253
195.426125251,159.011450029
199.172737617,159.018044717
204.916095955,158.895333416
208.845571952,158.910575091
214.614806651,158.707544262
218.357527403,158.786373269
221.468090807,158.935699994
225.225123524,159.003828383
227.303213162,159.247683898
230.111150251,159.786797204
231.178634688,160.188024983
231.1382515,160.522164127
230.794953865,161.110238373
230.673205035,161.46120163
230.227548701,161.942259634
230.534228779,162.221119197
231.570877822,162.398171334
233.625614775,162.55275591
235.271195318,162.815834355
237.20981929,163.152165245
237.996350228,163.011961725
238.464351797,162.739193797
238.724473513,161.44436357
238.727880522,159.816482699
238.317377773,155.194729102
238.125278692,151.033710743
237.672941012,145.933990315
236.241435386,137.187881179
235.283229001,131.11602939
234.345368767,125.45451863
233.033861809,117.673057695
232.296285248,112.916998817
231.26917857,106.059086673
230.498074762,101.898539411
229.685835999,97.8921639007
228.459013197,92.9690752363
227.617070079,90.0142722849
226.222715179,85.6879964494
225.192186603,82.8241641783
224.08801389,80.0447554446
222.561219188,76.4621369855
221.544992838,74.5180272593
219.8502609,71.7173918878
218.501433481,70.2713881469
216.910270332,68.9222293931
213.793514513,66.9004405575
211.334616739,65.7069668854
206.850639343,64.2981968679
203.255009864,63.4525004018
199.486733721,62.6007703433
193.64990341,61.7824795763
189.831621134,61.224998917
184.418751561,60.0796196297
180.97758765,59.2937464715
177.636096839,58.7001652993
172.949895309,57.7482320432
169.955612327,57.8413852149
167.229694693,58.9132718808
163.80203551,62.1777976188
162.066543142,64.7746872054
160.457756436,69.2520481261
159.760556114,72.2807315486
159.228634932,76.7220884124
159.1694807,80.0187995168
159.4713322,83.0823584979
159.853180498,86.7693266087
159.850838407,89.2138813624
159.428748573,90.4404591173
158.330300183,92.6760237913
157.032307541,93.4333578887
154.22033643,94.9205993254
151.750273434,95.6069509496
149.218553011,96.4050615882
146.441838614,97.8827018668
145.196405507,99.0510383465
143.2220823,100.536701294
141.704427381,101.295823507
139.853008012,102.015326761
136.45761424,102.856245337
133.899092982,103.471359217
130.163412963,104.085692198
127.830412243,104.528526793
125.6006589,105.143054431
122.307300873,106.021432794
120.020221123,106.699691392
116.163701316,107.911460785
113.200648127,108.889357665
110.252579114,110.166629389
106.499475332,112.975380782
104.633389567,114.879760607
102.406833155,117.488337068
101.31282778,119.143117996
100.621061201,120.922079982
100.211803921,122.549252795
100.232551834,124.675816516
101.211512298,125.518126386
103.021906918,125.401729845
105.559142852,125.068317523
109.679832246,124.668991153
111.737422704,124.433832406
113.922365291,124.095996397
114.964523139,124.090818926
115.732076646,124.108627838
116.442006318,124.22311126
116.764116297,124.215953633
117.032315033,124.282674945
117.287724805,124.181323618
117.47941693,124.36231882
117.662853519,124.460987933
117.688249506,124.542303417
117.671065268,124.64293033
117.458164557,124.762255997
117.182857141,124.838643619
116.640148074,124.919172158
115.929232954,124.902574153
115.245095788,125.074843616
113.376627567,125.463394372
111.436547468,125.84714004
108.740320618,126.108619784
104.528674165,126.459908822
101.881070066,126.631722247
98.3393047013,126.742858508
96.2538090163,126.686686434
93.3420127903,126.814389541
91.2222042008,126.917644684
88.7054449589,126.907076301
83.5088953442,126.314703583
79.2350209727,125.516998502
72.4498428864,123.858364272
67.85788295,122.354530973
63.4860507542,120.797443971
57.6762078628,118.665579974
54.2639192409,117.296100415
51.2873342372,115.823657193
47.1870064447,112.616523103
44.6712127256,110.247255061
41.2975264969,107.677724293
39.6054338836,106.545359051
38.0493400326,105.740553747
36.1773751009,105.076900045
34.8941178356,104.853373527
33.7248782966,104.491610279
31.8950491894,103.885461249
30.5715249567,103.700014706
28.962835103,103.33132467
28.1699809092,103.081718674
27.4694088111,102.912644728
27.1199105945,102.788035532
26.8133175408,102.718597465
26.5225884503,102.652389403
26.5600947477,102.666389364
26.6540420685,102.623972704
26.8692372694,102.531565768
27.330875578,102.439538307
28.4071639751,102.466948165
29.4131584183,102.445605866
30.7859683928,102.332399331
31.3300430876,102.257887262
31.6918681417,102.358303095
31.9483976707,102.538810598
32.2657944096,102.73218174
32.8379386099,103.167304025
33.1745605139,103.358134206
33.5456333371,103.577648238
34.4277482494,103.944006209
35.4576668639,104.112710301
38.2733545494,104.028153026
41.280415432,103.349167688
45.339399992,103.305883435
52.2411405222,103.496025107
57.9765487265,103.722581417
64.4291433662,104.128953921
74.7091515638,104.720806481
81.2949189552,104.705516258
89.8439776889,104.991562402
95.00906321,105.288837821
99.6647507914,105.698561814
105.980727091,106.378753326
109.898738761,106.923042425
115.9981603,107.260208865
120.116355613,107.169184979
124.109871569,106.872319899
129.257291506,106.725682371
131.861824724,106.761483968
135.07988581,106.703151712
136.802519925,106.72596387
138.529033632,106.501229635
140.998994511,106.185296668
142.737536968,106.035371522
145.520200849,105.839932967
147.704695067,105.644325884
150.317373437,105.41589295
154.097497439,105.282841501
156.381755426,105.271408478
159.239218609,105.40893132
160.872626494,105.550815286
162.251921037,105.697400016
164.190999473,105.939333225
165.30855003,106.160801926
166.908256371,106.576824527
167.864265508,106.917242741
168.721471473,107.256506145
169.812002879,107.659273551
170.797285545,107.743769122
172.093605592,107.785192552
174.079613717,108.127877644
175.376734699,108.464744464
177.471502772,109.161882306
179.187536683,109.482122475
181.249948134,109.966494937
184.952164933,110.462489642
187.554032683,110.608572752
190.994057639,110.784174245
192.907590816,110.857167616
194.598832705,110.820902854
196.839904606,110.663229953
198.139554751,110.664991383
199.885491895,110.666348459
201.014259519,110.75681553
202.093187967,110.875186382
203.767485854,111.059146704
204.815008663,111.094270871
206.23094165,111.213959018
207.028760873,111.255308042
207.755078951,111.176811032
208.898376975,111.031547728
209.486283849,110.702546992
209.87414082,109.952046416
209.873819859,109.239769077
209.58526071,108.60189552
208.956173271,107.828799823
208.488096663,107.479790873
207.908398031,106.939687854
207.573324239,106.712612353
207.286512612,106.442305351
206.859441621,106.145252197
206.589620511,105.847343486
206.452397084,105.531041454
206.393224574,105.30583067
206.259164875,105.109289106
205.491318515,104.908505086
204.366870006,104.960464064
202.642108833,105.192251651
199.257829454,105.506688486
196.773310347,105.706192908
193.079397104,105.877573714
190.652461458,105.950573985
188.197244529,105.997188909
184.556968227,106.153988073
181.969388096,106.214571777
177.996304864,106.248553671
175.186298609,106.158730029
172.303191636,106.001373563
167.936169271,105.668867342
165.160950142,105.393997064
161.411088872,105.026721527
159.168712302,104.776663505
157.154287376,104.573992199
154.51520005,104.164486561
152.99571814,103.993000311
150.937693392,103.690461297
149.696939206,103.490853602
148.430530378,103.368599213
146.787698864,103.155940029
145.794924473,102.988249431
144.461461871,102.797733834
143.525576583,102.654644907
142.595868289,102.482434462
140.976372304,102.136279442
139.741117723,101.778702361
137.523053567,101.347814286
135.743802447,101.067277084
133.80692618,100.866136376
130.837089286,100.839868887
128.955875668,100.959075381
127.180023063,101.051733927
124.741322593,101.195993388
123.224153136,101.301455046
121.079746354,101.591266768
119.755364059,101.812456508
118.387743986,102.019005321
116.239041372,102.292359696
114.730799617,102.532503624
112.575620557,102.790051715
111.256153945,103.001644581
110.076297716,103.262278832
108.521433375,103.651271811
107.68482583,104.020673693
106.631440346,104.599183716
105.963886858,105.112103085
105.308045329,105.670164295
104.27910867,106.570415427
103.666661685,107.153490746
102.809700778,107.988574923
102.234554431,108.414128827
101.727749803,108.892815754
100.95715902,109.522915739
100.536724313,110.100043649
100.001716257,110.781308316
99.6986968402,111.156418049
99.4847386776,111.39690305
99.15868487,111.573008196
98.817706427,111.789654471
98.1815518895,112.120454155
97.6835596488,112.319212191
97.2239670578,112.537816302
96.6267520918,112.84753756
96.2392169489,112.952292895
95.2574448517,112.964841107
94.3287764649,113.07214482
93.2041109333,113.33823756
91.4724126697,113.927867792
90.5945101082,114.349355149
89.8828486881,114.893179292
89.1255115212,115.676200046
88.7607683943,116.251689269
88.1764243882,116.974439956
87.6900124519,117.462828315
87.1980112246,117.850874631
86.0875517226,118.366790188
84.9181582705,118.683888181
83.0472017491,119.166466269
82.3201706181,119.533923556
81.9455605517,119.768672978
81.5611409465,119.84606219
80.6121950837,119.843503866
79.7196463664,119.70501445
78.4111541748,119.653716409
77.5935105999,119.59339446
76.6226334963,119.505062905
76.0647777348,119.32614643
75.3470416832,119.077717839
74.9771102779,118.897587758
74.6847102076,118.820507376
74.374925284,118.740339268
74.1569325261,118.747956641
73.817808528,118.719027066
73.329003583,118.764943334
72.9829008655,118.760692912
72.5012495725,118.868008029
72.3206574512,118.956137902
72.0307290383,119.197595377
71.8073385035,119.321118539
71.5693525839,119.457737774
70.9396897677,119.700894749
70.5300806764,119.905021305
70.1138232108,120.044200852
69.5503685464,120.283082725
69.1010636682,120.361058294
68.5445428078,120.483020723
68.1669734212,120.499472935
67.9422975971,120.577143458
67.610253961,120.671036985
67.4685304789,120.724732885
67.2968455246,120.745266744
67.2282411098,120.767013777
67.1844272197,120.771988227
67.2859145217,120.880541725
67.4686154967,120.988957499
67.5999112443,121.079230299
67.5873149391,121.143172784
67.4973480822,121.181284856
67.3692923187,121.155948038
67.3109630774,121.098699354
67.3617875754,121.017086798
67.4796269371,120.988296525
67.6175818363,120.95996666
67.7662717105,120.974577496
67.8391923734,120.981354095
67.9121595925,121.012150984
67.967857461,121.035354608
68.0349267379,121.066669149
68.1701772838,121.10422202
68.2722728544,121.103204722
68.3818194038,121.107872541
68.4320793251,121.106812028
68.4651473288,121.123485343
68.5188269568,121.1878993
68.5792149878,121.258366446
68.6608174498,121.327376689
68.7711655379,121.411904529
68.806300183,121.460972476
68.8272393216,121.523994667
68.8297628764,121.547086244
68.8472865717,121.57782134
68.8482736525,121.610306033
68.8402447101,121.627789335
68.8248932181,121.632280527
68.798604383,121.651487055
68.7628882538,121.667380221
68.6622093098,121.675782388
68.5827018324,121.681429832
68.496694546,121.676410074
68.4224134395,121.690316145
68.3603449966,121.695576625
68.2964441017,121.704591429
68.2742298577,121.703791848
68.2152451899,121.69502571
68.1880196461,121.696662653
68.1589639783,121.699321117
68.1060933845,121.719015517
68.087978273,121.732414162
68.0595976789,121.778910482
68.0380750722,121.828951869
68.0084153843,121.885015132
67.9762907053,121.963425185
67.9511128192,122.000745128
67.8440175329,122.028733232
67.7598363208,122.027228871
67.6952159938,122.042553782
67.6528191091,122.072893523
67.6274322207,122.105376589
67.5804301086,122.106831248
67.5429662984,122.108652199
67.5227664908,122.109616674
67.4985541779,122.104822566
67.4681697888,122.094224928
67.4033618394,122.098210055
67.2580200898,122.085501959
67.1301122623,122.066926398
66.9289343541,121.988456158
66.7558430754,121.913240652
66.5815171769,121.799403383
66.4098970607,121.729349379
66.3291207574,121.696414303
66.280638005,121.67567926
66.2559836975,121.661646176
66.2260542886,121.646934604
66.142143736,121.603567499
66.014908177,121.494480626
65.7660836583,121.288433775
65.6518931325,121.193484002
65.6008953968,121.121036674
65.5564994784,121.005917441
65.5347938822,120.952293037
65.5324241138,120.887646394
65.5229841781,120.863783987
65.4797501047,120.866602503
65.440011338,120.924850362
65.4607338194,120.951806502
65.5340422549,120.994928669
65.6043212346,121.001827756
65.8129902525,120.979441597
67.4026623473,120.784254335
70.1095629929,120.570970116
76.8896232872,120.250336714
82.2246185836,120.152149735
87.4857684162,120.056489146
95.152919398,120.088025092
100.019945001,120.015109763
106.966410931,119.573192579
111.542166759,119.26453942
116.023129286,118.979163464
122.515637208,118.48146839
126.670548558,117.962636275
130.586463602,117.51308276
136.003501259,116.845187267
139.223187541,116.62423173
143.683479687,116.293771352
146.472856044,116.139479933
149.184304547,115.801825284
153.48870961,114.847518586
156.153143673,114.025676764
159.606400821,113.208076364
161.496920597,112.844186306
163.058993803,112.430391793
165.317946586,111.761101278
166.842366218,111.344514353
169.302107269,110.724008298
171.049411638,110.494613343
172.873357491,110.367695923
175.903188601,110.35593455
178.399740118,110.469545244
183.097638301,110.585044813
186.974366571,110.77716652
190.91841842,110.952135459
196.550541558,111.367657409
199.735493785,111.621681043
202.539448838,111.927438285
206.199631322,112.456950409
208.353900497,112.808690288
210.979800132,113.31497508
212.353738674,113.755960182
214.163209883,114.285671396
215.220544217,114.671431135
216.180048724,114.870769448
217.522662377,115.317002515
218.318454733,115.450153056
219.034842863,115.582383957
219.858390429,115.640688926
220.254333173,115.557157963
220.602628246,115.133143984
220.752902556,114.881648151
220.804981357,114.692304446
221.101674855,114.374442683
221.384117327,114.150337627
221.947591264,113.602901771
222.333274959,113.245105208
222.758270668,112.862959976
223.48449201,112.363322827
223.919906058,112.033314698
224.525165395,111.484873675
224.818370232,111.175780816
225.029373669,110.835544112
225.031740377,110.364639983
224.907758752,110.136237866
224.482060744,109.489391108
224.112244341,108.997404132
223.498860484,108.312970318
222.596100936,107.637512198
222.167223961,107.206336913
221.627817359,106.590178516
221.371825659,106.228019968
221.121971774,105.881495978
220.598217561,105.370533982
220.127847984,105.006337864
219.583705708,104.560806696
218.52581406,103.902090379
217.66207091,103.460582474
216.256222364,102.85770657
215.191446901,102.569594154
214.032249781,102.465152898
212.026357349,102.562952433
210.425095189,102.771129515
207.62758226,102.874515684
205.600195627,103.043979203
203.592607861,103.019257565
200.524692142,102.897702441
198.394499838,102.890626137
195.375318061,103.173305612
193.446044361,103.28995417
191.58899271,103.520960486
188.754479182,103.762366908
186.82989321,103.879867596
183.948394897,104.028390223
182.086415057,104.095621558
180.257513879,104.119160062
177.561344641,104.055651786
175.807267627,104.166744988
173.178388614,104.246911432
171.372446929,104.211057205
169.632756093,104.164165994
167.138095134,103.900397909
165.611309742,103.720446602
164.12187066,103.456623581
162.005166052,103.273976985
160.648717962,103.193871813
158.825062402,103.074929313
157.773551496,103.025529214
156.315238072,103.098769021
155.386979509,103.119735248
154.400448518,103.131503168
152.713562185,103.095042492
151.572780869,103.103465408
150.388785957,103.065722419
148.627869191,102.918443893
147.396434735,102.753127937
145.438374362,102.381629864
144.067250734,102.12587466
142.686063484,101.833971973
140.604429765,101.373222901
139.290273346,101.025429182
137.327879211,100.418920516
136.051469707,99.8683163748
134.779165376,99.3573328427
132.898449146,98.3737654172
131.685726305,97.7746024883
130.009804282,96.9494354828
128.960366102,96.4945924721
128.00258113,96.0575204328
126.838214441,95.2865662556
126.176687186,94.8442634159
125.452168122,94.2212293456
125.122231248,93.7782834247
125.06582684,93.4481627092
125.287397078,92.9041036537
125.618508612,92.7279094109
126.763616511,92.4317092173
128.266233504,92.3055972154
130.579107581,92.4334454081
134.975105117,92.6405323501
138.126549676,92.7098471196
141.066068929,92.6780325481
144.937393898,92.501958977
147.064616141,92.2358768765
149.748193583,91.9019579546
151.409414202,91.7278657144
153.066717418,91.5404462352
155.771195654,91.3708496351
157.634911113,91.2968605005
160.475590124,91.3503047175
162.383388685,91.4491707446
164.305320655,91.6222043857
167.199167095,91.8266247933
169.244378351,91.9881119144
172.716930288,92.2565674022
175.124165338,92.3290842628
177.513286304,92.3202405572
180.675931779,92.5018045918
182.540745145,92.813542267
185.248127784,93.3565488015
187.097816279,93.7323362829
189.053609473,94.1484852664
192.217961872,94.6591250398
194.42766662,94.9239069904
197.728007357,95.4046882133
199.73058176,95.668466334
201.534738422,95.8735547673
203.876956296,96.2005688849
205.428716203,96.505679353
207.698216081,96.9930647741
209.364903711,97.3572056176
211.122071108,97.7579958356
213.95130664,98.3980335214
216.100263504,98.942853484
219.559318737,99.7664916332
221.788330503,100.307945318
224.008059367,100.891501657
226.934647881,101.5867302
228.613667931,102.05800852
230.895378246,102.664900464
232.412802142,103.01710629
233.970296092,103.218406555
236.412372451,103.591275893
238.135531551,103.753350941
240.019838032,103.901814074
242.738148644,103.959012908
244.478303945,103.977647955
247.078258928,103.998398095
248.914947361,103.97817163
250.905233399,103.930192722
254.172545128,103.991205547
256.357425148,104.027435503
259.542490012,104.105478136
261.61847122,104.199209932
263.594575421,104.220037153
266.271023171,104.151703007
267.913527011,104.069617511
270.471287861,104.013832522
272.327556783,103.946288519
274.336624672,103.899713067
277.541520881,103.896153504
279.649295898,103.930785512
282.569816128,104.068574064
284.224983484,104.116079287
285.653611296,104.059404418
287.624152387,104.023216017
288.934197326,103.915019289
291.078872305,103.616136779
292.476981791,103.373882954
293.766165903,103.12943126
295.555050419,102.860320942
296.78760206,102.732955048
298.899066547,102.552114207
300.503505556,102.526602987
302.208457499,102.459405163
305.157310446,102.467271826
307.188074916,102.549054763
310.282788116,102.75916352
312.195718745,103.175984185
313.945766014,103.526156269
316.302826468,103.972360574
317.967597512,104.24025815
319.671627716,104.500031576
322.147980219,104.361243415
323.8410954,104.057111484
326.296488344,103.726594321
327.790756404,103.791883047
329.06882191,104.056519641
330.880450955,104.232315671
332.214719041,104.271578426
334.689582846,104.28565502
336.438607287,104.235058974
338.001209127,104.098731404
340.195546064,103.888056394
341.541340674,103.877038971
343.405963885,103.865320721
344.599305318,104.00305727
345.816195304,104.121862855
347.596416418,104.405359468
348.74842368,104.633357061
350.378025904,104.873838706
351.312494658,104.999979498
352.242107687,105.039009855
353.602535512,105.126945662
354.440035345,105.147881895
355.649791838,105.272024614
356.341822303,105.257513146
356.962746046,105.318856134
357.658404799,105.520157384
357.940313868,105.575499544
358.233328524,105.748636774
358.48149428,105.843909845
358.677077556,105.827940135
358.872666101,105.846698878
358.890415612,105.871728825
358.862146061,105.899043187
358.606111332,105.955570342
358.316875752,106.057262768
357.670710934,106.244276223
357.22835639,106.484323133
356.736279559,107.048750076
355.88570751,108.714459707
355.265776887,110.253769984
354.456545717,112.303530823
353.934378811,113.989128149
353.592100744,115.536822939
353.215599234,117.69107891
353.047852476,118.769524328
352.820814195,120.259731189
352.567040591,121.252868692
352.241647701,122.441468717
351.279708244,124.6233914
350.087551145,126.75543537
347.015217989,130.328634733
343.996688868,132.751460039
341.512585097,134.292132198
338.86494124,136.615348822
337.667953299,137.998510119
336.398337424,139.967455617
335.851656068,141.195243853
335.023854838,142.457792052
333.38406664,144.21585763
332.10523949,145.137143504
330.188709541,146.451407421
328.76105346,147.296528508
327.399381512,148.089286251
325.175577886,149.045728836
323.359274421,149.761668028
319.521171791,150.425024363
315.610641063,150.5640124
311.212525855,150.374074424
304.980137824,149.683327097
300.905385481,149.056957821
297.065924177,147.991100617
291.70475557,145.485859779
288.862786823,143.199199625
285.243865049,139.984439878
282.858093495,138.240278592
280.581277121,136.779567892
277.438870433,134.815562327
275.662863229,133.686352565
273.566800107,131.926135447
272.576332551,130.782215931
271.87274072,129.718448641
271.24397066,128.475134299
271.087103635,127.619515495
271.010947454,126.273764789
271.087738208,125.084988794
271.075689053,123.658158982
270.966784508,121.592399972
270.831649698,120.407761234
270.668881226,118.883480832
270.544352622,117.94996853
270.437321733,117.109160537
270.332582108,116.05608701
270.37428252,115.513098859
270.502031134,114.813601564
270.621878399,114.451927967
270.773613783,114.023605029
270.833842703,113.834807058
270.821927893,113.776810674
270.186157349,113.614414721
269.440535899,113.612874027
268.67070494,113.387958972
267.554539483,113.064059191
266.950085763,112.902765176
266.604150039,112.721941171
266.398301747,112.498252388
266.294909516,112.321158972
265.750182824,112.07133324
265.159540102,111.831838502
264.599005674,111.595483271
264.001825762,111.354335642
263.730072047,111.363787737
263.644466302,111.393131188
263.659028438,111.464194164
263.749729574,111.600411207
264.125196708,111.754391273
264.517809881,111.939047252
265.175878524,112.262970835
265.633901759,112.539920643
266.106660031,112.798675454
266.91755924,113.210779744
267.413211135,113.429167256
267.710884558,113.636830067
266.966951826,113.572205923
264.304368185,113.067424627
257.110574687,111.954267657
251.027533332,110.768971488
242.325225106,108.834894447
237.574834118,107.460394216
233.975215217,106.272937389
229.995427132,104.647907121
228.157994786,103.83195229
226.13158781,102.816420714
225.027680024,102.344569296
223.92969111,101.752051384
221.995581028,101.090772442
220.442393796,100.562768545
217.400394789,100.007264175
215.120157198,99.7101982876
212.550538041,99.2646006681
208.377178615,98.9388022543
206.007664003,98.946938822
204.196511838,99.1620129599
202.515511232,99.6096983848
201.913051909,100.016982059
201.040327241,100.791760859
200.303429952,101.515828939
199.553832657,102.458016142
198.42578713,103.887926871
198.126952069,104.973206575
198.750892398,106.309681345
200.654823383,107.50622535
203.503203333,108.391664509
209.353980966,110.31966275
213.935868337,111.481998107
221.284106343,112.996327532
226.383080548,113.886273215
231.613602097,114.718472493
239.581478939,115.719594256
244.857189173,116.183033159
252.762335219,116.61815075
257.817770472,116.827492579
262.612773992,116.97279421
268.883852299,117.201377835
272.446735326,117.458817446
276.928416752,118.062827315
279.615170197,118.640704162
282.264153645,119.407482648
285.46246345,120.336888532
287.140637394,120.647315277
289.174452912,121.105862517
290.352900662,121.368562174
291.527775218,121.520220589
293.484581382,121.666408681
295.042864976,121.591774749
296.979199231,121.384707771
300.699998835,120.352724713
303.983823528,118.771886711
309.767768819,116.498659194
313.888097979,115.001755415
318.080759939,113.700114868
324.316472631,111.952361715
327.826697606,111.487972606
331.82675903,110.698878538
333.867183984,110.192796484
335.776371471,109.672789114
338.908751141,108.750286876
342.573553809,107.916255877
343.921532231,107.706208394
347.539547547,107.179281876
349.509633358,107.015939514
351.674156862,106.884649003
352.775359734,106.751943443
354.373463074,106.623440736
355.468998844,106.494294822
356.655082218,106.433713535
358.325549694,106.29041362
359.201619428,106.369105183
0.18985758223,106.304197959
0.665210408668,106.362747834
1.1781431891,106.241799853
1.92828401984,106.09297741
2.45088900108,106.030547827
3.02549290109,106.153268579
3.30547848687,106.327105475
3.47017674348,106.454180154
3.59203235482,106.661551018
3.55459235264,106.738778065
3.42935123223,106.835053063
2.98004568023,106.983529509
2.45474758249,107.08352098
0.690785906786,107.281911308
358.389104691,107.327398247
355.458407683,107.519349892
350.079976499,107.996340304
346.642084397,108.283082355
341.410544868,108.877322431
338.164261884,109.387435674
334.874870765,110.034194601
329.97434895,111.278759502
326.616881119,112.107327861
321.562600262,112.910882499
318.77064713,113.34183646
316.341986858,113.598525465
313.132196992,113.876165745
311.119529628,114.053289105
308.037675246,114.131178807
305.858968266,114.222145183
303.499346364,114.230851182
299.438442041,114.113362819
296.362462455,113.971939829
291.393551401,113.64335961
287.664963841,113.392501584
283.400771571,113.077431623
276.211733493,112.511028539
270.917318484,112.056758708
262.432612924,111.46093684
256.663316542,111.065077491
251.079600391,110.775819578
243.329561097,110.510696703
238.567075849,110.185396737
231.859933621,109.5517281
227.513655506,109.199715399
223.204088723,108.95949573
217.257103372,108.854300416
213.885289361,108.886430459
210.991808047,108.879720597
207.30381464,109.090049232
205.242584195,109.228586609
202.330549835,109.446275663
200.342740696,109.641620366
198.138041807,109.751054104
194.398373585,109.863484711
191.933497352,109.935657983
188.494734824,110.043328857
186.42562814,110.20537977
184.415587455,110.384149326
181.497492332,110.52087901
179.605439026,110.512053375
176.834800636,110.527602215
174.904022294,110.589920994
172.881125401,110.691857528
169.819203944,110.831093431
167.87608758,110.786213603
165.133804471,110.455645946
163.339310331,110.062528676
161.546076571,109.588149159
158.9776263,108.805680574
157.297661437,108.274017959
155.054516476,107.499060066
153.693353578,106.827645267
152.485326373,106.088395236
150.861448416,105.16255106
149.966523948,104.741946959
148.611732097,104.409701178
147.745091324,104.357350454
146.809254617,104.313862405
145.378673113,104.384054996
144.486448764,104.532092235
143.610364708,104.808662131
142.412722476,105.287899381
141.609267623,105.599658584
140.440590331,106.066887749
139.545654352,106.339033013
138.560791644,106.649653711
136.892193176,106.970959076
135.654552411,107.059557467
133.902504337,107.117846703
132.765153071,107.066562831
131.755092053,107.121870437
130.225980872,107.412225576
129.127034901,107.68806081
127.143134479,107.820742873
125.634342209,107.64200079
124.047399093,107.442838181
121.519256487,107.087588743
119.91691509,106.924142028
117.738299387,106.763274369
116.27273044,106.682182021
114.83358517,106.604753905
112.589351658,106.373013529
111.109793868,106.326762874
108.71533865,106.502178863
107.202938298,106.819797549
105.745570627,107.308023265
104.051890949,108.085095404
103.224126346,108.492274868
102.60427899,108.888265453
101.522788997,109.557109935
100.702957585,109.997804398
99.3315075891,110.426583186
98.3401416981,110.608847607
96.6384393364,110.70380735
95.4524192393,110.714625645
94.3092425099,110.719229696
92.4433420615,110.840088131
91.1600754392,110.973140912
89.8468138627,111.07982652
88.0978099246,111.272088201
87.1262094354,111.254312943
85.9633431082,111.125931947
85.3297891809,110.80221109
84.7219717575,110.364247291
83.7832168858,109.72919804
83.0864713831,109.386635033
82.2057913869,108.639600689
81.9505841345,108.036179545
82.2009971947,107.084267987
83.7123387682,105.263806311
85.6231493125,103.950882912
89.0608449245,102.377290973
91.5476692391,101.424413868
94.0382196949,100.512468981
98.4050264921,99.3457592628
101.845748915,98.8155383329
107.790499059,97.9909624586
112.138096679,97.2717000031
116.630943052,96.3864837748
122.703272686,95.1477699942
126.429337155,94.5336359969
129.877397383,94.1073986198
134.634466766,93.6720462549
137.656529552,93.6405785329
142.204904983,93.7704790766
145.393094039,93.9328090415
148.515053646,94.178558232
152.934263725,94.819577076
155.567909993,95.1747626416
159.110375305,95.7864255754
161.398734454,96.1443024352
163.787342539,96.5031162734
167.371984386,97.1032440467
169.862802245,97.5893399155
173.663330726,98.1341375354
176.067403817,98.4408424842
178.313778776,98.5939408967
181.239370487,98.9110639665
183.006845856,99.0953147489
185.459031706,99.4947909568
187.055783949,99.6785219406
188.636856271,99.8563774894
190.869042162,100.064522586
192.336357027,100.199804356
194.29966476,100.471405319
195.480758887,100.657742549
196.554757628,100.888423912
198.096802877,101.113428865
199.171058014,101.238802261
201.084057565,101.430200406
202.540694698,101.619383318
204.054716947,101.82869878
206.328252887,102.322935169
207.72671187,102.623606397
209.719419415,103.102452475
210.958584644,103.400249735
212.255988887,103.72911768
214.116474917,104.177343451
215.317290591,104.423214435
216.994312926,104.670652434
217.950338149,104.824910624
218.726573385,104.947797871
219.406936557,104.90258942
219.286657575,104.805003088
218.608806499,104.614510866
216.353610291,104.457175298
214.250816441,104.338067924
211.212540284,103.818017043
209.462333475,103.395988105
207.898990922,102.98299147
205.861434402,102.462504991
204.516423894,102.172871701
202.492589683,101.726588329
201.137136196,101.447792653
199.729667265,101.128722146
197.397286933,100.583437306
195.806524356,100.245209749
193.449378256,99.8211481176
192.004666037,99.614001274
190.585458627,99.4160766465
188.599599358,99.2444592638
187.503353896,99.1929242473
186.117810189,99.198309737
185.415992871,99.2264002351
184.847782051,99.2856093088
183.980891828,99.4738186915
183.453489917,99.7134144036
182.578669592,100.145209384
181.868645231,100.505785427
180.875871861,100.916528818
178.878411923,101.994683258
177.171162625,103.120638874
173.99076183,105.096158425
171.677769969,106.289501775
169.370926725,107.5684164
165.847557736,109.139122328
163.384604013,110.100398945
159.388700961,111.318267692
156.4819791,111.982893706
153.409749768,112.614411098
148.665812282,113.440085323
145.670494255,113.992503225
142.724183675,114.613837087
138.656524822,115.658930478
136.025953404,116.304193655
131.918744938,117.089799721
129.07656431,117.556994844
126.164058712,118.020819071
121.805400965,118.525109509
118.927483633,118.764562828
114.895961199,119.022938288
112.326946286,119.058996574
109.856166992,119.100788594
106.107194564,119.126943732
103.506441754,119.128702545
99.5708210932,118.935512938
96.9099298781,118.710439271
94.1981813318,118.317627159
89.6416466814,117.681001933
86.3187937765,117.419246556
81.4504700964,117.046018834
78.6112945367,116.729306863
76.1399363101,116.415350191
72.8771050171,116.011096881
70.7692450968,115.734154922
68.7520936986,115.465250282
65.630419724,114.91777285
63.5238625797,114.716117441
60.585957162,114.302807853
58.8586550501,114.110403436
57.2471054632,113.947395862
55.1497563872,113.664636045
53.8898164931,113.5460452
52.2536575072,113.36796491
51.2764825283,113.296506359
50.2953204616,113.175494676
49.0538755156,112.995882078
48.2976509863,112.885636549
47.3065584683,112.732957449
46.662771724,112.603797107
46.0984800221,112.586638424
45.385776374,112.592797691
45.0210698252,112.580302339
44.5964998473,112.538817886
44.5199842696,112.560772993
44.3503228102,112.578412178
44.1480209977,112.611289485
44.0028546707,112.616419128
43.8897125568,112.630998298
43.8678131971,112.653957809
43.8710744975,112.722475025
43.9097846818,112.873945917
43.9353377893,112.991470016
43.9842031188,113.208935753
44.0407628699,113.403721501
44.1533597508,113.649039576
44.3058485685,113.941531913
44.4330319024,114.2236979
44.4807280244,114.594323221
44.5345485989,114.75220232
44.5930495458,114.949103379
44.8192942601,115.3424633
45.0341570177,115.618978143
45.3523116028,115.947992751
46.482801648,116.611663924
48.1853494571,117.348863724
53.1629147176,118.562667724
56.5568108196,119.202532753
61.6535066957,120.116930141
64.5711522718,120.587570653
67.2837513849,121.155997115
70.6713548696,121.822074943
72.7582316419,122.288417062
74.7802801814,122.642967431
77.9131426908,123.228411417
79.9316345111,123.455608097
83.1008378552,123.854239893
85.3819410353,124.098651377
87.7727309566,124.452727651
91.5422913186,124.957501681
94.2407300909,125.383220669
98.5741160124,125.961268156
101.626503313,126.352420228
104.540714749,126.723472831
108.524608299,127.230058888
110.769959627,127.570956357
113.635801398,128.126042056
115.252929502,128.67902561
116.509917252,129.007848627
118.18866316,129.331656596
119.215887827,129.45216155
120.911684018,129.490392649
122.334529841,129.369344614
124.279301557,129.102654618
127.83909442,128.653436077
130.51666819,128.227384823
134.656961314,127.438857276
137.43687214,126.68766496
140.362631885,125.6616669
144.714950922,124.028733814
147.459922954,122.914748268
150.015199266,121.998584316
153.600344105,120.690584592
155.724248643,119.77146773
158.640649237,118.718378447
160.49244944,118.090142526
162.203160595,117.619440088
164.640580809,116.897361609
166.243746044,116.504411485
168.615563679,115.864773342
170.096770098,115.522723684
171.452250117,115.337843157
173.24240076,115.212498148
174.337875554,115.216267613
175.94246908,115.165063114
177.010606922,115.121288297
178.214643316,115.033620534
180.214849826,114.921365837
181.728408492,114.750227461
184.112904738,114.619372772
185.690641566,114.542695717
187.263313111,114.432867363
189.421541722,114.363432871
190.689665615,114.362578539
192.464774644,114.345191034
193.6770915,114.111378375
195.15985102,113.633251954
197.762750814,112.879840708
199.368527855,112.571814156
201.309122952,112.477591588
202.229108536,112.387225747
203.101475696,112.383791483
204.292005288,112.378511134
205.198990295,112.452558726
206.724800792,112.388784953
207.880194054,112.220616725
209.170744625,111.931513531
211.404390904,111.348908342
212.837912394,111.052166011
214.732381854,110.854907264
215.69621646,110.686911528
216.36147266,110.623761981
217.225120008,110.359341398
217.810494522,110.197505631
218.467465527,109.920128791
219.560405673,109.615914641
220.280531459,109.403232513
221.231113845,109.105923666
221.706467865,108.899346567
222.084810486,108.64916311
222.455548107,108.245527974
222.601013087,107.95753254
222.652302606,107.517573828
222.563255592,107.224192989
222.367681143,106.980303105
221.9723933,106.71869978
221.646495352,106.507472346
220.983955521,106.165066118
220.488524749,105.990027488
219.826441393,105.813569795
218.656309391,105.543632192
217.603701422,105.391364864
215.816476296,105.227466226
214.465094651,105.022898047
213.050915421,104.789877741
210.730255099,104.563881977
209.216439127,104.378475854
206.966674998,104.09301824
205.617321435,103.878224006
204.207996442,103.72724721
202.245362122,103.399587707
200.954365421,103.314059739
199.047446353,103.074867632
197.837838408,102.943069742
196.688026006,102.803048744
194.953630805,102.633729969
193.932514783,102.519346459
192.886769241,102.400321499
191.397697588,102.15516457
190.379899675,102.037238996
188.76864209,101.8016309
187.679576301,101.570021329
186.510279114,101.311043289
184.593794906,100.934544632
183.231298972,100.652437021
181.138498537,100.112079426
179.744387532,99.733691011
178.362736831,99.3767884534
176.280563988,98.7872057269
174.84521041,98.3888123397
172.616540138,97.7636539945
171.01892074,97.3516889
169.391238076,96.8694672535
166.862378901,96.0719254941
165.30168769,95.5758854732
163.279793173,94.8184673239
162.155801128,94.3824174085
161.230339039,93.9453361747
160.20766562,93.2960867959
159.666866085,92.884696807
159.206975025,92.3107528998
159.134390496,92.0045448209
159.24776223,91.8085325674
159.820319373,91.3917921398
160.379058337,91.150599243
161.5983409,90.833808781
162.703215733,90.6653602804
164.21457325,90.6296294915
167.683310889,90.9739800648
170.671764179,91.374863726
175.472087315,92.028545611
178.492091944,92.4722714523
181.246963337,92.9760526606
184.8500547,93.6878825888
186.950235722,94.1378794146
188.894882466,94.7038263184
191.581966318,95.7538280488
193.343220934,96.5884780237
196.206025283,98.0178615147
198.281133875,99.1003289365
200.378355388,100.244192018
203.171408898,102.108735741
204.713014008,103.366592864
206.368046334,105.364297538
207.062803187,106.626176909
207.32715225,107.982625831
206.890572692,110.507890817
205.924010559,112.743739845
203.770503959,115.987664597
202.066723261,117.735094161
200.489139132,119.017540467
198.382937734,120.581632098
197.151995256,121.575701469
195.578188774,122.838972125
194.622491735,123.967707536
193.733136721,124.946480458
192.534483857,126.184698238
191.635935037,126.891891248
190.219702982,127.947663796
189.100246486,128.587546651
187.976527064,129.17843959
186.350754431,130.383284951
185.240209403,131.190170785
183.564507656,132.340871561
182.496204499,133.066440439
181.550864182,133.584699151
180.091852829,134.176877709
179.053109446,134.352732003
177.779841129,134.416329055
175.51081245,134.381407462
173.87916691,134.285124227
171.122605093,134.018331123
169.028366274,133.704885409
166.751192617,133.256781689
162.8487314,131.99423651
159.699775337,130.881879846
154.847466274,129.525893855
151.706980247,128.652259398
148.634194748,127.833402488
144.382174266,126.721195503
141.685766146,125.999170667
137.531917626,124.886992791
134.733688005,124.261863441
131.709602368,123.593621956
126.922009208,122.600488987
123.688482138,121.627890354
118.481308865,119.161811469
114.714316262,117.175289557
110.839947335,115.65265435
105.264699285,113.726880147
101.832520541,112.7892246
97.0779857871,111.620347463
94.2539874984,110.88044039
91.5365513037,110.218375639
87.7325046034,109.414259066
85.2398180945,108.989519483
81.4824859845,108.332969043
79.0516434887,107.900102177
76.7871697697,107.505812408
73.5634163011,106.905099079
71.5848515243,106.495244091
69.6339333247,106.180943425
66.7680098009,105.70083908
64.8483989961,105.403672625
61.9781658827,105.05720168
60.0553424285,104.904164378
58.2520220599,104.827887687
56.0597238207,104.857442361
54.936235993,104.98742383
53.6633825405,105.125189756
52.959940824,105.245575797
52.2070106026,105.337273009
51.1802461724,105.535306952
50.5912997201,105.62929587
49.9456194694,105.691986757
49.5972886228,105.677148189
49.3322339533,105.698907817
48.9901582416,105.740540835
48.8794213765,105.727743324
48.8687280406,105.730027629
49.1406746509,105.686600768
50.036048576,105.791157225
51.8654732891,105.539416218
