180.574882055,91.7995550298
180.520011501,91.7088977929
180.569751025,91.7903581728
180.618458785,91.9774032706
180.531124681,92.0575550335
180.344336353,92.1315942607
180.101077735,92.2062420922
179.565240702,92.1903794001
179.005802358,91.5385427781
178.509546962,91.3938898178
177.658126567,91.4288664636
177.033445293,91.1557390428
176.284238667,90.7534975565
174.756304643,89.6066865444
173.875291089,88.3743880146
173.175184642,87.5582043453
172.417233244,86.8454382524
172.307894582,86.6012405988
171.499651067,86.7069951751
170.958108633,86.6283113379
170.02082045,86.4819805293
168.001109013,86.4771308136
166.667669902,85.9705740397
164.611648595,85.3423930097
163.289337754,85.1090928554
162.078801984,84.8531916618
160.427694788,84.3799534299
159.717088358,83.8812374801
158.234639875,83.5960479858
156.912516598,83.4939985496
155.291447058,83.2346377405
153.181267368,82.8039239474
152.111906292,82.5711453516
151.356523903,82.4320619999
150.549772555,82.7341836125
150.035675716,82.7871273886
149.430579809,82.7826149256
148.728471809,82.9434219074
148.259099585,82.8320309333
148.176418007,82.8735574672
148.294644077,82.816128859
148.651251754,82.8597037113
149.23491784,82.7633579161
149.808355852,82.6549003115
150.387078053,82.67490126
151.926121411,82.8527798994
156.174831245,83.3308593501
159.10321232,83.4749968667
162.339737759,83.7312480118
164.373126278,83.7772079708
166.28689667,83.7168342753
168.718399833,84.7032349935
170.252424913,84.9217351253
171.560577576,85.1070609429
173.611492576,85.3157449162
174.845634526,85.4442646839
175.722247754,85.3959713989
176.55199858,85.1528516965
177.54992263,84.9000185632
178.65242584,84.925136798
179.241241223,84.8015223245
179.840095255,84.5939632433
180.217771191,84.5787654113
180.518310236,84.7085714992
181.268787375,85.1341979024
181.777933916,85.2160940863
182.816951269,85.5878770529
183.939667308,85.4773573827
185.207176752,85.3685001616
186.960353509,85.0878860323
188.14713978,85.4428416334
190.035481761,86.0718794311
191.476137999,86.7109181046
193.314429426,87.2541125362
195.511867959,88.2789682385
196.703024065,88.6319783263
197.778358406,88.7260986033
198.288868982,88.6171098026
197.879399171,88.3392502385
197.427795188,87.3593857216
197.475483948,87.272961486
198.008556498,87.5372585639
198.419922589,87.8848742767
198.573509873,88.229678155
198.472383035,88.6753669965
197.933869138,89.0603210887
196.947061282,89.4792520025
195.157954163,89.92621527
194.241910935,90.0780115534
193.032271038,90.7447046988
192.569658469,91.1519539658
192.190259926,91.6498983456
190.782276038,92.180059771
188.884111745,92.4501844843
185.015555535,92.1180526617
181.904618007,91.7603510229
178.944106222,91.2147792915
175.403625575,90.0500283342
173.600916032,89.1497237108
171.788360991,88.6560932335
171.435752258,88.162382823
171.184175753,88.1618659102
171.353718717,88.2307737127
171.493872239,88.4243814071
171.781279817,88.5509903152
171.787795865,88.7234343601
171.399287491,88.7733504856
168.822260846,88.5137230265
166.313115119,88.1724788948
162.068961929,87.7506529322
159.59423111,87.3763306191
157.664084349,87.0285626441
155.963370572,86.7096890646
155.669042751,86.670426771
155.93462942,87.1140197468
156.62547971,87.3967343632
157.267294257,87.8274715094
157.699775517,88.412779567
157.451523705,88.7012672301
156.606413797,88.9514197207
155.966462547,89.2102542292
156.410388794,89.9063416186
157.410499677,91.1330837132
158.214592664,91.5638674888
158.649624474,92.0894456831
159.201975106,92.401953361
159.953638966,92.5462899064
161.831254107,92.3158500861
163.602739338,92.4278941561
165.540121498,92.5298212367
167.72873179,92.6464184226
168.545445609,92.6956570974
168.780451517,92.7347898218
168.728169594,92.7409167214
168.658474969,92.736210955
168.298503284,92.7083546394
168.227593933,92.7260003458
168.256649836,92.821757718
168.390673814,92.8493191334
168.575247615,92.9218529049
169.056920622,92.9344203204
169.353864838,92.9327092172
169.981489835,92.9561603183
170.303693164,93.0120257219
170.738857805,93.0641017202
171.31335794,93.2354559857
171.562123354,93.2830138809
171.941806688,93.3167113404
172.017271808,93.3002062189
172.100265446,93.2573480138
172.138885775,93.2482627276
172.110305949,93.2700647752
172.047562771,93.3213846107
172.030360727,93.3409149986
172.069212064,93.3646128837
172.095456071,93.4186975822
172.122444904,93.422423651
172.18266614,93.4075164923
172.281715385,93.4011797062
172.340850922,93.4150795351
172.367219778,93.4424763798
172.220573122,93.5013197627
171.482736993,93.7234841246
169.80627599,93.7584677445
168.668826927,93.7175482382
167.315343394,93.6157735271
166.760435435,93.5979678272
166.440964814,93.6258234953
166.404229808,93.6266051486
166.391208655,93.6531048562
166.413785469,93.69202737
166.457886733,93.6672886151
166.461644659,93.682398736
165.823723181,93.4080530448
165.039008889,92.4023390484
164.061909388,90.9392400973
163.621358518,90.2853584539
163.361710703,89.5423307677
162.981257624,88.4568809767
162.630934616,87.8817493571
162.447912923,87.383427199
162.55160748,87.2617351737
162.747832344,87.1168656065
162.702943354,87.0632026582
162.769057668,86.9504859703
162.855297729,86.9028082675
162.785862442,86.8734377242
162.662228432,86.7851628169
162.449783931,86.5805505084
162.340088203,86.6209548141
162.194010046,86.5686091422
162.327191816,86.6881370647
162.554513587,86.8450547812
162.930503885,87.2047855166
163.135769451,87.4453960667
163.342981538,87.6570975691
163.462526388,88.0308865398
163.595412967,88.2130405321
163.742193598,88.6047142742
163.901489426,88.8995660209
164.254806556,89.1058607204
164.848784277,89.5588349537
165.285314428,89.6895078211
166.156976294,89.9266513818
166.710423784,90.0070503171
167.277314026,90.1399851093
168.135062889,90.2934918346
168.860938921,90.5805872297
169.678613667,90.7794604808
170.251705606,90.71189473
170.680925324,90.7949100822
171.182240616,90.8165903937
171.480579471,90.796132074
171.820266368,90.8666252936
172.0234164,90.9288564055
172.269395906,91.0677459325
172.612322116,91.3091500561
172.912589795,91.3322970624
173.380732636,91.1845673392
173.740967464,91.1073269269
173.961570423,91.1022248755
174.337396877,91.0995713223
174.580652699,91.1796485337
174.740789226,91.2410098438
174.845438875,91.2698860897
174.949818166,91.2859682411
175.112147557,91.3654403182
175.171342389,91.3975108016
175.28986459,91.4251009506
175.458925518,91.468319305
175.563635178,91.4717187283
175.6490243,91.5401288681
175.642589712,91.5691929353
175.618560927,91.5286404828
175.631986757,91.3082878882
175.669233186,91.2011798369
175.740070484,91.1725621322
175.740375932,91.219243049
175.726841035,91.2412792349
175.625078897,91.2773303825
175.53008736,91.2446222834
175.388319514,91.1783368736
175.347364969,91.1443636776
175.295107566,91.1223663912
175.186391518,91.1244665674
175.117166368,91.026860078
175.159742785,90.8932524873
175.325288702,90.7829096272
175.516671812,90.7169280945
175.963736104,90.6185515506
176.340489614,90.6710610347
176.895635058,90.9447823557
177.325706082,91.1612341816
177.719481978,91.2318552824
177.954571415,91.3349933657
177.9706823,91.3573986933
178.025644876,91.3798372898
177.935202853,91.3561514951
177.816054885,91.3804223505
177.677626028,91.4177736647
177.659879767,91.4227473255
177.723850933,91.4715049344
178.000310833,91.5980253429
178.185021739,91.6448756758
178.335173286,91.606668365
178.569217868,91.5001717727
178.719704966,91.4855567946
178.984068057,91.3780458297
179.326290737,91.1968730554
179.812662224,91.051015144
180.158926552,91.0416228774
180.555091557,91.0290460452
181.077444881,90.8572526685
181.441006993,90.6777899029
182.205531425,90.3978840493
182.917849841,90.0699045618
183.679488697,89.797267205
185.433780092,89.1501775882
187.788731799,88.2325053215
193.469709268,87.2324308182
197.630860645,87.1121180552
201.595482334,87.0216409913
206.519526097,87.0612778825
208.84931962,86.9977041585
210.483051875,86.527203822
210.764588705,86.0922564222
210.610920465,85.7223950126
209.612217453,85.0910176601
208.953561237,84.8265265803
207.769952266,84.6014730739
207.093239552,84.4077681233
206.345063183,84.2100155033
205.809051589,84.2265587923
205.990917861,84.364472008
206.162194642,84.6897401821
207.019635741,85.2302066163
207.637948279,85.5885536718
208.662178108,85.9077637177
209.274426543,86.1795544551
209.833754287,86.3998981752
210.52165719,86.7535267118
210.981420051,86.9765356821
211.616117935,87.3576703862
211.973829656,87.5197700823
212.284177707,87.6575061407
212.775043212,87.6730594088
213.080375817,87.734613224
213.695731293,87.7487602195
213.827942125,87.7201000451
213.868683062,87.7086888649
213.925151801,87.618553827
213.946322966,87.5215996334
213.980209104,87.5029890107
213.973797496,87.5315167593
214.04857278,87.5736902564
214.28707363,87.5981982497
214.455763484,87.4658587905
214.975398741,86.9275052615
215.670252978,86.4623236462
216.461929352,86.099307362
218.169813772,85.3011666039
220.379248134,84.3403258666
225.83560853,82.7651921948
229.97401154,81.9798109912
233.715129818,81.6691011528
238.693605942,81.8231923019
241.184675194,82.1241280699
243.36692412,82.3821171421
246.876099631,82.6727684055
249.155066714,82.9085111534
253.117516806,83.164451291
255.704654334,83.4507931288
258.320394422,84.0255333238
261.012582164,84.8325060257
262.307601236,84.7750401881
263.093197754,84.8252316422
263.347965404,84.8271595474
263.59543552,84.8794285183
264.705638072,84.92246757
265.352845749,84.8823523185
266.245498025,84.9346221977
266.772542338,85.0453427902
267.351008926,85.2905116727
268.079117703,85.3692402484
268.138034871,85.2232265742
267.607476586,84.5630410432
266.18948476,84.1684260219
263.784192913,83.316449803
258.132465896,82.4176376324
252.447797512,80.9315022214
242.721617081,79.8290844342
236.064743812,79.0703719169
229.900835095,78.5199174449
222.077586682,78.5960265289
216.879777742,78.9538850195
212.485825349,79.3168343593
206.919383261,79.9979812472
203.926045993,80.613049123
200.881504414,81.0927740666
199.443881886,81.5218956768
198.258226229,81.9528870038
197.479314387,82.1029372686
196.85959236,82.4538032023
195.740738427,83.1562763256
195.027587946,83.3493918715
194.267483231,83.2300508467
193.375323037,82.9121061782
192.745713861,82.8730338465
191.578681841,82.9618068692
190.990206677,83.0523118214
190.154357619,83.2468753984
187.568057809,83.2470616689
185.106904271,82.822475689
181.253324954,82.0123230423
179.259685468,81.7588714974
177.893043603,81.5697609307
176.013709397,81.7727019437
174.824483297,81.9961559273
171.505886752,82.1990410268
168.543774786,81.9567158332
165.201132911,81.7405653899
161.218080116,81.4028875794
159.380424096,81.3676571587
157.564443304,82.0088089067
156.722635133,82.8573366831
156.823560569,83.8447448172
157.1814691,84.7667040407
157.324751542,85.6520915357
155.973499016,86.9101898147
154.657531275,87.1938347672
152.656184955,87.2185318817
149.308744893,86.775683377
147.034745022,86.3358236774
144.78442678,85.7593358816
141.684403966,84.79090353
140.199886927,84.3343160814
138.659692791,84.1392208779
138.07155624,84.0846653786
137.625521546,84.1445467518
137.244757081,84.5963227598
137.019017133,84.9406453514
136.746806117,85.4192951527
136.590279185,85.8090947716
136.373523193,85.9848582431
136.39024356,86.1694216835
136.399345668,86.1515261583
136.85420676,86.3123590415
137.744703061,86.3646784997
139.729832179,87.0177656296
145.019369018,88.775927813
149.701980158,90.3616708316
156.905544511,92.2708765542
161.411699419,93.8325974559
166.288165885,96.483555766
173.84680421,98.4828950823
178.174918854,98.662960454
182.964703784,98.5795835842
185.594971081,98.1229177771
187.85022754,97.4945672716
190.009886636,96.6968333223
190.853530925,96.5338542922
191.220607555,96.3437952812
191.603117516,96.2087999989
191.622861726,96.1116816374
190.870756662,95.9853974915
190.470172553,95.9217328595
189.741814634,95.8920418697
189.675214154,95.9918957508
189.762849551,95.9407182622
189.66056777,95.8620911187
189.651793376,95.8911172385
189.388114158,96.1913051093
188.617144118,96.2480894844
187.757505937,96.0692000969
186.289179183,95.7277172809
185.483223708,95.4757248704
184.607259043,95.0717490392
184.05444644,94.8650900689
183.628710981,95.0254507816
182.84644084,94.8143066652
182.35230329,94.5956286042
181.882515421,94.3422987361
181.425476887,93.8696170235
181.210596851,93.6363672925
181.070602051,93.425166768
180.90924143,93.3568457965
180.72922947,93.2792702455
180.421559983,93.2362023941
180.098081736,93.1122249675
179.603695131,92.9473533163
179.273110148,92.8612567494
178.951507858,92.8308168753
178.554586827,92.7951582442
178.272600144,92.7746372698
177.823820363,92.6864495939
177.328962983,92.6386906733
176.72219623,92.5638480785
175.355324837,92.4665656128
174.219064723,92.3543930835
172.738561607,92.187476648
171.867384892,92.1359473299
171.026268525,92.100177125
169.992393457,91.9503962785
169.569184133,91.8315914356
169.092588507,91.8017050456
168.921311938,91.9434688621
168.743596144,92.0112817537
168.488415731,91.9061532499
168.207884719,91.8675765481
167.885109731,91.9144286298
167.639629358,91.9665654975
167.437454027,92.0340172306
167.108356509,92.0780214452
167.028607873,92.0463858106
166.887450823,92.0371085973
166.540863097,92.0662942021
166.334292693,92.0848439747
165.764094777,91.9963777491
165.472519916,91.6703352664
165.353246574,91.2580149558
165.480774059,90.4043064994
165.661162002,89.9838926619
165.460067961,89.5000969403
165.308043278,88.9747140486
165.138848999,88.5605831205
165.198499608,88.0925079753
165.636596619,87.827778673
166.094655225,87.6150464575
166.291018804,87.5220785786
166.7129608,87.3490758066
167.143730387,87.3357978701
167.329115265,87.3309470659
167.666067439,87.3025200799
167.809694121,87.3262801633
167.850460212,87.363441298
168.064947618,87.4214638325
168.418975292,87.5213987277
168.65954736,87.5664300132
168.822387119,87.5833910104
168.953652958,87.571117336
169.141894575,87.5048165128
169.192546841,87.5076232919
169.228163763,87.5350173134
169.106931969,87.6260743257
168.788860462,87.7556599002
167.608701731,87.9759964993
166.17880943,88.1406445071
164.506252202,88.0878670671
162.417883158,87.7962268255
161.606013346,87.5889143856
161.230719795,87.4769508567
161.264864618,87.5391686686
161.577282293,87.6419423706
162.441066233,88.2871890033
162.924851923,88.7318246971
163.487627412,89.2833877706
163.753338911,89.5474029484
163.961083336,89.7819820107
164.059594525,90.1690257803
163.976412529,90.5696987476
163.783310182,90.8740245296
163.706780092,90.8318190952
163.653626262,90.8471861011
163.696063606,90.8320502943
164.069046113,90.744621308
164.905116697,90.7929151169
165.339789331,90.6964629167
165.661265772,90.5229691661
166.049141389,90.5767301802
166.143340766,90.5960270672
166.209754764,90.58476353
166.345369222,90.5875422346
166.388005793,90.6042024602
166.338207347,90.5893325002
166.223091354,90.5516781468
166.128501506,90.6413468297
166.049982268,90.7501500578
165.98852605,90.8638880155
165.974640036,91.3333861575
166.07963673,91.5516877833
166.179578123,91.814654635
166.560236077,92.205068776
166.904939428,92.5007373914
167.508422791,92.9120088523
167.969769495,92.8826281923
168.402533184,92.7122567228
168.924854571,92.6039730248
169.244483137,92.5007511147
169.570446589,92.3421736864
169.818274083,92.2862530369
170.1362535,92.1482187828
170.625217271,91.9270137101
170.938699324,91.8003834546
171.524479552,91.7066559479
171.904272386,91.5489033433
172.276864902,91.3365131611
172.730366337,91.1722617474
173.024640052,91.0412142549
173.259467337,90.912046097
173.163611036,90.7128875485
172.912190944,90.4442781932
171.980527666,90.1831762329
170.761957464,90.3035581115
167.680680695,90.3697431326
164.776488288,90.4376011073
161.182349709,90.3078627491
155.373533996,89.8864384599
151.640674169,89.3994751416
144.874595315,89.8273471211
140.13877054,89.7494895633
134.645021991,89.2602194096
126.264250439,87.0351496075
121.314126727,85.6689722667
117.151172659,84.2770350044
111.661435616,83.2222952738
108.538800656,82.651437691
103.663231925,81.8336585378
100.367859248,81.0599138487
96.7138148977,80.4991673397
91.521592839,79.8917460282
88.1067233826,79.8897858166
83.465860502,79.9279866014
80.5277927161,80.188644213
77.8174264133,80.4979366336
74.3248084553,81.2075776186
72.5754252358,81.8646222317
70.1403376893,83.008865727
67.6998371688,84.0946470064
64.7082185885,84.6975883066
58.4880991213,85.4389122625
54.0454376274,85.5982126208
47.7761843278,87.1586744389
44.3687302442,88.1145284675
41.203448701,89.1728549484
37.9703003604,90.356797669
36.6173408129,91.176620567
35.8728853788,91.4178028165
35.360306421,91.6872838388
34.2611407966,91.6635845721
31.6641362762,91.6158499572
29.8469832179,91.5519534893
26.8362957972,92.9055423167
24.8582050684,92.8343228135
22.8602559743,92.8796329374
19.199589785,92.4620441321
17.3532251072,91.7936960702
14.8376353318,91.638910218
13.7729189501,91.1212604284
12.2824455108,91.7315549128
10.4594484841,91.4237499333
9.41164460815,91.6281723647
8.65863076076,91.2452190586
7.18955094384,91.3678671814
6.72054026515,91.4278432928
6.52027760491,91.7372184231
6.57420874879,92.2323838466
6.68975270462,92.1321275332
6.71803081773,92.1848019324
6.60105551993,92.1656723611
6.59184359847,92.0900881164
7.09672375503,92.0793191532
7.91554988504,92.2141130729
10.4218320069,92.2801875725
13.7418527018,92.6640303839
21.4117234867,94.8606597496
26.7908600687,96.1296301291
32.4840543526,96.6198615583
40.7467640044,96.366566831
44.8009658141,97.207396991
48.8629356155,96.700106478
51.6336188224,96.0224151964
55.1439995995,95.3148309016
60.0163473954,96.1713719669
63.4144826413,96.3540277362
67.8002676548,96.663009133
70.5229192196,96.931025965
73.3704605,97.1582315484
77.6239618915,96.9302494207
80.6895215227,96.9300305861
83.5153514361,97.0063238055
87.6781712305,96.5341375006
90.4813534097,96.4830706491
94.6707361045,96.0712416304
97.3431904633,96.0251179531
99.6966713216,95.6960263453
103.318420473,95.4911399449
105.279478944,95.3433142288
108.39535336,95.1463864956
110.211276197,95.0740130238
112.137136285,94.7222107897
115.174951074,94.9964191131
117.340255087,94.6603942617
120.350141443,94.4708312592
122.355865453,94.6230641288
124.725046916,94.3343213279
127.593701034,94.0510898081
129.660789079,93.5216054222
132.886879327,92.8880021378
134.927156773,92.8314375797
136.863972325,93.0668079655
139.320979264,92.7077513935
140.566275966,92.6955816469
141.936886601,92.6409934652
142.779415756,92.5077236416
143.653602759,92.0157726074
144.906051145,91.8937475316
145.715288021,91.8226679576
147.080000134,91.0526408022
147.988388038,90.8349770418
148.668657472,90.7276071414
149.144573884,90.858621935
149.132563537,90.9496475155
149.170691948,91.0614604718
149.143729694,91.2852211844
149.365293776,91.3035399248
149.925538794,91.2451235568
150.157618533,91.5969724345
150.005368865,91.9674960389
150.157620526,91.9810904346
150.401275802,92.0028418257
150.890034865,92.0179433805
151.153427929,92.1525347434
151.137142685,92.2984264033
150.612718592,92.4270802125
150.248075011,91.930097109
149.526630172,91.2064312763
149.016284421,90.5725151119
148.882537784,90.0211893629
148.676921623,89.1861112634
148.579452098,88.6262973983
148.212954936,87.9630832602
148.131090742,87.9271509244
148.017738221,87.9944582037
147.612610553,88.2600161078
147.325631912,88.5812785298
146.860653727,89.0954608065
146.773783281,89.2896832164
146.810545188,89.4034652759
146.880655394,89.3866575915
147.271370875,89.2168358253
148.077019098,88.5834371684
148.960382083,87.7678973126
149.680277202,87.2145080439
149.535098743,86.6055243613
149.741877214,86.083611867
149.903802904,85.3558038118
149.932577642,85.0584309542
149.647656303,84.8670519188
149.404946448,84.4534462469
149.258918697,84.2000892875
149.071502188,83.9270214877
148.943948384,83.7013271427
148.711415044,83.6386259505
148.328014689,83.564273384
147.898553686,83.6686010462
147.788280631,83.7895833808
147.828901053,84.1582315891
148.052461938,84.4070846249
148.539096497,84.6005335637
148.990669633,84.7854008707
149.496065412,84.9612639749
150.175816478,85.4098033659
150.607173434,85.7217507314
151.189075932,86.2299961421
151.368729526,86.6844730317
151.543335036,86.9458097394
151.607710493,87.3436934268
151.591926034,87.5028227799
151.50448383,87.5938939885
151.486724445,87.7047736245
151.572462987,87.9447904255
151.819619576,88.4406530209
151.84692355,88.429777502
151.911453166,88.3321788138
151.914314186,88.2678900763
151.950940315,88.2629217638
152.116989602,88.3679545648
152.120339319,88.4756435343
152.14717853,88.5465114535
152.19317093,88.5825018881
152.249655444,88.6194266623
152.307676145,88.7646257326
152.282907724,88.9473002123
152.138425277,89.2821794736
152.001123263,89.5000976502
151.854994608,89.652702406
151.685467919,89.8522124867
151.621426893,89.9592476029
151.561578549,90.0626628275
151.459155411,90.3168089258
151.363389006,90.681753644
151.117342408,91.0375629418
150.955333832,91.1599234505
150.820486836,91.2498943871
150.592647666,91.3798897366
150.481771629,91.4048489956
150.371876165,91.4490855724
150.365662257,91.4530852295
150.460255633,91.450087578
150.581242879,91.4721635994
150.65158452,91.4534263271
150.772221921,91.3869099864
150.828666077,91.3880465443
150.859014008,91.3629646907
150.870279102,91.3285199207
150.898334006,91.2992596963
151.036987248,91.7948320457
151.055747883,92.4430020074
150.995643211,93.1087082014
150.82805866,94.0922099186
150.689306959,94.6587016403
150.400618543,95.3001493632
150.143875799,95.6039319626
149.884255022,95.7437900983
149.453843589,95.8906622923
149.314098991,95.8621029755
149.226108811,95.7869966465
149.215625158,95.7632946358
149.228420252,95.7583857417
149.350758019,95.7840900714
149.482254041,95.8555647477
149.630075317,95.940519579
149.655603414,96.0177691245
149.684234626,96.0172207767
149.732404686,95.9818302809
149.746062031,96.0004952618
149.763696068,96.0397125949
149.712293756,96.1112846682
149.690961123,96.1215946945
149.649054802,96.1778358945
149.636238967,96.2156830723
149.681596861,96.2195926453
149.72380766,96.3944444245
149.739876829,96.45359538
149.708532025,96.5781219854
149.677028356,96.617142413
149.653586674,96.6270367959
149.64804512,96.6133236133
149.662562396,96.5923536825
149.740887897,96.4759148374
149.773170884,96.3831850444
149.734161323,96.2699137712
149.583068232,96.0921984305
149.480377263,95.9831358823
149.370106802,95.9499041815
149.345444594,95.9345447835
149.331522121,95.9049734462
149.395360632,95.8304700621
149.479461064,95.730724889
149.767810607,95.5291622136
150.00043488,95.4107431295
150.240873386,95.2916167819
150.635491848,95.0865344677
151.044496304,94.9230916147
151.584200228,94.6424026321
151.999184562,94.4170049046
152.512566431,94.006512067
153.4834211,93.1980074799
154.169607586,92.8333937207
154.817540785,92.4238869815
155.741872085,91.8961869421
156.241256906,91.6155419061
156.945434994,91.3075624189
157.19915135,91.2258115258
157.373356925,91.1488926604
157.566863096,91.0914668156
157.632747969,91.0547308004
157.744942315,90.91754915
157.738699591,90.916987429
157.724110552,90.9130706658
157.720198184,90.8750275965
157.740270215,90.8728153469
157.785077519,90.867662987
157.836080754,90.8713229421
157.920204288,90.9112910212
158.047748665,90.9086510372
158.141647766,90.8780420746
158.340171517,90.769476816
158.711110759,90.7307986179
159.198741649,90.5596849352
160.153304173,90.3085526829
160.903877075,90.2884167864
162.390915018,90.3262609457
163.098555569,90.4438886765
163.770683633,90.5319557181
164.876253456,90.6812342467
166.224273159,90.794222563
167.57822372,91.0394676546
168.158427655,91.0515655429
168.477439961,90.9153297328
168.650744282,90.6902594504
168.680805497,90.6508500829
168.698676863,90.6104155341
168.923023219,90.6214155168
169.07492891,90.6845548172
169.297586335,90.775046172
169.392719813,90.8776225767
169.460319027,90.9457860151
169.651297773,91.0719044164
169.69569773,91.1175873212
169.919531337,91.1627875298
170.020102764,91.1988980225
170.066300196,91.2193673706
170.135250508,91.214441617
170.186980663,91.16114691
170.214437854,91.1448037299
170.241380336,91.1171566704
170.315861477,91.1149839456
170.597682068,91.1173518546
170.695457787,91.1115658402
170.840407604,91.0741767221
170.928104304,91.0315582941
171.034812226,90.9983592073
171.250151954,90.9826562813
171.607846682,90.9610187239
171.972026911,90.9928796091
172.427165005,90.9955668771
172.965276264,91.0176006552
173.937837626,91.0997941492
174.714647824,91.2206934003
175.603172364,91.3596488319
175.945479684,91.3922630369
176.093642178,91.3350467638
176.135468132,91.3530667232
176.149012285,91.4172611389
176.185943401,91.3773895826
176.253110864,91.3843292854
176.343394745,91.3679280912
177.116443591,91.3666513334
177.711665577,91.4409894502
178.360608427,91.5012674205
179.54103184,91.6444798104
180.393612781,91.701265224
181.363175369,91.8381590428
181.893742457,91.8919766489
182.390441082,91.8960578151
183.024229098,91.8503130031
183.659742465,91.8134925537
184.560561645,91.8933107578
185.307697718,91.8562129724
186.035449077,91.7834678289
187.816497263,91.0377415359
189.463656302,90.53638186
192.225486569,90.3137985536
194.429664688,90.3885070117
196.659206413,90.3531036269
199.504468479,90.5613196859
201.07719013,90.4977674714
202.804849827,90.4239808234
203.807407803,90.3749498246
204.716708719,90.2472380719
205.775867189,89.9850204079
206.406671189,89.8278760368
207.171484659,89.262807919
207.410293036,88.9313992135
206.898668057,88.4768912576
205.073250926,87.2807287119
203.455061435,86.5700664936
201.567796173,85.7023631278
200.443654042,85.3321032501
199.497452641,85.1007008176
198.484274655,84.6258173377
198.100887613,84.6838644115
198.002720206,84.7950041862
197.910236533,84.9653633819
197.711810366,85.188196474
197.373224723,85.2824411303
197.116988792,85.3706171567
196.869313297,85.5064488081
196.260943618,85.7898234114
195.75567335,85.9641390644
194.602870147,86.3753705483
193.660466097,86.5216373817
192.639513864,86.6879870775
191.378424155,86.6262356891
190.850990624,86.5292509803
190.477052497,86.5412319733
190.586829244,86.5404423556
190.598891207,86.536137348
190.856802888,86.5451120788
191.191435175,86.4618443267
191.684530139,86.0626295665
192.218437076,85.2917960379
192.915172685,84.2695649958
194.258430197,82.2046900429
195.185571514,80.7137975021
196.637408425,78.2446092407
197.742934724,76.3709015102
198.859888898,74.9008996441
200.501781769,73.389957638
201.36794788,72.877141168
202.402210562,72.3442437623
202.738252345,72.1425849093
202.68821216,72.1004250962
202.527020672,71.9027698068
202.177215758,71.8219987104
201.395672257,71.6339573204
200.880684266,71.3830249941
200.506954389,71.2806703688
200.000396611,71.1263772926
199.860934118,71.1800627426
199.632329791,71.1985355247
199.309628877,71.3932541364
199.178363724,71.6140621637
199.076751898,72.1105850274
198.841949692,72.7996077574
198.570377535,73.1002620068
198.220993407,73.6143779407
197.902370464,74.0463722599
197.464468345,74.8496000611
197.14514142,75.3535474422
196.871657602,75.7766313105
196.562776106,76.2139555878
196.508237295,76.2833379115
196.528138025,76.5364073717
196.450894948,76.9910593848
196.279317405,77.5915722446
195.946011092,78.5717837308
195.66983677,79.0657164693
194.954760398,79.90260505
194.282480208,80.5913966165
193.615628421,81.0274291327
192.631003478,81.5706484835
192.047993726,81.9588038963
191.669656517,82.2585052593
191.708138053,82.3372171292
191.758814654,82.4042000583
191.956139836,82.3278256795
192.245875813,82.2924848752
192.635397189,82.520753836
192.853023846,82.7735847806
192.897243894,82.9274656882
192.92015216,82.9437659392
192.936138038,82.8186637188
192.933358369,82.6341028294
193.019001899,82.6742696281
193.057896492,82.8444036787
192.860461607,83.3288710109
192.673400534,83.7833449251
192.328134255,84.3133719937
191.833666783,84.692002021
191.702154592,84.7891418539
191.591275976,84.8836115232
191.56734536,84.8593461218
191.61795685,84.7974546737
191.900167335,84.7058784323
192.137310856,84.6970260621
192.401838495,84.7461614122
192.488129829,84.7716248861
192.638897075,84.7088001946
192.673351586,84.6843796343
192.522440404,84.7347967212
191.95872518,84.8369870468
191.590855871,84.9498809531
191.314712167,85.0167885447
190.717532936,85.1369795482
190.516099355,85.1093737911
190.30585025,85.0783727163
190.140313666,84.9296617603
190.154579295,84.8128053336
190.228006294,84.6567535153
190.302992923,84.6056357216
190.470689931,84.5988190782
190.634930843,84.6246951327
190.762709015,84.8468531081
190.895278201,85.3856957485
190.817668816,86.0634649979
190.933406424,86.9504506613
190.885139366,87.4625115213
190.960612494,87.8172063168
191.28247834,88.106177711
191.592292184,88.4705600646
192.049694804,88.7369895925
192.72252795,88.7648838507
193.262919723,88.6873151734
193.805883135,88.7121633958
194.021529808,88.6387040369
194.420440135,88.5981534567
194.653974583,88.5660442016
195.084403045,88.5754376388
195.40229087,88.7111690741
195.767340469,88.7690276068
195.936712554,88.8980951424
195.850052245,88.8479945458
195.564113256,88.7879217027
195.47520035,88.6859661485
195.434925485,88.7309311956
195.468416894,88.7374278386
195.519075942,88.7867204843
195.566348604,88.8262767703
195.931237379,88.933563927
196.489149886,89.0570569993
197.195983017,89.2988885
198.957699557,89.7883996664
200.064595085,90.3295339901
201.226463519,90.7656562804
201.829592995,90.9417734522
202.1368297,91.1464316455
202.73946987,91.2998215697
202.997636037,91.3890134398
203.617899064,91.5800288563
203.887032144,91.6785074885
204.25362498,91.6820324528
204.496433512,91.7206066196
204.499645827,91.6734232088
204.57304897,91.6195495869
204.608232959,91.565293763
204.65731029,91.5577640041
204.822603625,91.6225541837
204.866910116,91.6583348453
204.884702864,91.6586165262
204.924695529,91.6499218581
204.952617814,91.6325940438
205.25402421,91.527981816
205.425894918,91.5629765151
205.557405989,91.5688312077
205.71300404,91.5657056134
205.759411498,91.5564234823
205.759448146,91.4958310884
205.761107354,91.4694348109
205.769453528,91.4453134062
205.8604813,91.4260587359
205.893552585,91.4345057989
205.982549931,91.4248732312
206.03514208,91.4546493183
206.049325829,91.4748426408
206.116481869,91.4854740814
206.128598031,91.5265299477
206.164268769,91.5203721651
206.175738243,91.5199340842
206.15515498,91.5107938679
206.130733212,91.5061678428
206.066700763,91.4851207898
206.05548619,91.496345424
206.067472746,91.5088741299
206.115145734,91.5151815658
206.092019863,91.5006502074
206.042094177,91.4784840559
206.004310943,91.4359875392
206.002205432,91.4055584358
206.038191974,91.3747581314
206.117243903,91.3779034353
206.133217126,91.4016602884
206.120104787,91.4124386677
206.143818916,91.306321996
206.16409148,91.265289049
206.191523092,91.2054813087
206.241699883,91.1629688539
206.264463341,91.1337658736
206.346232151,91.0942335636
206.465033644,91.0197945534
206.992700766,90.3542827564
207.296636787,89.6305227769
207.474519857,89.4689211818
208.080771675,89.5052697062
208.434332812,89.5420483148
208.85363083,89.6525970819
208.897716069,89.6496736847
209.100005936,89.5852185882
209.227799239,89.5202893581
209.286673266,89.5174767478
209.254839701,89.6520604627
209.045194482,89.739732575
208.770286391,89.7574755494
208.505792751,89.8679433031
208.32247679,89.9396616762
208.126815883,90.0080457186
207.94450927,90.0444607028
207.733387121,89.9956868814
207.391879327,89.9303001194
207.169776162,89.9221928039
206.62124407,90.0155887157
205.360006736,90.3898581024
203.612433251,91.0060261362
200.052578983,91.3062036918
197.959273329,91.4203526364
196.149922118,91.5371387581
194.015306474,91.8727293159
193.04127488,91.8610081679
192.253532458,92.0516548406
191.75374666,92.1150931789
191.450227088,92.2247826372
191.096363895,92.7523045684
190.479048461,93.3098265594
189.128466444,93.5815620182
188.191262775,93.5866857714
187.322822037,93.5529467325
186.305760067,93.5098226698
185.741806425,93.4666289752
185.202364425,93.4918428168
185.101226632,93.507418109
185.093136697,93.4976455071
185.265991531,93.5361619181
185.391072109,93.5260043026
185.385565585,93.4192706982
185.311461598,93.3614250214
185.145860306,93.24896326
184.62983735,92.9424168032
184.284758711,92.8358849974
184.326096832,92.8295692851
184.553131534,92.7448856936
184.815536065,92.6636170166
184.78538373,92.6885699199
184.483736313,92.619396225
183.880734992,92.5599994702
183.280878554,92.5461406974
182.664624676,92.4610579648
181.712169872,92.2950848383
181.007800161,92.1466998359
180.459566911,92.060829815
179.924105235,91.9882552633
179.528507267,91.8920138685
179.03959529,91.8244847546
178.844480296,91.8372577324
178.641057546,91.8186352424
178.514188946,91.8381315863
178.43155903,91.8608760241
178.340249278,91.8076598895
178.246371356,91.7791389082
178.151069374,91.7484678651
178.034410048,91.6748590878
177.952627102,91.6477236039
177.914331619,91.6197941572
177.863691999,91.5964816355
177.796166829,91.5789815737
177.59776929,91.5496783368
177.451989619,91.4959468263
177.100816302,91.4416484143
176.938214716,91.3927684698
176.832859486,91.3623010271
176.711831733,91.3326565372
176.658344704,91.3077276926
176.598570146,91.3138716372
176.546974759,91.3001394045
176.509784757,91.2650383244
176.468584056,91.223319424
176.448649604,91.1985392884
176.401424697,91.1678530417
176.357237637,91.1476947652
176.27692595,91.1268687085
176.139280006,91.1003784576
176.101764298,91.0990938231
176.080702605,91.126283694
176.082739503,91.1635156612
176.081862976,91.187685858
176.063611029,91.2576951159
176.011746276,91.2807979979
175.921189956,91.287081638
175.837098549,91.264108706
175.807354415,91.2384586716
175.796288578,91.2205509559
175.801583418,91.2204092033
175.811737607,91.2357341329
175.797203246,91.2730851225
175.792436386,91.2791901828
175.790533694,91.2472567147
175.784493453,91.1943005108
175.8143795,91.1613343178
175.834338032,91.1706629746
175.836210025,91.1787195998
175.854551032,91.1898126377
175.903239442,91.2128173462
175.935590081,91.2241275007
176.033648373,91.2508948364
176.078070519,91.2636643356
176.137326077,91.2642173406
176.196038653,91.2663064472
176.229612018,91.276363459
176.281618788,91.2903787923
176.291518709,91.3131094539
176.271521875,91.3731935586
176.259135456,91.3839336066
176.231808676,91.4008287162
176.139575375,91.4224958851
176.041749911,91.4512050876
175.805406697,91.5533183465
175.422404009,91.6668901346
174.994550556,91.7160344756
174.362954236,91.8592946636
174.139640153,91.8614056518
173.928304585,91.8781831134
173.584754573,91.8982861751
173.40432519,91.8987184263
173.124171104,91.891973113
172.91995545,91.864233417
172.564136412,91.8557138378
172.025983592,91.9197974181
171.467614708,92.1199209201
170.573874164,92.2599743895
169.775173467,92.3956763425
168.914892709,92.4893027317
167.621510173,92.5878183046
166.748329298,92.6104298806
165.185579852,92.6310410914
164.002175752,92.6126164626
162.920222223,92.6117563475
161.514888535,92.5822397641
160.407794319,92.4755516551
158.575345552,92.3031742733
157.583396289,92.3558972274
156.783490474,92.4332581857
155.755285265,92.4587856549
155.13882787,92.4054871302
154.164918773,92.4378196607
153.432865939,92.4328431598
152.618735139,92.4264623938
151.245229009,92.5060390528
150.185188597,92.55532186
148.542550198,92.6471891153
147.415832081,92.6878822037
146.408710215,92.7105645673
144.967195544,92.7793041667
144.104625136,92.7814192883
143.152560655,92.8375122319
142.476661246,92.8596499325
141.878769969,92.852677128
140.966737762,92.8795938272
140.362294971,92.8259751379
139.806604468,92.7057195479
139.087488358,92.5909953141
138.61886816,92.4959418265
138.020643221,92.2140579584
137.733476078,92.0187031103
137.530409784,91.7925139305
137.18899564,91.5242581653
136.958204105,91.1830904707
136.865998709,90.5476862431
136.919479633,90.0581875227
137.023754768,89.4197643003
136.996862923,88.6905681117
136.894110009,88.4652496892
136.87396201,88.1575153153
136.992075831,88.1650933513
137.174085243,88.2031819024
137.473571603,88.497216951
137.682608243,88.697878168
137.839482987,88.7782302092
137.998966719,88.7658946821
138.076469648,88.736147667
138.201896105,88.6083741174
138.288771097,88.5563069349
138.407795502,88.5323778223
138.639103605,88.5500710091
138.665167629,88.5632176014
138.681483128,88.5471331204
138.657406319,88.5214841783
138.545375444,88.5128470194
138.53424667,88.4918206322
138.525166176,88.4911829452
138.571653966,88.4315225009
138.638410282,88.3932387795
138.714298698,88.3902051755
138.847747626,88.2879217311
138.943839588,88.2383021767
139.097045734,88.1487943989
139.26233958,88.2100152984
139.405621436,88.3134713191
139.748046972,88.3700166858
139.894072207,88.3647011282
140.155413109,88.3960646508
140.33899374,88.3963432391
140.539785595,88.4353253127
140.842417165,88.489295524
141.048920034,88.5152972517
141.404875881,88.6526469958
141.610955368,88.7773643623
141.807062639,88.9484119108
142.149285593,89.1413386927
142.368307741,89.219152467
142.547505709,89.3195213344
142.696590753,89.3707434922
142.882717074,89.3681946142
143.181922999,89.4191519477
143.319519562,89.4993439268
143.376761082,89.5924827937
143.367618647,89.6564136782
143.413524719,89.710062475
143.605868918,89.7952926924
143.794830949,89.8076273342
144.091258597,89.8224325435
144.266266866,89.816316616
144.426193825,89.8220524873
144.699489549,89.9343155173
144.898893362,90.0059902749
145.316301988,90.1558490761
146.2111277,90.5705256507
146.835185221,90.8858020908
147.804832686,91.6181668098
148.787074109,92.2062642489
149.866177203,92.8339250564
151.324645742,93.4917030983
152.233204086,93.8171543021
153.394514228,94.1853280416
154.075728459,94.4145180398
154.787643192,94.5558179146
155.666869927,94.728605062
156.487167107,94.7966633625
157.765176774,94.8516715636
158.536347418,94.8734026054
159.269078781,94.7701192902
160.033174546,94.3218945616
160.464137089,93.8584609566
161.096362539,92.8443405728
161.717210291,92.1846342744
162.322346759,91.5814629493
163.28791897,90.8713857277
164.069313252,90.5750678494
165.026067451,90.1079726758
165.751938952,89.75256915
166.717879934,89.338299799
168.600963463,88.8095125345
169.855665564,88.5308984802
171.210505641,88.4264716922
171.256013679,88.2167467276
170.589598317,87.8420700729
170.325678436,87.7322277583
170.634836777,87.9580041961
171.441796747,87.9014445921
171.801739938,87.4057963505
171.999844474,86.8889894343
172.984584802,86.6330024487
174.037428448,86.5152029782
175.115440019,86.6077523018
176.625137706,86.5930981616
177.541291299,86.5487602558
178.990150694,86.2554520435
179.94217297,86.2922396502
180.702214942,86.3573198629
181.201572054,86.3099329544
181.201196476,86.2771092197
180.655831503,86.5251935601
180.103195093,86.7586652303
179.579724133,86.9675766599
178.824657,87.3239371313
178.459420013,87.5042606575
178.091813643,87.6706083428
177.908735289,87.8582120101
177.777074884,88.0553902689
177.627678861,88.1859922664
177.524800155,88.2491913041
177.304417135,88.3890717841
177.240577908,88.438658232
177.19054387,88.4330438874
177.120743075,88.4175836586
177.112618157,88.3836684983
177.128370207,88.3290157251
177.155337852,88.2563385549
177.176442732,88.1609605122
177.190198387,88.0769009806
177.141504264,88.0591804756
176.910733439,88.1336408854
176.440927914,88.4769721523
175.591343477,88.9350910081
173.110812547,90.2566796916
171.264567564,91.4289483959
169.381698091,92.3344751137
168.330754423,92.6431804867
167.651488259,92.8819213156
167.145989152,92.804897628
167.1149722,92.7084108996
167.002551252,92.6538994777
166.8763651,92.5369895082
166.6713155,92.4110749445
165.435215574,91.9962022132
164.168317231,91.7177540248
162.333222703,91.5595733948
159.495320691,91.1913519285
157.871899973,91.0751603074
156.000188394,90.7827372981
155.295505127,90.6219649091
154.763029197,90.3603166694
152.906937656,88.8190011014
151.167174159,88.1251832224
149.035263174,87.4015031651
148.145018673,87.0881400684
147.413683457,87.102451135
146.137815083,87.3332113089
145.552518041,87.3106617528
145.142782476,87.4650458035
145.324288769,87.5387253996
145.441300448,87.7087377601
145.887963382,87.9953628053
146.133463263,88.0335629539
146.564784359,88.0528247502
146.839874359,88.051152154
146.862794135,88.1620796509
147.028254758,88.2948974677
146.929343037,88.3810701987
146.407089972,88.6132008352
146.209183462,88.6440356576
146.033338995,88.7016741245
145.936360582,88.7380576361
145.892942073,88.7747542666
145.811430275,88.8100030235
145.652638674,88.8428972363
145.340485483,88.9343606355
144.49211859,89.1445590242
143.745622773,89.2486251282
142.751775638,89.4994900715
140.798400737,89.8168820423
139.259577201,90.095391723
136.884310581,90.1509115371
135.601651952,90.2343264175
134.695618467,90.2887074594
133.935447786,90.3619160238
133.625825083,90.4170606125
133.603552869,90.5493371787
133.451229669,90.6005540797
133.273968101,90.6147840416
133.164753093,90.5546576286
134.892213288,90.6610343412
141.825547722,91.7285133598
148.189650779,92.534993018
155.051613444,93.3882533317
166.220666409,95.3636294354
174.024766117,97.9894897258
185.667508382,101.896655891
192.804724551,103.551879702
198.654357051,103.942641668
205.526881747,103.718486579
209.213379446,103.348735544
212.418233078,102.758387574
216.703115348,102.029938178
219.229690301,101.684120937
222.747093299,101.009647716
224.833186082,100.953331468
227.0281205,100.611441599
230.154592567,100.345384434
231.941453491,99.9786845281
233.554976587,99.5014085267
234.336525094,99.1197829039
234.788539227,98.7575458889
235.814855638,98.4711083025
236.419833866,98.2977448477
237.364720884,98.1463751458
237.972113616,98.0157366114
238.412414138,97.9113696352
239.084619422,97.6836485477
239.255213563,97.5015504012
239.42785575,97.3537065398
