178.993506179,91.5794073186
181.210478801,91.784801947
182.413427228,91.8810901262
184.132719093,92.1576877366
185.055512892,92.2698837729
185.697098894,92.3556371713
186.120600258,92.4972011443
186.251484655,92.4078936279
186.552670578,92.0075597116
186.683155723,92.000066982
186.908643463,91.9492082823
187.145649876,91.9353426969
187.329546353,92.0090097174
187.556787186,92.0326453336
187.894498822,92.1218408904
188.149245352,92.0839943087
189.023769379,92.2225711285
190.422258199,92.1683840906
192.85403582,92.5186868457
196.317805863,93.1161522805
198.476753904,93.1230771615
201.631593679,93.5927102487
203.362733736,93.8768612279
205.096203693,94.0316710217
207.561000743,94.2285328618
208.891950971,94.1030690987
210.836294032,93.8852346886
211.945710008,93.9191041532
212.664784924,93.806661913
213.549148701,93.5016384799
213.939383752,93.3165886548
214.213427744,93.1896799727
214.4655719,93.1674002673
214.702560507,93.1852964777
214.963182081,93.3550349738
215.120374938,93.4607308723
214.921153332,93.534098951
214.164589837,93.5078940215
212.815592401,93.19150828
209.337215914,92.2114537087
205.931540495,91.3530719042
199.981999559,90.2875647552
195.874911299,89.53129962
191.491455956,88.2941834912
187.322009414,86.7082183251
185.94616345,87.2594531443
184.725799151,88.2033670622
184.013468026,88.6147469492
183.143978874,88.9231793096
181.71722884,89.2497339118
180.960960378,89.4023852759
180.19497341,89.6877207869
179.743276612,89.7717839818
179.356760643,89.8149798515
178.682904773,89.9741728702
178.259108124,89.99169538
177.578443107,90.3363387179
174.358267368,90.440722479
170.816631556,90.0474653122
164.920515072,90.2871155323
161.164644626,90.2900653581
158.174053826,90.1536794627
154.73723435,90.1421177225
153.351357238,90.0712763623
152.024919731,90.2172715964
151.543045041,90.1729546744
151.26927129,90.1564196594
150.759566705,90.1773893552
150.365240836,90.1337425473
150.062713373,89.7090137425
150.126643081,89.4744625403
150.090379168,89.1803260158
150.129086041,88.4631897883
150.332048132,88.3251111491
150.874229381,88.3284786604
151.511985527,88.2542786629
152.260870687,88.3815870834
153.469116785,88.2800127462
154.589847944,88.3191276789
155.997427121,88.8179513897
156.896119005,88.8878006379
157.725779864,89.1612469066
158.617424818,89.1727690874
159.439479574,89.3147364464
160.759944066,89.6736079439
162.167368629,89.9619540469
163.433224457,90.4502308066
164.885040714,91.2986011436
165.120059315,91.4851445245
165.00753727,91.477985367
164.690617153,91.4657046069
164.061960926,91.2544524988
163.58924971,91.0346742855
163.204673837,90.9120659582
163.229405452,91.0181809441
163.30005812,91.2775796581
163.358097298,91.6672172151
162.976672483,91.9855599484
161.642356997,92.1579341282
160.113278113,91.6867455431
157.413221062,91.06300718
155.375467429,90.6831997557
151.681715796,89.8562749162
149.089688657,88.8561587164
146.460915452,88.3595555494
143.895947422,88.2525135224
140.338206518,87.8807033241
136.806059216,88.168342616
134.48084586,88.0892316108
133.062671547,88.0718965274
130.543651852,88.7760601002
128.628252843,88.7661233132
123.57035183,89.527277363
119.462317446,88.9633243497
115.375902346,89.204243181
109.911728616,89.3831051963
107.038387891,89.8855764639
105.439963373,89.8534955325
105.138670276,90.8623011503
104.936428788,91.2161450644
104.769368808,91.3470670284
104.406949585,91.555761308
104.541772279,91.5447171883
105.646420235,91.7547526106
106.935120968,91.9544497378
110.402677612,92.2635312998
113.281386321,92.2056275762
117.118189065,92.4568973086
122.864268078,92.3000556554
127.028003086,92.4158194896
131.443591448,92.9110142842
134.161830491,93.0162794822
136.009083788,93.3137841701
137.961737466,93.0839428335
139.464380768,93.0329718425
141.564173636,92.8704959159
143.947789416,93.074244964
146.349357628,93.2883816615
150.772948601,93.6238802239
153.559029912,93.9910186888
158.078632221,94.2267628119
160.151315473,94.522033199
161.817495219,94.5148921634
162.669522155,94.8758805096
162.142715435,94.7942454323
159.022363473,95.0542788678
154.061834443,94.9781390895
146.651075879,94.0018495655
133.364255493,94.9619657403
121.809452267,94.8540152816
104.051075097,95.0918531206
93.7018152753,94.9548441218
86.294090641,95.0960622249
79.5188831313,94.8868316993
76.6075892518,95.8446457757
73.9143228337,95.8734592163
68.7852765796,95.610365319
64.9658657107,94.7664480549
59.3744494356,94.9519419187
55.7521623566,94.7527337675
51.903909191,94.4583322999
46.4536951124,94.2872555748
42.8556676292,94.2095909498
36.9003433515,94.5321790083
32.9115330923,94.741493245
29.6226460606,94.5284371439
25.732827238,94.4397365341
23.5596317984,94.3874366
20.0182700508,94.2493887418
17.8785040859,94.0878399865
16.336192769,93.7811113765
14.6657841434,93.2550445508
14.1918835885,92.9740139553
13.7135673373,92.7439145106
13.3671046459,92.8572240648
12.9251757628,92.7695518307
12.6372019513,92.6108056186
12.7821526497,92.7348129739
15.7566492646,92.3254617957
19.0885010412,93.7722166876
24.299109656,94.5053093033
35.8042676415,95.6464097131
44.5684951817,96.5424036706
59.9725892186,98.753195576
70.271136619,100.815462948
80.8869702909,102.131007022
97.1940050298,103.206208598
108.413829451,103.966656918
124.891424065,105.048048718
134.782131892,105.1621714
143.497709343,104.74449737
153.083433214,105.254865751
156.523575094,103.819320661
158.743781395,103.150859858
160.462501037,101.343405625
161.784301346,101.364315649
163.640783766,101.281703606
165.370497884,101.103454697
166.812572211,101.241774499
168.945366101,101.03267607
170.047189846,101.068863511
171.406608469,101.041769267
171.791241124,101.215190573
171.575466864,101.634561822
171.336276021,101.070013897
170.962843368,100.482040413
169.981562024,98.7217200625
169.860070409,97.3458037115
169.725667208,96.1200951563
170.102632694,95.4428147804
170.700439024,94.792110444
172.313423594,94.8303572566
173.134493796,94.9445479269
173.634632428,95.3227981713
173.527860394,95.3337428374
172.585169369,95.5815004035
170.650630197,95.2035836652
167.406248565,93.9988725207
164.876346617,92.8484500787
161.534044227,91.8341152393
159.30517711,91.1256915868
157.558158723,90.6816734185
156.813343872,90.8041053527
156.85850851,90.9944567977
157.133515449,91.8242896349
157.015790365,92.0406995908
157.063524109,91.9628529148
157.043752243,92.0410032275
156.965529942,92.0205777815
156.989061007,91.9195206522
157.151111126,91.9503518588
157.871414665,92.0307524458
158.793704062,92.1422933068
159.193415664,92.2546273489
159.142328063,92.1038566123
158.62547637,92.0088598099
157.621096848,91.7386031944
156.087131517,91.2133614063
154.754281508,90.8010430856
153.167588524,90.2238486437
151.594410015,89.8902522255
150.447330391,89.0992601223
148.596916306,88.6121826156
147.815940408,88.4112523041
146.652112796,88.4205389499
146.208688851,88.4902245345
145.592679212,88.5513580067
144.752993033,88.5502701092
143.938308963,88.7159553971
143.334487278,88.5093134201
142.58426396,88.4655941432
142.682993706,88.4563292396
142.912091019,88.7601946285
143.292337311,88.8635625288
143.825182695,89.2479948634
144.065888468,89.3186063341
144.497799284,89.4592335038
144.57025353,89.3835362654
144.764026892,89.2651723534
145.037134686,89.1640253565
146.053763724,88.9426713775
147.482263539,89.1092120077
149.312582065,89.5547999978
150.75265322,89.6434279867
152.037061046,90.0299507284
153.936793598,90.4342987626
155.156470974,90.8209100725
156.650352638,90.9007635633
157.838781773,91.2599187847
159.044154045,91.4837524093
161.027485787,92.1424768492
161.79434772,92.62353797
162.641993835,92.6409417713
162.096817643,92.7793933517
160.711365782,92.5081181203
155.336563007,91.3792076917
149.669756284,90.004201378
137.464982127,87.6617299049
127.955043755,85.729029365
118.463973609,84.223428476
104.86031679,82.9666890482
96.9622157937,82.2244431931
87.7856945255,82.1361194215
83.083096063,82.99979042
79.4299728166,83.4895132531
73.5758869865,84.5739740032
69.7502025557,84.5430306394
64.0012361893,85.0864048311
61.0835723014,85.2193520464
59.32079019,85.131933403
58.1349749373,85.3473704677
58.8959140383,85.4873114212
60.3644722671,85.799658616
63.2573754538,86.6858234379
65.0980602343,86.7924270918
67.5030117849,86.7576329622
69.2285087126,86.1592403185
71.1131252863,86.1615017941
73.2208857033,86.187302025
74.2466866185,86.7343427901
74.5070930229,86.8892433423
74.9167420368,86.8312443625
75.4175941402,86.3723555384
76.2704621594,85.5874798102
76.9271448465,84.9306583039
77.6127228546,84.3058345859
77.8503076498,83.9940480129
78.3133816154,83.7043829748
78.8579702035,83.0234184837
79.3728611691,82.5919749553
79.8784716355,82.0384116241
80.1537368873,81.6344312855
80.4204318719,81.273267158
80.7451865772,80.8924495664
81.2691874739,80.910070304
81.5621824543,81.2450475609
81.6744913804,81.2762971889
81.7027239067,81.2851806164
81.6875204292,80.9951846548
81.7951966615,80.6932619709
81.8458703169,80.4599974569
82.2976092132,80.3031994905
82.6806311102,80.3743363253
83.4906851928,81.0131839685
83.9788683193,81.1304128568
84.0410472479,81.348326738
84.1820887057,81.4075480637
84.2729157521,81.4622681325
84.486849454,81.5433967613
84.8198941969,81.7539257992
84.9985206479,82.0590997166
85.4345556585,82.1931976173
85.5407957343,82.1647279576
85.6611522503,81.4542800214
85.6103042639,81.1661672618
85.3971619777,81.1015963925
85.375191883,81.2431056353
85.3940420695,81.4176723402
85.5585658347,81.4242801826
85.669535339,81.5430299764
85.8752221266,81.6121668914
86.2252322632,81.5516889265
86.408058775,81.4728773517
86.9121617767,81.3929386968
87.2978409775,81.4555768804
87.7217997607,81.4102917003
88.3283549719,81.2755884681
88.8505528403,81.2637428859
89.5024637583,81.235743536
90.1648081571,81.2067601987
90.906152757,81.1457759337
92.4343825394,81.0353327255
94.2453787525,81.0120250391
96.0757544998,81.4196326247
99.1109965156,81.9981019566
101.576802582,82.1927243101
105.214206053,82.7992158981
108.472533308,83.1996055111
114.355643294,84.0456547129
120.086996453,84.6995404508
126.729525,86.2596938812
136.577247562,88.7693948818
143.713730043,90.2716854235
150.476917989,91.3546583194
159.915107072,92.8201277452
165.634941023,93.7989165309
174.259465819,94.2325311112
179.608460403,94.6048024051
184.51835632,95.043818728
191.129050372,95.7103784124
195.328570063,95.9657590863
201.871922297,96.248399683
206.000989667,96.6493248378
210.573205101,96.5416665851
216.676732953,96.9327105996
220.378766326,97.3858556685
225.77853327,97.9528420966
229.769379215,98.266360793
234.198264481,98.4138659964
239.579032713,99.362079431
243.007894857,99.9697390097
248.016768942,100.44229383
250.824092957,100.571432942
253.415573358,100.414812529
256.801498915,100.072336857
258.882447795,99.9871462923
262.170004126,100.001542145
263.959819546,100.323045783
265.141254264,100.509603469
267.098587248,100.511436975
267.870102666,100.675391015
269.178882606,100.498159983
269.140799217,100.476929124
269.416866894,100.172676975
269.249891352,100.237976643
269.619840061,99.8881410784
269.552103852,100.059229098
269.372547503,99.5024822392
268.211785123,99.3220878735
266.530083273,97.0459371321
263.892715934,95.256100023
257.320530094,90.4878552786
252.066599581,86.8371081837
246.997499767,83.9909765927
239.575894995,80.8272341456
234.551083164,79.5831583181
230.551717633,78.6770983428
225.780993812,79.0106929463
223.444319619,79.3533737323
221.262068506,80.6963838918
220.604053638,81.4610639392
220.540181278,82.2098518785
219.911856927,83.6651931878
219.717340434,84.1473865643
219.10816406,84.9391763724
218.790865356,84.9840419284
218.652632229,85.074962277
218.503695175,85.3134206899
218.662245877,85.4214402684
218.871688434,86.2002504059
219.140988699,86.546521202
219.259264412,86.9809138631
219.476767612,87.1659021758
219.713638694,87.5927985822
219.723566381,87.7389623696
219.977194545,87.808808389
220.015365381,87.937976198
220.015447572,87.9049110469
219.917713263,87.9969537361
219.638151863,87.9744702124
219.423075317,87.9905058304
219.436505276,87.9855198273
219.885633115,88.7646164992
220.857369728,89.7368533106
222.670928199,90.827763215
224.725180232,92.4049441972
225.850623445,92.9855375295
226.716674791,93.2594229528
226.84541142,93.5302288771
226.694775356,93.9120315967
226.356125418,94.2231276265
226.085240111,94.4552951626
225.880570175,94.8446999641
225.761236893,95.121781584
225.617684196,95.4853716617
225.38961857,96.2203231893
225.176774461,97.0266428612
224.481054112,99.0007388831
224.151997178,99.9837443983
223.744705374,100.818974983
222.897537373,101.491146443
222.04542894,101.933769183
221.01499581,102.175058536
220.371176936,102.475256986
219.719836851,102.707359789
219.143014189,102.658795415
218.694894586,102.800444838
218.32228852,102.814454841
218.133160187,102.85545426
217.851119703,102.880568527
217.333851892,102.524487285
216.331982564,102.006314179
213.452371659,100.245350714
210.094626531,98.5949439308
205.698420525,96.2078800115
198.952202518,93.8592521613
193.992270379,92.1304084125
190.158055883,90.8974060263
184.922475548,89.6236880969
183.320743426,89.0580182223
181.787312159,89.1802353112
181.122839636,89.10230857
180.635889515,89.6153234528
179.433794096,89.5227571768
178.411256592,89.4393554581
176.499301062,89.1451860762
175.319383136,88.8370114032
173.9770635,88.7605193037
171.481013677,88.2033975884
169.290077171,88.0404376216
165.578277332,87.5418827839
162.680929577,87.1708048644
159.88528519,87.0177267292
156.459624073,86.3632733811
154.775780478,86.1911773698
153.508128395,85.9350250445
153.521192253,85.7373819955
153.781522114,85.6526524735
153.97274211,85.9570854945
153.975115013,86.0117415299
153.559602349,86.2998248866
153.257167921,86.1557839617
153.073971605,86.0260325793
152.713787496,86.0408340771
152.559994144,86.0205501687
152.331596908,85.9855884337
151.990912845,85.7789668055
151.83141561,85.6652002453
151.273712967,85.6999427485
151.121315893,85.6811336501
151.457650816,85.594591155
151.71630058,85.6967090918
151.931373433,85.6340921963
152.257331842,85.4903626656
152.295674369,85.4183200772
152.549743047,85.1699830593
152.99870507,85.2743145405
153.053341948,85.4186126337
153.03573802,85.415309052
152.661929071,85.4536421949
152.232036155,85.3286943097
151.712672386,85.5436025144
151.346560001,85.7844421107
151.186789878,85.7275655339
150.829737551,85.9848443166
150.36451632,86.2817175653
149.791518128,86.3454273673
149.348536814,86.4281988625
148.906654006,86.4159044182
148.414476737,86.3820124103
148.23916987,86.6581994318
148.200233555,86.8444198507
148.108170925,86.8912908254
148.064877193,86.9195303076
148.014985967,86.8223226885
148.003607491,86.7698473415
148.034591729,86.7911057145
148.137879977,86.7534642118
148.291693786,86.7645258675
148.575827541,86.7767565189
149.502102222,86.8032436433
150.275060289,87.3079203233
150.411686307,87.2813787125
150.273164837,87.3291563168
149.962559618,87.5003155557
149.715750068,87.5582133627
149.365078454,87.543483561
149.17799152,87.651894052
148.984786259,87.753721319
148.795194296,87.8420734666
148.664507025,87.843067734
147.965580543,87.691224124
147.531296847,87.397618002
146.823892269,87.2954025799
145.914080509,86.9756261332
145.333980767,86.7257676176
144.798924579,86.3240770235
144.953059769,86.3717203426
145.036352551,86.4998975781
145.386733934,86.759037742
145.453848214,86.9008224973
145.472279295,86.9568331227
145.433882706,86.955348042
145.2819135,86.9360083942
145.127324042,86.8662852311
145.019264048,86.8861143263
144.939367724,86.7932285192
145.319577022,86.7396238976
146.06051301,86.5492502222
147.611860779,86.8888815776
148.857628216,87.0754989957
150.569159129,87.5026231598
152.933351452,87.1102430998
155.888127105,88.4883672776
161.682151884,90.5416770103
165.810973409,92.2278225063
170.578412768,93.8063481292
173.796364921,94.6774051279
176.374032109,95.2873609048
179.557202864,95.8275097779
180.730150577,95.9712918949
181.883149533,95.7777256564
182.267281163,95.6401783083
182.130048118,95.5111159673
182.021131929,95.2767058399
181.722811071,94.9770423768
181.535455031,94.6971923413
181.592522855,94.2222776188
181.54354907,94.1097860413
181.482859321,93.8304900201
181.625718538,93.8214469037
181.659759201,93.7477559812
181.470774857,93.1006193179
181.301398597,92.9252806398
181.053743844,92.6731360621
181.085316741,92.5494515255
181.15409729,92.4854744817
181.60039071,92.4801528491
182.094667539,92.5426570136
182.681660714,92.5348863435
183.066119925,92.4963621346
183.44386735,92.6137606688
183.870388419,92.507710593
184.010111659,92.4627615161
184.057532789,92.3517319323
184.162473856,92.2236933497
184.073556386,92.2580076277
183.743565581,92.0031776059
183.499265771,91.7803370382
182.808039272,91.2392466493
182.483927223,90.8666280761
181.78663627,90.4343669058
179.718812224,89.2627416881
178.322434255,88.6421738476
176.15939683,87.8915972575
174.87585995,87.7213804072
173.713673246,87.4886739651
172.484877363,87.4023167376
171.854139611,87.4370772482
171.330144705,87.5438014256
170.678365138,87.8791167619
170.344480655,88.1077179997
169.833213933,88.4835103525
169.620507969,88.5597884776
169.591930884,88.5120339635
169.550227635,88.3789599917
169.720029758,88.3030164071
170.13388125,88.2770064451
170.713087395,88.3328296997
171.311047086,88.4389920811
172.770760881,88.3020887951
174.239216996,88.6098362431
175.353995635,89.1717588835
175.865067068,89.0916969494
176.412697047,89.026363714
177.108201765,89.0920265122
177.769368521,89.2651066857
179.143000989,89.7505369876
180.238439741,90.2325196408
181.932983127,90.8067019193
185.56888633,92.0542056278
188.307979349,92.994625664
191.316726326,94.5736336657
192.730772928,94.9694502781
193.593404,95.2072324759
194.278122303,95.140065165
194.418689523,94.8528006612
194.391389584,94.456735263
194.51907553,94.424774599
194.713378656,94.3973753387
195.532607122,94.4473530533
196.208603821,94.6754204987
197.631657143,95.5771621411
199.399374956,96.6241776646
201.669448126,97.6743073183
204.476491313,98.9941370636
205.779782281,99.3466358827
206.571565088,99.4973556648
206.372538941,99.101485031
205.635091946,98.3979506136
203.906612516,97.3535156628
203.067407027,96.864468904
202.538444764,96.8269435371
202.085231248,96.4417975013
201.394390541,96.429549281
199.851330084,95.4089969267
198.229644538,94.7592935153
195.892569988,93.7808938588
191.434755178,92.055725935
187.767045294,90.9743070365
181.941600337,89.240887478
177.973809215,88.3279607405
174.287680328,87.6312104714
169.56765877,87.0357938726
167.614246174,86.866351804
165.324578163,87.2945526274
163.834160102,87.2325900203
162.438496779,87.0040525973
160.563114232,86.8292173991
159.423167881,86.7874381119
158.367610368,86.8468449248
156.530543443,86.9495349424
155.258666993,87.0163681439
153.284180922,87.1564882253
152.076695466,87.1935174275
150.602084602,87.1165658552
149.992242889,87.0805453713
149.525661421,87.0768440193
149.014763669,87.2040646083
148.611421363,87.2602272274
148.16556904,87.3426941847
147.49308439,87.4638306502
147.382711932,87.4235272869
146.958560421,87.6906702377
147.010352145,87.6350505773
146.91126206,87.7442729527
146.656130664,87.968579297
146.420386067,88.1116091105
145.437627857,88.3702386818
144.642494816,88.599200464
143.545413218,88.7112355647
141.943483362,88.9341312975
140.840276466,89.2678870691
139.465785983,89.5010518609
138.764082152,89.8559526527
138.521044551,89.9615896262
139.041412448,89.981898237
140.314254074,89.8420825099
143.51371937,89.7062313556
146.57491518,89.9444978894
150.673048739,90.2275229176
158.604392383,90.8834520787
165.048346505,91.6149972212
175.380758794,93.1815311853
181.987286737,93.9445632709
188.130855596,94.5659871062
194.76419347,94.8313018431
197.713036309,94.4877136176
199.73059028,94.8577917515
201.999545788,94.4231858755
203.211857079,94.3371202685
204.703727529,94.4268221843
206.454807267,93.9437593216
208.388459992,94.0329101007
211.3687819,94.8751185623
213.505506479,95.2434421596
215.955542222,96.3228120266
217.110056085,96.6818418373
218.030127774,96.8395574142
218.591811245,96.8835989884
218.730410884,96.8793626456
218.885203538,96.8667938816
219.012888086,96.9612015517
219.37047221,97.099019178
219.729695389,97.512259103
219.975088958,97.7975687236
220.077519613,98.2028005733
220.034575953,98.5667415623
220.001525869,98.8945481606
220.130447767,99.3362998538
220.363882119,99.5593044241
220.791988391,99.848461886
220.940094276,99.9868296646
220.856761593,100.155508708
220.51231789,100.130727907
220.08802731,100.007723971
219.41649534,100.087879533
219.075373175,100.173874538
218.843394725,100.121876437
218.797739987,100.223443279
218.868636499,100.235323877
219.151791098,100.416535113
219.326582388,100.55081156
219.56262217,100.586301987
219.731727142,100.650425958
219.789950284,100.663828847
219.893325051,100.674991284
219.871677593,100.605866973
219.913980876,100.544099238
219.927321827,100.524151144
219.840696522,100.452400232
219.799639568,100.392540276
219.790253615,100.281551857
219.740564883,100.299067498
219.740201489,100.330747261
219.719277855,100.325117578
219.696009961,100.305323477
219.71350305,100.24689237
219.749344809,100.261975789
219.753685428,100.321856725
219.70801955,100.326459961
219.657690216,100.291715008
219.598931739,100.28279984
219.580453184,100.30095891
219.562177259,100.32239231
219.566794268,100.327782893
219.567977048,100.327012718
219.561174585,100.315478435
219.543168709,100.310150159
219.499037773,100.271298102
219.431353462,100.282462335
219.380507619,100.32808354
219.238845259,100.384356571
219.127907421,100.379167003
219.083318217,100.388456458
219.05657321,100.383926181
219.04275223,100.388663297
219.008429724,100.403777034
218.98481345,100.40210306
218.925778655,100.39565548
218.875934042,100.381224416
218.87367597,100.35121939
218.885860901,100.332250994
218.87213317,100.316889647
218.868742123,100.280560435
218.859602272,100.226393784
218.832706914,100.201568216
218.77342351,100.1992128
218.750125183,100.19550918
218.708163378,100.183291242
218.669933007,100.16246186
218.632324154,100.159725707
218.48661962,100.113640335
218.240546106,100.057623795
218.001129482,100.015641923
217.698578136,99.9628826009
217.417138821,99.8741445703
216.681842201,99.4589013796
215.664889317,99.2612531745
214.096529858,98.5761030843
209.094060034,96.754422737
204.117162949,94.2105376395
196.018998067,90.8303026177
190.139424503,89.0487905091
184.868830341,87.7877716001
177.840518711,87.2216034378
173.828880288,87.033847839
168.913065551,87.4104337191
166.226319197,87.7206107049
164.26800555,88.0178125988
162.448774136,88.5495624562
161.774145218,88.9453395886
161.342447753,89.702376961
161.016078258,90.0534361086
160.65344611,90.3576968727
160.083432408,90.455888991
159.619129137,90.5296556527
159.159724879,90.648007618
158.535952906,90.7533375251
158.29801984,90.8162997704
158.190382871,90.6803754858
158.018342006,90.6338985318
157.959656331,90.6112903862
157.920192756,90.5811402025
157.901260381,90.5277837359
157.878336799,90.4398613053
157.879064226,90.3520755516
157.876589057,90.2410577447
157.864029492,90.0421251076
157.852048225,90.0234143151
157.948451138,89.9752368985
158.312576836,89.9435669483
158.588918812,90.2781341091
158.827543141,90.5275011698
158.857999997,90.6218844851
158.904030558,90.7932429748
158.949880322,90.7424617186
159.017551801,90.6680699515
159.225679615,90.558600186
159.51920044,90.5423443939
160.047150544,90.7925951954
160.312326117,90.8464116675
160.50076968,90.9060561304
160.76169993,90.90754402
160.929119188,90.8854965658
161.259300598,90.7367172637
161.827379247,90.4280946732
162.099949477,90.273368553
161.999598938,90.3190393886
161.776675034,90.3207286332
161.187979187,90.4203348095
160.392305628,90.3961808898
159.352738049,90.1726322443
156.830745647,89.9267018972
154.537044395,89.5201341224
151.707625424,89.2834010309
147.610492993,88.8504219127
145.287929494,88.4955862604
142.424417272,88.09380637
141.098191787,87.9820142539
140.348217463,87.9103886208
139.822267388,87.9411591778
139.57568432,88.2345595315
138.840981824,88.2272623063
138.057147531,88.0415786559
137.180029595,87.9588134976
136.136417545,87.8739596474
135.732316806,87.8032706712
135.628730054,87.8279568378
135.582047263,87.7750299263
135.591475352,87.8000375018
135.797375789,88.1048504552
135.825430388,88.03584588
135.865223283,87.7649537309
135.920080312,87.5960298521
135.998914825,87.5092828443
136.164904799,87.4027987843
136.168528294,87.3866298368
135.675122676,87.2386067189
134.551167754,87.2411399551
132.68075529,86.9735221071
127.901356351,86.8862571085
122.907184439,86.5072565135
117.628973516,86.2793957515
109.135150527,86.3389229921
103.824625271,86.4163173497
96.5765136981,87.2542881064
92.1297891508,87.7667984598
86.0029656264,88.4144821123
82.3425813506,88.6048760398
78.9403121758,88.8721445978
74.0827337875,89.2798715043
71.1087372787,89.7883439874
67.7889807976,90.5834749164
62.3752205434,90.6226800908
58.5940414814,90.9036515415
53.4040258069,90.9622858383
49.9584662168,91.1332081129
46.7961527309,91.0915689358
42.3285026659,91.6181107579
39.6252829149,91.5215773435
36.0008718362,91.7205281829
33.9732212855,91.8608552416
31.9558639656,92.5903500673
28.7964533646,92.7051831642
26.5954711147,92.8688650191
23.9851386013,92.8147968622
22.1381510433,93.0087491301
20.4602549474,92.7664848252
17.8188532012,92.9637705196
16.1387575718,92.8714391318
14.0214589992,92.970944499
12.7091059699,92.6132499749
11.446901267,92.471863982
9.39572800962,92.4629384431
8.11617507745,92.1990160105
6.82878364432,92.3625086297
5.14629970633,91.9214117785
4.24585836942,92.0135909979
3.56756427927,91.934544483
2.79227033146,92.4429923535
2.51011076218,92.1836066161
2.37473603576,92.3560009335
2.38906532061,92.3611793272
2.4283665779,92.5294754927
2.48325921085,92.544170788
2.53414147613,92.5577804269
3.04832633378,92.7033152204
3.4747317992,92.8914014196
3.80509870982,92.9461179909
4.46435317123,93.3130445333
5.29263743069,93.7224113982
6.88343363365,93.9364600026
8.10259565513,93.9847238948
9.36095867717,94.1242422464
9.12328913286,94.0638276221
8.90382225258,93.9489404544
8.5209419999,94.1866709709
8.76937588165,94.1049167817
9.88684755112,94.0154277508
11.2781903274,93.9971327049
13.0987529344,94.1738758253
16.4893950188,94.3519715576
18.5745495367,94.6214383193
21.5369335866,94.7851542802
22.6464385747,95.1000224511
23.7204985928,95.0549937059
25.5449708312,94.9966665515
26.7316847819,95.0108284314
30.0727574611,94.7037433531
33.5640554595,94.31824146
39.7360405968,94.2556599961
52.3400452938,95.3823666465
60.3648136354,95.903173626
72.1760118333,96.2400997013
79.6510139426,96.1104934819
86.5473193286,96.2537690131
96.2840884171,95.8867005142
103.332458783,95.3266999082
113.804656116,95.035899598
120.996426724,93.8404531689
127.979185168,93.7148586295
137.877427278,94.1905004826
144.035598088,94.8367556014
149.145158937,94.9983972928
155.431539626,95.4946830645
158.453806499,95.5826390862
162.281395546,95.8887055039
164.532484881,95.5856746457
166.922734741,95.5473115432
169.504401005,96.0074482024
171.435370747,95.60721721
173.903358112,96.2256731083
175.896979407,96.1093427581
177.768071105,96.4040799107
179.522331928,97.197663127
180.961965928,97.1812707201
182.910000257,97.6615948073
184.406082318,97.7688400178
185.923521073,98.0676898993
188.028329632,98.5034952104
189.578507258,98.6936216292
190.828896188,99.1496868669
192.757483302,99.3886613294
193.704520349,99.6794972157
195.220866964,99.7041890331
196.15032488,99.8140660422
197.904396671,99.634778763
198.858684734,99.9327872103
199.712899073,100.080866181
201.059322776,99.8028366151
201.764392669,99.9391896741
203.676721228,99.6491589101
204.767485678,99.830438972
206.024110711,99.7435466882
207.266920015,99.6074049466
207.907286002,99.5009426041
208.570776297,99.2778205415
209.271018358,99.2072460036
209.987902832,99.0893217787
210.62514621,99.2667164101
211.277198999,99.1473187908
211.657217859,99.3228554896
212.084959708,99.3217150839
212.387505927,99.2852086987
212.548041854,99.2268630357
212.679799786,99.2096018267
212.564271989,99.3598103681
212.165341929,99.476190346
211.588920814,99.7486957766
210.919771546,99.456983768
210.488776716,99.6872872511
209.866282073,99.7721030673
208.80956416,100.084162547
207.249332804,100.487810935
205.076439944,100.011902423
202.051355133,100.360329553
200.119290009,99.115949434
197.178188017,98.422411956
195.186095894,97.7782996766
191.838541938,97.7198875924
188.944862258,97.0683427454
186.436323686,96.6070595838
183.271182328,95.4628780269
181.80904842,94.728235108
179.662644389,94.0722483778
178.866412013,93.9290946726
178.137939351,94.0184441368
177.176783516,94.1499507812
176.9144961,94.1961466173
176.51263471,94.3848454908
175.862728925,94.4419672517
175.695978704,94.4133530512
174.991425772,94.4622933137
174.744416984,94.2937608228
174.522632962,94.192051347
174.207642256,94.0591281327
174.183967076,94.0410546776
173.913984901,94.0376001138
173.826823653,94.1166934846
174.066850499,94.1788660858
174.402674819,94.1189628977
174.834282437,94.1000340514
175.225161207,94.2831792011
175.367006178,94.2876202293
175.543417901,94.266995883
175.683724844,94.177855589
175.735870944,94.1232668873
175.934109725,94.0688826664
175.977745406,94.0951591562
175.980620586,94.0433775834
175.973368622,93.9174640666
175.795527622,93.8299577061
175.243566829,93.5114994468
174.560378728,93.150252947
173.479656996,92.4867395406
171.351746818,90.9543441535
170.00432013,89.8262201664
168.495639503,88.8113782259
167.908872653,88.4864218446
167.746939904,88.6215407277
167.897571282,89.1300435316
168.102167318,89.5079076352
168.345107573,89.8075790497
168.543343749,89.9890742265
168.792892413,90.1521560094
169.426862969,90.3409316957
170.139509463,90.7217165728
170.489301425,91.110533363
171.825825712,91.8816542574
172.579792127,92.7623471663
173.456737968,93.6697612462
173.873567731,93.8511313679
173.896912813,93.7061446272
173.772834508,93.3501573878
173.698182953,93.0904719913
173.537198792,92.9339362912
173.491777414,92.8385784631
173.465975171,92.7430544124
173.404651767,92.5806483483
173.375493154,92.5344180745
173.383254581,92.473830333
173.437738615,92.4672131124
173.934717938,92.5511308574
174.666666657,93.0266756926
175.195940761,93.2851796072
175.946775271,93.8422081348
176.191044234,94.0112013616
176.573473464,94.1907521683
177.107556309,94.4539821322
177.285171859,94.5402166224
177.606447451,94.5086450187
177.651400721,94.3499545832
177.74162503,94.3080836385
178.041725585,94.1949151219
178.187887036,94.0497168773
178.542618477,94.0253872595
178.758778925,93.9653004282
178.884963312,93.9223684918
178.998965662,93.6665214804
179.002713455,93.2980796656
179.145334029,92.9445090577
179.396894362,92.4078518689
179.528347631,92.113082625
179.657693299,91.601744457
179.988611351,91.2662069833
180.291233354,91.0211629228
181.053222516,90.8597231275
181.771091852,90.8957789848
183.056786868,91.0882806557
184.246588137,91.4137697063
185.581862307,91.9897751121
188.415781436,93.3302024528
189.879786865,94.6660517468
193.525583871,96.3783706789
195.996324753,98.1935578146
199.285431025,100.056085386
204.626794942,103.093995216
208.610966047,104.262222383
212.596386203,105.659322611
214.97235186,105.950608095
216.381279161,106.15172838
218.17259926,105.441889531
218.961952848,105.135860628
220.099653337,104.559049726
220.896825618,104.377052279
221.507405306,104.33319815
222.335934557,104.554632006
222.690692687,104.698336423
223.157910052,104.7957726
223.626818298,105.182084723
224.2371727,105.323715529
224.183021624,105.721919469
224.436065034,105.340677
224.232682294,105.023527201
224.674918294,104.542608483
224.500885839,104.711313416
225.259837944,104.130667507
225.569429705,104.086959591
225.517440035,104.143502051
225.96663287,103.826168604
225.763138864,103.970544295
225.761622289,103.861065365
225.563932614,103.949115469
225.464247012,103.843775337
225.135368192,103.694474779
224.565079519,103.539398772
223.527838662,102.976779039
222.042013091,102.738189557
220.214525602,101.770897658
215.022800109,100.123171294
209.892474187,98.123698898
201.42456832,94.6580284991
196.499160321,91.5707113589
192.259144844,89.5816212567
186.188654661,87.058140699
182.863721667,86.3741482661
178.041745144,85.0267647803
174.971510727,83.9877721806
171.867252597,83.0713843793
167.706356086,81.677131114
165.161751103,80.963691013
163.007851949,80.3886357743
160.19230999,79.7828509732
158.465612331,79.642796779
156.253481455,79.535265827
155.076437719,79.5729452531
153.673026862,79.9129949146
153.0440657,80.1605181054
152.536337385,80.4968965694
151.846397809,80.7941609882
151.403436861,80.9871056392
151.087382813,81.1711786612
150.66662015,81.4051536558
150.265352321,81.6079648649
150.019797276,81.6611191855
149.59534736,81.9151518796
149.539933364,81.8812494954
149.311816543,82.1453829528
149.115809341,82.3555909702
149.186883649,82.5447481421
149.324270882,83.0302323803
149.901826332,83.6162343957
151.747668703,85.3594178748
154.061655638,86.6225289563
158.520519816,88.8175804603
161.717985632,89.7345278931
165.02074146,90.7446297901
168.008151853,92.1965524322
169.357704396,92.4405503169
170.167725167,92.6711843586
170.240481438,92.6115960664
170.277272824,92.4872303196
170.471786451,92.3398960078
170.788444464,92.260341191
171.666239427,92.4238147875
172.246899816,92.648443622
172.702513723,92.9049308424
173.322381883,92.9607903035
173.621856393,92.9511641925
174.311205375,92.8162332008
175.084760151,92.8947598176
175.722960979,93.2650067038
176.6810483,93.6425485495
177.036179204,93.841570792
177.260531761,93.8580264742
177.70497773,93.9481830177
178.102944498,94.0494970474
178.717632501,94.2513284711
179.002630221,94.3909198871
179.196791318,94.4698716957
179.365882151,94.4919166626
179.428303125,94.5115619707
179.528823235,94.5117253632
179.72412923,94.5265998402
180.379973958,94.4437194246
183.270106499,93.9625699711
186.270024722,94.3892893046
190.943851768,95.0460510262
193.93423565,95.2490011982
196.491883632,95.5488891635
199.00818516,95.9267015382
200.28032629,95.8763535714
201.52570122,95.9142919481
202.325320877,95.8061089227
203.073323436,95.757449569
203.899749261,96.1656136099
204.252308606,96.2060778238
204.391604853,96.1940604753
204.370867158,96.1401005059
204.295799899,96.0125819104
204.174051197,95.9092355367
203.72562215,95.8862270656
202.060933157,96.2332573948
200.545856828,96.3183840121
199.116767879,96.4751991979
196.546464551,96.8787249136
194.891016148,97.2370165779
192.975527775,97.1786034306
191.933716886,97.3215537243
191.135587903,97.3659318098
190.502624603,97.4434840366
190.111417686,97.6070218123
189.879807561,97.6559845205
189.810940399,97.6868102399
189.639035258,97.8102007111
189.309918406,97.8190995724
189.063784473,97.838952412
188.535797811,97.9600842939
187.357985081,97.7500960228
185.208541208,97.4558787181
178.880643843,94.9765524625
173.501045883,93.7852334068
167.95199676,92.7646036953
160.790458402,91.8848617403
157.012529738,91.4630330085
153.028342036,91.0763085062
151.744417668,90.8991168124
151.23140203,91.2078397541
150.96503997,91.3568380279
151.092357586,91.1652052743
150.741863018,91.1069629337
150.315057318,90.8216633946
149.806415619,90.6432183035
149.010009341,90.6237225666
148.553879084,90.4090420415
148.003312565,90.3155321318
147.852443488,90.3393213969
147.833975953,90.3668922843
147.476264488,90.772857247
147.303678463,90.7205157117
146.95696356,90.4987321419
146.582856034,90.3325274079
146.24977563,89.9710825599
145.971090754,89.9781776688
145.699388917,89.9637594533
145.460320671,89.9510787914
144.914119955,90.0420922817
144.410093612,90.0395394596
143.518045258,89.9368886311
142.841197313,89.9478080927
142.309545406,89.8201636917
141.812179304,89.7026220321
141.269288774,89.7342430807
140.415813686,89.5330880872
139.810736966,89.4701771064
139.192778729,89.4179539458
138.386391545,89.2135834725
137.731999532,89.2269329832
136.934780892,88.968709359
136.26220225,89.1054227498
135.499087961,89.091850636
134.264133208,88.9814231941
133.300968281,89.2048981532
131.697636813,89.2040660902
130.62171539,89.3220161531
129.641076902,89.4486017833
128.691342359,89.2664147414
128.20975744,89.5193561318
127.324336211,89.6658861746
126.58745708,89.5936510612
125.838647181,89.4513582556
124.762366953,89.158738889
124.285397775,89.0013443381
123.789040079,89.0393605941
123.29484494,88.9332035875
122.960092648,88.8807795287
122.475712476,88.7172401017
122.314435834,88.6088300077
122.024363142,88.4942418233
121.903291693,88.3259180349
121.838047524,88.1940997275
121.816470503,88.1047451647
121.90653963,87.9710058733
122.078207373,87.9529776077
122.566444214,87.9859336463
123.037303213,87.9604169121
123.833831362,87.9167928692
124.306769643,88.0796480189
124.647446283,88.194821732
125.22631252,88.159852893
125.556984827,88.2888116452
125.867048727,88.3197434242
126.196398128,88.2860864812
126.434596451,88.4404829226
126.817263304,88.5310198354
127.328504631,88.5745768049
128.744291993,88.4848424367
131.202657495,88.2754844119
134.531788381,88.2772591817
139.401687935,88.9269359958
142.103449019,89.7085131886
145.316392754,90.5859761323
146.730825832,91.0193905128
147.605523395,91.1967605625
148.09811752,91.2540113486
147.962129724,91.1396025747
147.789018162,91.0265410508
147.281699468,91.1435338339
147.018037423,91.0262877674
147.009141321,91.0868492026
146.941145316,91.1172074419
146.899121328,91.0741834876
146.867185937,91.0582885546
146.806588821,91.0697421877
146.785570257,90.9814255333
146.761737266,90.9718334417
146.748597425,90.9477219725
146.791275104,90.907237134
146.801885216,90.9379302019
146.825343232,90.9551137793
146.898453815,90.9236942079
146.935325285,90.959249253
146.988331209,90.9541982468
147.009092626,90.9354787459
146.9952778,90.9586146649
146.994124868,90.9693585713
147.023169849,90.9894549906
147.091974484,91.0128898138
147.169611934,91.0264011877
147.285861346,91.0498450269
147.358751673,91.0397447099
147.405287963,91.0385833294
147.443596991,91.0504472311
147.467335756,91.0413241577
147.560076033,91.0519580989
147.667673465,91.0231727761
147.785863598,91.01356318
148.008378186,90.9625350184
148.204101542,90.941619986
148.385766901,90.9274659724
148.996171685,90.8213840295
149.347093526,90.8579075277
149.999493837,90.7707468153
150.644103807,90.6757953014
152.097495654,90.6649352133
154.073313537,90.8608206273
156.968323483,91.378903622
162.867135855,92.1917897167
167.096584794,92.615855864
170.828023465,93.1767308257
175.096688098,93.5851888656
176.475918927,93.9605710981
177.043170907,93.92767444
176.858013629,93.7558309708
176.732845414,93.6065249526
176.943005314,93.3936228118
177.45375436,93.3566220058
178.508791514,93.4984544306
179.248173565,93.539315373
180.094358223,93.52539405
181.462710306,93.7665966688
182.283255423,93.8379796766
183.417317383,93.881625091
183.967031732,93.9803103285
184.597486967,93.998212442
185.687576334,94.1082386002
186.479834382,94.1575736389
188.304148042,93.7889102614
190.69999951,93.1958210492
193.819628169,93.3287947017
197.656519362,93.8126874367
199.502393544,93.8423794906
200.1527737,93.9135259918
199.350079827,93.8369646397
198.028374635,93.4872787947
196.026909495,92.9792883391
194.73686278,92.9373365183
193.290023393,93.0805647815
190.589658578,92.6189511215
188.380940579,92.0931998104
184.883143665,91.3349097553
182.381124031,91.0886112136
178.312876464,90.6475630528
176.194215808,90.3553811924
174.330549232,90.4807108149
171.880718354,90.7112282724
170.852767084,90.8180299098
169.993109749,91.0646920942
169.414165023,91.3251598184
169.358817017,91.5954603365
169.039906486,91.7763453181
168.843987611,91.7379147228
168.547544299,91.7758747028
168.297242641,91.7383218573
168.368717385,91.6643471889
168.811267286,91.622746741
169.725292059,91.4426840448
170.718434056,91.493521016
172.486571582,91.4217373361
174.055234024,91.3937948922
176.597879228,91.3076918609
178.602994882,91.1848805645
180.598244761,91.2531617284
183.3436666,91.198148625
185.250730094,91.0210775475
188.556051922,90.548477714
191.21476024,90.5111954331
193.957230556,90.644042151
197.79330436,91.1744236901
199.69984294,91.3890709143
201.794585135,91.6123357451
202.468762639,91.896826513
202.99294208,91.9660314808
203.39079131,91.901420687
203.315916258,92.0242644899
203.266873974,92.0832285654
203.13899741,92.1214630395
202.873323797,92.2421137533
202.450222349,92.3087218164
201.997056255,92.2210509416
201.540554445,92.09474648
200.87253579,92.0481257253
200.45246034,91.902178626
199.700292293,91.9203226392
199.247739477,91.7673758771
198.541763664,91.6487604014
196.576686885,91.6033830679
194.394341853,91.4210045931
189.151061814,90.6970022424
184.558580942,90.123812347
179.292020957,89.1489959115
171.40515347,87.1919579595
166.749924428,86.4068253477
161.573468059,86.7439239927
159.317124437,86.7183381385
158.312340094,86.8888316154
157.371642857,87.279064602
157.130286979,87.2330277896
156.465327221,87.29215587
156.091713035,87.168415759
155.740097011,87.1771780366
155.167730359,87.2546996594
154.945006047,87.2134922962
154.408012832,87.3453545994
154.127407903,87.3377886492
153.954687438,87.3868993564
153.434491895,87.6548794168
153.223321683,87.7080848803
152.832577274,87.830902503
152.344268828,88.0090768152
152.242126751,87.982111802
152.164320559,87.9587460257
152.156043689,87.988675493
152.462636475,87.9859010709
152.928584151,88.1338456245
153.427568063,88.1721891994
154.337258672,88.3443789269
154.972661627,88.5566640172
155.859069526,88.6570413148
157.333663983,89.0369896219
158.440479823,89.1975934313
160.315196033,89.284009471
161.382718001,89.500907909
162.342105161,89.6004604824
163.427870908,89.9425717155
164.074090063,90.0543382276
164.522291421,90.6387537696
164.514442455,90.665247674
164.612694866,90.7388039117
