181.216329337,108.34879244
179.771182362,108.080610546
179.232217158,107.988433105
178.626631048,107.871385129
177.534749167,107.698832512
176.780969544,107.631285813
175.65342819,107.565259026
174.852165444,107.511620666
174.053183227,107.430523088
173.018712593,107.216817655
172.49886296,107.213518552
172.095931231,107.209627759
172.002250481,107.234532684
171.967807895,107.240943103
172.184118291,107.262632535
172.891418843,107.189615931
173.837325352,107.086944658
175.366513147,106.867264874
176.509113386,106.625535299
178.227881935,106.283626632
179.370671922,106.015078326
180.40272132,105.799357213
181.643001531,105.617409636
182.323234945,105.570754442
182.992856464,105.613784427
183.257536145,105.695176786
183.399018423,105.698473519
183.683673217,105.582723614
183.913840178,105.440887873
184.363255834,104.852097358
184.595731465,104.569675313
184.766896289,104.329299737
185.06771331,104.156597479
185.354622785,104.103054911
185.838398543,104.128327256
186.053945945,104.130699118
186.285212783,104.141722136
186.528295197,104.116348176
186.623256778,104.090802488
186.828444303,104.01060171
187.085855154,103.9573072
187.535306767,103.905274107
188.342630216,103.914731858
188.793750626,103.954123246
189.267833338,104.064397481
189.383981446,104.210367147
189.44746651,104.390674262
189.392058881,104.957279408
189.147636852,105.653659712
188.565100655,107.765634187
188.076409837,109.630294704
187.514674494,110.820082347
186.921369111,112.822214122
186.623070906,113.953916993
186.352830482,114.969910738
185.916205481,116.22593271
185.463264551,116.547734932
184.641595858,116.767087485
184.13538727,117.041662956
183.673600314,117.428770225
182.829253629,117.799866837
182.056631023,117.875932185
180.098669091,117.939158655
178.944714405,118.348919118
178.023794768,118.867948819
177.321082351,119.771907735
177.224141591,120.214414281
177.104072935,120.347046155
176.576266999,119.933478175
175.981202417,119.566662571
175.123163364,119.178185376
174.543779906,118.729873931
173.957784609,117.985103114
173.716001475,117.457425724
173.616881404,117.037007308
173.717948792,116.46821204
173.934041811,116.299804174
174.033871968,116.234843466
174.080029631,116.224528621
174.083917168,116.176830652
174.108112438,115.970578572
174.366063936,115.719437965
175.243491391,115.456991968
176.096244941,115.138968419
177.358566968,114.903339326
180.006483107,114.215790422
181.776582592,113.602415769
183.423260145,112.929785449
185.374982932,112.210943079
186.240560817,111.719227878
186.659314686,110.910943858
186.349685464,110.093049558
185.7187232,109.150406497
184.403408122,107.578955627
183.558279523,106.644198904
182.429258975,105.428742081
181.923404558,104.885702709
181.573166252,104.486040025
181.400463458,104.04014978
181.360186953,103.824271845
181.223159698,103.443016327
181.06228981,103.250553178
180.860334843,103.067540029
180.594212904,102.955273149
180.322316263,102.803467364
180.019464819,102.682069694
179.79497759,102.544008984
179.527910766,102.415367814
178.81484536,102.257127924
177.841621012,102.191186864
175.929390061,102.310432512
174.543462675,102.406295835
173.362442316,102.321814476
172.148918445,102.123101341
171.853756599,101.929291984
172.102598198,101.965192251
172.491871173,102.108457016
173.097491577,102.368734873
173.579956729,102.76098708
173.480207274,102.924215992
172.732852292,103.319560406
171.903336149,103.33082724
170.20594614,103.170549245
166.401327011,102.978915372
163.444138694,102.569312646
160.843152961,102.319635169
157.468711539,101.649994397
155.835462304,101.321737655
154.357942101,100.998811532
153.756644122,100.820357456
153.369101435,100.728172538
152.818851444,100.566633167
152.144423031,100.451415824
151.182809958,100.25805147
150.602959336,100.123458569
150.060679355,100.029170296
149.414104044,99.8765255091
149.319440224,99.845561494
149.421231523,99.8484225904
149.695644436,99.8601258314
150.126855587,99.8359832009
150.624407487,99.7446622326
150.873762815,99.7638074295
151.507239535,99.7713936471
151.984228651,99.8118447715
152.6248245,99.8381522792
153.954693781,99.8406491173
154.927778311,99.8354303711
156.433647735,99.9768514687
157.312450876,100.056682554
158.10292337,100.21287355
159.167285364,100.431935938
159.908583172,100.528694069
161.21627718,100.713857101
162.259165389,100.905370806
163.334731463,101.086810264
164.820166452,101.254657486
165.768911213,101.388063034
166.568037488,101.434215239
167.593753736,101.464804971
168.178577344,101.369441019
169.009696279,101.353879544
169.557331041,101.352747649
170.040022509,101.37453118
170.622038787,101.406481325
170.854251891,101.358204312
171.110522281,101.2826231
171.255737033,101.2508558
171.414618134,101.216908966
171.800599831,101.049888817
172.159164566,100.904018789
172.827621225,100.459403202
173.279258451,100.113689643
173.812564283,99.6262928955
174.579720336,98.9994095552
175.12509108,98.6639693534
175.860557157,98.4149399053
176.260310416,98.4172799851
176.578658103,98.5025509735
176.833479536,98.6233338115
177.00005415,98.6945472135
177.292028648,98.8432590844
177.524558975,98.919882696
177.792138712,99.0249135351
178.294430551,99.1065079362
178.607645332,99.0739801165
178.887552832,99.0608405537
178.980885232,99.0791648541
179.080541324,99.122193832
179.212708692,99.2263092784
179.263674014,99.2828115245
179.316738685,99.3624672387
179.385452134,99.3793765233
179.440370772,99.3587268166
179.490207769,99.3098754993
179.452744417,99.2765696197
179.327606887,99.2529839718
179.166503183,99.2522167891
179.101434742,99.2545581396
179.053563721,99.2702519662
179.019184257,99.2670496054
178.964048027,99.2754693263
178.763245044,99.3235237154
178.549649537,99.3789175567
178.149584899,99.4073935947
177.885924189,99.434651641
177.690820249,99.4416137684
177.453541688,99.5054259274
177.307019179,99.5615345961
177.043073338,99.6496234625
176.886934884,99.6974113238
176.732004776,99.7283620849
176.523054346,99.7077314868
176.396140764,99.6923782546
176.189074803,99.5888351285
176.084574386,99.4935433016
175.963275808,99.3609254537
175.803100288,99.1728663179
175.717196665,99.0601580086
175.565021587,98.8895355632
175.499098643,98.7735331657
175.479848333,98.7212409093
175.554105575,98.6133056089
175.738810039,98.4145201731
176.215049011,97.5141051884
176.564327786,96.3212627665
176.848961969,94.0998519447
177.313620247,90.2069826121
177.707203571,88.1009834924
177.939661367,86.2949087085
178.106559574,84.2944102528
178.079848754,83.5960622269
178.000388376,82.9359056071
177.905264595,82.6127958627
177.823462259,82.621035916
177.717023748,82.7209825174
177.609747674,82.9714995574
177.531052729,83.120981181
177.505616537,83.0867169654
177.423561704,82.8821405335
177.250974165,82.3784256181
177.148920664,82.2770697588
177.037226327,82.19365067
176.964866698,82.2914323948
176.918313981,82.4828051252
176.92046836,82.7920127297
176.911288875,83.1566005856
176.943009311,83.6760765168
176.951927517,84.1057915563
176.925991063,84.7072332934
176.749174987,86.4796251438
176.543548446,88.3421966452
176.394407854,90.999109844
176.44891483,93.0917423377
176.629609144,94.3584235161
176.954120482,96.2568946539
177.170287593,97.3581019753
177.451435417,98.8187139366
177.559226907,99.7673152485
177.62431641,100.355862592
177.714676898,101.038202443
177.730686503,101.350190741
177.740166676,101.583780789
177.738012935,101.796144164
177.7573892,102.032646447
177.869556552,102.42077842
178.061889655,102.66771875
178.262542698,102.819453582
178.719017454,102.904981868
179.028398675,102.852610534
179.659085633,102.762838562
180.067764978,102.78842217
180.426532265,102.940151872
180.972291566,103.231822226
181.364954447,103.500151534
181.941399816,103.798662922
182.403322003,103.752603893
183.197745218,103.427443332
184.489870066,103.113846246
185.316976878,103.127035669
186.117569261,103.199240321
186.2918292,103.272177797
186.230179542,103.409960733
186.162009097,103.63447838
186.1430859,103.751533486
186.341645174,103.955063105
186.648448623,104.152507782
187.081599063,104.40924173
187.688152772,104.797201294
188.139125467,104.997952133
188.909603957,105.196989394
189.462370952,105.21829158
190.098701901,105.236319904
191.006638423,105.232925441
191.699962209,105.193869493
193.029368566,104.359566412
194.434600245,102.764489727
196.228818354,102.114983761
198.845743889,102.099612142
200.278838721,102.36763204
201.374165817,102.725770135
202.528197391,103.023121852
203.005764294,102.972780542
203.400751628,102.92757235
203.453067332,102.904079265
203.556756965,102.925983617
203.723307548,102.948059096
203.801678468,102.956941451
203.869075707,102.911578819
203.868319286,102.861751873
203.837349533,102.817240659
203.638451034,102.723813524
203.408808054,102.674058352
202.776143783,102.526353869
202.184704266,102.481603831
201.547209776,102.410185455
200.538894747,102.281009207
199.818140734,102.172157766
198.862518179,102.031741982
198.217489926,101.919655799
197.568980079,101.833785938
196.462604521,101.67624399
195.608067618,101.493180939
194.080037156,101.226358827
193.254749638,100.940952517
192.46556985,100.695450245
191.324598434,100.372562835
190.546477257,100.22704189
189.490015441,100.028992128
188.901487411,99.9464491879
188.504955543,99.8375593007
188.136384696,99.8077179128
187.978844825,99.8433560537
187.741828147,99.9801465986
187.305057846,100.226651962
186.982406599,100.326698209
186.61784898,100.363497509
186.3747705,100.380680018
186.236468224,100.40414912
186.053911335,100.441942083
185.959458642,100.472362304
185.850762514,100.465369899
185.822697667,100.455429599
185.827213703,100.44834603
185.919259822,100.480683553
186.10374718,100.532236857
186.432032226,100.622191686
186.615825852,100.662173196
186.79599464,100.698292156
187.088532129,100.749367167
187.268181836,100.767442715
187.602091694,100.75971297
187.845451026,100.707553512
188.056707032,100.66931993
188.380741393,100.565674781
188.57208448,100.485308656
188.821254126,100.393627534
188.993504708,100.361317767
189.20049176,100.34149092
189.503683033,100.306586843
189.806736548,100.301171691
190.248592084,100.387592256
190.601666698,100.489734588
190.935929818,100.608210726
191.504195776,100.710240876
191.926536539,100.710084947
192.645558249,100.664427586
193.137456418,100.663029142
193.750949489,100.644226185
194.971274078,100.684066237
195.864735482,100.737693582
196.77850963,100.80370059
198.069691603,100.941750125
198.859683534,101.019328542
199.874236364,100.996526191
200.309290754,100.919725678
200.68520156,100.881211088
201.075450442,100.822546989
201.277494191,100.7863402
201.747648603,100.695339335
202.058296318,100.654570546
202.299029808,100.638083385
202.816102923,100.606614929
203.075905309,100.609091693
203.33577918,100.608548354
203.514888461,100.602726985
203.660287366,100.590220242
203.78726937,100.547940217
203.83896128,100.516108668
203.751048763,100.390778411
203.505258932,100.187884035
203.078931536,100.01173016
202.514667034,99.9013405496
202.174106322,99.870797019
201.680425352,99.8195429664
201.247452151,99.7983210754
200.466537842,99.881517586
199.221910358,99.8433509234
198.519264139,99.8329718118
198.051393778,99.6884188934
197.76492153,99.5835670581
197.802145681,99.5863414738
197.887769687,99.6437477169
198.000986427,99.7635510682
198.080377973,99.91727704
197.996294639,100.105030432
197.777898569,100.157260832
197.265969039,100.140093152
196.904509799,100.082409637
196.599600709,100.006193734
196.17239861,99.9293641389
195.884784062,99.8913628127
195.463046188,99.8492662248
195.151600956,99.8323763353
194.785513844,99.79381944
194.258762377,99.7621976776
193.859996956,99.7772615787
193.19191039,99.7730707609
192.699816757,99.7370995058
192.096070973,99.6698926957
191.12678672,99.5280718691
190.432327208,99.4317882948
189.361040009,99.2787560958
188.630955644,99.1923630016
187.851333848,99.144870596
186.651208758,99.0303349047
185.926037598,98.9137354099
184.929089379,98.7924951676
184.390714809,98.768681284
183.700183594,98.7734271523
183.310273255,98.839049979
182.992164693,98.9088961277
182.529847368,98.9852910063
182.207566659,99.0340387071
181.884581214,99.0215740935
181.359676331,99.0832419586
181.015299801,99.1162015211
180.620411685,99.1618554122
180.044662066,99.2114237502
179.571625367,99.2886749698
178.797472468,99.4839166352
178.180032832,99.6860894346
177.370342765,99.970936101
175.724365583,100.537432544
174.457732524,100.905809215
172.439526698,101.183232519
171.060006687,101.108967798
169.74227928,101.002551287
167.780769282,100.743594829
166.643699461,100.718169678
165.137358652,100.872781295
164.142312129,100.961140593
163.034455159,100.852442661
161.321945348,100.718128981
160.178827892,100.656170044
158.307498176,100.473774621
157.073182546,100.399287659
155.869075841,100.211594126
154.185763264,99.7783668917
153.220225617,99.4637595967
152.587661808,99.1454065809
152.208576647,98.590834332
152.357479947,98.4008181979
152.850392293,97.9149942827
153.190483367,97.7313216573
153.574920387,97.6066127162
153.712630857,97.5845031946
153.824744787,97.567169535
154.027706228,97.6671830951
154.157715261,97.7281466703
154.304986565,97.8751054318
154.332943002,97.9264568472
154.367875939,97.9604849391
154.398496293,97.998302862
154.474493569,98.0532564921
154.636909177,98.1652934298
154.955057873,98.3176809089
155.244315779,98.3860224506
155.661776231,98.4140256807
155.935648411,98.4463001083
156.162339396,98.4735891987
156.474713418,98.4819464649
156.601108824,98.4637139825
156.718289747,98.4418759395
156.740173873,98.4213544286
156.686686006,98.3824956869
156.546784723,98.3350783825
156.454220792,98.3302511379
156.041954225,98.2555447254
155.532527368,98.2671039011
154.882341627,98.1876729189
153.931112598,98.073778116
153.204212868,97.9826044514
151.865745241,97.7462634345
150.895152493,97.6669038439
149.755261878,97.5800538778
148.008395963,97.3818702507
146.802734807,97.039355647
145.215697817,96.600477652
144.065907225,96.1998242182
142.788736701,95.8226020039
139.694561809,95.2461237328
137.016133505,95.1500759938
134.004152487,94.9905203015
129.263031237,94.8849472944
126.356884703,94.7179317792
122.621752687,94.5708620511
120.601293415,94.6686901974
118.880968559,94.8010499901
117.423922426,95.0638382215
117.208661101,95.1689028605
117.520921609,95.0969659959
117.864007665,95.0033822223
118.13369396,94.8145930826
118.285973378,94.7279329762
118.639511573,94.5393044541
120.370019978,94.6594266678
122.42671746,94.8133366336
125.099645648,94.9883554463
130.184825079,94.9554154195
134.14226249,95.2698689391
141.484334864,95.6060362184
147.678326849,96.2458947795
154.640235961,96.8091901201
164.770000917,96.5473680793
171.627840103,96.7245023533
181.496159635,96.3838234412
187.291967655,96.3786384229
192.539978054,96.1513369954
198.76317876,96.0127110171
201.843322095,95.7676271968
205.181444306,95.7863173225
207.024630824,95.6567462885
208.323271735,95.7298211024
210.005890704,95.3548810369
210.77778315,95.2926969985
210.884506656,94.8647077104
210.426611334,94.8135375972
209.493756557,94.6229155422
207.890254281,94.4348373624
206.554310387,94.3889881378
203.183300876,94.5720680595
200.410185475,94.9847941517
196.979073761,95.2087484
190.954420794,95.6240655465
186.293057675,95.8684061859
181.117579507,95.9822169034
171.720986347,96.1396249353
164.303128157,96.2530143572
152.062125187,96.2851041178
143.151323517,96.1789069681
134.989850124,95.9792036587
125.475549513,95.6326727428
120.978382621,95.7862920767
115.328291085,95.9905067509
111.97198553,96.0332421237
108.447197149,95.9114634096
102.963432585,95.6030304509
98.9641746281,95.4015057814
93.2709104428,94.8551212621
88.6635538602,94.2758174021
83.666046493,94.0710375446
75.345898315,93.8754883903
70.0545161953,93.6495222217
62.8027405842,93.3651709209
58.6584138236,93.1630332498
54.7273937899,93.1469970718
49.1966709243,92.7437037884
45.3617584221,92.5090749807
39.708920393,92.2227290766
36.3743038166,92.0242342545
33.5687160936,91.7951089592
29.7926464365,91.7239147692
27.5810250576,91.2379151568
25.3881557651,90.9565286755
24.1787096691,90.884416015
22.8466166125,90.7155623582
21.1704171673,90.5261169736
20.6160487111,90.3701231593
20.1751681889,90.2549122827
19.755381607,90.0462528114
19.7126764464,89.8120084951
19.6528934685,89.5316479443
19.5872646648,89.2184487863
19.6781390404,89.1225391282
19.8706064631,89.0671411472
20.1665260304,89.1117596637
20.5544179294,89.1920830601
20.8516097845,89.3335517964
21.2200670594,89.4298242985
22.1513761016,89.5868162705
22.9994060783,89.7007893032
24.1667628539,90.041678393
24.7486253185,90.4510788872
25.208472293,90.9896288645
25.9227650544,91.9745982909
26.5329682821,92.2565363924
27.9907457067,92.8356672726
29.3059922869,93.1383315946
31.0795136098,93.3987297431
34.3518509315,93.6112581104
36.9752201135,93.9380944925
43.0273194443,94.4805118541
47.9836207817,94.8395169185
53.5359118087,95.6662913522
61.5456343193,96.9083369402
68.4646778471,98.0261707889
79.4750879076,99.7303498645
86.6472428931,100.660074851
93.1581007155,100.435467288
102.527526603,100.231443661
107.947630498,99.7292778702
115.800037411,99.6464335822
121.269206009,99.9725277741
126.867656953,99.7315167479
135.629731082,98.9991787652
141.803884503,98.610486215
147.555244066,98.3934797087
156.147412386,98.4376922979
161.699455265,98.6130501204
168.631060652,98.8780734028
172.118925772,98.9343212055
174.895208123,98.7803723308
176.411384527,98.5752690268
176.517346475,98.4199439985
176.122512352,98.4221482663
175.684596965,98.4882955481
175.265719493,98.3722110003
174.825055119,98.0594561363
174.742232164,98.0351813999
174.597880019,98.1192040599
174.432924904,98.2001697466
174.134105551,98.2889126084
172.582434639,98.2933261255
171.210284272,97.9934435759
168.988944336,97.7115408597
167.41646472,97.5202129733
165.874585464,97.4703483992
163.745484689,97.4895712276
162.436383176,97.5636441751
160.519416188,98.0339126847
159.391512277,98.4157224283
158.290438722,98.5660129244
156.661060944,98.3876799574
155.526340873,98.3239740467
153.651362563,98.1312725912
152.288278268,98.0861722871
150.866223831,98.1089059001
148.684328593,98.3110277225
147.287432001,98.4947878397
145.91240845,98.4391525467
143.99656532,98.2366535497
142.80993595,98.0844365543
141.222606485,97.9571717284
140.308051018,97.8775600875
139.587710771,97.8480986533
138.860562581,97.8340289451
138.509735975,97.8212994447
138.354630149,97.7456708604
138.299293669,97.7117427117
138.220694996,97.6576799528
138.069844123,97.5085457297
137.956658575,97.4268796336
137.762066489,97.3054455633
137.669689331,97.2124274642
137.688792145,97.0894271437
137.865882412,96.9713413579
138.081297695,96.9046639616
138.730348621,96.8681168286
139.152222732,96.9023680534
139.626185276,96.9563034526
140.460262943,97.1012415958
140.946385682,97.2089212645
141.695104335,97.2890889244
142.181631981,97.3186017154
142.621737216,97.3318562499
143.364541936,97.2190269431
143.8935891,97.1585911516
144.693158942,97.1465487941
145.232794053,97.1370373305
145.740729853,97.1423267729
146.446865484,97.1973789961
146.871670185,97.2406384632
147.457701461,97.2498246426
147.746665322,97.2003451509
148.019126146,97.1848262665
148.571414885,97.1228329171
148.948468,97.087231729
149.310515153,97.1064820885
149.744456112,97.1663713022
149.888816963,97.2287433638
150.113130948,97.3093114416
150.218564501,97.3444750596
150.302497472,97.3686278512
150.338155074,97.3864577344
150.292300574,97.3923508129
150.078329184,97.4054796829
149.865797255,97.3428907385
149.53683762,97.304971751
149.029271601,97.2939300995
148.658259091,97.3021869464
148.03090837,97.3086664914
147.5810628,97.2774356024
147.154580848,97.250402112
146.384070789,97.1864595426
145.810285058,97.1743395954
144.864817861,97.269040138
144.191138152,97.2794075653
143.544787412,97.2540909806
142.688465773,97.2341520022
142.140194385,97.2244251943
141.361892876,97.2683434617
140.86149192,97.304867093
140.358310555,97.3551019277
139.596904179,97.4319898108
139.055807433,97.4290285935
138.347105083,97.4566609732
137.9136709,97.4839342476
137.592742937,97.4736968758
137.205426651,97.4902786891
136.980476165,97.4519879088
136.825415956,97.4495107924
136.568072978,97.4382898401
136.40552867,97.4416252553
136.217824346,97.4449920073
136.101788043,97.4571376755
136.016998881,97.4651814338
135.931385911,97.4438803419
135.919103377,97.4165408657
135.98696181,97.3552824637
136.099314108,97.3394882593
136.235396129,97.3471908146
136.443138365,97.3901927323
136.582463526,97.4037199356
136.751617231,97.3830939605
136.910209065,97.3890991238
137.092049771,97.4015242766
137.474595997,97.3974600534
137.714634266,97.3755368108
137.962024993,97.2909864639
138.080964156,97.2618849556
138.167763013,97.2184386643
138.293736451,97.1708618475
138.352090039,97.1317894591
138.356401101,97.0926878241
137.793932177,96.9551859067
137.156324352,96.9094638991
136.150433602,96.7920263777
135.492435574,96.6963515216
134.588536395,96.5918423242
134.149622974,96.5729055562
133.821686505,96.5640587333
133.565164336,96.4738030849
133.159152313,96.3382114281
132.709680169,96.1673295627
131.837014138,96.0344942699
131.270411118,95.9075577837
130.593561289,95.7485673609
130.299539371,95.6890238932
130.284659178,95.6686436446
130.286447113,95.676167459
130.424952302,95.6918589788
131.014813672,95.8445848852
131.550510786,95.9094908997
132.124166453,96.0314015588
133.076050766,96.1875902554
133.889060008,96.3535436881
135.193763586,96.6157632902
136.282417241,96.8790223595
137.467483069,97.0199857745
139.200592637,97.340349289
140.369879638,97.5830496265
141.85220875,97.9221577079
142.687811921,98.1844044943
143.415234858,98.3741020887
144.229488457,98.5780199702
144.643448701,98.6814948556
145.188789994,98.6278548851
145.565396176,98.6600377075
145.940383686,98.6634067811
146.478542058,98.6870519498
146.948499689,98.71566663
147.625483736,98.6905132896
148.043259828,98.6733880013
148.396496299,98.6518195712
148.886678698,98.602871415
149.107874565,98.5775866539
149.715429522,98.5497526569
150.129536344,98.5431055555
150.555388478,98.4331863641
151.161129999,98.3571129665
151.538486173,98.3432526421
151.920433975,98.3066667676
152.524290954,98.3157388955
152.987295096,98.3278847727
153.735523909,98.3633689382
154.304696892,98.3732824227
154.853860349,98.4304895734
155.749848453,98.4575670172
156.37374569,98.4416472442
157.305220283,98.4220878171
157.928569518,98.4331465543
158.542119826,98.4373007845
159.45554696,98.64205838
160.03647802,98.9135470487
160.913871996,99.7443770828
161.521569242,100.706716784
162.175768972,101.946388305
163.168024278,104.005006788
163.69537248,105.283046475
164.317473094,106.763358991
164.682867793,107.804084394
164.938164499,108.510086435
165.271975382,109.461938676
165.370320683,109.906378253
165.517698774,110.540390265
165.534544433,110.736592012
165.492762832,110.789750213
165.427724969,110.824179027
165.359950758,110.824082859
165.184704864,110.832938818
165.04344966,110.833253221
164.854759985,110.839060108
164.424578437,110.769629269
164.139629646,110.694923272
163.799152299,110.56230538
163.232477275,110.25629137
162.862148295,110.011970671
162.312776397,109.623374241
161.95000182,109.361680806
161.634114442,109.082188236
161.094672634,108.431497895
160.756568585,107.878570945
160.194149395,107.209518311
159.840361213,106.906108552
159.475599593,106.6964514
159.120686103,106.637759133
158.960904721,106.68787631
158.591104065,106.951910678
158.445031181,107.113076255
158.296798281,107.274033147
158.118851411,107.384146551
158.013822352,107.419287957
157.843743165,107.471714562
157.767971071,107.491832625
157.68687902,107.514995571
157.615113802,107.512945779
157.617869823,107.552453238
157.703200341,107.663624526
157.829900839,107.737945016
158.001096532,107.778321075
158.325426978,107.743957968
158.55646972,107.660816734
158.940603518,107.552161857
159.255893845,107.48922074
159.49096812,107.433076869
159.952394321,107.360830231
160.244422024,107.332794495
160.550784108,107.304386216
160.936320858,107.285567979
161.163816602,107.265949835
161.474844784,107.196629029
161.661645064,107.151439368
161.81490038,107.103425236
162.061362087,106.965092629
162.334394391,106.819302426
162.936852324,106.539090163
163.503623031,106.276397626
164.132056964,106.004248431
165.338814348,105.413975947
166.274225815,104.979965764
167.785341078,104.210175547
168.99255628,103.455595178
170.309214252,102.479970194
172.238400827,101.150305499
173.438416541,100.363869914
174.793816478,99.6534617306
175.423869791,99.3081018665
175.934390433,99.0190657962
176.492551584,98.7255881919
177.238868694,98.4694454042
178.916487463,97.8834674659
179.995382518,97.5249542554
180.811884543,97.3902861411
181.606361055,97.3528915007
181.779840437,97.3762970053
181.843872149,97.2911775064
181.876320286,97.2760778228
181.969535215,97.2449215325
182.120665633,97.2557723897
182.26791423,97.306511222
182.489914762,97.3610227799
182.607160594,97.366002972
182.74862866,97.3234324858
182.904672385,97.2071424944
183.081586302,97.0565895232
183.334855307,96.8830286044
184.340370876,95.9943791821
185.198342761,95.5192984823
186.595850789,94.7959913787
187.614573284,94.4665425192
188.590007533,94.0949562685
190.018027733,93.8115738009
190.807201513,93.5880656277
191.537570897,93.5171606825
191.609238879,93.6711348637
191.631287328,93.7801628999
191.847022597,93.4008363532
191.949950197,92.6245848372
191.636664384,90.62576488
191.116270453,89.1719547358
190.443416872,87.6552143837
189.637309315,85.9196259818
189.181824684,84.8684720872
188.906433457,83.2387559082
188.793893857,82.4065952097
188.739254902,81.7905029346
188.758413514,81.5976738408
188.763827734,81.6992144089
188.849321681,81.9084141089
188.950317143,82.2779818685
189.023595657,82.5574220458
189.106985902,82.6851971639
189.145404396,82.7301338535
189.190354903,82.8326061521
189.243637321,83.013211519
189.369231145,83.5224008051
189.71320657,85.0808187434
190.244902473,86.9081066003
191.186452198,89.1850795387
193.228938421,92.1858308778
195.03041261,94.0274333044
198.078840243,96.112751477
199.949737842,97.2444951487
201.70289714,98.2516025998
203.530500373,99.7926561605
204.16305382,100.84413355
204.868092302,102.479771681
205.280985042,102.962963809
205.692983479,103.135289122
206.134227974,103.367228571
206.217737072,103.404199102
206.412084872,103.520467249
206.559342049,103.64910228
206.673201564,103.734374728
206.798492457,103.820279069
206.870050616,103.853151234
206.915394038,103.854674981
206.931815752,103.843893204
206.938586601,103.849293151
206.96241092,103.8640245
206.999065611,103.85007813
207.045305254,103.801539748
207.051662748,103.758129902
207.036415249,103.672514013
206.978488619,103.524877479
206.911942559,103.461177807
206.798256345,103.407090611
206.738340572,103.4026237
206.686425471,103.402807497
206.608175232,103.410737303
206.583357562,103.440867247
206.593451121,103.497380881
206.777282275,103.777665494
206.955065054,104.047279902
207.199937267,104.317827542
207.307673851,104.398859121
207.381463696,104.446729506
207.317114786,104.424281169
207.168408397,104.392134613
206.969027822,104.349377476
206.88446069,104.312185213
206.850284161,104.255255526
206.786474821,104.125100884
206.731037293,104.00059919
206.615469663,103.830225793
206.513874881,103.674876712
206.317981459,103.476649909
205.804640967,102.995013373
205.458414042,102.653820728
204.784480384,102.120477918
204.322959966,101.862605054
203.907998069,101.593799183
203.22998644,101.268739863
202.858806985,101.103523664
202.381388072,100.973871399
202.063431425,100.898141156
201.799036442,100.851548792
201.535649115,100.738371859
201.399410303,100.676731046
201.23162124,100.608594442
200.884235509,100.482560799
200.516162972,100.359638619
199.719487341,100.239198552
199.182474098,100.149580342
198.334005496,100.000087328
197.766818144,99.8613898482
197.231393629,99.7235664138
196.319874992,99.5471790377
195.73897586,99.4796371948
195.158063622,99.436665191
194.300704147,99.3986990281
193.725927557,99.3613355136
193.023473724,99.3661583519
192.665757542,99.3437989163
192.274842724,99.3358018624
191.706110939,99.3999822404
191.422227991,99.4106976405
191.110947355,99.4879760787
190.983013201,99.4926224631
190.913241588,99.5000845505
190.863875704,99.523444991
190.870839276,99.5454643464
190.910085144,99.6105963774
190.938371327,99.6475432895
190.958460907,99.6749867308
191.003966044,99.7310610252
191.069397646,99.7806281172
191.228176372,99.847671038
191.380425224,99.8956177602
191.587561076,99.9472036015
191.955717489,100.017193736
192.282150463,100.039009022
192.969534531,100.071460513
193.424845984,100.152428296
193.924899417,100.240124464
194.720553446,100.365727588
195.247704966,100.421313295
195.950946873,100.471956909
196.376842007,100.477490045
196.811900828,100.503871137
197.452436699,100.450387847
197.838973438,100.490328972
198.312708873,100.495630371
198.535499389,100.513779622
198.711521727,100.493137138
198.896003797,100.509085821
199.067066015,100.516961151
199.245835929,100.545094145
199.535444469,100.607982863
199.757598263,100.650596705
200.019433546,100.700221317
200.224943049,100.738917205
200.400443405,100.756749006
200.658545469,100.817041491
200.781250357,100.82902765
200.982723526,100.862305408
201.082881429,100.879752026
201.186109438,100.879325904
201.30825437,100.860790483
201.352457927,100.822698717
201.378859331,100.792472661
201.392635903,100.789590522
201.412668687,100.792441085
201.469843831,100.801865373
201.513359334,100.787579678
201.596562097,100.785364521
201.662513555,100.787365699
201.726817273,100.824279693
201.816830049,100.842822262
201.881498265,100.847099257
202.028712581,100.840719622
202.173568314,100.853581173
202.391067709,100.836306101
203.168488907,100.781873789
203.880594685,100.571754824
205.220061299,100.269022284
206.115146865,100.068721705
206.89907689,99.9162489989
207.9790375,99.7056884811
208.745610254,99.619314591
209.60503325,99.5246756291
210.938703396,99.2690648444
211.809685769,99.0872257274
212.848008044,98.8090802748
213.470794466,98.6287219311
213.959489419,98.470353252
214.612259383,98.3190209329
215.001865957,98.1868207098
215.663577054,98.1729751618
216.236093681,98.1855341561
216.880317893,98.2415610886
217.855454195,98.3897003978
218.421686871,98.4723768286
219.173846236,98.4658950229
219.608044864,98.4150460873
220.122486491,98.3739093489
221.09663143,98.3731792551
221.779101508,98.4490625892
222.550538766,98.5743991053
222.940304875,98.6408484058
223.268363484,98.5961942466
223.627203732,98.5023717093
223.843680707,98.488697387
224.1344524,98.5307320732
224.349932216,98.5656064908
224.539737856,98.642324403
224.771518651,98.733383271
224.896153866,98.7558964161
224.981582193,98.7796097549
224.992699633,98.7656789983
224.910204381,98.742755737
224.482901175,98.6103008434
223.994528838,98.4715729946
223.169892713,98.3002356147
222.508245381,98.20999514
221.875409095,98.1644725795
220.914541158,98.1513718708
220.279785985,97.9833386439
219.66653474,97.8593138463
218.470853321,97.609169819
217.465277196,97.4164104269
215.794598741,97.1899274063
214.554371135,97.1376439092
213.440232645,97.0529905833
211.675338921,96.9107380976
210.449519963,96.7389196839
208.180111007,96.4326407136
206.248425074,96.2388730642
204.005942037,96.0053965076
199.899409462,95.8385104434
196.353015485,95.7492748668
189.354296118,95.508499429
183.236668407,95.4379661688
176.376765988,95.338258416
164.499507944,95.1588204225
155.831696,95.1857065796
141.671289601,95.3120484919
132.124792061,95.7662739877
122.559328326,96.1701774682
109.414581722,96.8173819383
101.985579878,97.3866676679
93.3177636866,98.5428334618
89.0674189614,99.2837987827
86.0132313186,99.77222011
82.3421582442,100.104411464
80.0088627234,100.303248688
76.4030213403,100.269555705
73.8943726753,100.228620664
71.3689018921,100.351487883
67.4269494461,100.578822279
64.5752000662,100.644846264
61.1304072473,100.411554649
55.9307608278,100.26598251
52.9788874943,99.9961403356
49.3929699886,99.9887348127
47.6517564883,99.8470738603
46.3655033728,99.6117756693
44.6287335636,98.6997514788
43.2372565244,98.1330763254
41.0314100168,97.4760643245
39.8565058601,97.3338605295
38.9886338255,97.2932223622
37.9853763204,97.335990146
37.3936310959,97.2197122513
37.3213439616,97.0626630266
37.4045227721,96.8084277746
37.5992595111,96.6163219672
37.623437988,96.2705261611
37.7060562652,96.365816993
38.6245906834,96.5138030019
39.6381863863,96.5199530871
40.9296453155,96.4004480398
43.8221224343,96.2411377161
46.9451631229,96.1378308653
53.6582515322,95.681925013
59.05684809,95.599227853
64.8991236768,95.7083358575
74.3610647565,96.7368388462
81.0487954673,97.2407650258
90.9721727637,97.8196523625
97.0949704581,97.6598722237
103.279221578,97.839083469
111.904902647,97.6685712284
116.583438554,97.3198887734
119.723152729,96.6647932834
124.291750109,96.8942537591
127.381195564,97.0225613288
132.594293868,96.9823725933
136.370161601,96.8887521578
140.247631709,97.0097125452
145.785019488,97.043124911
149.330658109,97.2572545265
154.588843206,97.7659795174
157.91506783,98.0213929488
161.096437219,98.3674988197
165.642290395,98.7559336465
168.337544455,98.9312527481
172.14790704,99.2324735243
174.475509954,99.4934408662
176.572682627,99.8482337285
179.394398421,100.347370322
181.1846354,100.45031543
183.695193538,100.180247824
185.146705008,99.9382269686
186.462874206,99.6193849232
188.082687157,99.0386527588
188.825765187,98.7307556759
189.627006158,98.3246482793
189.908223621,98.1368910735
189.974454549,98.1920530878
190.090670125,98.2596802009
190.155496962,98.3851042743
190.054610381,98.6054306119
189.901359014,98.6757954925
189.732141032,98.5799182213
189.385559888,98.2245779367
189.096058231,98.0299936224
188.581966596,97.8592644886
188.184941497,97.8547565459
187.774746212,97.8400221873
187.212036675,97.7680643002
186.934053388,97.6729312882
186.67760482,97.6021619634
186.266258171,97.4969359754
185.891641696,97.4261581143
185.266517546,97.358370635
184.847152301,97.2739940323
184.435759625,97.3054096778
183.833489633,97.4589809883
183.416164189,97.626803593
182.840810337,97.8594327427
182.444435377,97.9998712166
182.073252685,98.1327279034
181.510023529,98.2932020265
181.125468676,98.4025703393
180.610154277,98.5741908122
180.237610492,98.7636410496
179.92894325,98.8339097886
179.468943102,98.9026836979
179.163219515,98.8678674828
178.762238916,98.7784991267
178.490383963,98.7244555668
178.248588657,98.6949544288
177.795386413,98.695303989
177.498598885,98.6994094362
177.147543919,98.654730118
176.546580155,98.6622662348
176.127469487,98.6289953636
175.41293677,98.6912274947
174.845413152,98.7477683378
173.737851202,98.8894465229
172.804721421,98.9767125435
171.70503937,99.1773355294
169.972145087,99.449593173
168.795785206,99.7331833801
167.677665239,99.9758832899
165.975420789,100.407757016
164.953799588,100.60747008
163.629112451,100.934525189
162.859507756,101.148882081
162.255985933,101.281363089
161.577856576,101.451328214
161.330391774,101.509987013
161.354875119,101.529743656
161.369837979,101.531227539
161.480068928,101.539720216
161.744451004,101.58337471
161.891746862,101.609476932
162.015495777,101.626558831
162.050260488,101.608658096
162.034616536,101.589454229
161.961141666,101.533730234
161.863839073,101.490471643
161.681385557,101.416150067
161.497426819,101.358766911
161.218967922,101.274647409
160.743949354,101.149349008
160.434231352,101.069798806
160.119087975,101.015762841
159.554925739,100.851609544
159.133525068,100.755599948
158.375385116,100.492866786
157.732612534,100.370413811
156.447248651,100.225676018
155.410968956,100.079842502
154.362657768,99.9539009079
152.82540324,99.6254102375
151.765504077,99.4022146506
150.194488081,98.9877627768
149.186511825,98.6806083458
148.197251745,98.3783986294
146.786162664,97.93381892
145.964127058,97.7028155232
145.267475538,97.5042217331
144.40937253,97.2579977171
143.927278787,97.0723001799
143.270782247,96.9503968398
142.884928379,96.8886084308
142.558761638,96.8278505556
142.101527631,96.738128225
141.74655018,96.6848079223
141.037304684,96.5628083047
140.560487897,96.4728194555
140.095328964,96.3902314687
139.514457884,96.3324404216
139.204838541,96.2906380629
138.834706593,96.2539427652
138.495665415,96.2081191086
137.984336857,96.0694102473
136.951930151,95.897681772
136.152400083,95.7956400003
135.069098536,95.6712070202
134.469973401,95.5951401489
133.923179597,95.4823815569
133.677342492,95.0821778396
133.62982476,94.839351919
133.433553326,94.7224291937
133.303734352,94.7833211607
133.169853842,94.8231364615
132.998830592,94.9237079575
132.930715727,94.9804947505
132.901081017,95.0791615216
132.953645469,95.1383702873
133.212847513,95.2175435968
133.927617356,95.4653076617
134.144931121,95.501421251
134.212199437,95.5238315322
134.316314611,95.5724989409
134.444912987,95.611265732
134.775293777,95.6582849005
135.00893772,95.6607874603
135.25548546,95.6646709711
135.541937107,95.6214907175
135.722217596,95.6032799549
135.979884217,95.5319508188
136.122712401,95.4934904273
136.270302575,95.4639389038
136.500336535,95.4123648552
136.653751792,95.4059212745
136.786511384,95.4251542343
136.93624703,95.4595893834
136.996135393,95.4683276595
137.07834485,95.4731736468
137.117703183,95.5003510437
137.20407516,95.5523556075
137.306589357,95.6252050745
137.467836553,95.7281822955
138.05378507,96.0474977814
138.59142613,96.256581823
139.535187241,96.6754058869
140.58745702,97.1628394212
142.217533285,97.8466046772
145.284068322,98.6666486865
147.518894056,99.1738317174
150.489764361,99.5546626723
152.150189343,99.8697601254
153.565171043,100.096613491
155.101767284,100.396196575
155.927243183,100.594682203
156.863905866,100.710818667
157.29723918,100.769057649
157.634745702,100.806548143
157.963940281,100.911481519
158.115673434,101.010413105
158.323391546,101.105552447
158.536896925,101.206340846
158.750891536,101.257425236
159.172714424,101.221380648
159.581499248,101.234830745
160.034760295,101.214139929
160.770119509,101.116360487
161.257549536,101.095423149
162.017409136,100.988266152
162.538625647,100.949802264
163.011939955,100.957752264
163.707392122,100.962742023
164.0928178,100.972782251
164.552174346,101.013231371
164.750594381,101.037111321
165.019788711,101.010813214
165.284386381,101.004425418
165.463934252,101.0285174
165.700917071,101.106407554
165.860441095,101.157966807
166.040285881,101.18698339
166.29782827,101.197294128
166.448127353,101.219557537
166.741863827,101.234156765
166.942605887,101.249143551
167.241974149,101.232977869
167.618167714,101.220232811
167.957255885,101.19345898
168.56093363,101.182296174
168.970680094,101.18451486
169.406107392,101.218283099
170.067761211,101.294209018
170.465825996,101.324847734
170.858247285,101.367772607
171.263138161,101.354376812
171.484932438,101.371891499
171.7124073,101.406833622
171.808983936,101.435824638
171.874124324,101.448026321
171.896966387,101.443055776
171.89887578,101.42043453
171.895990509,101.392048199
171.918533978,101.380484741
171.971016387,101.361809504
172.078156893,101.325786357
172.176193161,101.269838956
172.310407907,101.150896779
172.435795566,101.035490852
172.548415614,100.943281521
172.697282547,100.847801496
172.762760511,100.808834911
172.810167255,100.784861563
172.798863569,100.781967852
172.744369686,100.769741278
172.653741021,100.773734804
172.598291279,100.778316554
172.515293769,100.782831317
172.450476506,100.748690604
172.364603734,100.70369479
172.2282417,100.649454982
172.132059906,100.643317045
171.943517103,100.664231653
171.816334133,100.717699794
171.628802076,100.83265783
171.233739098,101.008476623
170.765494358,101.171842498
170.351068543,101.306340572
169.667726915,101.447304559
169.195847721,101.523242054
168.526785061,101.577036746
168.120445428,101.56506485
167.766312118,101.526781871
167.218790475,101.468071565
166.879905523,101.469128942
166.480842097,101.455499495
166.228749969,101.440148408
166.039668179,101.401249095
165.708803378,101.379311031
165.517201389,101.375848984
165.117644551,101.389796499
164.887957041,101.384672038
164.622956791,101.352020297
164.208396441,101.306690344
163.969090739,101.259698468
163.678132283,101.223333625
163.522389355,101.214144712
163.381315106,101.223462901
163.186834495,101.236149367
163.089670904,101.241743822
162.962558304,101.215925897
162.881020527,101.181857404
162.836925437,101.17209246
162.784808112,101.148072135
162.74835829,101.124870344
162.672160196,101.048532628
162.607530905,100.980051572
162.52639147,100.921109594
162.410279641,100.865213725
162.338282152,100.832056231
162.224572715,100.768990281
162.185191184,100.738394002
162.14341183,100.713055261
162.110078735,100.700609094
162.117353011,100.710803345
162.13748278,100.735043157
162.154070561,100.780548447
162.159029779,100.812887526
162.160242406,100.863584062
162.155172279,100.877657325
162.159661592,100.895260524
162.193645306,100.964836337
162.222786799,100.995410597
162.259188008,100.987277406
162.266080232,100.959285537
162.265201633,100.928283158
162.257847251,100.883053236
162.257137094,100.865014354
162.263084051,100.850263359
162.262037728,100.830270387
162.251065454,100.788379742
162.21899446,100.7196646
162.205591589,100.686384481
162.192791296,100.656007466
162.184332383,100.644674599
162.17427431,100.642771852
162.148039195,100.654709909
162.138125496,100.665420593
162.106999368,100.660341467
162.104202072,100.662507979
162.103229611,100.672051288
162.108664138,100.677663142
162.112833286,100.657853555
162.100557386,100.637329607
162.080134383,100.619506375
162.075326293,100.626380186
162.109958868,100.663168489
162.142469281,100.683622489
162.161948762,100.706209511
162.18674418,100.709191868
162.197937457,100.70207339
162.220026007,100.691440631
162.231186014,100.692211806
162.236295044,100.702196175
162.254471244,100.736243944
162.267656748,100.763481175
